Run,Equation_Index,Hybrid_MSE_Train,Hybrid_AIC_Train,Hybrid_BIC_Train,Hybrid_MDL_Train,Hybrid_PSM_Train,Extrapolation_Divergence,Sensitivity_Interpolation,Sensitivity_Extrapolation,Lambda1,Lambda2,Lambda3,Complexity,MSE_Test_Interpolation,MSE_Test_Extrapolation
1,0,0.9598811641625523,0.9897757853838277,0.9894338577465596,0.9221367576125251,0.0,0.0,0.0,0.0,0.1,0.1,0.9,1,1.0722930973335525,0.96010705190808
1,1,0.8533693203792315,0.9666646983161482,0.9652560016772981,0.8999438916772887,0.08615276454529214,0.08750527918559915,4.140282585916e-05,4.134634021967e-05,0.1,0.1,0.9,3,0.8614860078642342,0.9167631668183712
1,2,0.44612363308232245,0.8033939157986244,0.7965890302365028,0.7213314321384455,0.7895365313976027,0.06663942908677066,0.00026853288281071996,0.00022986620534118,0.1,0.1,0.9,4,0.4225409459135306,0.4287157474400119
1,3,0.41622989809820965,0.786206643795568,0.7788270567069582,0.7081851800541962,0.02773415856272113,0.06666658484453852,0.00024309738133098999,0.00022860991916171,0.1,0.1,0.9,8,0.3777573432867052,0.449431060990717
1,4,0.41053686694318525,0.7829461004585394,0.7754450016946758,0.7060572261042068,0.024896669690124988,0.06665813950791243,0.00069283504786361,0.00059505505242874,0.1,0.1,0.9,9,0.373122826282342,0.3637796871945212
1,5,0.39685273807239274,0.7751570417329725,0.769076445421004,0.703605416863407,0.04688789094432414,0.06666416798140086,0.00079548812941817,0.00028233452340094,0.1,0.1,0.9,10,0.3506783681791071,0.3871888979945486
1,6,0.3848386140620868,0.767548034922765,0.7612138869295206,0.6969025688995008,0.04374558952460713,0.06654940538230804,0.00072491396502756,0.00027326010921113,0.1,0.1,0.9,11,0.3406501109234485,0.3769188963582364
1,7,0.37933911121940833,0.7639933503132773,0.7575402465787009,0.6946855039404322,0.02422902804912392,0.06665268687760854,0.0006758253748759,0.00027021395392128,0.1,0.1,0.9,12,0.3365463891315459,0.3722523134525379
1,8,0.35586769218516345,0.7485790651610463,0.7416054762980119,0.6787844164754512,0.08406837453406542,0.06666662146473823,0.00076713982084775,0.00042655792968733,0.1,0.1,0.9,13,0.3315231230803563,0.3196797090226816
1,9,0.35574019481093405,0.7483757547042531,0.7413966765883101,0.6803595728891411,0.007389486489440723,0.06665973656463645,0.00065994206200417,0.00039676619393875996,0.1,0.1,0.9,14,0.3342175495143872,0.3233657077251275
1,10,0.3386203109677882,0.7367441053663871,0.7310467457553959,0.6696663171769728,0.06619829434091526,0.06666662146473823,0.00076713982084775,0.00042655792968733,0.1,0.1,0.9,15,0.2970558656349636,0.3293352209674761
1,11,0.2831532606174188,0.695028544190819,0.6929339252246471,0.6260549722959787,0.1152928742273969,0.07436518661506757,0.00026959337141269004,0.00022837158409983997,0.1,0.1,0.9,17,0.2718268415411887,0.3214951730212798
1,12,0.25915717875218647,0.6740341096945891,0.6729235918536707,0.607211864604468,0.058831808834953266,0.07000914248708388,0.00028379306311147,0.00024026335678765002,0.1,0.1,0.9,19,0.2540557276629511,0.3129331475680137
1,13,0.25053910508452787,0.6665109591763714,0.6668094639013754,0.6045419004773507,0.028374439340254687,0.07309320695081305,0.00031768090221436,0.00027011403110308,0.1,0.1,0.9,21,0.2313034884045531,0.2758895907689556
1,14,0.2309624892795199,0.6467227795782219,0.6463697264025468,0.5967919982221161,0.03091398333866588,0.0701146736365352,0.00030206007707324,0.00026609564525273,0.1,0.1,0.9,25,0.2258417784477468,0.2663630003944729
1,15,0.22943626389549365,0.6450963478235284,0.6446870751615562,0.5993184308025088,0.011380053630796048,0.07096360462446631,0.00031831363763684,0.00023116914515253998,0.1,0.1,0.9,27,0.2363206297317077,0.2897638311001862
1,16,0.22325061995769144,0.6391746570208741,0.6402372747753015,0.5963146947443373,0.023631652340418176,0.07122032957977267,0.00032253294843753,0.0002689913079903,0.1,0.1,0.9,29,0.2354559802426576,0.2776354990963902
1,17,0.22253527382111526,0.6398644020042542,0.6443098977718253,0.6107948421751612,0.007233077869966842,0.06651895313812473,0.00030105647061121,0.00026355090392511,0.1,0.1,0.9,33,0.2106313039845947,0.2882329335617346
1,18,0.2151829402851019,0.6309715382596743,0.6334261864082901,0.606500980924533,0.05046688666475423,0.07353724949253923,0.00025152471600975,0.0002046978230509,0.1,0.1,0.9,34,0.2414509520730597,0.2933927083695449
1,19,0.19985819209145217,0.6139475372897888,0.6175111950807896,0.5930914885286127,0.05014188691324613,0.07142326239756619,0.0002603298118741,0.00022832051196073998,0.1,0.1,0.9,36,0.2089189544569286,0.2548637268335885
1,20,0.19856170867323344,0.6123231350687027,0.6158319980063166,0.5912873345985941,0.015081522952171272,0.07156194603493005,0.00026058476476136,0.00022861598366327,0.1,0.1,0.9,37,0.2073965821803813,0.2539501410933221
1,21,0.17805982606489473,0.5857219410460253,0.5882999243286112,0.5700209033837033,0.07620089809658594,0.08253947889604225,0.00044707547196522,0.0003629504563382,0.1,0.1,0.9,39,0.1971480751433111,0.1908854480976763
1,22,0.17258336440667085,0.5780503876251503,0.5803688158464948,0.5663397148932702,0.045850887314050105,0.08319831205208282,0.00048006744728726,0.00038738540671041,0.1,0.1,0.9,40,0.1866622019663331,0.1828382788657535
1,23,0.16948408282115107,0.5748658462189028,0.578787975982117,0.5621525480376597,0.014225887765065847,0.07275441302273541,0.00039810786004016,0.00028534171175814,0.1,0.1,0.9,42,0.1877690891317179,0.1828916822202307
1,24,0.16720788434665793,0.572278581322763,0.5777812624478524,0.5680278923837729,0.02440220403575021,0.07476711246485732,0.00031524570464868003,0.00023209204175335998,0.1,0.1,0.9,43,0.1780284806388552,0.2047226581505679
1,25,0.15544697901638413,0.5539877735798094,0.5571959157511512,0.5534934759191549,0.02976236259912654,0.0768121512785189,0.00047682798225099997,0.00035263452804949,0.1,0.1,0.9,47,0.1768834774664059,0.2050185633938914
1,26,0.1252785734354549,0.5047209731671172,0.5096421214900413,0.5210755185891314,0.12924163726135593,0.07254539556401574,0.00034107185523698,0.00029103751837752,0.1,0.1,0.9,49,0.124900141640607,0.1649440033092648
1,27,0.10785294982813497,0.47076320232377317,0.477877511076493,0.4896054872423358,0.03697356394873827,0.07572995554519542,0.00051051334166567,0.00042326316819197,0.1,0.1,0.9,55,0.1175147733135921,0.1158623421180171
1,28,0.09539323608029172,0.44302721110634063,0.449226804822801,0.4658668458933357,0.14063407514023268,0.07288667322418108,0.00042550976094917,0.00032523520662017,0.1,0.1,0.9,56,0.107296892817438,0.1084655039661803
1,29,0.09270062454969288,0.4371096880821488,0.4447833563954565,0.4751685607788564,0.0234802146891996,0.07288667322418108,0.00042550976094917,0.00032523520662017,0.1,0.1,0.9,58,0.1028913152674578,0.1044623503766661
1,30,0.08659056548834415,0.4214004942845886,0.4285444001944848,0.463082753994466,0.03336925050594492,0.07441305431480041,0.0003879884190499,0.00030840565414808,0.1,0.1,0.9,61,0.0920293233202724,0.1061063815015168
1,31,0.08658730091566492,0.42209854567126054,0.4309377073334448,0.47021639827683803,0.007778458905530735,0.07441305425025369,0.00038798841965572,0.00030840565476200003,0.1,0.1,0.9,63,0.0918881823846473,0.1060916520472292
1,32,0.07755644071193032,0.3964162422818254,0.402717214470874,0.4323132926783275,0.13147782828814428,0.07591545888839644,0.00050159288518752,0.00037798064709061,0.1,0.1,0.9,64,0.09369952760088,0.094911853407815
1,33,0.0700085262440561,0.3741961908467773,0.3814287796235428,0.42399724563069074,0.0626583153897388,0.07538903652542936,0.00046524207405809005,0.00035058810720672997,0.1,0.1,0.9,66,0.0861307867219158,0.0879633909803401
1,34,0.06756526778284569,0.3716108243076842,0.39046494256395153,0.492121180649675,0.00939926915935991,0.07456751089376304,0.00043108498307186,0.00029602862133791,0.1,0.1,0.9,88,0.0741856153282448,0.0864230513310344
1,35,0.06703764127346115,0.36889547648063287,0.3859828394586335,0.4975962269681299,0.018169702347486688,0.07506530936189314,0.00045417875908723997,0.00037245026747454,0.1,0.1,0.9,89,0.0706183912582865,0.0844499335693793
1,36,0.0668522382700631,0.3682935634864965,0.3853609073137167,0.49977602494215756,0.01078834662651643,0.075302662682037,0.00043680442438726,0.00034442383324076,0.1,0.1,0.9,90,0.0707027453270622,0.0863844369237948
1,37,0.06641127808608316,0.36691913325100717,0.38394157574144644,0.49826056154495674,0.01112770896042047,0.07508285681085242,0.00042307742987596,0.0003352729012611,0.1,0.1,0.9,92,0.0699354181024627,0.0866661957545996
1,38,0.06310517476728922,0.3581664343809706,0.37991629125105375,0.49399573826338167,0.05977719479801653,0.07371258925695681,0.00043692007781586,0.00034226080092957,0.1,0.1,0.9,93,0.0742210204302906,0.083674978644244
1,39,0.06126807549323131,0.3482967912399914,0.3613581063196366,0.42988580427998574,0.017880930449303466,0.07373822209268589,0.00044069258200904,0.00030245992389838,0.1,0.1,0.9,96,0.0729429596675012,0.0810736395856987
1,40,0.06111431658139231,0.3524812183925968,0.3773830544335091,0.5220813976312161,0.008290501683070401,0.07427297638613224,0.00043589255589458997,0.00033891068040623997,0.1,0.1,0.9,104,0.0706980786465542,0.0845174638904625
1,41,0.060799801120637126,0.3512316996101286,0.3760900732084232,0.5358235423345777,0.009925453814725593,0.074722876353518,0.00044116232964338,0.00034432463838205004,0.1,0.1,0.9,107,0.0705632870032383,0.0748867450176237
1,42,0.060411201681809384,0.34482124626494337,0.3577608242198164,0.4342262818990638,0.010268391299905838,0.07453031983076466,0.0004399718698827,0.00039768091550478,0.1,0.1,0.9,110,0.0707642708074956,0.0751849394494375
1,43,0.05865222875861533,0.34489719700726146,0.3728880010105623,0.5434852392139642,0.03809082726987946,0.07411285937991521,0.00044167900523150994,0.00039886089588203003,0.1,0.1,0.9,111,0.0705381361468415,0.0765745572110973
1,44,0.05674559201102475,0.33841806725703527,0.36786323925208814,0.540733876219356,0.012838863987178735,0.07484736871560935,0.00044217134367668,0.00034727731407995,0.1,0.1,0.9,118,0.0695404657333389,0.0775482829808192
1,45,0.054989196223950494,0.3339479493971659,0.3682611007814391,0.55698258163582,0.018363457400013074,0.07484360865122532,0.00042412901764516,0.00029416529443901,0.1,0.1,0.9,121,0.0655007314780193,0.0722505992424168
1,46,0.051622397203051444,0.3200736428041178,0.3522528644415432,0.5583733773935131,0.03969691996699718,0.07415963574850261,0.00043114262653993,0.00030514030304674,0.1,0.1,0.9,123,0.0686520933579965,0.073630211514003
1,47,0.04914573269727966,0.3104008711846624,0.343928527805803,0.5421814297347473,0.032803815051772496,0.0740448391362573,0.00044917730613421,0.00031723487844554,0.1,0.1,0.9,125,0.0653993193339596,0.0739901200602454
1,48,0.04782581935832546,0.3060622961897184,0.3427883373241468,0.5734465556785984,0.01122309197348213,0.07417464145197093,0.00044887736462911003,0.00031591348313567,0.1,0.1,0.9,133,0.0649822001375167,0.0697778369971719
1,49,0.04648842157356708,0.3014957214833092,0.3414119588844052,0.5783205470205928,0.012640701817181828,0.07443862020504506,0.00043360822175461,0.00031997661191780996,0.1,0.1,0.9,139,0.0616621215482186,0.0707897925799025
1,50,0.04569249495510015,0.2986192165561206,0.340110731177672,0.5924307164677627,0.012198613227595698,0.07452977654333097,0.00045677133354319005,0.00032262362246883,0.1,0.1,0.9,143,0.0627180092883345,0.0681022945111027
1,51,0.04497137922629388,0.29598996199240657,0.33906519965921716,0.5973436943480355,0.013168979914434088,0.0745998855577634,0.00045938436032815,0.00032409891379752,0.1,0.1,0.9,146,0.0619634403106532,0.0675818562665538
1,52,0.04412625204557947,0.29303320892069684,0.3376838637348932,0.6166690933500313,0.012060775497018898,0.07390885118010923,0.0004624684857743,0.00032205032061177004,0.1,0.1,0.9,150,0.0607868718488316,0.0649284681040285
1,53,0.04254801199227705,0.29026128028265763,0.344854728969871,0.7213899602554018,0.008721931728358827,0.0728417924127301,0.00046324943765779,0.0003100989530961,0.1,0.1,0.9,180,0.0596309397008203,0.0722744981637569
1,54,0.042296886542759385,0.28356024161146925,0.3245555609170568,0.5960466939592453,0.01245683389441007,0.07240510805133313,0.0004595738129956,0.00031407075852893997,0.1,0.1,0.9,181,0.0581075238144737,0.0676469614102683
1,55,0.041114488747240524,0.2797792519019079,0.3256624811109389,0.6148627687965326,0.022031449393518508,0.07285525041019704,0.00046228698578285,0.00031158414773973,0.1,0.1,0.9,183,0.0599456677915571,0.0726766544726842
1,56,0.040152645171686464,0.2792337398160986,0.3351301105889927,0.7363402509442805,0.013424788927719922,0.07290116330560872,0.00046070298949325996,0.00031214495964299,0.1,0.1,0.9,187,0.0579738454056765,0.071350275302515
1,57,0.03910126916422095,0.2745855081958789,0.3303318661241083,0.7343614780693725,0.01833250843213124,0.07125657954352653,0.00046421062198842,0.00031455540696999,0.1,0.1,0.9,189,0.0576468790138961,0.0690416509237866
2,0,0.9974343201119472,0.9993582722895958,0.9993368161802247,0.9338310577518325,0.0,0.0,0.0,0.0,0.1,0.1,0.9,1,0.921127907727794,0.9723133669765948
2,1,0.6609048914173626,0.9034102763666196,0.8982620449930454,0.8291616928442241,0.2623289294256536,0.06681388081618092,0.0004431779573225,0.00071635370657328,0.1,0.1,0.9,3,0.6475663256507159,0.6528001122932099
2,2,0.6354626899538187,0.8923916506173314,0.8868920233792177,0.8187615676024812,0.05351351573640804,0.06280653670043891,0.00035916791842768,0.0006052520134472901,0.1,0.1,0.9,4,0.6130920058958972,0.6183819278235441
2,3,0.5764347057954186,0.8674097830815691,0.8627296826157367,0.7965213151545403,0.1264719118588059,0.06681388081618092,0.0004431779573225,0.00071635370657328,0.1,0.1,0.9,5,0.6089034702126596,0.5853033858964045
2,4,0.3520034385438807,0.7447721742279039,0.7360115256893166,0.6576981129967948,0.5985818466797368,0.06666334005155551,0.00010825185840793001,9.704373454395e-05,0.1,0.1,0.9,6,0.3439356343958919,0.373743446839513
2,5,0.35006972710029244,0.7434153586359504,0.7346093571232604,0.6584535656728373,0.013340207578705195,0.06665806538226743,0.00010812823728988,9.682739447571e-05,0.1,0.1,0.9,7,0.3423739282366561,0.3684220700997758
2,6,0.3287875192127183,0.7329695058915906,0.723819711372589,0.6484150202941572,0.08082927782368914,0.06483726903756773,0.00012212353781609,0.0001152899915255,0.1,0.1,0.9,8,0.3175681711820513,0.3124924266244615
2,7,0.27099147325364786,0.6813399139776464,0.672135624922628,0.5943725360940252,0.12133046972046252,0.0648328898941818,0.00012146968191679002,0.00011511932130345,0.1,0.1,0.9,10,0.2865030601447846,0.3041932573908731
2,8,0.23324249512953107,0.6455638482200858,0.6368150130881038,0.5621060502365439,0.09712684721476716,0.07014902968128833,0.00019741613615537,0.00018709534140482002,0.1,0.1,0.9,12,0.2681781489565098,0.259046855110133
2,9,0.2168031916154348,0.6285401995001646,0.6208896950906271,0.5520921488118853,0.05064247539832339,0.07124076265473804,0.00021606338181739997,0.00020818377980655,0.1,0.1,0.9,14,0.2647464201330797,0.2382056832106809
2,10,0.20002456223294024,0.6092401483502713,0.6009241869621523,0.5337565763926586,0.05688637302127154,0.07745496255443934,0.00019733167410458,0.00018766135509865,0.1,0.1,0.9,16,0.2231733336004941,0.2654196877176048
2,11,0.1939405571223611,0.6022805743470636,0.5954033431538086,0.5357445580062156,0.026088429088078357,0.07758854567214848,0.00019947231024112998,0.00018820447955757,0.1,0.1,0.9,18,0.2184432466177255,0.2539061809610141
2,12,0.19161923864639835,0.6003464253457461,0.5950736541416194,0.5404458374751744,0.015334736408027736,0.0781194025375514,0.0002428822753024,0.00021722066443848002,0.1,0.1,0.9,20,0.2181779553376629,0.2550544874221654
2,13,0.17502645312482887,0.5782055374012809,0.5721965824271451,0.5281822371895798,0.11286353923979127,0.0760881038268517,0.0003114551833516,0.00029675747376168,0.1,0.1,0.9,21,0.2968190816381579,0.2415578211447274
2,14,0.1691972668192812,0.5700902771993944,0.5638106620673697,0.5160187882609629,0.047143373975816076,0.07631198026088257,0.00027726053989991,0.00025254555094144,0.1,0.1,0.9,22,0.2485798885349098,0.2388162833260278
2,15,0.16794292156402157,0.5696782467562772,0.5667253591597978,0.5243853303759316,0.011098378312323723,0.07746419434396855,0.00024316720035909,0.00023948537870149,0.1,0.1,0.9,25,0.181525711276194,0.1746219020594116
2,16,0.1649116197386695,0.5638763957871324,0.5573836055987573,0.5145200878244562,0.029634109359947928,0.07812467418627515,0.0002348864209261,0.00023502195839864002,0.1,0.1,0.9,26,0.1660154881052425,0.1728571814197644
2,17,0.1642046380069102,0.5627729083331614,0.5562378495899235,0.5154958995050781,0.01433258941936822,0.07909018488475278,0.00029628082480394997,0.00029939424604164,0.1,0.1,0.9,27,0.1722251589065811,0.17381158592405
2,18,0.1534507766605734,0.5491245877772684,0.5471715603603432,0.49984695482150093,0.08098432073827608,0.07374641486591164,0.0001535890309473,0.00015645512279323,0.1,0.1,0.9,28,0.1343375796308666,0.1725759839181977
2,19,0.11968559913793289,0.4957468361655309,0.4869709968597347,0.4414195941368142,0.29838516186592334,0.07907620210358586,0.00024231287136637,0.00029100428491693,0.1,0.1,0.9,29,0.1189236262561308,0.1164682203851789
2,20,0.08821691726810636,0.4178612261526389,0.406495791348131,0.3639664569903062,0.17622147442697966,0.07488536915610502,0.00022186634787927,0.00026815758800107,0.1,0.1,0.9,31,0.0963323263626232,0.089214186733443
2,21,0.08777360478292208,0.4170450059722859,0.4056495667759045,0.36530277364588265,0.011115182769150274,0.0756539928776552,0.00022492430600073,0.00027238128874693,0.1,0.1,0.9,33,0.0964108440915403,0.0905078444663319
2,22,0.0864952937039733,0.4137647571068634,0.4039274726876705,0.36475724442433244,0.025659582483564296,0.07662449337274727,0.00024810827199334,0.00029745219606876997,0.1,0.1,0.9,34,0.0999123104976219,0.0918604159851059
2,23,0.08162477635646806,0.4005924309423449,0.39031212663381587,0.3524405516627634,0.0726996450399677,0.07714728663714901,0.00026349709695927,0.00032267136850991,0.1,0.1,0.9,35,0.0958442503781789,0.0911457241366274
2,24,0.053503745082540494,0.30915801986275643,0.29750160327765335,0.2583391474689402,0.4528372014377476,0.07459241609542618,0.00024798945570081,0.00029640542950636,0.1,0.1,0.9,36,0.0635926206760304,0.0576615104453437
2,25,0.049970653918963444,0.2953048019762095,0.2831910874948379,0.24536744357091764,0.07392834792246472,0.07306692719478958,0.0002248054897082,0.00027133452218452,0.1,0.1,0.9,37,0.0552551726689189,0.0523945165650324
2,26,0.04106117720327839,0.25529354156907147,0.24351083312569724,0.20425710646982284,0.2055430618155892,0.07368520470926263,0.00025090213579919004,0.00029956268055679003,0.1,0.1,0.9,38,0.0565614422371602,0.0499874903210683
2,27,0.03851018965401031,0.2455525622576079,0.24013410080651965,0.22812690601993998,0.013664569099363968,0.0731976439545106,0.00023208965977232002,0.00028044888261185,0.1,0.1,0.9,48,0.046475829262533,0.0469041012033952
2,28,0.03238779071529349,0.2105826616378224,0.20398659834988409,0.19703145303286973,0.0932824608228303,0.07550160644823042,0.00024352757738281,0.00029774545759479997,0.1,0.1,0.9,50,0.0491009733089939,0.0391895559817876
2,29,0.031702319419560476,0.20715608148737907,0.20211736853105988,0.20705056808767364,0.017784224875789133,0.07550160644823042,0.00024352757738281,0.00029774545759479997,0.1,0.1,0.9,52,0.0494592644071658,0.037938738571185
2,30,0.03162643691028549,0.2082179442720576,0.20655917500662463,0.23653597935419218,0.008013913303925951,0.07544567220645507,0.00023554225490906,0.00028516941495194,0.1,0.1,0.9,61,0.0477382112552548,0.0394303234542649
2,31,0.031080001289630357,0.20575771085015623,0.20568957515573696,0.23566813965508476,0.012876986378640834,0.07521874276953448,0.00022859572497849,0.00027886187877669,0.1,0.1,0.9,64,0.0487325547284063,0.0394960455795151
2,32,0.01943565332705848,0.12221994241148437,0.121027149768622,0.16504135365224812,0.14419749636984672,0.07539072339949672,0.00028975877777042997,0.00035923944838532997,0.1,0.1,0.9,67,0.0280125660727058,0.0328122607884626
2,33,0.019256028139743947,0.12088792697119044,0.1213202803140557,0.17563767955768136,0.013074400357340353,0.0760148194539178,0.00029372118315496,0.00036401764739719,0.1,0.1,0.9,69,0.0269332921544446,0.0332348826845011
2,34,0.017826163824808734,0.11079583395584765,0.1125700453996389,0.17669764277944092,0.020584562197646646,0.07352764459568521,0.00031505457094624996,0.00039227548704657,0.1,0.1,0.9,73,0.0294944165128948,0.0317088980357725
2,35,0.0176304014529331,0.11008658578656072,0.11351052339559006,0.18824323783300959,0.010964603018611022,0.07301442426027649,0.0003198114638527,0.00039833100449765,0.1,0.1,0.9,75,0.029302803853182,0.0324710697030575
2,36,0.017369856197061596,0.10524121411923698,0.10181683467236573,0.09013831872448066,0.01723148508961603,0.07273739516329435,0.00030833462929725,0.00038387763897165,0.1,0.1,0.9,76,0.0292807219691909,0.0318363442017852
2,37,0.017078446200304857,0.10456182632996172,0.10779890253757858,0.18212317689575389,0.025333537537108264,0.07367771158689344,0.00031589445377475003,0.00039565997056296,0.1,0.1,0.9,77,0.0286566676966016,0.0303308065684589
2,38,0.016987752385099687,0.10451581977855881,0.10942362809288453,0.18956712470828047,0.008942855950920443,0.0736107177355962,0.00031390254995353,0.00039190733666293997,0.1,0.1,0.9,80,0.0289697414763182,0.0302060164849753
2,39,0.016733712463824775,0.10309780938975992,0.10796202116729407,0.23390572717287098,0.008676000085007126,0.07264741028399291,0.00031715212686138003,0.00037162067907573,0.1,0.1,0.9,86,0.0311532898744097,0.0326329803281115
2,40,0.01617202776951459,0.09784919952733365,0.10253795531711543,0.20611291575016538,0.03308441491703792,0.07264333537116924,0.00030222371104038,0.00037207225776918,0.1,0.1,0.9,87,0.0308963716711093,0.0321511729649994
2,41,0.01629030130480441,0.098599942565489,0.10498148259594621,0.2337806225501373,0.007957193224785775,0.07398989411204042,0.00030062916656322,0.00036376600566323,0.1,0.1,0.9,89,0.0309197663376977,0.0315682881550146
2,42,0.016047395770296718,0.09759452727197207,0.10394756245589007,0.25245905494775556,0.011744116438233657,0.07233906667341229,0.00030278177075299996,0.00037705760523958,0.1,0.1,0.9,90,0.0300682410773425,0.031376256892167
2,43,0.016001550633262335,0.09912018864229727,0.11053939955238808,0.2770482902441474,0.008116536256581467,0.07252114561210063,0.00030501121014050997,0.00037709421669849,0.1,0.1,0.9,96,0.0296729045272557,0.0311777624437707
2,44,0.01566665699934839,0.09568312429121992,0.10698653173555983,0.2869936635885707,0.01604309778565557,0.0727906691395077,0.00030741508151182,0.00037591395619343,0.1,0.1,0.9,98,0.0292874755056605,0.032015762144333
2,45,0.015369209841648274,0.0927158489698256,0.10391973315981637,0.266801568512368,0.012468253447604724,0.07289484083359274,0.0003080334685142,0.00037426583249317,0.1,0.1,0.9,101,0.0313662501913563,0.0320039689342539
2,46,0.015166955641787314,0.09283733577059554,0.10906099355527803,0.3182750785448082,0.008628676946450243,0.0728688364738492,0.00030982433873053,0.00037879934686857,0.1,0.1,0.9,111,0.0306458907105039,0.0322114606062397
2,47,0.015185918857921274,0.09568728079210628,0.12036259711263761,0.4170646509955213,0.007936559087360342,0.07359178642766451,0.00033353418436828,0.00040465235479747,0.1,0.1,0.9,132,0.0321391113266585,0.0346726815303338
2,48,0.015133145057582648,0.09633377761721064,0.12437363273252343,0.44607899961364894,0.008747167856483605,0.0738159946516441,0.00034663929461547,0.00040886035604056003,0.1,0.1,0.9,136,0.0321274174157628,0.0338765552176946
2,49,0.015224322456215399,0.09740660815919033,0.1288215189096655,0.4045391233773103,0.010247597805761953,0.07315825348187428,0.00036505474757795003,0.00063501695743183,0.1,0.1,0.9,137,0.0286900397280902,0.0337298822675463
2,50,0.014854254038842229,0.09395564799714744,0.12191746726085399,0.440374667221268,0.016318048663049502,0.07353594123038545,0.00034581604094655,0.00039072918361313997,0.1,0.1,0.9,138,0.0313579859710676,0.0339558343969145
3,0,0.9731501758829687,0.993203034000636,0.9929757792592437,0.927015964817765,0.0,0.0,0.0,0.0,0.1,0.1,0.9,1,1.0176876225266296,0.962796400707538
3,1,0.6488599170098834,0.8976279678880968,0.8923025655528831,0.8227969275746303,0.2576251812518022,0.06669912376363522,0.00043134338681619,0.00019254477984492,0.1,0.1,0.9,3,0.6941819260614293,0.6528001122932099
3,2,0.6229949347288714,0.8865544794809171,0.8808739392798945,0.8123312356898538,0.054849193566200036,0.06273715525210447,0.00035217798643848,0.00013853488945485,0.1,0.1,0.9,4,0.6616397692724809,0.6183819278235441
3,3,0.6171599706798202,0.8836850805572513,0.8779191778491662,0.8102638348930801,0.01688740858101673,0.059860854466892176,0.00030358668663183,0.00011199519701645,0.1,0.1,0.9,5,0.6520928161591619,0.6080135706271479
3,4,0.31446552188948673,0.7170525800547674,0.7073648906624898,0.630109272344567,0.8181930581442743,0.06665586594161907,0.00013343242236808,9.884071878697999e-05,0.1,0.1,0.9,6,0.3716421657891902,0.3517777365636679
3,5,0.2904520040948,0.6983748228344332,0.6897183514561275,0.6134105525808383,0.05543114881705422,0.07096632860630056,0.00020467975050958003,0.00014883145975107,0.1,0.1,0.9,8,0.3497508260323798,0.3328514909999343
3,6,0.2874916220536309,0.6965728638916014,0.6895282487746678,0.6195511481541905,0.013324471381412583,0.07093801746202164,0.00020448762133517002,0.00014750606553085,0.1,0.1,0.9,10,0.340966851021426,0.3273648396942722
3,7,0.2821368420153202,0.6919671080526428,0.6847683628603383,0.6163258708791741,0.014696191697628277,0.07096441633716018,0.00020238311731235998,0.00014813590905042,0.1,0.1,0.9,13,0.3463008304315458,0.3439887801502539
3,8,0.2408041803980108,0.6549256785325447,0.6481590706924656,0.5753309500618586,0.1949013043593108,0.07113120605587736,0.00021862544697097,0.00016653606366055998,0.1,0.1,0.9,14,0.2800547709716431,0.2389454466934515
3,9,0.18664675930301822,0.5938057502484453,0.5883336050424757,0.5171387425672911,0.08239092441372177,0.07268837966847193,0.00024395325669987,0.0001782085792028,0.1,0.1,0.9,18,0.2159541395037341,0.1926474557199822
3,10,0.18543417865783737,0.5929658804341887,0.5891378503010866,0.5194441735759537,0.011217549280399459,0.07222813186227,0.00030530534123957,0.00021328674869627,0.1,0.1,0.9,20,0.209204959306153,0.1851099597576505
3,11,0.1488477316675582,0.5400377394464758,0.5344152483163929,0.4715809900180518,0.13824744498312566,0.07969839872746136,0.00027936274984055,0.00020431778301445002,0.1,0.1,0.9,22,0.1784613666357394,0.1809645202758723
3,12,0.1303109200576403,0.5092022488555263,0.504220219987639,0.451528699130891,0.038798220344706015,0.07946916518846252,0.00029017340400175004,0.0002410701447445,0.1,0.1,0.9,27,0.1537024076126015,0.14985491142082
3,13,0.12956767473691944,0.5085674220680588,0.5052364271302814,0.45592066095751294,0.01141167719844107,0.07952828611573606,0.00027544633092785,0.00022499708261156,0.1,0.1,0.9,29,0.1539449361825904,0.148630665880446
3,14,0.12955701042957857,0.5085476349498759,0.5052159687059361,0.4595265103205072,0.0082805665868452,0.07952779721155787,0.00027563273256154,0.00022544701614177,0.1,0.1,0.9,30,0.1539750811065613,0.1486807726149621
3,15,0.12841554944507483,0.5071794600003018,0.5054744470817923,0.45957443574001144,0.018159021250615894,0.07931920548314153,0.00028529757276913,0.00023123722098913,0.1,0.1,0.9,31,0.150173601391492,0.1458067139195962
3,16,0.12673593289556387,0.5033808666028122,0.4998772935886561,0.4584962333052865,0.023100233776923558,0.07946442694529723,0.00026828308351449,0.00020450813419564998,0.1,0.1,0.9,32,0.1545171234955332,0.1503787228865247
3,17,0.12628359052610783,0.5025088825347201,0.49897496084952203,0.4645585055202718,0.010395220157904403,0.07945440021619421,0.00031393938340455003,0.00024010394266773998,0.1,0.1,0.9,34,0.1531103035136868,0.1493809878254007
3,18,0.12441237705948967,0.49902963240800885,0.4953806594314504,0.4607102223057436,0.02483966674450028,0.07944860666402569,0.00027236284066018,0.00020253847668216,0.1,0.1,0.9,35,0.1498143950520792,0.1505371073674423
3,19,0.12339275314022394,0.4978128207399374,0.4957955024324514,0.46326917276365465,0.012775388714680468,0.07921644345672041,0.00028144943812539,0.00021351437864901,0.1,0.1,0.9,37,0.1474205700085579,0.1487358424354063
3,20,0.12335903087795258,0.4977399811735685,0.4957199149316425,0.4702186388432505,0.008285326606689208,0.0794493175543573,0.00028348334550169004,0.00019817313871698002,0.1,0.1,0.9,40,0.1475624461179111,0.1476911999306107
3,21,0.12330368579214818,0.4983393603967907,0.4980111818599153,0.47478711703675314,0.008418219284900948,0.07944947383667686,0.00027933284625965,0.00020077560766096998,0.1,0.1,0.9,42,0.1476026347455842,0.147935773726853
3,22,0.12293549945508271,0.49763470709885105,0.49728287748686684,0.48103810031388133,0.009874017240064467,0.07944663790246774,0.00029078603955982,0.00020312064331228,0.1,0.1,0.9,44,0.1478246002600763,0.1469645082230936
3,23,0.12228826738319473,0.4985427491090626,0.5032380995491781,0.49563357873942077,0.013844994390467031,0.07921288674512662,0.00028801639866799,0.00019437871983958,0.1,0.1,0.9,45,0.1459300446528068,0.1468212095606469
3,24,0.12017395110781981,0.49293527490242145,0.4940957058127986,0.48829573673591825,0.02909218969907292,0.07945058798299351,0.00037579789424515,0.00027727896507495,0.1,0.1,0.9,46,0.1435881941878047,0.1443739766306013
3,25,0.11884840679563075,0.49111441239350423,0.4938884125586386,0.5026679933134176,0.009642485715474656,0.07945030717672048,0.00033712910678543003,0.00019717026570433,0.1,0.1,0.9,54,0.1439434413832905,0.1443964879501347
3,26,0.11839587187310241,0.4929487297736721,0.5024684190780214,0.5333110475468814,0.008786269085881093,0.07921400752979689,0.00034265706656624997,0.00033427337466091997,0.1,0.1,0.9,64,0.1568421639771915,0.1418068860781607
3,27,0.1183577272061356,0.49918817668517157,0.5239623226304236,0.7201035084835746,0.00831595007887458,0.07945028848496206,0.00037463008181724003,0.00035464209879766,0.1,0.1,0.9,120,0.1440854515565135,0.1454473703543877
3,28,0.11832479950660342,0.4998490704196432,0.5263179022394097,0.7285271709086574,0.008344753565609306,0.07945028994528731,0.00036604368809657996,0.00033345322854196004,0.1,0.1,0.9,122,0.1441538814786624,0.1454041721158475
4,0,0.9869571281762077,0.9967209784087736,0.9966113512067288,0.9309110396125785,0.0,0.0,0.0,0.0,0.1,0.1,0.9,1,0.9618258711815616,0.967724417947192
4,1,0.8041155834055268,0.9508113491871005,0.9489164487722872,0.8825317560665146,0.13693831339506946,0.07456527300265338,1.841302814893e-05,2.236113826968e-05,0.1,0.1,0.9,3,0.7781704713700773,0.8448087800754365
4,2,0.45872388630318134,0.810325669778762,0.8037509953098723,0.729000904374806,0.6856788698845783,0.06665057991311722,0.00029247262728475,0.00027840872361333,0.1,0.1,0.9,4,0.4036353407714876,0.4228707273790129
4,3,0.32996210918368357,0.7288787434452059,0.7195846534317848,0.6447192215485803,0.20402897500463532,0.06664335597786919,0.00013160959588281,0.00016234589738844,0.1,0.1,0.9,6,0.2970366721207788,0.3460064370673212
4,4,0.31186319256851425,0.7158302612101554,0.7077564752787592,0.6344522630275763,0.041745944012437156,0.0705242174867472,0.00018880099413855,0.00023289386017524,0.1,0.1,0.9,8,0.2668167437533163,0.3319289433222837
4,5,0.3072548231486669,0.711466442353375,0.7015749534941196,0.6348302977887347,0.013183817939953638,0.07083199421473745,0.00015879450817355,0.00019816666867186,0.1,0.1,0.9,11,0.2658750102693882,0.3247313956067609
4,6,0.30665175931547073,0.711015082682791,0.7011032975637211,0.6408365991324708,0.010376847842142746,0.07215953231991676,0.00017659186220473,0.00022153457540146,0.1,0.1,0.9,12,0.2642043668914936,0.3370336434396551
4,7,0.288941056471095,0.6974503741769155,0.6887571331484785,0.6257466284165849,0.07819957738736658,0.07201368456335407,0.00019202623234242,0.00022920213589366,0.1,0.1,0.9,13,0.2412697865747265,0.3225990998151942
4,8,0.2751985490934895,0.6859071571974119,0.678496147085467,0.6152130027707579,0.06589674858325038,0.07248847241509845,0.00024393472587814,0.00029449076869988,0.1,0.1,0.9,14,0.2217746117815679,0.2770954207891748
4,9,0.26741758507732255,0.6796332546991608,0.6736697862554668,0.6124812970180604,0.025956276268692745,0.0766993872467745,0.00026737387481691,0.00030844073331304,0.1,0.1,0.9,16,0.2212174270629961,0.2662367687085333
4,10,0.2610181293441392,0.6737043545432851,0.6675426094575696,0.6059166494130402,0.022354562719904526,0.07730482195719449,0.00021645898202839,0.00024789092126738997,0.1,0.1,0.9,18,0.2197766919048656,0.2614028016235964
4,11,0.2586393313785206,0.6714642397609608,0.6652279513841962,0.6092701041567259,0.013369959737586451,0.07718241861353724,0.00021959404044814002,0.00024899806512413997,0.1,0.1,0.9,20,0.2188441797727246,0.2543575649608952
4,12,0.24327086124012784,0.6581523030723261,0.6531602127034749,0.5979206174369252,0.07748408598671158,0.07133817620639896,0.00024154837997737,0.00031676062878233,0.1,0.1,0.9,21,0.2170164328376329,0.2325926869584441
4,13,0.23859114201500417,0.6537339263820521,0.6485963127868445,0.5891806839758543,0.029977197928428366,0.07132862993361883,0.00021066931254041998,0.00024790372084883,0.1,0.1,0.9,22,0.2086681507773831,0.2162745146687878
4,14,0.21625941236477808,0.6293524929735538,0.6250713399838681,0.5690292255756859,0.0652287614966634,0.07136304430744772,0.00021331022694856002,0.00025082291450055996,0.1,0.1,0.9,24,0.1875390663191527,0.2080571920007735
4,15,0.2055671426192185,0.6177611509728131,0.6147599031997725,0.566948530371447,0.037623304797004015,0.0723920540238648,0.00023711644786359,0.00028015672471591997,0.1,0.1,0.9,26,0.1776681296368951,0.2055492570804676
4,16,0.18134107218545328,0.5875326277412065,0.583518082764536,0.5393060109357729,0.08107221141393851,0.0723717015108318,0.00032247623879687,0.00035624062651598,0.1,0.1,0.9,28,0.1759616139989822,0.1880707313212295
4,17,0.17258326689953946,0.5770985842731389,0.5760810233436903,0.5449182419783334,0.036110254042546086,0.0723855644048425,0.00025447118314953,0.00029472040455284,0.1,0.1,0.9,30,0.1691977216066059,0.1720832296485127
4,18,0.16442513880324247,0.5647975393866226,0.56169534269737,0.5279380285930791,0.06400128951034308,0.07237513978943592,0.00030036353935796996,0.00033669510673414,0.1,0.1,0.9,31,0.172261557102161,0.1557567786652769
4,19,0.1348178289443159,0.5191398155099852,0.5178471187488859,0.48212641120540944,0.06537847145280419,0.07523545253177968,0.00023913902832865,0.00027842730487330004,0.1,0.1,0.9,35,0.1465458060325834,0.1292674445082272
4,20,0.11990684915333363,0.49207074359366215,0.49154182388826667,0.4845251107220731,0.02132716543820555,0.07582942723093544,0.00026554735863409,0.00030998048959779,0.1,0.1,0.9,45,0.114275130731885,0.1039513110859432
4,21,0.11020867602180504,0.47311421878827276,0.4736216298449158,0.467342434198807,0.10384300998892187,0.07610465235654015,0.00029442465808345,0.00033289795226288,0.1,0.1,0.9,46,0.1087021268982979,0.0991465874674595
4,22,0.10331490182760598,0.45894699486298113,0.4606575375658789,0.45548722481598597,0.043299848096555335,0.07441110895245266,0.00031963836308603,0.0003542827308151,0.1,0.1,0.9,48,0.1050484576215952,0.0932199573453532
4,23,0.0998956384852764,0.4517902638639555,0.45493102082436143,0.4559962130988317,0.027077693039278584,0.07523194995058884,0.00031074306473284,0.00034450932563213,0.1,0.1,0.9,50,0.1067526156702927,0.0923255805527134
4,24,0.09985009956927739,0.4516848186857338,0.45482203581544106,0.4606429156147252,0.008373653686177592,0.07523194995058884,0.00031074306473284,0.00034450932563213,0.1,0.1,0.9,51,0.1067419564180937,0.0922442796190756
4,25,0.09848686054198384,0.449332627478925,0.4540657732243294,0.46190092635073665,0.015004068028567064,0.07426351475533019,0.00032912859456271003,0.00036157844008368,0.1,0.1,0.9,53,0.1112845025809885,0.0926036762099536
4,26,0.09755146083976916,0.44680760571590683,0.45144808825159766,0.46368847807840247,0.021469872513160522,0.07640311272575746,0.00035541305006923,0.00039414783777051,0.1,0.1,0.9,54,0.1145244836592153,0.0948404359631849
4,27,0.09309744780584697,0.4392291942290852,0.4503113496268642,0.529715241268668,0.009958323713414192,0.07406249661827083,0.00039829555453165996,0.00040469739838204,0.1,0.1,0.9,77,0.0821280544497536,0.1054008748705354
4,28,0.075840553621066,0.3927907722212802,0.40231848065978665,0.4834583986036457,0.23329525526227118,0.07406079564709164,0.00035989246966425,0.00046279960642870994,0.1,0.1,0.9,78,0.066433894376839,0.0856298642461282
4,29,0.07581796585761004,0.39343073173033183,0.4046517639001779,0.4911514492712548,0.00802004035723005,0.07406079564709164,0.00035989246966425,0.00046279960642870994,0.1,0.1,0.9,80,0.0669348379022982,0.0862785689908473
4,30,0.07329204085778449,0.3866118445792846,0.3992773140981483,0.5008289063918536,0.016947771614557627,0.07401201828851539,0.00038676639839789,0.00044770490550964995,0.1,0.1,0.9,84,0.0648021773396879,0.0864836525428474
4,31,0.07209332589277131,0.38298189986420794,0.39552657768257393,0.5049458311469329,0.013665633666207667,0.07401312723916345,0.00038324306148468,0.00042873396970477003,0.1,0.1,0.9,87,0.0637941720070259,0.0847579799447856
4,32,0.07194322476360608,0.38324719068952756,0.39747300490177584,0.5098809604414163,0.008860358719900045,0.07402925630577488,0.00038464890206695,0.00041536448802152,0.1,0.1,0.9,89,0.0641412049474421,0.0841168114604632
4,33,0.07184997408979746,0.37870933768920934,0.3827516956949579,0.4289523442242163,0.009291673374695388,0.07401621169021277,0.00038186316160576,0.00042271634373028,0.1,0.1,0.9,90,0.0642453134117902,0.0849018782752211
4,34,0.07178943657045292,0.3785344568035216,0.3825711527211256,0.4287593473686282,0.007978426081425304,0.07401729601281073,0.00038078841761733,0.00041625660841885,0.1,0.1,0.9,95,0.0643631211577426,0.0847356212976816
4,35,0.07169699318808351,0.3922880562131924,0.43022169082367373,0.7460730619673553,0.007893337725089482,0.07409412076241913,0.00049168104711473,0.00044446900196187003,0.1,0.1,0.9,154,0.0715522742150704,0.0895408774857259
4,36,0.07103250177429075,0.3895010112133875,0.425669284571347,0.7373769190153072,0.017988821683986883,0.07407938126681489,0.00049366839960144,0.00045365641996960996,0.1,0.1,0.9,155,0.0711192385873032,0.0900404694776988
4,37,0.0701452997744597,0.3873872221806439,0.4251561881368164,0.7897057120429741,0.008799731705286855,0.07407768651354442,0.00052118322131692,0.00046941443074596003,0.1,0.1,0.9,170,0.0775601782356532,0.090026365131547
4,38,0.06955059642129849,0.3862111353852465,0.42561272412808965,0.7971987900084364,0.012445342810928153,0.07408097678759633,0.00054506769628672,0.00046566903326503004,0.1,0.1,0.9,172,0.0718682255345902,0.0906870786772153
4,39,0.06940718865164307,0.38575778655301884,0.4251442505482171,0.8062591812146848,0.008976201041333827,0.07408701181477702,0.00053953149789802,0.00046404509572491005,0.1,0.1,0.9,174,0.0709258096034551,0.0900977315614912
4,40,0.06870681484356718,0.38694764698095785,0.4347319902924527,0.8150007440948467,0.009857341511203885,0.07404976014104006,0.00038781513997426,0.00053624391287596,0.1,0.1,0.9,180,0.0664313005944203,0.08554384491948
4,41,0.06863773647066684,0.38672005138323295,0.43449670349454184,0.8219758578134949,0.009044803450680787,0.07407300606001668,0.00038819541197695,0.0005363452997412101,0.1,0.1,0.9,181,0.06466393011362,0.0832952172285034
4,42,0.06817864638846162,0.385947812274144,0.4353706108975414,0.8459509870937115,0.008823151166298003,0.07404466987667375,0.00039848329284503,0.0005368426356421,0.1,0.1,0.9,189,0.067697955534791,0.0858087251780512
4,43,0.06787898248077197,0.38494384550243393,0.4343325932984359,0.8476835996435473,0.01041046906712576,0.0740428823299504,0.00039498806332046,0.00055322441005548,0.1,0.1,0.9,191,0.0679910514516984,0.0849311411666799
4,44,0.06780186235811078,0.3853812990919787,0.43645633489403934,0.8677968953666525,0.008622268348772267,0.07404515705049208,0.00038997272185586,0.00056258141148482,0.1,0.1,0.9,193,0.0678850263007135,0.0852918537497927
4,45,0.06775491347889764,0.3866263092029905,0.44108659104279896,0.8813477215926167,0.008168834048954446,0.0740486509363462,0.00039127430525438,0.00056962228394961,0.1,0.1,0.9,197,0.0673996061427865,0.0839830499448543
5,0,0.980394155802809,0.9950549014660093,0.9948895706202412,0.9290663561988846,0.0,0.0,0.0,0.0,0.1,0.1,0.9,1,0.989261730946668,0.9607143328070106
5,1,0.7962785356474011,0.9483756574751512,0.9463982332799007,0.8798314648371934,0.1389155552916532,0.074860852142388,2.245450499651e-05,2.5230924005170003e-05,0.1,0.1,0.9,3,0.8288650339812098,0.853447647489301
5,2,0.424599190361037,0.791142143769509,0.7839271650981092,0.7077645015196141,0.7665434681464107,0.0666641300685051,0.00025911685890773,0.00024240961820599,0.1,0.1,0.9,4,0.5093995827418428,0.4289046311270574
5,3,0.4198382362286106,0.7891708474885227,0.7835524970674719,0.7091305278704073,0.01436394130349228,0.06889636876679396,0.00032324255394101,0.00029862225998697,0.1,0.1,0.9,6,0.5077280528873053,0.4270124822124075
5,4,0.4173268880870855,0.7875540184248336,0.7818923009627804,0.7129864446287704,0.010014007168143105,0.0666334997506567,0.00024611234947231,0.00020263055411983002,0.1,0.1,0.9,8,0.4705456896001801,0.3978062643147858
5,5,0.40836704228448845,0.7821859167800803,0.7763443751373564,0.7059972221316942,0.0329580507529349,0.0666537851709254,0.00025354525333078,0.00020978885453959,0.1,0.1,0.9,9,0.4669734864802313,0.3936846922603231
5,6,0.3773251265906342,0.7626650333223901,0.75616885538652,0.6870488619442509,0.10188307344559003,0.06665924323939437,0.00022212505360912,0.00027575275667462,0.1,0.1,0.9,10,0.503357746303254,0.4249728010522014
5,7,0.37707585305996144,0.7624892323774779,0.7559884084274094,0.6884851452239384,0.0075745832782994505,0.06665527619150377,0.00023691779481907997,0.00023384927918956,0.1,0.1,0.9,11,0.4831067860781261,0.4045725304206155
5,8,0.37427783901780026,0.7614356621010784,0.7565638654757388,0.6904077424571778,0.016784745779648565,0.06818295243598334,0.00025492717359983,0.00031830107016618,0.1,0.1,0.9,12,0.5087440367287268,0.4331982129083805
5,9,0.37148531607544166,0.7596149047487822,0.754679380371279,0.6901843829013498,0.01646010650109454,0.06921969802312712,0.00030464409315662,0.00029233573839239,0.1,0.1,0.9,13,0.4833405867099185,0.4083926099925661
5,10,0.3719072440527573,0.7608730782821462,0.7576244840081513,0.7016089049916134,0.009272416250378366,0.07124893667533763,0.00063969862717603,0.0009281980231529701,0.1,0.1,0.9,14,0.4256465179231835,0.4197994938906867
5,11,0.3416950780130842,0.7395975308967748,0.7356770113949679,0.6770515829805712,0.10429617100431592,0.06665762116613809,0.00018532424820506,0.00017678059153878,0.1,0.1,0.9,15,0.3962993087471348,0.3631149436256458
5,12,0.3276373593760233,0.7300659355152664,0.7274860716750865,0.6708163690233826,0.03295453363029351,0.06984962919283542,0.00024495494877252,0.00023214283754424003,0.1,0.1,0.9,17,0.3828452432400405,0.356201021264513
5,13,0.3212138701488728,0.7259639034089913,0.7249100218959605,0.6752200377648019,0.03207204869844086,0.07102045866727721,0.00037261709725164,0.00037923693146445,0.1,0.1,0.9,18,0.3517882455834974,0.3249757082434281
5,14,0.32068504191274266,0.7262290202864241,0.726861350371567,0.6847072494805021,0.007772879298843383,0.06944897475675137,0.00037235475218953004,0.00037371879657342,0.1,0.1,0.9,21,0.352183414437268,0.3241232396282929
5,15,0.28214067527576703,0.6956473604001168,0.6969267726861378,0.6685480413904413,0.08372248670615211,0.07127882762893192,0.0002531351049299,0.00025809891246447996,0.1,0.1,0.9,23,0.3289718432211499,0.2779238986390914
5,16,0.2784798473089016,0.6930750368790578,0.6959403660237182,0.6709620669329485,0.015138265627339305,0.071278197881248,0.00025313330765225,0.00025809691910204,0.1,0.1,0.9,25,0.3275097677177671,0.2858648261903161
5,17,0.2502294331243307,0.6676222093510523,0.6712917181551861,0.655217376977572,0.07241166405892559,0.07495840637241864,0.00038029305237107,0.00038775034091756,0.1,0.1,0.9,27,0.302948215263734,0.2723683301556063
5,18,0.22758925179323977,0.6423769607078051,0.6401799140342639,0.607297820950253,0.06463992376843256,0.0774618345366297,0.00032724039848545,0.00033625797873499004,0.1,0.1,0.9,29,0.2792838941952063,0.2468795406889449
5,19,0.22384536066756683,0.6384587865306912,0.6361570083821498,0.6158821847887594,0.01501404395212395,0.06972736764404042,0.00033324251954922003,0.00032140385758399,0.1,0.1,0.9,31,0.265637082140262,0.2765609619451959
5,20,0.21256121151959337,0.6265262440244483,0.6254819944303232,0.6172980609320632,0.07103506177785616,0.07439267660468982,0.00030687047720682,0.00031708252283261,0.1,0.1,0.9,32,0.2331135861651606,0.2459752858570972
5,21,0.20006126423163215,0.6126067121310002,0.6127751562384379,0.6117930078850081,0.03091245023737522,0.07244894353126807,0.00034178601383284,0.00032222113496146,0.1,0.1,0.9,35,0.2504681849232392,0.2511556981992056
5,22,0.1911559822411004,0.6016452161102087,0.6014487684190588,0.604428728954298,0.033991207814789696,0.07194982893311931,0.00034251913022964,0.0003229387248371,0.1,0.1,0.9,37,0.2468660071192343,0.2436966959575368
5,23,0.18800821558065958,0.5976269026320069,0.5972939152174436,0.6090437333669504,0.027366686028678377,0.07259563717860998,0.00034297026648676,0.00032335716098907003,0.1,0.1,0.9,38,0.2385714974645771,0.2421759583814176
5,24,0.18101366794442997,0.5900689544019295,0.5928416975286912,0.6052528040478602,0.04854040572913772,0.06823930515712132,0.00034306989297941,0.00032229190175959,0.1,0.1,0.9,39,0.2351677797740848,0.2336914713441492
5,25,0.1606622141857735,0.5623121276346064,0.5658280641811627,0.5880576930689493,0.07626957406461694,0.06848822129138184,0.00033431211934366003,0.00031538514456664,0.1,0.1,0.9,41,0.2181269290989746,0.2146424474337138
5,26,0.1574439011650585,0.5581438429163422,0.5631891208195903,0.5946499382867612,0.019273738041603275,0.06927745965327294,0.00035036623768402,0.00033199051602769,0.1,0.1,0.9,43,0.205613812834647,0.2076012706946596
5,27,0.1569542924298519,0.5573899937780248,0.5624091914902772,0.5938119300066501,0.011071096507424471,0.06955424883581639,0.00034833546648979,0.00033074950009800996,0.1,0.1,0.9,44,0.2065195020293986,0.2076911140794941
5,28,0.1263751928891409,0.506173034029474,0.5111185601152428,0.5362255314139186,0.072461251321838,0.0783699136950408,0.00040735108697816997,0.00043993504429659994,0.1,0.1,0.9,48,0.1614893999936229,0.1426823032730443
5,29,0.1187884938219671,0.49343134053510174,0.4996617610494937,0.5433578342583671,0.018999215028740992,0.0662970061628391,0.00045797968703722004,0.00047931194883381003,0.1,0.1,0.9,53,0.1412906558988332,0.1432663781577027
5,30,0.11826154792289786,0.4921434749876694,0.4999700413848756,0.5436462619559321,0.022448004093489436,0.07614069931927811,0.00044860789177031,0.00047317844033185,0.1,0.1,0.9,54,0.1393466827414121,0.1363525351469575
5,31,0.11268520716527472,0.48015439162007056,0.48590802805911465,0.5337649650628506,0.06285591679603396,0.07616815105350003,0.00044968772859354004,0.00047421430268158003,0.1,0.1,0.9,55,0.1327496314029085,0.1313355613926602
5,32,0.10870596301479915,0.47348639770654966,0.4823694398762686,0.5446962213537403,0.020483400364881117,0.0735481365915284,0.00045735678405259,0.00048079732528312,0.1,0.1,0.9,58,0.1296050521881377,0.134577214989697
5,33,0.10760100433296702,0.4692889212197873,0.47797920932634574,0.5664903847065759,0.037368529298730066,0.08689881593630652,0.00052572731479949,0.0007309389281546701,0.1,0.1,0.9,59,0.1315432413780246,0.1299177029033213
5,34,0.1068195262003913,0.46682299168165714,0.47541004545682636,0.5716737604130001,0.01500275768177359,0.09304002644772326,0.00052758017097108,0.0007389329623265701,0.1,0.1,0.9,62,0.1317266962091796,0.1251594805549623
5,35,0.10118719033720869,0.4596930577724082,0.471494963495378,0.5508898545224672,0.03230160212228136,0.0631971412637889,0.00043711029108297,0.00042894759834627004,0.1,0.1,0.9,63,0.1283518303158425,0.1400682029726103
5,36,0.09944055854424373,0.4556127597740677,0.4672753893331456,0.5490749936727644,0.027034859600906944,0.06406476493455987,0.00043368908133204,0.00042716830996771,0.1,0.1,0.9,64,0.1268703568697345,0.13947108347059
5,37,0.09662799012918616,0.4479496830769053,0.4576720335624642,0.5440579237795881,0.04301609634953936,0.067679027499053,0.00042802106381008997,0.00042860571700962006,0.1,0.1,0.9,65,0.1272081432613318,0.1290362197694385
5,38,0.09528723310808189,0.43899320051837293,0.4482832374082591,0.5581049546491925,0.04235582047133874,0.10442835351195412,0.00053295873348264,0.00074721471116634,0.1,0.1,0.9,67,0.1150004146265017,0.1136770539251701
5,39,0.08907823880260146,0.43228539139526545,0.4498275958056067,0.5778340496783896,0.010988021170575794,0.07275339539521161,0.00034944648766209,0.00040479175949294997,0.1,0.1,0.9,77,0.1000366223071463,0.1168224653760674
5,40,0.09630435526785433,0.4356550032261556,0.4563032704259088,0.6003016248078663,0.024976133683562406,0.1334360652763603,0.00038327727727141997,0.005303428116768269,0.1,0.1,0.9,83,0.091720497375244,0.1033632900265698
5,41,0.08714638230422694,0.42642253301110766,0.44706663132063895,0.5910594441929785,0.009690504328733666,0.0796943675636235,0.00036337259517043,0.00115729211719096,0.1,0.1,0.9,84,0.094115759012337,0.1071005501007938
5,42,0.08943222560992002,0.4175220356406258,0.43757607501776136,0.5888624638233549,0.10333752644978954,0.12981701084867484,0.00038352747353567003,0.00530333772099425,0.1,0.1,0.9,85,0.0868404933135517,0.0953374277597214
5,43,0.08052792319592561,0.4094619590918227,0.43287757230827784,0.615637473223074,0.010065608022768955,0.07750106495625628,0.00104270706046998,0.00149827279210928,0.1,0.1,0.9,90,0.0898401885732805,0.0990073238040719
5,44,0.08125031561216503,0.4008758806533217,0.42381799491481814,0.6035832880184315,0.083416897080674,0.1283788535855644,0.00049365719970816,0.0020999808730650703,0.1,0.1,0.9,91,0.0869849055258574,0.0857257080716363
5,45,0.07582337618711715,0.389408095044365,0.412049719799042,0.6018178816146605,0.05591180769950373,0.0728282169787979,0.00092944131788839,0.00546697188209957,0.1,0.1,0.9,92,0.0859220242397818,0.0922455244691337
5,46,0.06972050272078185,0.3779437693646423,0.40032293884856207,0.5953228289143733,0.027713365813476432,0.07222321605635354,0.0010473460300359399,0.00150364883605096,0.1,0.1,0.9,94,0.0863925273731923,0.08926301866988
5,47,0.06767230006270517,0.3722369000426372,0.3961007539636775,0.6052626431914528,0.01875657213315576,0.07118916202023394,0.00104453260362773,0.0015000663896068101,0.1,0.1,0.9,97,0.0835962450891187,0.0890333621605304
5,48,0.06722621847218856,0.37108224336125323,0.3965736973074034,0.6148824277827649,0.013676156546146203,0.07161929704807801,0.0009225190296944,0.0016553257192727,0.1,0.1,0.9,99,0.0809926883507391,0.096676073903493
5,49,0.06718802205659154,0.37234926949845615,0.4012266598532159,0.6319542440277519,0.008939490228289767,0.07170352851001396,0.00092241178370908,0.001655301057083,0.1,0.1,0.9,103,0.080936375499073,0.0965965192443189
5,50,0.06698499670298451,0.37121748153512946,0.40171229109326745,0.6412995515758189,0.011515938693090828,0.07797109627806058,0.00104461705581152,0.00149918418632424,0.1,0.1,0.9,108,0.0791343055170771,0.0936991701872562
5,51,0.06563314419947397,0.3655116667858062,0.3908134741729672,0.6145528220373332,0.02428374210828388,0.07269329761088647,0.00092353676605887,0.0016480707858695198,0.1,0.1,0.9,109,0.0778795734098027,0.0961668497057269
5,52,0.0650751247445058,0.36310254514250634,0.38831675452574455,0.6203037427496056,0.021742392292974942,0.07610012837658288,0.00104475743293457,0.00148996705716989,0.1,0.1,0.9,110,0.0780957005779044,0.0912604170218732
5,53,0.06496425830328934,0.36257829346448067,0.38777298263044113,0.6197168665292455,0.010530942195173226,0.07667167048313996,0.0010478631470196,0.00149233928068499,0.1,0.1,0.9,112,0.0756202113689838,0.0928408253567679
5,54,0.06462909165496343,0.3643368784154416,0.39627923338992777,0.6566005413573305,0.01409160315978091,0.07633991424071343,0.00104603414532546,0.00149109426589491,0.1,0.1,0.9,113,0.0779130927763792,0.0903797793628183
5,55,0.06454415019977292,0.364786123745874,0.39841590476644945,0.6649632167185543,0.009655242254304053,0.07619455352293103,0.00104622406732998,0.0014912115035291599,0.1,0.1,0.9,115,0.0777075526961594,0.0905720650056349
5,56,0.0645345513910119,0.36546408747606446,0.4007885232978383,0.6765828034072269,0.00912938066631275,0.07617615537672862,0.00104624787012834,0.00149122705706653,0.1,0.1,0.9,117,0.0776829961142262,0.0905967920291908
5,57,0.06442066347844386,0.36717782385600284,0.407575155864758,0.7089122239189899,0.009319124259703193,0.07621240834182336,0.00104783729634784,0.0014929929566202,0.1,0.1,0.9,125,0.0776375463401634,0.0906337427972395
5,58,0.06486901481760027,0.3639505036351394,0.39586335829780456,0.6903156514034082,0.010063435106730122,0.08076931025173678,0.00107595216171573,0.00154634360352176,0.1,0.1,0.9,127,0.0747436403323311,0.0907764946218228
5,59,0.06476443949912852,0.36427824088386856,0.3978737501588423,0.6924242905954554,0.010518752709360589,0.08085084422970788,0.0010756756783452301,0.00154509585313708,0.1,0.1,0.9,129,0.0744732614772908,0.0915299882195324
5,60,0.06475030522979988,0.36485413832091046,0.40013971818641303,0.7023091138582747,0.010411772276647548,0.08125429626369364,0.00107293388960723,0.00153749708060414,0.1,0.1,0.9,130,0.0746750526519652,0.0907814242983028
5,61,0.0646528166626795,0.3645088551864098,0.3997827886260367,0.7106775925963973,0.011308291669459314,0.08130485152782317,0.0010729458703504099,0.00153522228128234,0.1,0.1,0.9,131,0.0749515205130181,0.0918273089011113
5,62,0.06426121869936247,0.3666021779258812,0.40697992872308414,0.744198188126936,0.009590372002286145,0.0761926391127076,0.0011020007428168802,0.00150025330189695,0.1,0.1,0.9,133,0.0788521607771743,0.0919100327910801
5,63,0.06352271644685856,0.36547547027940497,0.40915978142301007,0.7595031499891358,0.011256629200085596,0.07621089930808343,0.00104780257250861,0.00149152753413897,0.1,0.1,0.9,137,0.0778594200571995,0.0902703898926761
5,64,0.06348814029582436,0.36731880199705436,0.41607844175151343,0.845107317054994,0.0093422128475179,0.07614135687897455,0.00112144178121334,0.00156041449272945,0.1,0.1,0.9,154,0.0817108234303792,0.0916497182424223
5,65,0.06290069732020555,0.3638703942579619,0.41083385404700323,0.8389223586436231,0.023014522159370637,0.07677900953074199,0.00112117046037419,0.0017866845111323402,0.1,0.1,0.9,155,0.0753455741303714,0.0883951027036613
5,66,0.06280685026856156,0.3644282651774427,0.4147473894550399,0.9605113798216701,0.009721881925829267,0.08090554682917332,0.00112467161404447,0.00155528931790929,0.1,0.1,0.9,190,0.0740644128859889,0.0890845000904611
6,0,0.9937155058783631,0.9977186752402581,0.9959704755412082,0.9371362347812986,0.0,0.0,0.0,0.0,0.1,0.1,0.9,1,0.935824516212515,0.9601831198338294
6,1,0.8480618257831739,0.9648285583966028,0.9633711505373219,0.8979514878849487,0.11028075866442574,0.08370255561674544,3.637251818754e-05,4.316120982298e-05,0.1,0.1,0.9,3,0.8004061949928077,0.8987113052636544
6,2,0.48147214620443524,0.8223207542654966,0.8161489141067697,0.7422871864480795,0.690648261939264,0.06664880497438642,0.00017608997055428,0.00023331013962708003,0.1,0.1,0.9,4,0.4448181895150232,0.4831564208241475
6,3,0.35359527933048956,0.7458910170114237,0.737166975894321,0.6611924311708587,0.19187015334314453,0.06665648086773242,0.00010871877705102999,0.00012463928142904,0.1,0.1,0.9,6,0.3284234336684397,0.3661967447004107
6,4,0.32358254866333785,0.7247853004577622,0.7170266465363433,0.6418688773451533,0.05975954617418114,0.06663457256995911,0.00013338366019348,0.00014959637502446,0.1,0.1,0.9,8,0.3106523369950736,0.3422000324512514
6,5,0.2944223433001747,0.7024437349209266,0.6955891125777229,0.6205530394487506,0.06485304229927298,0.07176742421173286,0.00023121652190991998,0.0002624202236935,0.1,0.1,0.9,10,0.3142612913116262,0.3287300508834029
6,6,0.2912716441901674,0.6998735620014185,0.6912810541178945,0.6203159477158587,0.01719141846108805,0.06661572945932255,0.00013017715930973,0.00018067507460658002,0.1,0.1,0.9,11,0.2706717438121898,0.2763781353649804
6,7,0.2900939229524204,0.7000494283646921,0.6914609864475406,0.6239662921249015,0.0119218487287418,0.06666615035496638,0.00014990293014642,0.00023325307325281,0.1,0.1,0.9,12,0.2586212365464206,0.2710279182323336
6,8,0.26701578153235367,0.6790075702347591,0.6713874946518885,0.6020509331783621,0.10511940975502379,0.0666515937326389,0.00016618281615423,0.00023291420673248,0.1,0.1,0.9,13,0.2489748901957899,0.2427433843296698
6,9,0.2282374499667319,0.6430699127045426,0.6358981947203347,0.5662835608826716,0.1017320385810169,0.07178215188276071,0.00026928207205356,0.00037741339117412,0.1,0.1,0.9,15,0.2316688137801587,0.2113784954750878
6,10,0.19071325606091097,0.5982024807727899,0.5911963495943828,0.5259216549426637,0.11361709365065227,0.07272077217372688,0.00032586080080675,0.00046702615675085,0.1,0.1,0.9,17,0.2005390412441933,0.195247779139777
6,11,0.18353829336400396,0.5896897352639967,0.5840722067586009,0.5210345584902247,0.029946252658728308,0.07259785761289123,0.00044666948409573,0.00042367932188275005,0.1,0.1,0.9,19,0.1647482951035935,0.1733589419588233
6,12,0.17958572644977225,0.5844342103850066,0.5786379415807236,0.5258030837641332,0.020750516688428953,0.07313746931102902,0.00039885463527524,0.00046844354450438003,0.1,0.1,0.9,21,0.1721397447782482,0.1723140079936395
6,13,0.17910547559888437,0.584511920824119,0.5803921385768791,0.535149696021062,0.009085610310628087,0.07273510052565116,0.00038291600865189,0.00044972407608243997,0.1,0.1,0.9,23,0.1700399876269885,0.1735360933175264
6,14,0.17626426110017987,0.5814249838048041,0.5788780960260117,0.5331311781923868,0.013521230215063181,0.07343990575919314,0.00026309508952449,0.00024571081892699,0.1,0.1,0.9,26,0.1910279627834162,0.1758109171075518
6,15,0.1673492251358297,0.568997068614678,0.5660344339214469,0.5231045378044311,0.037746313799469244,0.07342384223800927,0.00025430203378592,0.00025452975169463,0.1,0.1,0.9,28,0.1780206456691841,0.1824289818416079
6,16,0.16335475122751345,0.5632166255038163,0.5600599845132135,0.522700338702443,0.021685730547366795,0.07335028990557982,0.00028877951261205997,0.00028220913938619,0.1,0.1,0.9,30,0.167925343264466,0.1695529119723205
6,17,0.16227504041029875,0.5623776136084744,0.5608674820822206,0.5293886153910804,0.009909771652078394,0.07265321958850006,0.00025040371049607,0.00027613785796972,0.1,0.1,0.9,33,0.1619276058586968,0.1717115151930935
6,18,0.15671968198837227,0.5547639981225296,0.5546698307612686,0.5240411560759014,0.04812724271152724,0.07334473901604402,0.00024226755938222002,0.00024517897989158,0.1,0.1,0.9,34,0.1673471393969162,0.1690767272193178
6,19,0.14741819942847925,0.5395633895706574,0.537291344538427,0.5213981847307232,0.024999513245475787,0.07273495112665149,0.00022955836310561002,0.00023759584157986,0.1,0.1,0.9,38,0.1525156458015798,0.1525392673159108
6,20,0.1407778983911339,0.5292106594527215,0.5282561779054763,0.5162782773416811,0.035196287424011874,0.07435525634875187,0.00029351999921173,0.00032261237062644,0.1,0.1,0.9,40,0.1440729311760483,0.1340553485097341
6,21,0.13749720153163025,0.5257440259940743,0.5296893698967976,0.5299165615095216,0.011136475118805493,0.07435261313254823,0.00029236039106279,0.00032405402993396,0.1,0.1,0.9,48,0.1470596336025807,0.1358495970203725
6,22,0.13681301289665404,0.5245669290578088,0.5284729177276548,0.5353430876162396,0.010612101778113156,0.07430009372204792,0.00029053949430066,0.00032990865825708,0.1,0.1,0.9,50,0.148524397841156,0.1370054881275348
6,23,0.13663910923228584,0.5249713212179666,0.5305626887864711,0.540044494099752,0.008494371807670615,0.07434763280292965,0.00028851680924113,0.00032699826045794,0.1,0.1,0.9,52,0.1481834293356951,0.137436249559822
6,24,0.13655207688325322,0.524813660901288,0.530399453940391,0.5433001096217751,0.00856849189371019,0.07435939437124743,0.00029584277545132,0.00033449789842232,0.1,0.1,0.9,53,0.152251217744823,0.1359459732870059
6,25,0.12792176150840706,0.5094046115517734,0.5144739398481267,0.5500412169851868,0.08270868810610245,0.0748563554064862,0.00030039291722698,0.00031924850444266,0.1,0.1,0.9,54,0.157543163141877,0.1352585099743929
6,26,0.12186469766703778,0.4980023282010041,0.5026895504825113,0.541970557119258,0.06324372099171138,0.07469939523574458,0.00032892574547317,0.00036067106000043996,0.1,0.1,0.9,55,0.1491227300102537,0.1232256967850266
6,27,0.1213583202637797,0.4977499812844391,0.5041012895611117,0.5506656834213801,0.0100932073175272,0.07482054514388596,0.00030761791070349,0.00033027726568084,0.1,0.1,0.9,57,0.1490068170078496,0.1255801001345123
6,28,0.11469111934029716,0.4845576055234116,0.49046771837595204,0.5217507298588282,0.07183184095352788,0.07480471157436461,0.00031671421827227,0.00033316048210183,0.1,0.1,0.9,58,0.1337300051737559,0.1175768737887761
6,29,0.11463650223259532,0.4844468889391387,0.4903533274976641,0.5431581342258388,0.007988250296234014,0.074804718323199,0.00031616810676105,0.00033241872008478,0.1,0.1,0.9,61,0.1333331796765106,0.1175887431465827
6,30,0.1134462786223538,0.4806906818150091,0.48312865403466726,0.5270631293781943,0.011612894313148242,0.07480546553990847,0.00030266420012244,0.00030090666361338,0.1,0.1,0.9,64,0.1228788494456636,0.1132974743244738
6,31,0.1131433031132107,0.4829819831738728,0.49218886256908145,0.5545440079468179,0.00929559382315265,0.07354105418288728,0.00027744939235717,0.00029185672124486,0.1,0.1,0.9,65,0.1217102818941772,0.1127049975319415
6,32,0.10628836274546298,0.4683006999313695,0.4770112471231099,0.5170545799200517,0.07976860317390176,0.07485081627484,0.00030257056491350004,0.00032308292020031003,0.1,0.1,0.9,66,0.1208210221415377,0.1067353219367263
6,33,0.10395518562139686,0.4639457960195773,0.47418417808606506,0.5312920168209719,0.012640509042151953,0.07420111360168938,0.00030186733866986,0.00034471602069024,0.1,0.1,0.9,71,0.1103463434723203,0.1056419981697741
6,34,0.09645019084914712,0.44671038922855527,0.4563729698094193,0.5174729986822693,0.049463290786678236,0.07421305513458931,0.00028313239492085,0.00032821535595585,0.1,0.1,0.9,73,0.1029733282834862,0.1064276885190059
6,35,0.09228952645855402,0.4373547706233196,0.4483769312040053,0.5300451300304103,0.014693183188046813,0.07411649513231106,0.00028257967835660996,0.00032291632207083,0.1,0.1,0.9,80,0.102581302053727,0.1035532900756702
6,36,0.09155512547301799,0.4355252729342958,0.44648609738700795,0.5383615690750708,0.009956870855374505,0.074091432987094,0.00028526492889292,0.00033012010201912,0.1,0.1,0.9,84,0.1011935980391687,0.1027585167732948
6,37,0.09149686566706697,0.436787597415503,0.451134371288712,0.572408312877327,0.00786288620040539,0.07411132107178789,0.00028631473949665,0.00033174832369916,0.1,0.1,0.9,90,0.1017857196561383,0.1025665402939861
6,38,0.09124898778099869,0.43616099455257107,0.45048663814254114,0.5771847570258567,0.009276167779680936,0.07418807148039239,0.00028661967258703,0.00032922226926607,0.1,0.1,0.9,92,0.1023642555359899,0.1024685727229943
6,39,0.09122978499437581,0.4353980444003572,0.4480260367947826,0.5719069677701437,0.008052331082723213,0.07412577801482816,0.00029127456515811,0.00034206760988385,0.1,0.1,0.9,93,0.1002427005263362,0.1023207768009556
6,40,0.09119507964116523,0.4360344476348552,0.4503560487834957,0.5901768439910902,0.007879446801518065,0.07401383483307737,0.00028767842691244,0.00034226862506358,0.1,0.1,0.9,95,0.1018493055382641,0.1056125234688507
6,41,0.0907777805333348,0.4356955353828287,0.4516777119567269,0.6025910819566931,0.010273240649167497,0.07396363755013496,0.00029000631053983,0.00034773142011792997,0.1,0.1,0.9,97,0.1008169107421939,0.1054279808458061
6,42,0.09024472782457703,0.4343362115770928,0.4502725141877643,0.6122999850419447,0.00941531772847632,0.074057379731061,0.00029171091748959,0.00035103746509942003,0.1,0.1,0.9,101,0.1001930947563702,0.1040113451753343
6,43,0.08995468821541396,0.4335919386647003,0.4495031027120493,0.6195901198597256,0.009581392629106265,0.0741463354188768,0.00029103919832469997,0.00034956565611529,0.1,0.1,0.9,103,0.1003870761957966,0.1053547213188729
6,44,0.0898578036895763,0.43618281084012056,0.4588685382213999,0.7011106114487996,0.0078070244812112315,0.074069167868321,0.00028868081263134,0.00035096733398023,0.1,0.1,0.9,123,0.099346659908925,0.1055076573238952
6,45,0.08963768269594104,0.4348724725357718,0.45584148058166224,0.7089193950453614,0.00916250358324533,0.07412087645494732,0.00029296446983871,0.00037746995164817,0.1,0.1,0.9,125,0.1026806842101146,0.106725644759201
6,46,0.08917580047323694,0.43441212205144336,0.457037818201747,0.7246270490398916,0.009117288350673589,0.0741082551542592,0.00029006635313426,0.00037359584687401,0.1,0.1,0.9,129,0.1023701696179299,0.1081147991910389
6,47,0.08909246550044153,0.435603735467748,0.46161294741381415,0.7328989669243348,0.008721455987607228,0.07415591505559142,0.00029079055723142,0.00037431377060169,0.1,0.1,0.9,131,0.0999645974352334,0.1070894003581427
6,48,0.08912467619720442,0.43709710996724777,0.4665000497756757,0.7586203237396953,0.008137294754342248,0.0741666619461105,0.00029179801737877,0.00037427655219297,0.1,0.1,0.9,134,0.0997821508641176,0.1074003613450714
6,49,0.08842464775258563,0.43607297231569436,0.46711488222324965,0.7612740918292263,0.008603246183800288,0.07388522318138904,0.00028415704159836,0.0003642954100282,0.1,0.1,0.9,142,0.1020069875002168,0.1084909116969971
6,50,0.08849551869784414,0.43625587786889913,0.4673039575957406,0.7674323452281168,0.007830095876914498,0.07390613122029704,0.00028355884882636,0.00036057029307166,0.1,0.1,0.9,144,0.1005887594678545,0.1085916005193211
6,51,0.08840988680736893,0.43744848030992445,0.4718802397021484,0.7969318526617818,0.00784676898891472,0.07388247714458895,0.0002844746699953,0.00036445551150774997,0.1,0.1,0.9,152,0.1022645641568327,0.1085201596076578
6,52,0.08838913386570434,0.43739528866000543,0.4718252721325717,0.8028635477610764,0.007873188499288458,0.07388127794627806,0.0002845076687961,0.0003644831994939,0.1,0.1,0.9,154,0.102285509720149,0.1084836730858056
6,53,0.0883170814673917,0.43720656722816964,0.47163018495770803,0.8086448793611307,0.008211379813991558,0.0738962375975593,0.00028430462888238,0.00036515756324272,0.1,0.1,0.9,156,0.1026181741388223,0.1078603989081019
6,54,0.08816909607410671,0.4382408179578023,0.47604287150140445,0.8322241868663028,0.008673714848973018,0.07389637587180521,0.00028441661230881,0.000364487167661,0.1,0.1,0.9,158,0.1018801842789236,0.1082140495914735
6,55,0.18822542084127222,0.538310360527403,0.576113213198473,1.0895368749941308,0.10780614380223215,0.07434686155310323,1.0,0.00039656591606278,0.1,0.1,0.9,194,0.1026320498977806,0.1095462657569844
6,56,0.18817875227208591,0.5388854555889735,0.5783792109608893,1.0956903461344811,0.10798456427053488,0.07437373004183288,1.0,0.00040261138052753,0.1,0.1,0.9,196,0.1037252579039047,0.1081727684761017
6,57,0.18807873748792536,0.5379215250233207,0.5757111620767794,1.098488646311946,0.10851170787851629,0.07436395459194664,1.0,0.00040234154032008,0.1,0.1,0.9,198,0.1041624940469919,0.1090294861146032
6,58,0.18800280494728058,0.5384402509025911,0.5779193175305177,1.1077932804751767,0.10830304920257793,0.0743295512382153,1.0,0.00040036150150556,0.1,0.1,0.9,200,0.1046917561495926,0.109846480782103
7,0,0.9927563936431639,0.9981841003377502,0.9981233767257968,0.9325310747121663,0.0,0.0,0.0,0.0,0.1,0.1,0.9,1,0.9386938895655688,0.9625728600699917
7,1,0.662556926898648,0.9034994285761875,0.8983534254943036,0.8292493298121885,0.25801080727299597,0.06676723686445836,0.00044358244950985,0.0007470420941479,0.1,0.1,0.9,3,0.6409977405033243,0.6528001122932099
7,2,0.6366241847303848,0.892408323972167,0.8869110703453189,0.8187777353188217,0.05412989151372791,0.0627782746056048,0.00036438179747311,0.00054727296198977,0.1,0.1,0.9,4,0.6081889503210448,0.6183819278235441
7,3,0.3479952737654733,0.7471358833125252,0.7367607311712211,0.6598835000310483,0.7365421096166302,0.0666643623836567,0.00034913821436855,0.0007883364387948,0.1,0.1,0.9,5,0.3626870169365962,0.2491603361606535
7,4,0.3293307632613972,0.732616114042229,0.7234308886142758,0.6473805213696673,0.040056884648802936,0.0666607190453822,0.00027131610241922,0.00068090905020175,0.1,0.1,0.9,7,0.323290620792374,0.2666282175732765
7,5,0.32229300889533863,0.7237999139455132,0.7160090114086906,0.6383176136412769,0.030664272305254484,0.06661286511843649,0.00012990434305376,0.00013003814800610002,0.1,0.1,0.9,8,0.3187207634990416,0.344967077203658
7,6,0.30035506258246975,0.7073029143363582,0.7006167681293898,0.6233105340836762,0.050105944163296216,0.07066885595700693,0.00018956279377365,0.00018975804852796,0.1,0.1,0.9,10,0.306684257904524,0.3303207143326054
7,7,0.28996248324000357,0.6987748740316094,0.6918044583927071,0.620393042834223,0.01767039390025327,0.07049478816515663,0.00016998455499527001,0.00018165473851697,0.1,0.1,0.9,14,0.2942216337414162,0.2901511245611491
7,8,0.2550875749992412,0.66808899335265,0.6617463379967736,0.5946820350036052,0.05923443327805757,0.07469601132224958,0.00028777935321816,0.00030242867090331997,0.1,0.1,0.9,17,0.251340253107889,0.2684169336665281
7,9,0.24622626951699145,0.6601512988394482,0.6552160749027203,0.5901533193306144,0.02860002664810716,0.07432482499315436,0.0002919545047718,0.0003113640865811,0.1,0.1,0.9,19,0.2422607365721965,0.2537358477236741
7,10,0.20757958632285936,0.6186761858227258,0.6123539589116618,0.5494402387058813,0.10835615940242847,0.07432712102729239,0.00030092331182901,0.00031470198856329,0.1,0.1,0.9,21,0.199658618332832,0.2119865230064909
7,11,0.2037912920715158,0.6141940818786107,0.6077150255032823,0.5464645123916813,0.03075956182085437,0.07637659424861135,0.00030118494365672,0.00031776110728975,0.1,0.1,0.9,22,0.1940268783123298,0.2169461047999447
7,12,0.19886935193382466,0.6089987693006375,0.6040236281189536,0.5432804841844329,0.035463297968931974,0.07512796637174655,0.00025417981373980004,0.00027261794019648,0.1,0.1,0.9,23,0.1899522520721523,0.2027351700356926
7,13,0.15632381102313692,0.5528296392924434,0.5493321524356571,0.5030058966510431,0.0382596804883665,0.07162352595593277,0.00021785462678183002,0.00026685707856777,0.1,0.1,0.9,32,0.1494522261520569,0.14623927026682
7,14,0.15421034390246102,0.5501117447607483,0.5481835294918153,0.5073934351555716,0.016938274715501703,0.07513185260824087,0.00021902921597188998,0.00026810093477238,0.1,0.1,0.9,34,0.1676817173486313,0.1737066643653295
7,15,0.1518899389461719,0.5464439333127623,0.5443895582247882,0.5033208623211061,0.017028103055912912,0.0761593095878898,0.00022098169554834,0.00027018726732328,0.1,0.1,0.9,36,0.1725723790086407,0.1795360391271021
7,16,0.1516023190417726,0.5459855042132254,0.5439154372931636,0.5073332776453775,0.010161862901241407,0.07626467745857837,0.00022122128752662001,0.00027044328462008,0.1,0.1,0.9,37,0.1722737950686961,0.178619140204482
7,17,0.1283556661471297,0.5062667375407106,0.5028527072202096,0.4678413729839561,0.2036219367046933,0.08043246009390381,0.00026610970777712,0.00032834350004711996,0.1,0.1,0.9,38,0.1174510691691498,0.1351147673115248
7,18,0.11403789601811261,0.47950743527853634,0.47688325627496986,0.4453616331300301,0.13901293850755797,0.0771528912448807,0.00022541954912544998,0.00027494061701851,0.1,0.1,0.9,39,0.122359634875419,0.1455794924332453
7,19,0.10921002124268081,0.469546524760424,0.46659250402508384,0.4296564475595999,0.05573180239964884,0.07622184475850904,0.00022217777413643,0.00027147660092131,0.1,0.1,0.9,40,0.1121593033440023,0.1303826079678405
7,20,0.10259559322878838,0.45509280148667763,0.45165573589296626,0.4183423576138743,0.07794273154134179,0.076114530849866,0.00022419798255362,0.00027364831073044,0.1,0.1,0.9,41,0.0985970081184769,0.1245002267375033
7,21,0.10258178388399146,0.4550617700526689,0.45162369296482746,0.42065168569294653,0.008030493846314107,0.07611393311809869,0.00022421202451114003,0.0002736634057358,0.1,0.1,0.9,42,0.0985428130171673,0.1244945020207504
7,22,0.08496218718508543,0.4121669305753526,0.40895660348563523,0.3810908922854692,0.2210422948690664,0.07849379564157967,0.00026850159137215,0.00033085569007225,0.1,0.1,0.9,43,0.0877362081127772,0.1043474648696747
7,23,0.08225575099083264,0.40471517724667583,0.4012535965107824,0.3768896737223594,0.044676632513127756,0.0790261956487059,0.00027857076903916,0.00033955706605197,0.1,0.1,0.9,44,0.0849623854377869,0.1030182644602024
7,24,0.07812865718919629,0.39649053980483007,0.3994519431899359,0.4228971875208682,0.01266412072099525,0.07592447974773407,0.00028023128154467,0.00034146081017557,0.1,0.1,0.9,55,0.091831916570093,0.1151018909866948
7,25,0.07009603207636367,0.37154773976469896,0.37200254340859923,0.37874146894022576,0.0471582706876333,0.0760722273335209,0.00028362824809782,0.00034576109117784,0.1,0.1,0.9,58,0.0763794485946844,0.1054186292156057
7,26,0.06449052652519166,0.3531841138037541,0.3530247716340851,0.3745131184627505,0.030227375216817717,0.07649977008038447,0.00025336641838563,0.00030461017832189,0.1,0.1,0.9,62,0.0691995784532014,0.0956076092348474
7,27,0.06409459671917922,0.3518870164926667,0.35168502607835483,0.3756281367694115,0.014112993998419938,0.07632396138826072,0.00024902432783336,0.00030072410679564,0.1,0.1,0.9,63,0.0684850350586216,0.0950449937694447
7,28,0.06386733614602506,0.3512309234710462,0.35100869882050445,0.37745535630002935,0.010799286176826312,0.07595099284213966,0.00023665994773391003,0.00028687045337036,0.1,0.1,0.9,64,0.0680689298724006,0.094207533334085
7,29,0.06314648968853184,0.3494050231421226,0.35079302310109584,0.379231923522751,0.020243277083632695,0.07612137757297106,0.00023918525240547997,0.00028905923761275,0.1,0.1,0.9,65,0.067039163222043,0.0941566616352226
7,30,0.06304049834865827,0.3491319909906038,0.3505121333810397,0.381512323409669,0.00899811517624189,0.0757965498706357,0.00023346713294605998,0.00028352668550878,0.1,0.1,0.9,66,0.0671058760824644,0.0935274303755971
7,31,0.05626837507335672,0.3235389100292533,0.3223858309642431,0.3544425179033411,0.13030016686019372,0.07686707474062573,0.00029054337652165,0.00034111374673839,0.1,0.1,0.9,67,0.0733261564425597,0.0852565936112332
7,32,0.055843292261653625,0.32229172359526825,0.32276695548639006,0.3569273902221207,0.0170451110427633,0.07739557024295488,0.00029542652199528,0.00034514931999068,0.1,0.1,0.9,68,0.073756880145789,0.0803625569758842
7,33,0.05216739548190339,0.3079744673185678,0.3079735524023055,0.34366302434477286,0.07706134492002172,0.07664269252898886,0.00028833451511202,0.00034316835535342,0.1,0.1,0.9,69,0.0661060053096134,0.0759780902507214
7,34,0.05211343614168196,0.3077623807373204,0.3077544582042107,0.35116367312099417,0.009015341872330246,0.07662273536329937,0.00028801613034784,0.00034263053417830003,0.1,0.1,0.9,70,0.0662187484148269,0.0757981867334869
7,35,0.05044570326465122,0.3030266316426896,0.3045475094801467,0.35207035493274136,0.031731062398548074,0.07205988213865841,0.00028912041649748,0.00034345866187587,0.1,0.1,0.9,71,0.0655873649846866,0.0760232119850803
7,36,0.049523958825631,0.2986436561884633,0.29834785104672673,0.3411261619810877,0.025100257655149227,0.07159122854815417,0.00028204702283723997,0.00033640323326651004,0.1,0.1,0.9,72,0.0642508617968367,0.076410423529045
7,37,0.048155938601347766,0.2920748226754398,0.29321659826911867,0.34301037967524356,0.020430950366265868,0.07601899814460153,0.00028152187077997,0.00033272161116112,0.1,0.1,0.9,75,0.0614035388982318,0.0693841803375524
7,38,0.046122030491675806,0.2837409017509451,0.28294151205104473,0.3349503161511096,0.04511786309966327,0.07349856013792513,0.00025496123684867,0.00030223730360424,0.1,0.1,0.9,76,0.0526366041706205,0.0689627925192342
7,39,0.04181088570973855,0.2627596806197583,0.26292016030106835,0.3059652935119624,0.11272125037368329,0.07626887804068595,0.00029301484397395997,0.00033832270451057,0.1,0.1,0.9,77,0.0612512763026906,0.0659110049880239
7,40,0.04138782546455952,0.2609000747279351,0.26100017454429253,0.30646116488080255,0.016665780839473045,0.07576031446350323,0.00028928084029705,0.0003353493996088,0.1,0.1,0.9,78,0.0604303815070894,0.0653366183839018
7,41,0.03930798340694928,0.2525167315209193,0.25568534920375685,0.32853732692133125,0.014449849543689176,0.07455164377271453,0.00025518551111956996,0.00030749336811461,0.1,0.1,0.9,85,0.0474629387923502,0.058939285853088
7,42,0.03930798323714592,0.25251673152707316,0.2556853492099107,0.33119821409189665,0.007757672325491545,0.0745516438448264,0.00025518550984634,0.00030749336708118,0.1,0.1,0.9,86,0.0474629391134375,0.0589392855215157
7,43,0.03611898774513007,0.23543383658197292,0.2380293157106459,0.30724959469331536,0.09083585923580688,0.07495865662613524,0.00027051012832614003,0.00032413142611968003,0.1,0.1,0.9,87,0.0519004012490849,0.0561797409298514
7,44,0.028953057624291963,0.19304963129966343,0.19589579254310338,0.2621603071087828,0.21749009064240543,0.07573458484771461,0.00031292705547016997,0.00036544972553647,0.1,0.1,0.9,88,0.0484083501661954,0.0511790215733583
7,45,0.027996562710320385,0.18754888711996592,0.19021563126870303,0.25871875639372965,0.033819880400789995,0.07457369392655819,0.00029122691206202,0.00034657651891874003,0.1,0.1,0.9,89,0.04536235747467,0.0456651267991781
7,46,0.025608407033926063,0.17100735176002552,0.17311950831943265,0.2430355520425712,0.08828377225203195,0.07523839791681496,0.00027249686275552,0.00032347406504993,0.1,0.1,0.9,90,0.043933273123872,0.0432988212689073
7,47,0.025212243906899377,0.16770573164649547,0.16970480147822817,0.2522293585619197,0.024317205308486127,0.07520246846465352,0.00033725359680684,0.00040951962759091,0.1,0.1,0.9,91,0.0477468802814105,0.0440710253284926
7,48,0.02499815219279751,0.1686115315619113,0.17565838430636638,0.2692172898273791,0.009002103934256827,0.07544789947973826,0.00028106284217133,0.00033157261536425,0.1,0.1,0.9,96,0.0444860688554408,0.0424933857000372
7,49,0.024391615122896816,0.1630543181573971,0.16824097671443852,0.28572197777656205,0.011354809099793577,0.07551793491675421,0.00032611043118046,0.00039987105678529,0.1,0.1,0.9,103,0.0437815108993085,0.0443131044042839
7,50,0.02351363960381279,0.15862140860123153,0.16700694661087095,0.28473683527495575,0.035854257939114835,0.07495940297806972,0.00030240666220518,0.00035635540567484,0.1,0.1,0.9,104,0.0422376835274839,0.0369752363550847
7,51,0.023129037895302084,0.15403512932381347,0.1572538620724231,0.27393807052607994,0.019264431538847968,0.07407492365581567,0.00032538242061575,0.00037481324298149,0.1,0.1,0.9,105,0.0402494887100058,0.0389025144757366
7,52,0.022458782658939417,0.15115302537708963,0.15595493403501284,0.2699910010742343,0.02385655911523565,0.0716440910102996,0.0003396794965736,0.00038999431779816,0.1,0.1,0.9,106,0.0402080413705255,0.0352809351634402
7,53,0.021434074241765712,0.14239402384691555,0.14856755102054026,0.2676249205623634,0.05492886209904044,0.07414293334287925,0.00030725299725211004,0.00036241758102276004,0.1,0.1,0.9,107,0.039720369013783,0.0354523540732766
7,54,0.021147747875335715,0.13826763651271498,0.1426260069885007,0.26643307435005625,0.016535887246675256,0.07567490077660623,0.00031070591244827,0.00036625330750826,0.1,0.1,0.9,109,0.0396369707950318,0.036414875995438
7,55,0.020337198638873663,0.13384711163942495,0.13973653467165303,0.2690030384581273,0.019623180827186275,0.07347823169060883,0.00031947588272459996,0.00037864853512004,0.1,0.1,0.9,111,0.0370261532927966,0.0313824574080188
7,56,0.020400850637153217,0.1345953939778274,0.14384819183804035,0.2847389177882278,0.008890370695562368,0.07539236250110479,0.00029777268027889,0.00035100789739848004,0.1,0.1,0.9,115,0.0384552140320491,0.0354684618797653
7,57,0.019988248646711258,0.13194252701910705,0.14277883364838392,0.2920645474634977,0.024129978375303278,0.07527337016274357,0.00030107493422652,0.00035398633539099,0.1,0.1,0.9,116,0.0381097476283305,0.0338727563701867
7,58,0.019971434992949982,0.13157231657652912,0.1423952067415334,0.29424015862460356,0.008392401024064538,0.07561741023639279,0.00029649931055646,0.00035075904525302997,0.1,0.1,0.9,120,0.0376062917101932,0.034711045483767
7,59,0.019624283257502678,0.13226670390738327,0.1464665902800422,0.3103560338634547,0.008292475194284157,0.07261654591009639,0.00030096527593266,0.00035394132869052996,0.1,0.1,0.9,123,0.0382587207907509,0.0339485108025044
7,60,0.019882312541027722,0.13107699147417878,0.14188445515360792,0.3189197637140576,0.007911042698837406,0.07524771498732374,0.0002990747093,0.00035370375410448,0.1,0.1,0.9,128,0.0377464132132088,0.0343386923564823
7,61,0.01938749751091123,0.13077392076860894,0.14659490450980608,0.3246068670644321,0.018248502049976193,0.07286117611097785,0.00030206908522307,0.00035741256867793004,0.1,0.1,0.9,129,0.0382728825736144,0.0345895413785615
7,62,0.01879481315519611,0.12370648055827639,0.13427579024736475,0.3274806160751128,0.015622977265260891,0.07258564559859573,0.00032268932298520003,0.00037092449390996004,0.1,0.1,0.9,132,0.0356269613963986,0.0330837421121099
7,63,0.018496412498008895,0.12181336231871996,0.1339913047583034,0.3332447154861571,0.013896256381127119,0.07258564636628112,0.00032268931569459,0.00037092448671827003,0.1,0.1,0.9,134,0.0355897428295192,0.0329885556741916
7,64,0.018450246114555383,0.12259225323940995,0.13980795840616173,0.37316550760364287,0.008189030146846656,0.073643392807896,0.00031863051615371003,0.00038849775739797996,0.1,0.1,0.9,150,0.036985764180628,0.0324214731005475
7,65,0.01784048816254816,0.117692610528791,0.1347465902841779,0.37609187766760094,0.015501818286973215,0.07296499167416035,0.00032325775075598003,0.00039340029247313,0.1,0.1,0.9,153,0.0384319999262603,0.0328499949058684
7,66,0.017785095472830824,0.11939293748166296,0.1415198663068734,0.4359840930160386,0.007854042156599137,0.07286998069095638,0.00032165708077124997,0.00039355297051123,0.1,0.1,0.9,164,0.0367152757123987,0.0329645414046989
7,67,0.01756979175526294,0.11773061095114767,0.13980308736357544,0.427919131989225,0.01553778270547718,0.07253071849887868,0.00032111084708725,0.00039373936806476995,0.1,0.1,0.9,165,0.036760425245092,0.0327642955808826
7,68,0.017121717021485548,0.11507866624527759,0.1404063197200021,0.44126731410621683,0.012568032178267166,0.07265897110218919,0.00031099440718247,0.00038050700653559003,0.1,0.1,0.9,169,0.0359896612965341,0.0319802422268827
7,69,0.01705724026434314,0.11370433290629633,0.13731378926131962,0.4555601514346674,0.008196257083867908,0.07259045522994492,0.00032787340061544003,0.00039675191181589003,0.1,0.1,0.9,175,0.0376359989481515,0.0330953258297246
7,70,0.017041580248861488,0.11430796721267954,0.1396097044145324,0.46714317467223804,0.007881832938630854,0.07254307942681879,0.00032789068825163,0.00039648955375194,0.1,0.1,0.9,177,0.0376403534516531,0.0330530070321069
8,0,0.9914242858432302,0.9978487458568293,0.9977768153506973,0.9321597059943447,0.0,0.0,0.0,0.0,0.1,0.1,0.9,1,0.9457489548957796,0.9730636685874958
8,1,0.8103516870802261,0.9529280069478404,0.9510952833264357,0.8848482624660476,0.13542147500993398,0.07718415229856965,1.650159825048e-05,1.731675398643e-05,0.1,0.1,0.9,3,0.753608807639826,0.8420915682838421
8,2,0.43842391980684975,0.7990752341077532,0.7921260660370602,0.7165497369700464,0.7489624702405285,0.06665435409538166,0.00024890094393867,0.00022655477518848002,0.1,0.1,0.9,4,0.4598889008304124,0.4347088820371322
8,3,0.4300571596915928,0.7951314244091883,0.7897124095174778,0.7148862450524842,0.019181912415290783,0.06889189063054453,0.00032989206373677,0.00029681444235441,0.1,0.1,0.9,6,0.4666224894669538,0.4265997137000987
8,4,0.42858122989822284,0.7944227509554623,0.7873313034644647,0.7223883819151472,0.007591483422887587,0.06269062115846367,0.00032210777484935,0.00021664093847488,0.1,0.1,0.9,8,0.3903155897214653,0.3796328142282026
8,5,0.39381967213612984,0.772657908418824,0.7631344113397363,0.6980343419175133,0.11183782423662363,0.07191185788409891,0.00027946554894459996,0.00027160439376549,0.1,0.1,0.9,9,0.4246200472142947,0.3891142298701648
8,6,0.38017576881572507,0.7645155235809505,0.7563448092413835,0.6896811832842535,0.05560556160212692,0.08156052700348163,0.00083774467346501,0.00069501268593964,0.1,0.1,0.9,10,0.3921166354473219,0.3642160402369969
8,7,0.33591796657241785,0.7348746432921139,0.7257521075613002,0.6597715077343381,0.152237388942117,0.07409405735102458,0.00021597309815412003,0.00028652707954331997,0.1,0.1,0.9,11,0.3648573879075781,0.3103978666304205
8,8,0.32303294603208305,0.7244643964981886,0.7149317507490254,0.651446339346859,0.06316266179945622,0.08644498787819382,0.0007183923187110499,0.0009194288615992899,0.1,0.1,0.9,12,0.3922851974956891,0.3031553432674221
8,9,0.31263562681074447,0.7158528685984226,0.7060905040735587,0.643802470664137,0.040408824280454024,0.07178962323171026,0.0008389760688480199,0.0005990156160439999,0.1,0.1,0.9,13,0.3538885141072691,0.3080616048565954
8,10,0.3113159216208881,0.7148301167197735,0.70503229751482,0.6443870599939144,0.013033883750600831,0.07181059198995622,0.0007723879465358501,0.00064630268478155,0.1,0.1,0.9,14,0.3568902945746597,0.3021294895799432
8,11,0.2963084867733076,0.7034579539002634,0.6949403267509296,0.6340988247091984,0.06847320463211946,0.07681015042055794,0.00046688075653754,0.00050450032432812,0.1,0.1,0.9,15,0.3311715911910934,0.3001699494684352
8,12,0.2818687358339614,0.6918315781491349,0.6846207899321031,0.6292951723841569,0.026327864712947947,0.07196184544245968,0.00040905583095138004,0.0002641669930825,0.1,0.1,0.9,18,0.3030347654674061,0.2448199394019505
8,13,0.22659259334623186,0.6385327284548277,0.6295406442767247,0.5721513986894569,0.2654869628994557,0.07168759822985804,0.00037913763887558003,0.00026729576934515,0.1,0.1,0.9,19,0.2563629242125297,0.2112804398395496
8,14,0.21680587883699676,0.6278027745641193,0.6184460860156017,0.5621253202871711,0.06047439737075854,0.07351576532328802,0.00036084738456983997,0.00025817128652519,0.1,0.1,0.9,20,0.235484176404697,0.1933888361848243
8,15,0.21046798295846644,0.6199067566338334,0.6086135074395191,0.5542495044606052,0.04259438152765612,0.0731917340537403,0.00023364951673304,0.00032861765342062004,0.1,0.1,0.9,21,0.2520044807066715,0.2008838901775791
8,16,0.20194317517891608,0.6099181304907029,0.5982926643608802,0.5449976406613259,0.055769676957943555,0.0734795796325907,0.00026975626855194003,0.00023347614612143002,0.1,0.1,0.9,22,0.2296051422497257,0.1827271698106122
8,17,0.199639545557511,0.6078569919347508,0.5978349186012887,0.5475505014453246,0.014255473962479021,0.07338597751177364,0.00026692573039984,0.00023091962787818,0.1,0.1,0.9,24,0.2280982749597979,0.183342895837558
8,18,0.1968852032980117,0.6052101830974249,0.5967666130461053,0.54761263647319,0.02485212165208177,0.07381356136257135,0.00029089659640154,0.00034433535309419,0.1,0.1,0.9,25,0.2339747539172136,0.1880955775365802
8,19,0.14238421725284814,0.5290195474650461,0.5213679930635517,0.4671159008159782,0.1962984880791047,0.07581409440403966,0.00024278385879802,0.00026516193547157,0.1,0.1,0.9,27,0.1657622226341106,0.17657652681631
8,20,0.1361652792872317,0.5190294568180969,0.5127106108438249,0.461053602324373,0.03426559620022192,0.07720335330475894,0.00024987641439863,0.00028128422161946,0.1,0.1,0.9,29,0.1697396202194062,0.1793189180116336
8,21,0.13352043172220077,0.5121492392554816,0.5005789960920399,0.47680359179146425,0.020115347126120432,0.07769522967205583,0.00030987564707252,0.00040455306357567,0.1,0.1,0.9,31,0.1641527837303012,0.1538510537016389
8,22,0.13331918295153894,0.5118108449439719,0.5002300897175566,0.4808169908107285,0.009665798483311392,0.07746988891742976,0.00030880798991584003,0.00040330701165817,0.1,0.1,0.9,32,0.1655310817069664,0.1530517912200521
8,23,0.11008051131733237,0.4702240946771611,0.4639562722685338,0.4186802978310247,0.11421409810621569,0.0742757432223145,0.0002104178218281,0.00024346140870297998,0.1,0.1,0.9,34,0.1372069024662252,0.1405596640298674
8,24,0.10622153044532316,0.46084074331123154,0.45257473925147107,0.4129633634731721,0.05205845503406193,0.07781690483625048,0.00023703417302174998,0.00026169138390831,0.1,0.1,0.9,35,0.1281215629356126,0.1249830042527667
8,25,0.09951198966476482,0.44777103229850684,0.44074047922104564,0.3999770252310153,0.08101335245336602,0.07755059763334748,0.00024207518001054,0.00027256330872291,0.1,0.1,0.9,36,0.1279310346083426,0.1301056013213427
8,26,0.08887106244948333,0.42119240174869227,0.41494414925560424,0.37592902292533936,0.07107715441644714,0.0778791196317214,0.00023749095711692,0.00026513182017504,0.1,0.1,0.9,38,0.1155448994042117,0.1075961914553814
8,27,0.08804504214479121,0.4196330474116514,0.4150011124248246,0.3931197386613475,0.010090942499405824,0.07792450550417046,0.00029305792927457997,0.00036909328022222,0.1,0.1,0.9,44,0.1165989920716491,0.0989272736936962
8,28,0.08323247266374363,0.40813799329134204,0.40480538267561755,0.40685560321373815,0.019269407556822243,0.07510831045730541,0.00026531739805896,0.00029391495682042003,0.1,0.1,0.9,49,0.0988784345589228,0.0969729782860615
8,29,0.07396980476884854,0.38226105939174787,0.37973295830432546,0.37741900170469844,0.13712249392337722,0.07582601376826177,0.00025300212672636996,0.00028646142123691,0.1,0.1,0.9,50,0.0839335643676528,0.0867637432057536
8,30,0.07252275147780364,0.3785498084338648,0.37756876699944497,0.37439525455385625,0.018722403659623802,0.07606132011364054,0.00025250392387284997,0.00028585111386518,0.1,0.1,0.9,52,0.0833890682528774,0.0866663274878347
8,31,0.07093077802435804,0.372558908125217,0.3697005288622537,0.3859233995439995,0.034250771782040494,0.0770981810870929,0.00028249396776386,0.00033622906875734,0.1,0.1,0.9,53,0.0929340196880478,0.0766470714652159
8,32,0.06603249390646439,0.3573466824954755,0.35565019109848134,0.35337589325616303,0.08548229389485405,0.0779273080915848,0.0002520418129674,0.00029287705061653,0.1,0.1,0.9,54,0.08497757340421,0.0763372788395754
8,33,0.06437692419939924,0.3524146419018018,0.35056227401309087,0.36991039252859503,0.030418916821302513,0.075056693780483,0.00027401999488807,0.00030890718859417,0.1,0.1,0.9,55,0.0822585303377092,0.0756442980999487
8,34,0.0634234161884707,0.34913053266218497,0.3488302813007793,0.3649054697600322,0.02891309452129087,0.07806097024798048,0.00026318809357278,0.00030835658499089,0.1,0.1,0.9,56,0.0808036989198217,0.0763395225867469
8,35,0.05956731068330786,0.33571396435385253,0.33496843606528437,0.35515887291115855,0.07259053055224797,0.07710060568959001,0.000261729836097,0.00030386761060911,0.1,0.1,0.9,57,0.0759596862825577,0.0717478932993743
8,36,0.05866003031860555,0.33315219699493476,0.3339935539772036,0.351545920016731,0.013253049289333707,0.07689896558405063,0.00026172816463359,0.00030548817235383,0.1,0.1,0.9,60,0.0759986056546625,0.0723085510032179
8,37,0.058264893233970244,0.3331240806168304,0.33730865837287577,0.3713923188695214,0.011441491803215246,0.07684598892096337,0.00026027299853321,0.00030128413955774,0.1,0.1,0.9,62,0.0760499457549586,0.0722269020116045
8,38,0.05812717275432885,0.3333947865385957,0.3392612055182289,0.37618439637924905,0.00896117502753416,0.07660642354117986,0.00026011978823124997,0.00029904695274393,0.1,0.1,0.9,64,0.0754337096834203,0.0730653530121794
8,39,0.057357380767692666,0.32899816073742943,0.3313722340827023,0.372879810299916,0.015375172820717119,0.07698737326000255,0.00026197103363111,0.00030578159722549,0.1,0.1,0.9,66,0.0749302256618951,0.0708908978463419
8,40,0.05730463993874591,0.3293245383586554,0.3333794720665906,0.37244549702267715,0.009080316283325262,0.07757147288751515,0.00026822732036807,0.00030597172845934996,0.1,0.1,0.9,68,0.073736257589968,0.0689910082645078
8,41,0.05681629584229639,0.3280473567320019,0.33372983368502057,0.39022546057335544,0.01139852836377537,0.07811306818447653,0.00026127649593707,0.0003021033082378,0.1,0.1,0.9,71,0.078235866354074,0.0757026331976759
8,42,0.05651745163655635,0.32760547652633487,0.3349449640273697,0.4017858432481088,0.010908029869239801,0.0781623996504601,0.00026465801124221004,0.00030089178884021,0.1,0.1,0.9,73,0.0795794043292931,0.0736551354298905
8,43,0.055503684689944016,0.32314113631487346,0.32866101472289777,0.39016951758604324,0.026055124471849628,0.07764155837671972,0.00026655728698150004,0.00030548381701064,0.1,0.1,0.9,74,0.0719416492856502,0.0655578628555863
8,44,0.055129575151626586,0.32381811644730024,0.33437650791831913,0.4303630032001142,0.008935795041030932,0.07760581029272037,0.00027782706049142,0.00030501282460533,0.1,0.1,0.9,82,0.0720205465595494,0.064855405440641
8,45,0.05481206767630169,0.32195531555050344,0.33078032820259823,0.4214004895241339,0.010801974813823431,0.07731338614026281,0.00027908222856102,0.00030947537212028004,0.1,0.1,0.9,84,0.0716582673952162,0.0650795065734179
8,46,0.05417743303855703,0.3205560270317842,0.3326727847628562,0.4346976532638134,0.013240734551308512,0.07932412212826233,0.00023227542284594998,0.0002679436799347,0.1,0.1,0.9,87,0.0732644608433798,0.0549874651975139
8,47,0.053998621434735876,0.31969913307398184,0.3317873380991748,0.4232116903592202,0.008475277766938353,0.07881635545470511,0.00026825524635612003,0.00031705101317645,0.1,0.1,0.9,99,0.0754445805064262,0.0703210631210738
8,48,0.05387918060536094,0.31922535371612065,0.3312977199001732,0.42499826245634703,0.009342024237603322,0.07879969431695438,0.00026853667401767,0.00031871698862081003,0.1,0.1,0.9,101,0.0755379029522597,0.0703357288657113
8,49,0.0537985647525365,0.32534663317016954,0.35267181777222584,0.5576333971777236,0.00819699366279301,0.07854596245727276,0.00027163254976418996,0.00031992657983794003,0.1,0.1,0.9,141,0.0746767101289722,0.070979969543025
8,50,0.053585555346606174,0.32767956637196116,0.36177212044879536,0.6767463720592674,0.008438363250836866,0.07809733783712562,0.00027321414978507,0.00031454734498844,0.1,0.1,0.9,151,0.0661110888960264,0.0579850509189111
9,0,0.9769252708043092,0.994169765745019,0.9939747902522348,0.9280863323571887,0.0,0.0,0.0,0.0,0.1,0.1,0.9,1,1.0029733056034291,0.96131830375188
9,1,0.7849241037186122,0.9442572968622157,0.9421674207085229,0.8753526727157376,0.14416732429746282,0.06737160447079084,1.850312101574e-05,1.793243769251e-05,0.1,0.1,0.9,3,0.853123756760348,0.8452342234773026
9,2,0.4398787805859305,0.7999026503771814,0.7929806700273576,0.7174643428963241,0.7077366200112917,0.06663295849631766,0.00025679962808399,0.00024370640362181002,0.1,0.1,0.9,4,0.4477973090563041,0.4290099929329491
9,3,0.3894240408121945,0.7704345513167016,0.7642006708608204,0.6940327443231963,0.0433902043520986,0.06658068442814577,0.00023079688863125998,0.00020052064150876,0.1,0.1,0.9,8,0.3979855928738454,0.3794703550593816
9,4,0.33279948996526104,0.7317217471059347,0.7241905902844978,0.654414645038585,0.10101892566361001,0.06665791039890287,0.00025110716100800996,0.00028166566350410003,0.1,0.1,0.9,10,0.3810528137325292,0.3824123204106274
9,5,0.32473097056785877,0.7256796374432569,0.7179475605616772,0.6493551774927773,0.036055110353219476,0.06663905355293435,0.00023151916705556997,0.00024943086520373,0.1,0.1,0.9,11,0.3682053981173432,0.3659711515364123
9,6,0.29435716479136964,0.7025017492711391,0.695665174555955,0.6324028693378213,0.12395849224070003,0.0666673605096317,0.00025308812927801,0.00029118160615058,0.1,0.1,0.9,12,0.3156741146789689,0.3229620230919133
9,7,0.29290350197701753,0.701310984697005,0.694435793348288,0.6262506454028408,0.012649803058885231,0.06664324203744267,0.00023264907517221,0.00025570149566664,0.1,0.1,0.9,13,0.3123423777963331,0.3113981091088023
9,8,0.28527502494454643,0.6953377605394043,0.6899341123630358,0.6324412682627926,0.0383345321757431,0.0666547257830769,0.00026267038254576997,0.00027214700662158,0.1,0.1,0.9,14,0.2875613297344587,0.3402158399969441
9,9,0.279445084581978,0.6902862519421903,0.6847144278235519,0.62872650888412,0.031304945879416,0.06661142364447904,0.00023242668302507,0.00025571857266766,0.1,0.1,0.9,15,0.3017452998598591,0.3134484955500443
9,10,0.2777338672487075,0.6894919444757901,0.6855654022386505,0.6382820505041235,0.010562016149742764,0.06660718704526096,0.00023267713816131,0.00025889627070202,0.1,0.1,0.9,17,0.3007571141878796,0.3082563360838408
9,11,0.24111779658183216,0.6550426227239227,0.6499306995568865,0.5936979322582132,0.17985620025589777,0.0766161964154253,0.00025701285745414,0.00025616100605861,0.1,0.1,0.9,18,0.26553931976818,0.3174985868852109
9,12,0.20198412906318555,0.6121278286660841,0.6055975862507267,0.555829519134647,0.11028231538038821,0.0715265314173112,0.00026443895568953,0.0002663535157421,0.1,0.1,0.9,20,0.2147740390720868,0.2627759698286151
9,13,0.1773997697357999,0.5836056285525529,0.577764279519866,0.5249008394297199,0.039721792537346826,0.07837489003857484,0.00053304711113411,0.00044937002230890997,0.1,0.1,0.9,25,0.1624083473502279,0.201966052090244
9,14,0.16889907683732336,0.5704931717793972,0.5659084954196716,0.5244302660025832,0.060079826781909526,0.07425075761714003,0.00021202109824309,0.0001715290208101,0.1,0.1,0.9,26,0.1843261603696306,0.2098064826574319
9,15,0.1553668314700859,0.5501917786920955,0.5449041998661828,0.4927508537906392,0.11029885351254942,0.07851874145914498,0.00054843742701941,0.00045913620222201,0.1,0.1,0.9,27,0.1344565581477524,0.1686490409448272
9,16,0.14901377123135198,0.5402506171782105,0.5346319104451227,0.48240264225426854,0.056309738187948204,0.07836399764759915,0.00053900855799377,0.00043469480118955,0.1,0.1,0.9,28,0.1347395409194498,0.1501386064094959
9,17,0.14805399642442138,0.5387645228098035,0.5330991349976364,0.4828850508948606,0.014954812511619954,0.07776597610380716,0.00050604888252515,0.00040464546177647,0.1,0.1,0.9,29,0.1357136136713778,0.14490247263202
9,18,0.14730087905606892,0.5382517659809829,0.534241173754093,0.48743561822485365,0.011135007721135138,0.07776597610380716,0.00050604888252515,0.00040464546177647,0.1,0.1,0.9,31,0.134798913207576,0.1425182563289118
9,19,0.13558787382036658,0.5207154608502879,0.5177929839487924,0.47773375389405065,0.0396868505799268,0.0781786209090829,0.00035630851386303,0.00028935261664061,0.1,0.1,0.9,34,0.1372152165862108,0.1408917249362494
9,20,0.12270920432409015,0.49679687999085387,0.49475190345449377,0.45596834780820045,0.06425334303317695,0.07699386906448114,0.00029579207885484,0.00024977866400789997,0.1,0.1,0.9,36,0.1291202337803003,0.1271125402026185
9,21,0.11910513056002985,0.4899597604653675,0.48768023890111134,0.45991292270289474,0.017019663917425404,0.07830887018463933,0.00035747213573434,0.00029332613851657,0.1,0.1,0.9,40,0.1265230088398551,0.1292189238159962
9,22,0.11204498264343345,0.47525200777245324,0.47247903632794164,0.44820980232348817,0.04305807757863698,0.0787394894682096,0.00036034046798608,0.00029906410783587004,0.1,0.1,0.9,42,0.1236977357250594,0.1235284399575974
9,23,0.09959477407877251,0.44910673252114597,0.4471428653027224,0.4250122553127571,0.07220733393889082,0.07530578261128129,0.00036178412887986997,0.00030112243278121,0.1,0.1,0.9,44,0.1051788650599023,0.1122243089670983
9,24,0.0937999620771637,0.43665280469492523,0.4376160099110766,0.4281096966143512,0.021212789614362678,0.07534868720873057,0.00036482521016529,0.00030689432960901,0.1,0.1,0.9,49,0.1009703856930059,0.1077677016174533
9,25,0.09011496318379628,0.4283952739581718,0.4307584118824195,0.43626928075220994,0.050597467346691925,0.074081547440453,0.00036950311563193,0.00031027816018993,0.1,0.1,0.9,50,0.0935793686900477,0.1001078622682008
9,26,0.090157643373878,0.4276480534342236,0.42831097138866947,0.41608216996812847,0.008510125150214041,0.07516399024644785,0.0003627363983246,0.00030048749045965,0.1,0.1,0.9,51,0.099106074223924,0.0990148620475711
9,27,0.08665169162682901,0.41868421460320476,0.41904855210989594,0.4108459868839148,0.029435343351837128,0.07480942728552081,0.00036397441301424003,0.00030131945541689,0.1,0.1,0.9,53,0.0972744301237653,0.0937662012167513
9,28,0.08172974540043104,0.4054547073213382,0.40537648240877167,0.4008856251622017,0.0398886758024097,0.0748421819676503,0.00036720329609957,0.0003036855278855,0.1,0.1,0.9,55,0.0882588316333106,0.0936266734127071
9,29,0.08101819984736996,0.4041750678232332,0.40572566301885765,0.40337289221969974,0.012643097126035632,0.07493160052639483,0.00036748111545423,0.00030427247121425996,0.1,0.1,0.9,57,0.0862910062627837,0.0945648965113955
9,30,0.08012983133932168,0.40121135371757227,0.40265371813862016,0.4306873623234645,0.015952270590469633,0.07729534774446846,0.00043899398871085,0.00033699742802088004,0.1,0.1,0.9,59,0.0775108450950766,0.0849693639761902
9,31,0.07250410011815113,0.3838182002667054,0.39471765663468794,0.46927146242342677,0.017459519206403987,0.07507569219767149,0.00042918106331946,0.00034731069637984,0.1,0.1,0.9,70,0.072231503103706,0.0828753895133926
9,32,0.07250410011815113,0.3838182002667054,0.39471765663468794,0.47956652232486596,0.007863103828371625,0.07507569219767149,0.00042918106331946,0.00034731069637984,0.1,0.1,0.9,74,0.072231503103706,0.0828753895133926
9,33,0.070214875054569,0.37607032036430454,0.3850435902811536,0.4717734838278081,0.04003353637595321,0.07357323878369786,0.00044458039442606004,0.00035238371584288004,0.1,0.1,0.9,75,0.0704983150210191,0.0807463717698974
9,34,0.06997438882613928,0.3755858374535151,0.3862090178908391,0.480804317687354,0.01423530386276422,0.07537397103227275,0.00042918996016099,0.00034732131666503,0.1,0.1,0.9,76,0.0647388517353304,0.0694397131175788
9,35,0.06485626181888093,0.3570504820338268,0.3637054336118981,0.46295639185366655,0.035823437143175686,0.07636638598526725,0.00045762722256919,0.00038612950319552,0.1,0.1,0.9,79,0.064249918392378,0.0770509453930627
9,36,0.05908198102142174,0.33975817444308787,0.3508619821172152,0.47319549037922576,0.026217099089535744,0.07310101272892423,0.00044576891183629997,0.00037457239318066,0.1,0.1,0.9,84,0.0635318686416387,0.0659120732546336
9,37,0.05570217536756964,0.3257384434262821,0.33469367022431645,0.4372775124055109,0.04076753172939611,0.07495182121171959,0.00051770773067607,0.00042203465460408,0.1,0.1,0.9,86,0.0577616010671224,0.0547135382399012
9,38,0.055803472214424756,0.3262928601186525,0.33693234708610925,0.4611328356749913,0.009685887523290887,0.07689927271162895,0.00047908068559631,0.00041611264792835003,0.1,0.1,0.9,87,0.0649185392535101,0.0560703855913982
9,39,0.05456707342411895,0.3230031020373505,0.3335501283087676,0.46832435499176245,0.02095923516705493,0.07194242580293214,0.00045601338984871994,0.00038645943996853,0.1,0.1,0.9,88,0.0574120396401785,0.0596162996496256
9,40,0.05034335084137656,0.304456286746525,0.314365710606049,0.4532371320624774,0.054635328780974456,0.07736140146440339,0.00045501991878534,0.00036346310458811,0.1,0.1,0.9,90,0.0469900536170205,0.0469722874979435
9,41,0.04527496284807296,0.2845192632515903,0.29544952100646577,0.4358467147639025,0.05639951448076994,0.07236696524070495,0.00047628473744378,0.00039869130112402,0.1,0.1,0.9,92,0.0517846193206686,0.0473884862053445
9,42,0.04506245749553468,0.28244595268204653,0.291631662193051,0.4370241696711193,0.011179880723920734,0.07343062417443784,0.00046544602261804996,0.00039119644386252,0.1,0.1,0.9,94,0.0482734850808834,0.0479734540824052
9,43,0.042300642242738315,0.26936772205933257,0.27978071413146566,0.4354731715058787,0.041920341712835325,0.07545685137829586,0.0004904602794666201,0.0004067451085211,0.1,0.1,0.9,96,0.0474719625247583,0.0445661715603106
9,44,0.03446906764259812,0.22957175904330968,0.2386623363450965,0.38596304116033225,0.10360898098497223,0.0744281409987073,0.00034075409213883,0.00026183167507567003,0.1,0.1,0.9,98,0.0426074462514104,0.0463109194430877
9,45,0.03413640942356951,0.2291517454720749,0.24157244026721253,0.4059908618646209,0.009479552463878788,0.07443567540806637,0.00032949552688153,0.00025196572389196,0.1,0.1,0.9,103,0.0410077730640278,0.044494596793723
9,46,0.033993000468091714,0.22835503759984652,0.24074928666946707,0.40790831247961284,0.00959640678746819,0.07437167858099117,0.00033323375707700997,0.00025218789165222,0.1,0.1,0.9,105,0.0430581492014791,0.0462999847274986
9,47,0.03194394024064575,0.21616596261437318,0.2281510506040222,0.4084279679232151,0.037423405525255846,0.07478836512989953,0.00033487634466746,0.00025810543100636,0.1,0.1,0.9,107,0.0382759506988754,0.04343076437607
9,48,0.0318198720068089,0.21647437183513263,0.23014397600192413,0.43052744447245017,0.008000373083393917,0.07410186398915183,0.00033489544496523,0.00025853588638419,0.1,0.1,0.9,112,0.0383502164195761,0.0441217719506771
9,49,0.031685340027665286,0.21741022908195815,0.23612442532133238,0.45482582727424714,0.008618843123818717,0.07483846842218332,0.00033650661641501997,0.00025896093292509,0.1,0.1,0.9,119,0.0381396639355091,0.0434151997540253
9,50,0.03150926691148011,0.22438118422043343,0.2617213857690093,0.6931780724942651,0.007762439664764894,0.07423277083822426,0.00033908300843023,0.00026839316350396,0.1,0.1,0.9,176,0.0397734739106049,0.0453851460102587
9,51,0.03140952503921926,0.22509812703500923,0.26580553416345815,0.7265229466641898,0.008032796146253563,0.07447034242729618,0.0003384830583819,0.00026269405982949,0.1,0.1,0.9,187,0.0395498314789429,0.0450901864469696
9,52,0.031409524992640485,0.22580471754635278,0.2682076784043622,0.7293176582101546,0.007717394576335033,0.07447034242777924,0.00033848305881496,0.00026269405984197,0.1,0.1,0.9,189,0.039549831475548,0.0450901864493177
9,53,0.031235532650184375,0.22838157159769587,0.27923098699817084,0.7811081015961743,0.008202061744356422,0.07427970119232537,0.0003403848362917,0.00026186482811538,0.1,0.1,0.9,198,0.0402151033243933,0.0450039006678881
10,0,0.9754301330697159,0.993787316730512,0.9935795963706423,0.927662884988899,0.0,0.0,0.0,0.0,0.1,0.1,0.9,1,1.0085012317891673,0.9686731945652934
10,1,0.8195512254643691,0.954591868616572,0.952871202659473,0.8868709304523607,0.11575967067696029,0.060398899136234384,9.531741763947861e-06,8.520805406517817e-06,0.1,0.1,0.9,3,0.7752134476710507,0.8419878321034183
10,2,0.7261675048381188,0.9247282171811229,0.921987184036859,0.8556938625623566,0.15469064981606953,0.0666481623984145,2.5615266397289998e-05,3.601280441524e-05,0.1,0.1,0.9,4,0.6039038455689925,0.7436571773545899
10,3,0.6758253337137539,0.9064947957333825,0.9031576652352881,0.8368082688007715,0.09274937235483087,0.06271629347238748,1.2387585456649999e-05,2.27841930708e-05,0.1,0.1,0.9,5,0.5733019689324015,0.6943850972775656
10,4,0.33828102486723427,0.7349889375657555,0.7259007402845268,0.6499674587171791,0.8408828109086289,0.06666716752540566,0.00013947785357209,0.00010628506875473001,0.1,0.1,0.9,6,0.2807174189920496,0.3529236070750248
10,5,0.2609112326040439,0.6716290733078958,0.6604074027209453,0.5797892020933127,0.3175798851896255,0.07083476664042773,0.00016128294442648,0.00013293063614802002,0.1,0.1,0.9,7,0.1946958536572532,0.2723167075519346
10,6,0.24683704487539063,0.6587861663054225,0.6488066600049142,0.5695981759509126,0.040022590099902895,0.07083312642154134,0.00018223722039353,0.00014186920988316,0.1,0.1,0.9,9,0.1889633526032022,0.2586653247130137
10,7,0.24265735389383022,0.6544725237739679,0.644338621022266,0.5647693803956794,0.01834684384856497,0.07351703376813505,0.00021027408275951998,0.00017735452018016,0.1,0.1,0.9,11,0.1773400458707729,0.2343356227132113
10,8,0.23187304242229612,0.6441259216554979,0.6353230918978758,0.5568923571366331,0.03381559026780737,0.0721624935268717,0.00020165624472312,0.00016029359369005002,0.1,0.1,0.9,13,0.1730583654028711,0.2272504081354633
10,9,0.2074514109315375,0.6180412032916016,0.6083731840391732,0.5403710706814868,0.07195591062577888,0.06946264538990984,0.00026673866347518997,0.00021822360166522,0.1,0.1,0.9,15,0.1718270411634526,0.2103647892857225
10,10,0.198304240278705,0.6064195318533625,0.5963453560702929,0.5294310661356944,0.06351649976837576,0.07491855449608066,0.00023623182207821997,0.00019814582896258997,0.1,0.1,0.9,16,0.164561447405679,0.2085488121928566
10,11,0.1853715172319062,0.5905939554094467,0.5816539826019952,0.5170998168099638,0.048167649389779736,0.07756271257984049,0.00022382422531781997,0.00018993309628122002,0.1,0.1,0.9,18,0.1500993063634449,0.1825759360215247
10,12,0.18456382003192492,0.590243765287909,0.582963993362485,0.5212161486738848,0.010499841409377132,0.07756271257984049,0.00022382422531781997,0.00018993309628122002,0.1,0.1,0.9,20,0.1500452713063374,0.1811743214120504
10,13,0.18078331693462635,0.5853285341351206,0.5778912248763007,0.5075357765085999,0.019167920907645932,0.07577266957095542,0.00020505801196365998,0.00016440228896698,0.1,0.1,0.9,22,0.1497815319223472,0.1676571643649066
10,14,0.17621310084315808,0.5841309512624943,0.5866795536970374,0.5894825290068325,0.00901771545745536,0.07712182795609496,0.00021839642310522,0.00019908994668549001,0.1,0.1,0.9,50,0.1576536388094351,0.1669036541708107
10,15,0.1754097753781955,0.5829523956342048,0.5854616293578327,0.5857224037482199,0.010568763860025173,0.07711414138669076,0.00021818135061583998,0.00019859522300822,0.1,0.1,0.9,52,0.1561377793621522,0.16657723465709
10,16,0.16764074036323318,0.5714534879643794,0.5735818459747991,0.5796027331674903,0.05973826437226887,0.07605254399450803,0.00023641763828565,0.00019404103347444999,0.1,0.1,0.9,53,0.143019277742335,0.1663280810569251
10,17,0.1617101553828516,0.5641839695430902,0.5694087175469309,0.5783248769638094,0.05063617922016623,0.07704211456608075,0.00025737433423328,0.00022725280940199999,0.1,0.1,0.9,54,0.1435155587591458,0.1590549649896109
10,18,0.15980819510997396,0.5606136685989883,0.5640446048820711,0.5734888664469409,0.012758559734023598,0.07785030777944171,0.00024789446227768,0.00022121403710725,0.1,0.1,0.9,57,0.1425966864869527,0.1580220650824495
10,19,0.15711425744072466,0.5565772252234936,0.5598746998064874,0.5690255824003517,0.027324046193472704,0.07750356455624549,0.00023634939000324,0.00021110952227259002,0.1,0.1,0.9,58,0.143194645602896,0.1583893018178585
10,20,0.15644625218509045,0.5554175267723458,0.5586671649840552,0.5677118684944272,0.011704097160742074,0.08019721997317969,0.00023806213580613997,0.00021299003213839002,0.1,0.1,0.9,60,0.1435857185178475,0.1568561804037654
10,21,0.15587771093130612,0.5545475140395776,0.5577680663276119,0.5667482473815402,0.01034557167998151,0.08020178786684003,0.00023774571098997,0.00021274108435628998,0.1,0.1,0.9,62,0.143873081138533,0.1567030155155492
10,22,0.15078534967447327,0.5469511796613885,0.5499367942198596,0.5573304214079794,0.024702311055225107,0.07435692260909713,0.00026393674695081,0.00022509057345062,0.1,0.1,0.9,64,0.1414903625295711,0.1551228917200303
10,23,0.14846614792799578,0.5437072151842492,0.5482411633684914,0.5690879693415586,0.029472800628170297,0.07885142947768356,0.00030298535078677997,0.0002232334842191,0.1,0.1,0.9,65,0.139121587065597,0.1514221043950857
10,24,0.1454480956847817,0.5396142297805473,0.5456876623048385,0.570727656067524,0.019304635359697536,0.07749291076378009,0.00027241548732794,0.00023050408402187,0.1,0.1,0.9,67,0.1433177901245619,0.1448055851691072
10,25,0.14280538561873812,0.5358420854991617,0.5434550591174888,0.5733937117195355,0.030786407055172587,0.07958397821307836,0.00025038152257723,0.00020861543236783998,0.1,0.1,0.9,68,0.1314587245645744,0.1365909004595313
10,26,0.13922718381673824,0.5287454710852382,0.5327934529516518,0.5626389148990267,0.032904656038605484,0.07437140354463798,0.00033387032198615,0.0002415332021987,0.1,0.1,0.9,69,0.1388986991232998,0.1511639626000283
10,27,0.13891857931026977,0.5289478713632898,0.5346755013261176,0.5716944513852719,0.008427784073135585,0.07417495338030344,0.00033071974123178,0.00023177979585065002,0.1,0.1,0.9,72,0.1378295652836078,0.1447852004491671
10,28,0.13802668511190877,0.5274210782411848,0.5330973886590084,0.5700031208556182,0.015109623200986876,0.07425246319062061,0.00033209133905627,0.00023174264819843002,0.1,0.1,0.9,73,0.1373268048279659,0.1441527588373745
10,29,0.1376430536405263,0.5280775762464308,0.5371144086013692,0.58868026490333,0.008467744621277872,0.07556622957292791,0.00025717663200477004,0.00026942638819408,0.1,0.1,0.9,80,0.1272148669676842,0.1417425912777781
10,30,0.1372301582136584,0.527368994516582,0.5363828281348825,0.5904993607192983,0.011077327027181718,0.07421117694041421,0.00032074275285166,0.00039027508353337004,0.1,0.1,0.9,81,0.1415669238258784,0.1457333850277266
10,31,0.13374405564592223,0.5207449824986204,0.5278722349285747,0.5774092839290735,0.03530893890395559,0.07378163437044068,0.00024985683344975996,0.00021873644147574997,0.1,0.1,0.9,82,0.1199670358074083,0.1356370361649828
10,32,0.13315585256759166,0.519711793894684,0.5268046651622633,0.5810859141722833,0.01258273892807447,0.07377142275134152,0.00024690708062735997,0.00021435454723515998,0.1,0.1,0.9,83,0.126114314578451,0.136510893033032
10,33,0.13162672097409747,0.5192217281687085,0.5313186247619688,0.5929854451992563,0.019434457282418164,0.07238340756151956,0.00024737439229173,0.00021437904193276,0.1,0.1,0.9,84,0.1307843394804876,0.1391219893808364
10,34,0.13095267318456436,0.5208695367008135,0.5397103962600394,0.651453600977969,0.007713418188441866,0.0718690560935923,0.00029208465589677,0.00022810196301845,0.1,0.1,0.9,103,0.1242375694880351,0.1350799977267854
10,35,0.1309605726748475,0.520871747016971,0.5397121833643725,0.6514544035511933,0.0074984753977236016,0.0720182691619369,0.00029220506447828,0.00022822108522590998,0.1,0.1,0.9,104,0.1241191576868394,0.1348640388459778
10,36,0.13084189315846328,0.5206578850740011,0.5394911317279942,0.651217516461627,0.007959163848745282,0.07201915665136452,0.00029346739461854,0.00022930461158636,0.1,0.1,0.9,106,0.124587169290434,0.1353366025393323
10,37,0.1296630900619714,0.5178033256378723,0.5348682149135574,0.6490883249498042,0.012744940622372795,0.07222825684690146,0.00025520145316225,0.00024241304005863,0.1,0.1,0.9,108,0.1231877124707374,0.1349992949164971
10,38,0.12965140336321127,0.519196185366083,0.5396515534284807,0.6839981884019563,0.007474983560551789,0.07222828544129666,0.00025484355997543,0.00024138592535004,0.1,0.1,0.9,118,0.1230661033475398,0.1348292256696774
10,39,0.12904628573224633,0.5209141096009332,0.5481141439410762,0.7156491962831668,0.012657026837006544,0.07208542954162764,0.00039701783815898,0.00025678147900732,0.1,0.1,0.9,119,0.1242283393978926,0.141105874933716
10,40,0.12876449047571054,0.5203701493394708,0.5475507487909075,0.7343842235418798,0.008054795285103928,0.07232046897513757,0.00037325104045593,0.00027473121350025996,0.1,0.1,0.9,128,0.1234425565692534,0.1333869241755976
10,41,0.12799815749141755,0.519648199422983,0.5484754846795817,0.7439438545205451,0.018202874929212857,0.07258177480115217,0.00043616618457743,0.00027581278630287997,0.1,0.1,0.9,129,0.122830073326501,0.1369475103819767
10,42,0.12697687839198196,0.5178184765654643,0.5465865198170626,0.747391971243181,0.010492855108620589,0.07208512066446465,0.00041058466715491,0.00026957879431119,0.1,0.1,0.9,130,0.1223576071062138,0.1349366885266212
10,43,0.12570497059051072,0.5154490033901843,0.5441374022681801,0.7392994608924524,0.020898816327313458,0.07208561526426707,0.00046042352200585,0.00027769415882060997,0.1,0.1,0.9,131,0.1232069895994665,0.1418606440290064
10,44,0.12546223007069088,0.5157081392972701,0.5460773071825836,0.7471381302671963,0.007535209254665388,0.07208561527884538,0.00046263624363162,0.00027082061566889,0.1,0.1,0.9,139,0.1232223459431731,0.1356624189885795
10,45,0.12544469928287033,0.5156760801181687,0.5460442021540897,0.7471027239430812,0.007548898744566431,0.07208561523845877,0.00045534129223455,0.00027079886242046,0.1,0.1,0.9,142,0.1229491440509409,0.1355861804782285
10,46,0.12544404562464195,0.5156744077550081,0.5460424659287805,0.7471008223525109,0.007503572578781916,0.07208561522361834,0.00046010742622915003,0.00027083100849604,0.1,0.1,0.9,144,0.122792477583498,0.1356015743661948
10,47,0.12544223537132806,0.5170843026029336,0.550843355775135,0.7926478736282817,0.0075136900836548,0.07208561521848068,0.00045961421601220997,0.00027080445096029,0.1,0.1,0.9,145,0.1232171634501491,0.1355487050949498
10,48,0.12541318723362346,0.5156136689233255,0.5459795544330766,0.7496083054087439,0.007827595578355911,0.07207325373984744,0.00049407671523186,0.00027260501994229,0.1,0.1,0.9,146,0.1233729902517076,0.1357237560392234
10,49,0.1253917743203483,0.5169675606827449,0.5507218385500208,0.8014409905496329,0.009967123799868829,0.07232051356543523,0.00046264495148472,0.00027321773849531,0.1,0.1,0.9,147,0.1238315478240749,0.1361093705930479
10,50,0.12527642185853252,0.5188703617610795,0.5577040036954248,0.8383962875272528,0.007955958846820894,0.07232051356525257,0.00048497358585716,0.00027248668925934,0.1,0.1,0.9,153,0.123712859542881,0.1371861721942696
10,51,0.12527499431545683,0.5188677215466199,0.5577012705071123,0.8383933652205302,0.007531728931517008,0.07232051356525009,0.00048476851515352,0.00027249894615793003,0.1,0.1,0.9,155,0.12371608850161,0.1371864663155507
10,52,0.12511494992017547,0.5200117504609044,0.5622285402412888,0.8674890271253807,0.00754601170217336,0.07210293282708775,0.00045245528614692,0.00026198080496904003,0.1,0.1,0.9,169,0.1215784738992848,0.1378841797910101
10,53,0.1252948112879025,0.5189843065176758,0.557824824130323,0.8385324601527345,0.007523449282535859,0.07150048288055909,0.00046703031803552,0.00026396325249417003,0.1,0.1,0.9,191,0.1231301597851919,0.1351277361331338
11,0,0.9493079561768833,0.9870113535130678,0.9865769900772161,0.919075973401095,0.0,0.0,0.0,0.0,0.1,0.1,0.9,1,1.1168189175556014,0.9574996750364948
11,1,0.7913613911130442,0.9466419805161614,0.9446153696920205,0.8779402308069968,0.12271679253525547,0.07235630545427943,1.0481071838189999e-05,1.328421187217e-05,0.1,0.1,0.9,3,0.875012153369549,0.8406796266522645
11,2,0.46610511194351995,0.8142664134498413,0.8078253605789327,0.7333726033886984,0.6471564759553727,0.06664587114741904,0.00020159000545829,0.00022781943584587,0.1,0.1,0.9,4,0.4477874963518889,0.4676095203892625
11,3,0.3254323215630083,0.725484960745425,0.7160773395461382,0.6385969928568311,0.22195171500797525,0.06656274974636635,0.00013503724908146,0.00017274162017878,0.1,0.1,0.9,6,0.3540901091450144,0.359576995683466
11,4,0.3113612989640281,0.7154604960872332,0.7073711640573969,0.6305467342344941,0.03474355603271063,0.07115279973725859,0.00020849710637322003,0.00026705595414279004,0.1,0.1,0.9,8,0.3286755344711347,0.34842513547511
11,5,0.29530234404126127,0.7029758071188201,0.6944829063487953,0.6198477402525587,0.03764709772710498,0.06666666114525296,0.00023704312425977,0.00029980683087887,0.1,0.1,0.9,10,0.334567977526147,0.2708450627604346
11,6,0.28218159076275057,0.692071541436673,0.6848836421703631,0.6160002526662225,0.06126842196226689,0.0666393027375908,0.00028273141308598,0.0003756563731348,0.1,0.1,0.9,11,0.332737849844661,0.3169672600674285
11,7,0.2448636932726603,0.6576428221225447,0.6492762211698176,0.579521643351655,0.17958766404590149,0.07350859616355461,0.00042143047827763,0.00050928462921868,0.1,0.1,0.9,12,0.2626292949714872,0.2227058352659596
11,8,0.219004469959799,0.6309290966617621,0.6233405554296053,0.5474159326027866,0.07377961038824633,0.07321145973399878,0.00044259813194002,0.0005597881976295101,0.1,0.1,0.9,14,0.2177191704367446,0.2190195777649457
11,9,0.2064369851296311,0.6176820304915285,0.6080079544391722,0.5529265279886708,0.039242443586577275,0.0668183428554037,0.0002492644018091,0.00031603458374673,0.1,0.1,0.9,16,0.2399805057955677,0.1913086537639988
11,10,0.20564638736687454,0.6167601046706432,0.6070634314069946,0.5538074121247848,0.009832188835468407,0.06440287763365501,0.00024489319578172,0.00031119027171255,0.1,0.1,0.9,17,0.2402285014020858,0.1862142923650131
11,11,0.1744445221848557,0.5858656643773011,0.5767742139042557,0.5240688487594471,0.20573147323520596,0.07190366462605391,0.00045043197745078,0.00057314507681513,0.1,0.1,0.9,18,0.1950986556364409,0.1491290857087694
11,12,0.16943387463459972,0.5697108558196585,0.5601167275201655,0.5064934373022288,0.032832592624016825,0.06346484304789832,0.00023158913075551,0.00028825841960276996,0.1,0.1,0.9,19,0.1848250891028466,0.1821326071709626
11,13,0.13374478118068067,0.5136018195817355,0.5037658939485127,0.452904784312987,0.28802066503903884,0.07190366462605391,0.00045043197745078,0.00057314507681513,0.1,0.1,0.9,20,0.1361792190687256,0.1538093906498457
11,14,0.12098334492351931,0.49063696725974265,0.4817020448083455,0.4219395285665481,0.06537042586722287,0.0732039587626663,0.00042008765098506,0.0005322941596204699,0.1,0.1,0.9,22,0.1284160423922107,0.1442047503038387
11,15,0.11572897337041824,0.47885366606795404,0.4678276919272053,0.4244383238305521,0.06627125498679695,0.08012591536411733,0.00047008810385020997,0.0005920330140184299,0.1,0.1,0.9,23,0.1394604304966712,0.1452128984532023
11,16,0.105694813789216,0.45793343519453794,0.44621738542319495,0.4012973769122927,0.10811749531156173,0.07714900838284275,0.00045016898547192,0.00061029035922652,0.1,0.1,0.9,24,0.1142262099680153,0.115978280071721
11,17,0.10272638070223529,0.45282288534682796,0.44428235699027363,0.39892793697870754,0.01864317567675942,0.0777083117307921,0.00036216456623589996,0.00047353237512768,0.1,0.1,0.9,27,0.1206710544869806,0.1231106550393113
11,18,0.09705399901648204,0.4411602324785813,0.43392002222042964,0.4033823417360922,0.02679077862368792,0.07149471919372696,0.00042843335694026,0.0005454774995119601,0.1,0.1,0.9,30,0.1127500276553861,0.1212875251282025
11,19,0.08960671543496836,0.42235209079122227,0.4128118500252739,0.39665119990981806,0.051710472064108566,0.07084241716791964,0.00045441039636334,0.0005882950886268101,0.1,0.1,0.9,32,0.1078821248001543,0.1085563030130278
11,20,0.08037865410763274,0.3970767917688159,0.38833831661696117,0.36968073177051797,0.1376711175636267,0.07856887364130012,0.00043007675383595,0.00056281161500887,0.1,0.1,0.9,33,0.1012091682260399,0.1048571258177684
11,21,0.0772935544284911,0.3879796496653422,0.38225220302915597,0.36926768151822675,0.02302682927846643,0.08618766250837465,0.00045518566995887005,0.0006649106886297701,0.1,0.1,0.9,37,0.0883132613680592,0.09836842019691
11,22,0.07634853898831162,0.38464126506128204,0.37713256429623393,0.366369655305302,0.015483404651677172,0.08553531419601959,0.00045130551713296995,0.00066125205940098,0.1,0.1,0.9,39,0.0922610501548123,0.0991220271121285
11,23,0.0749824338691343,0.3810525782035416,0.3750930592258945,0.3779620517462284,0.019815483913712396,0.08632094106969466,0.00045262808264853,0.0006650464905535301,0.1,0.1,0.9,41,0.0893399704103267,0.1007579771400061
11,24,0.07467923907877132,0.38016527858065186,0.3741766167537909,0.38423557846255335,0.013486297011846133,0.08616414193590402,0.00045399481587155,0.00066475812162912,0.1,0.1,0.9,42,0.0887736966074931,0.0986779257226908
11,25,0.07467407630486567,0.38010601013276163,0.37411456800027476,0.3769163763301352,0.009712453162370365,0.08677944702537116,0.00044791229699432,0.00062363615566414,0.1,0.1,0.9,43,0.0929356378561992,0.1035362158706577
11,26,0.07238386128476305,0.373734646214057,0.36920175169675545,0.36549927533199905,0.043661488982040364,0.08632150952083709,0.00046480065512781996,0.0006835722442174,0.1,0.1,0.9,44,0.0878239086962671,0.0910350364549576
11,27,0.06964076193476496,0.36414505791598717,0.3576164717346662,0.36367602677407984,0.05323963513478681,0.08794868863303446,0.00047445886930734,0.0006048506849160699,0.1,0.1,0.9,45,0.0913757263985492,0.098616681796898
11,28,0.06769989986592194,0.35921768335882054,0.3558691475929357,0.33584832252959235,0.024494658403844616,0.08728742501412015,0.00046606067714285006,0.00064734238189347,0.1,0.1,0.9,47,0.0834240169118121,0.0924661372884834
11,29,0.06316685246456888,0.34317284366628176,0.339280532665014,0.33201074825519383,0.04907658157274916,0.08957752628160029,0.00049161446031295,0.00063126127953178,0.1,0.1,0.9,49,0.0830139584211406,0.0904403313407593
11,30,0.05194880250239313,0.3013175213617776,0.29769938373648197,0.3282940530819577,0.21751308931202779,0.08680051328131938,0.00052230242844191,0.00087572954909919,0.1,0.1,0.9,50,0.0601887823467189,0.0645532302673157
11,31,0.030733993115222243,0.17698309433559034,0.16745275870146975,0.1913359006693692,0.3167870748024081,0.10573237859125673,0.00059812424481973,0.00151247151952412,0.1,0.1,0.9,52,0.0421303059084338,0.0355851833727749
11,32,0.030121410034108113,0.17577535095670646,0.1678896478304962,0.1940744201673594,0.0152927664465877,0.10201320621211318,0.00060617103251249,0.0014898156737393601,0.1,0.1,0.9,54,0.0420564926409912,0.0357230785411256
11,33,0.0304243943561937,0.17572725711112158,0.17116371524816829,0.22754101267681145,0.013631768357693275,0.10775670783583628,0.00059904408050128,0.00151960505361151,0.1,0.1,0.9,61,0.041871892275038,0.0354481992209856
11,34,0.030824807355388523,0.17664122174341237,0.17376569920631715,0.24847013631584056,0.012909026502437703,0.11258600627400231,0.0005746860772012101,0.0014665617866399402,0.1,0.1,0.9,65,0.0416945696786292,0.0386343789967555
11,35,0.029342871505145585,0.17557130847974858,0.1743798384518519,0.24929114981297448,0.012870907526298955,0.09851377219643592,0.00058077586365067,0.00143767762425686,0.1,0.1,0.9,66,0.0415147267040918,0.0347606478756627
11,36,0.02807286577809305,0.17064277943179504,0.1676406586702798,0.2472923503013634,0.027116783010180393,0.09267588432925036,0.0005785183079086099,0.00122005395711685,0.1,0.1,0.9,67,0.0411324024415551,0.0345127741317433
11,37,0.028399835090036515,0.17020500812881229,0.16884116802786425,0.26177763106847735,0.012653237633797044,0.09662457595087603,0.00082840087011777,0.0013851012221746599,0.1,0.1,0.9,72,0.042326985166167,0.0344528114431172
11,38,0.029244350572262018,0.1645757718200177,0.16629701076814446,0.2723937530402208,0.027921086954185555,0.1124383387484332,0.00057539606385562,0.00199995906185594,0.1,0.1,0.9,75,0.0416038978971325,0.0327490072848531
11,39,0.029357759857204718,0.15856653839273363,0.1583832094217611,0.2715258535902289,0.029168979972024396,0.11798622084450235,0.00057298940994258,0.0024372153971235202,0.1,0.1,0.9,77,0.0405528666854837,0.0334513599559493
11,40,0.029056214170963747,0.15210466243444254,0.1533528957744517,0.28500213522445356,0.053064066429591446,0.12811043974016437,0.00057306886067875,0.00211935835742567,0.1,0.1,0.9,78,0.0409729807386591,0.0339697637860523
11,41,0.03496877983337404,0.15538290447814843,0.15653015236465825,0.27997765946978614,0.035751710772350544,0.08631702584444498,0.00057725793854545,0.01376063015582878,0.1,0.1,0.9,79,0.0444559144602269,0.0382541345986253
11,42,0.03728283058236627,0.15707329518867397,0.15819668549220867,0.2872452929054868,0.02692209301956798,0.10875422545306053,0.00058183522167608,0.01393807885644322,0.1,0.1,0.9,80,0.0454855971799421,0.0388866122767984
11,43,0.02351798198105898,0.14161267492217508,0.14600831270618955,0.2672147187387838,0.02738779494301561,0.08896803961732316,0.000584611512295,0.0013371254193195801,0.1,0.1,0.9,81,0.044207667094671,0.0381550739904615
11,44,1.0088382244545246,1.1245131368306454,1.1288164244877512,1.2742829219880711,1.0002836700146747,0.9576284873642675,0.00058092294555062,1.0,0.1,0.1,0.9,84,0.0407343533717249,0.0367091438651859
11,45,0.8795212057249231,0.995387216753604,1.001366403617749,1.1363346058255086,0.8694268467589282,0.8232619568351284,0.00058123815416353,0.8713243907108698,0.1,0.1,0.9,85,0.0413123115112385,0.0375333534184211
11,46,1.012867741252672,1.1277648760705625,1.1337071331666282,1.2850066407885001,1.0054143543888818,1.0,0.00058280017520046,1.0,0.1,0.1,0.9,86,0.0409912549098021,0.0372631470263826
11,47,0.5610864897498598,0.6758590902215724,0.691808452738742,0.9650229321618689,0.5495979070246738,0.6651716379484951,0.01121756802805591,0.5347165525973563,0.1,0.1,0.9,120,0.0381933514858967,0.0314281754894063
11,48,1.0047935265735497,1.1198077655437464,1.1374350658638424,1.426124821805032,0.9930672151781818,0.910968543088407,0.01555541171818316,1.0,0.1,0.1,0.9,126,0.0381714500590748,0.0317586246104931
11,49,1.0152637083201457,1.1320758967387488,1.1547776268293588,1.4596271518631128,1.0034206926827798,1.0,0.031664924973210114,1.0,0.1,0.1,0.9,133,0.0381769878535261,0.0319489722306005
11,50,0.3888545297463374,0.5061966331271942,0.5305872247270232,0.8421258568440046,0.37725829972593705,0.5796381786613262,0.019827058251048822,0.35203814571258074,0.1,0.1,0.9,135,0.0381131683847121,0.0317950291019781
11,51,0.38878350952383,0.5029845133001972,0.5272560028358481,0.8414696499478735,0.3943190615301634,0.5819576821287766,0.01982800946313362,0.35216878398125895,0.1,0.1,0.9,136,0.0380338556570068,0.0319871935750186
12,0,1.0,1.0,1.0,0.9345415811267143,0.0,0.0,0.0,0.0,0.1,0.1,0.9,1,0.9090549675105511,0.9657674463227072
12,1,1.0298814625107593,1.0316373954009659,1.0316178272013008,0.9693699708527539,0.033642612579596026,0.3219712692998059,1.371059594608746e-07,2.8605602676100003e-05,0.1,0.1,0.9,3,0.908917933990725,0.961622969995938
12,2,0.4403508112695543,0.8002007672809994,0.7932862719180943,0.7177862872813746,1.0069819962883255,0.06666472568707511,0.00026437668485658,0.0003212067234802,0.1,0.1,0.9,4,0.4474721464031034,0.4265868855446633
12,3,0.33318134285196926,0.7312694186210154,0.7220547673795928,0.6473642441843792,0.17364084248964598,0.06658744636600462,0.00014126589165498,0.0001840435855341,0.1,0.1,0.9,6,0.2999174181634417,0.3468253362159779
12,4,0.32655660488540056,0.7270404514304522,0.719356272917702,0.6459898499109752,0.018814500167344282,0.06658662878105916,0.00014091640490034,0.00018614881236782,0.1,0.1,0.9,8,0.296039463707109,0.3398221888968499
12,5,0.2813752879388761,0.6918473209083069,0.6829854219131686,0.6131548788587836,0.06590362464297275,0.06661668347423691,0.00016640076527064,0.00021010177411515002,0.1,0.1,0.9,11,0.2369551381807872,0.2565330150599064
12,6,0.25253552507444127,0.6701410862215763,0.6621998409455785,0.5922277607223243,0.07336142532447279,0.07264186802303194,0.00029490334942652,0.00037235235550892,0.1,0.1,0.9,13,0.2183778364039028,0.236804417530048
12,7,0.20598808910205457,0.6161162599414293,0.6080404399461733,0.5433828411026812,0.12765717636888413,0.07264186802303194,0.00029490334942652,0.00037235235550892,0.1,0.1,0.9,15,0.1816414861717401,0.2049977705829591
12,8,0.20103218610451598,0.6102505236378768,0.60197817728809,0.5376480774548629,0.021945276235182783,0.07428630420623535,0.00017104035482142,0.00021616052106358997,0.1,0.1,0.9,17,0.1810693046871614,0.1834092611541507
12,9,0.15051340896693263,0.5412851412632883,0.5323610751536757,0.46698446136382255,0.17832862599995652,0.0776708966301382,0.00032150329179613,0.0004061538294753,0.1,0.1,0.9,19,0.1428491159776197,0.1356507245855379
12,10,0.14942664199840064,0.5402924926507605,0.5330086831848191,0.47053291535610303,0.012129583525233356,0.07753144274620963,0.00029597412453975,0.00037393365337358,0.1,0.1,0.9,21,0.1405403120934286,0.1337044542609836
12,11,0.10609293898008831,0.4598485165564085,0.44987809079928753,0.3899506307466259,0.20284806441709263,0.07656513324117621,0.00028605218697504,0.00037250155625975003,0.1,0.1,0.9,23,0.1189727258854574,0.1189074713350943
12,12,0.1017204576241354,0.47293978422432253,0.4650853047912818,0.42519549927440053,0.016867115587395322,0.07377874140692231,0.00035868658407706003,0.0004657283181667,0.1,0.1,0.9,28,0.1079277628278744,0.1201736981070049
12,13,0.07056694714262671,0.36884145791100015,0.357506089302252,0.2947158731390427,0.40902635704446777,0.07377874140692234,0.00035868658407706003,0.0004657283181667,0.1,0.1,0.9,29,0.0873087314504039,0.0859060715965543
12,14,0.0656383488921873,0.3530793229122339,0.3428888190959567,0.2952415518492273,0.0852165231886707,0.07377874140692231,0.00035868658407706003,0.0004657283181667,0.1,0.1,0.9,30,0.0793224232963522,0.0817391203027228
12,15,0.06050074716701878,0.33614466864203035,0.3253987754871763,0.28659940602596057,0.02764536579778873,0.07107166135971074,0.00033240956175176,0.00040797507500052005,0.1,0.1,0.9,34,0.0800993078894484,0.0849896000283895
12,16,0.05722761821699802,0.32437356189201977,0.31323624373784714,0.2735747442054511,0.06421603158698332,0.07014483195630279,0.00035354143354099,0.00043608726634387994,0.1,0.1,0.9,35,0.0803970134750631,0.0719679319795111
12,17,0.05679026792273009,0.32364570376054375,0.3158213679351333,0.28556739642782913,0.019150878554378133,0.0725102724006602,0.00031609432137165997,0.00039448646153227,0.1,0.1,0.9,36,0.0818196978988531,0.0702516604042296
12,18,0.05610830740511035,0.32108840231766783,0.3131792624435503,0.2851500634894897,0.019754910155773717,0.07246490846550124,0.00030191776704973,0.00037749332569105996,0.1,0.1,0.9,37,0.0804084471038678,0.074502983006305
12,19,0.055262253511697626,0.31869731775185667,0.3123818923399515,0.2857751879453707,0.022309962815687596,0.07185600542453051,0.0003091356625973,0.00038643528111478,0.1,0.1,0.9,38,0.0782540524490574,0.0736266649546126
12,20,0.05171390365827929,0.30615687252919077,0.3044312791090618,0.3028076359415732,0.013305060766623704,0.07378789263573404,0.00027859209624826,0.00039493614120111994,0.1,0.1,0.9,51,0.0728587761139414,0.0634873588635124
12,21,0.051695325646964864,0.30678612814129325,0.30675348287996373,0.31727709288165973,0.007857156909640953,0.07379144133180375,0.00027856097037936,0.00039511095255448,0.1,0.1,0.9,55,0.0728060292080019,0.0634447219510148
12,22,0.05168458004620596,0.30674191294945535,0.3067077852719186,0.3242746839243236,0.007869861409404436,0.0737919808130128,0.00027859944078242004,0.00039513128648807004,0.1,0.1,0.9,57,0.0727604286224251,0.063480938131508
12,23,0.0507722631226374,0.30289062341411366,0.3027266214094625,0.3303244866244301,0.026667592869540388,0.07420674895661447,0.00027910054206688,0.00038534101443923,0.1,0.1,0.9,58,0.0681391822207413,0.0618632763834559
12,24,0.04947714130797414,0.29820410275285586,0.29955571025310396,0.3341669114861271,0.020833114977409087,0.0741402929820457,0.00027529514462109,0.00038005402603578,0.1,0.1,0.9,60,0.0694453803813831,0.0597436797268521
12,25,0.04893578535175313,0.2952124142250727,0.2947922918484181,0.29861801400016086,0.01880907211358612,0.07407512906919847,0.00027638047649145004,0.00037941141499009,0.1,0.1,0.9,61,0.0688537682492558,0.059168597043339
12,26,0.0473293796729223,0.28899172679580953,0.2900357818393211,0.32657708019178744,0.04137459397939647,0.07402998146090828,0.00027937614113741,0.0003754170877338,0.1,0.1,0.9,62,0.0669603941495629,0.0612766848833877
12,27,0.045501734860822984,0.28135801556146883,0.2838171726866193,0.3426137249738645,0.028119140875822717,0.07424638862444664,0.00028793657115115,0.00040241490190583005,0.1,0.1,0.9,64,0.0654665504579641,0.0592055723097311
12,28,0.04519485882603952,0.279917560401861,0.28232815240937115,0.34633852810452886,0.01486974194546656,0.07433197663005757,0.00028915866055014,0.00040604682923525,0.1,0.1,0.9,65,0.0644649492521467,0.0582788541734482
12,29,0.045028123464404705,0.2799303061189963,0.28401386220203384,0.3535576579529798,0.01109973953224153,0.07419312444191566,0.00028848929083086,0.00040113776457087,0.1,0.1,0.9,66,0.0626857964902977,0.0590875918796878
12,30,0.044654867327330316,0.27965472656221724,0.28707318872351884,0.37505861748674174,0.00983523325346114,0.07413071449403277,0.00028789349508396,0.00039913089491544994,0.1,0.1,0.9,70,0.0615416037744956,0.0587368569740315
12,31,0.04459251351171726,0.2802518870368409,0.29269466095668883,0.42405440259333216,0.008747854739955731,0.07388242901093939,0.0003134863826471,0.00080382703576317,0.1,0.1,0.9,85,0.0633320080693446,0.0634254061166525
12,32,0.04457950415434393,0.2808998138562853,0.29503619604173265,0.4295965205026931,0.008283218723181128,0.07387006154199467,0.00031332337434972,0.00080465584652247,0.1,0.1,0.9,87,0.0633513921105129,0.0632766437094281
12,33,0.04460079714690742,0.2816032508358307,0.297434197813506,0.44640733669376015,0.008225470402731071,0.07405868925507907,0.00031165186560739997,0.00081313146677132,0.1,0.1,0.9,89,0.0621558724817481,0.0622722312790692
12,34,0.04373752711953316,0.2795424045786036,0.2969878713818605,0.44918346947717097,0.01076308724102482,0.07447947589447683,0.00028268285148171,0.00038731603680007,0.1,0.1,0.9,93,0.0612425679501513,0.06097940220797
12,35,0.041444588465618964,0.26604489922967056,0.27968579929986603,0.43247813048045214,0.0380888609121514,0.07475246982923041,0.00031283595903499,0.00066538675614159,0.1,0.1,0.9,95,0.0591551906207506,0.0610791254889776
12,36,0.04006265854677477,0.2618232760273217,0.2786772644468477,0.4912834252529078,0.009408869789749866,0.07404480134410446,0.00030061457352002004,0.0003996176075483,0.1,0.1,0.9,111,0.0585611871904664,0.0585688782899526
12,37,0.04028164776314746,0.2750528674040759,0.3241050805274457,0.7199271535131282,0.008156893861163358,0.07570604596784583,0.00030587528868513,0.00057127178121588,0.1,0.1,0.9,171,0.0571226977802679,0.0585991653610944
12,38,0.04016680351780042,0.2716374963367752,0.3138877237405412,0.7344992588461818,0.009072043100292537,0.07590947664144929,0.00032113565302455,0.00054946021676986,0.1,0.1,0.9,174,0.0579118485259345,0.05969990955219
12,39,0.0400377253055006,0.27116492085693106,0.31340083124056795,0.7370414420497035,0.010150671141354567,0.07551336289295682,0.00032108490451232,0.00054422767463847,0.1,0.1,0.9,175,0.0578919433654379,0.0593116250191832
12,40,0.0400042913224488,0.2708853818711625,0.31311103389886463,0.7492105635007766,0.008844366841958749,0.07550869402860756,0.0003201587311382,0.0005750485217330601,0.1,0.1,0.9,177,0.0582244149239965,0.0600778640725532
12,41,0.03987363346878528,0.27118594571273064,0.31676181699031436,0.7479666946687914,0.01414055518576939,0.07567454807311919,0.00032993535923181997,0.0006780044858779,0.1,0.1,0.9,178,0.0579597269245152,0.0601795416998925
12,42,0.0397130361667359,0.27089412292322673,0.3164645290881824,0.7568856998870446,0.008478643763830054,0.07563058887425228,0.00033178681427591,0.00053992779219106,0.1,0.1,0.9,180,0.0581077059292998,0.0603227103024974
12,43,0.03970591714086708,0.2764177998098214,0.3355475524030227,0.804036692145397,0.008166089787776014,0.0756343108956806,0.00032032848077534,0.00056595575426884,0.1,0.1,0.9,192,0.0573590844091927,0.0599281065338453
13,0,0.9661931304314033,0.9914118460304602,0.9911246405867913,0.9250327584159813,0.0,0.0,0.0,0.0,0.1,0.1,0.9,1,1.046070543770072,0.9617619338483137
13,1,0.7955147873595075,0.9474349803727733,0.9454602902647821,0.8788995184906423,0.1288624719947185,0.06473529432495598,1.561954816654e-05,1.5384989676800002e-05,0.1,0.1,0.9,3,0.8091282110987177,0.8416109462544524
13,2,0.4337541033313008,0.7964250343075318,0.7893869136640536,0.7136149619246491,0.7412766576254542,0.06663012730891636,0.00024802533866079003,0.00023949049339869,0.1,0.1,0.9,4,0.4741325128223603,0.4315066563956182
13,3,0.32200437928261916,0.7228753314285853,0.7133812787879124,0.6380749331449391,0.18490202523563903,0.06666512331331764,0.00013572557951907,0.00013428662598138002,0.1,0.1,0.9,6,0.3306459779721291,0.3454144967745934
13,4,0.31520671940647593,0.7183464561121267,0.7103728026916181,0.6347419876509415,0.019508695273880935,0.06666273955722338,0.00013802261025381998,0.00013679455848146,0.1,0.1,0.9,8,0.3392136410190112,0.3393252633333334
13,5,0.3006207870008555,0.7075154928752615,0.700837350682724,0.62618951827293,0.036242681343696466,0.07042842636057364,0.00018700988286033,0.00018671798511749998,0.1,0.1,0.9,10,0.3030236255248474,0.3323672730166414
13,6,0.28893644945039604,0.6970205874576713,0.6883345513161974,0.6171179398671912,0.05207066887434539,0.06640467443974726,0.00013771860591198,0.00014142102277419998,0.1,0.1,0.9,11,0.3062012235620955,0.2939677524195289
13,7,0.28889553159532394,0.6969841219681172,0.6882970139534765,0.621668987762787,0.00692467625549374,0.06632054729766301,0.00014254960011653,0.00014479100989321002,0.1,0.1,0.9,12,0.309600418308102,0.2965383203208723
13,8,0.27505116397924,0.6857014272036873,0.6783080194523166,0.6188185999100824,0.06513167027616976,0.06666194287796016,0.00014428032906843,0.00013971027231788,0.1,0.1,0.9,13,0.2827709044387531,0.232708227706417
13,9,0.26538889542521177,0.6770116145333593,0.6693118372337008,0.6046066652390191,0.05169812326020237,0.07061844525398,0.00021215341424362,0.00021773713652515998,0.1,0.1,0.9,14,0.2749028653818857,0.2710976727267866
13,10,0.2441234783393435,0.656848607554521,0.6484710187872574,0.5849530948183889,0.10665312300651997,0.07211322079670907,0.0001738564115869,0.00017485013341266,0.1,0.1,0.9,15,0.2534885434929907,0.2341581773966401
13,11,0.2118586964250284,0.6229846050804216,0.6151546301041407,0.5537374694966185,0.08989879943639541,0.0699250139724877,0.00015461130525058,0.00015219342323728,0.1,0.1,0.9,17,0.2135994104224546,0.1835291136355119
13,12,0.16531891788781358,0.5639184599439659,0.555766987878779,0.4982899369173004,0.15396497454921937,0.07443231567937883,0.00025332232664263996,0.00024936075671628,0.1,0.1,0.9,19,0.167787474598297,0.1368049630347203
13,13,0.1538119071395319,0.5464518390008373,0.5377003870644216,0.4850925636549869,0.037174587239561165,0.07881065676443591,0.00029278250089898,0.0002877753127009,0.1,0.1,0.9,22,0.1300578135512076,0.131481753458549
13,14,0.1256220971433995,0.4990410360469995,0.49036907951387937,0.44179174692797146,0.12570800337119764,0.0816590425308385,0.00022237190715495002,0.0002149211444261,0.1,0.1,0.9,24,0.1141318528244604,0.1064730997328064
13,15,0.12061984332706002,0.49023501648964113,0.4829442478297089,0.43504419657399646,0.03093354649348124,0.0802555522354341,0.00025418820207681,0.00024337617519997,0.1,0.1,0.9,26,0.1044887380066655,0.1024450589216016
13,16,0.11621317522378354,0.4814299276986399,0.4738418608206661,0.4290721893278751,0.029935611262287644,0.08130737002824226,0.00023617523243605002,0.00022409940140739998,0.1,0.1,0.9,28,0.1057664192589842,0.0948344401429247
13,17,0.11185367474366244,0.47247523327666413,0.4645876343993053,0.42801952474776517,0.030060945132291524,0.08123197081966196,0.00025309721594012,0.00023384951145063,0.1,0.1,0.9,30,0.0992314211750203,0.0886637558587487
13,18,0.10951892613240177,0.46747812534289807,0.4594212194683527,0.42191718691757285,0.03297890967437086,0.08147428341958465,0.00030121754974147,0.00027484870603823,0.1,0.1,0.9,31,0.0929378212915968,0.0776629123283725
13,19,0.10540626266244009,0.4592696958817103,0.4526102494881321,0.42282553842495035,0.03004369563774268,0.08159158292685406,0.00029017364189192,0.00026341752950858,0.1,0.1,0.9,33,0.0918964339085786,0.0771666002761842
13,20,0.10466452842119299,0.45837236961368627,0.4533558702834822,0.427385404209952,0.012208492515799066,0.08137664761343137,0.00028031622034974,0.00025404073676087,0.1,0.1,0.9,35,0.0918598489088933,0.0767853367577555
13,21,0.10341828951986733,0.45680559986021707,0.45507282544623806,0.44104334112326815,0.010626621819170096,0.083264694759074,0.00032248094964588004,0.000296509464722,0.1,0.1,0.9,43,0.1026902902270644,0.0755870609938964
13,22,0.09973479001666308,0.44837565161364823,0.44636302088115026,0.45377810979923766,0.04871804236312849,0.08262886203796077,0.00032689499106683997,0.0002990000949851,0.1,0.1,0.9,44,0.0929545327123604,0.0691953741245024
13,23,0.09716447683791975,0.44362071511850365,0.44313492881897376,0.4666082028584167,0.03265989615273669,0.07847036221469891,0.0003265863825203,0.00029867958811988996,0.1,0.1,0.9,45,0.0836953223375732,0.0643116073728263
13,24,0.09751079778315855,0.4431036755326467,0.440913436119337,0.4557914147438274,0.009023473551101842,0.08230844221651523,0.00035168428515735,0.0003757682366201,0.1,0.1,0.9,48,0.0901469668497607,0.0731337331387661
13,25,0.09561230619235817,0.4399056748208155,0.4409507962503428,0.4795357248042619,0.019939130140618155,0.0830016174564522,0.00038903973724472,0.00034593895954757004,0.1,0.1,0.9,50,0.0890575301356135,0.0687707305938618
13,26,0.0955219197102504,0.43968649922786807,0.4407242923349266,0.45939915684417265,0.008917127277403797,0.08299576407180871,0.00039102472052236,0.00034687848727574,0.1,0.1,0.9,54,0.0889384858779116,0.068619292820699
13,27,0.09166490275269044,0.43000212060360926,0.4290557832670001,0.43891710377210735,0.05015591170153894,0.0797923033226703,0.0003190538803703,0.00032428582042285,0.1,0.1,0.9,55,0.0885845655097362,0.0704516577867099
13,28,0.08965269718072397,0.426756059248281,0.4307105066330954,0.4570819674854418,0.017509852429058392,0.08144318807672471,0.00034297111546045,0.00035223831430635,0.1,0.1,0.9,58,0.0791341279084321,0.0604842938190847
13,29,0.08893674468959796,0.42419435243810466,0.42639109068284325,0.45429562560764747,0.012980104600822316,0.08140466461170331,0.00035067023088812,0.00036016367301115,0.1,0.1,0.9,60,0.0790395599738971,0.0588478162038192
13,30,0.08728082536115406,0.41972630684341417,0.4217703175640315,0.48386360939726397,0.03072123324969752,0.08209468752553636,0.00040808393082779,0.00038752565267276,0.1,0.1,0.9,61,0.0790672234574617,0.0585460952905452
13,31,0.08680480775015822,0.41932009484936966,0.42302528363581177,0.4617323008984969,0.010175648864727944,0.08139908575132965,0.00035820093283692,0.00037607709410981,0.1,0.1,0.9,64,0.0769782642735386,0.0598631450924529
13,32,0.08007099944875208,0.4016883232542863,0.4064765616196378,0.4643058767896142,0.0973284784335506,0.08135985087705967,0.00038427012690652,0.00035428642123844,0.1,0.1,0.9,65,0.072340770282951,0.0685612164478679
13,33,0.07533995294069025,0.38757175387257786,0.39188123156781407,0.4517302881200187,0.017393738150736242,0.08336579472203932,0.00033354868102446997,0.00036001234256199,0.1,0.1,0.9,73,0.0691154379471527,0.0704070121746912
13,34,0.07400425488662399,0.3834850419058247,0.38765726242766224,0.4496213050920723,0.02852404787949395,0.08335689370296048,0.00035069600582921,0.00037916237096324,0.1,0.1,0.9,74,0.0726650984360712,0.0722338765998069
13,35,0.07249906957597795,0.3816103657232503,0.389085333742958,0.47640039772255566,0.011254619329015834,0.07700629442884967,0.00039377054646613004,0.00036299640019585,0.1,0.1,0.9,78,0.0686394258511803,0.0596371644216585
13,36,0.07246831830903736,0.38353928997546954,0.3960928027922653,0.5243570869503481,0.009350990913595396,0.07806816223641026,0.00037108232358256,0.00030517809190134,0.1,0.1,0.9,79,0.077239765417405,0.0621369760144042
13,37,0.07213360849400381,0.38314155199848077,0.3973526881254077,0.5149216800664813,0.010875620671035317,0.07839771437421289,0.00036787676555273,0.00030225627704329,0.1,0.1,0.9,81,0.0806112759390207,0.0621758921858274
13,38,0.07173232418589427,0.3802017932840051,0.39262708210221,0.5120438713946475,0.02170067257243435,0.08198719450108312,0.00043456118778027004,0.00041508951435849,0.1,0.1,0.9,82,0.061585363464469,0.0600314506020397
13,39,0.07111805347624393,0.37827290847783146,0.39063363645274984,0.4998511032934858,0.017984079920252197,0.08250758110462512,0.00041586399042959,0.00036128301522497,0.1,0.1,0.9,83,0.0655781656951683,0.0683497011427625
13,40,0.0705496749205231,0.37674695540295267,0.3890607490579039,0.5058523308317793,0.010770593340957604,0.08106419679241887,0.0004381477579863,0.00038324283594301,0.1,0.1,0.9,86,0.0634436255475632,0.0613271437534774
13,41,0.07047734859442971,0.3764657026849235,0.3887693057172334,0.5055378655718737,0.009254454949874431,0.08128813811653765,0.00043936839150430005,0.00038433956744936,0.1,0.1,0.9,88,0.0624744121646393,0.061267087148671
13,42,0.07045744746993295,0.3763873920856099,0.3886881536464677,0.5054500616747974,0.00862729822782379,0.08134852654564777,0.00043511517743808996,0.00038549045392819,0.1,0.1,0.9,92,0.062367012928115,0.0610369692483982
13,43,0.07044032366856526,0.37706294520672257,0.391058546267119,0.5133175331875491,0.008573070727589342,0.08106030826630015,0.00043695045463978,0.00040659249144665003,0.1,0.1,0.9,94,0.0638086903317941,0.0614641507765063
13,44,0.06959438092704226,0.3757939054517973,0.3930911950257367,0.5370010354020438,0.01498222559192317,0.08138277942453566,0.00042263348835385004,0.00036347676005204,0.1,0.1,0.9,96,0.0613860617710332,0.0601169058990051
13,45,0.06766170032918509,0.37293801687468564,0.3984976289125498,0.6548719722969653,0.010297594822393301,0.08192638794570756,0.00064487264790911,0.00033813035364146,0.1,0.1,0.9,114,0.0792920958188878,0.0590045797247599
13,46,0.06719771104157768,0.3707149021922939,0.39452841992798704,0.6591107162617896,0.015898305618201675,0.0819627820957237,0.00057957963818059,0.00033624952238954,0.1,0.1,0.9,115,0.0706819919707967,0.060201908596326
13,47,0.06705331674046765,0.370935130663094,0.39642779631233305,0.6761465605795486,0.009749238613811268,0.08202483364649053,0.00056734868056962,0.00033490806662276,0.1,0.1,0.9,117,0.0709109939655703,0.0594445268628133
13,48,0.06682051684707176,0.3701147205062062,0.3955792997172836,0.6722557475827677,0.009933333044076639,0.08224456569668108,0.00054895621696669,0.00033428337846624,0.1,0.1,0.9,120,0.0722031164490792,0.0593736131041655
13,49,0.06629663974938893,0.3652735829355533,0.3838847630989155,0.6642014091080544,0.012134549749409031,0.08237091790881232,0.00050273513253667,0.0004520811261385,0.1,0.1,0.9,123,0.0666054998203094,0.0575948332324218
13,50,0.06587409639015043,0.364486989277423,0.38474276572882965,0.6683549564852279,0.01611628345924676,0.08233191718803137,0.00065592676853785,0.00047384368729555,0.1,0.1,0.9,124,0.0644639355215281,0.0608643075117666
13,51,0.06558548157673727,0.3649564979473292,0.3885722568451863,0.6907590416143415,0.009840809412068982,0.08231639716483644,0.00067644720383523,0.00045889748797542997,0.1,0.1,0.9,128,0.0639322834197203,0.0608391233616403
13,52,0.065047564663067,0.36233634347575516,0.3841913394960048,0.6976020555392525,0.011900710787861962,0.08262444416201026,0.00065365993020775,0.00046756958864050004,0.1,0.1,0.9,131,0.0636485034550509,0.0604940796013152
13,53,0.064739862181307,0.3659111327826346,0.401246947968255,0.7701576999905503,0.009748846877938434,0.0824742091289864,0.00057016740493165,0.00096302723651982,0.1,0.1,0.9,152,0.0667503225787845,0.0585413150138005
13,54,0.06469463855804192,0.3657503674992236,0.4010807404110521,0.7699794810348154,0.009567958827894381,0.08247433033247036,0.00057336671780625,0.0009649473847526501,0.1,0.1,0.9,154,0.0669145242140028,0.0590074070605314
13,55,0.06464315752525897,0.3677578896951603,0.408172051109883,0.8278588418688564,0.009187792250941386,0.08235016679633991,0.00059624024479069,0.00094647923759305,0.1,0.1,0.9,164,0.0657431274567636,0.0586395553334982
13,56,0.06438710643998599,0.36851188414584757,0.4122981679997933,0.8581811623546522,0.009330293327678785,0.08255267997686523,0.00057302358440515,0.0008249061570703899,0.1,0.1,0.9,174,0.066752365180595,0.0573299027103526
13,57,0.06439584392826432,0.368520776526063,0.4123070700839102,0.8893623870864836,0.009063748101581833,0.08257342354991773,0.0005901051039853301,0.0008304160758862599,0.1,0.1,0.9,182,0.0670758283981665,0.0579859857196088
13,58,0.06439560323028522,0.36851971333012873,0.41230596679696513,0.895602670905723,0.00906646529592724,0.08257339874020338,0.00059036060884388,0.00083047896077639,0.1,0.1,0.9,184,0.0670772296871362,0.0579813438673275
13,59,0.06436844883060537,0.368478415727391,0.41226400028978843,0.9018008843727229,0.009140881358036018,0.08237022132894758,0.00058229900431173,0.0008302980306973899,0.1,0.1,0.9,185,0.0660991922838254,0.0584499392165413
13,60,0.0642192166859459,0.367757851473447,0.41151656404559833,0.8947524920660587,0.013021589004823742,0.08249761814645637,0.00059247136590354,0.0009072554224815,0.1,0.1,0.9,186,0.0662592105036705,0.0584178893118785
14,0,0.9679279842414343,0.9918597184950131,0.9915874891489633,0.9255286434844993,0.0,0.0,0.0,0.0,0.1,0.1,0.9,1,1.0384249968706845,0.9645767992487472
14,1,0.7908052199304855,0.9469317526822421,0.944891986526093,0.8781877490725178,0.13610919618543751,0.0791154499896102,1.742022990444e-05,2.024548545636e-05,0.1,0.1,0.9,3,0.8329586169063633,0.843960761681024
14,2,0.4263646413513911,0.792163020227842,0.7849827444052447,0.7088971880839258,0.7524500951516355,0.06664167508854832,0.00024416978879332,0.00022722901206226,0.1,0.1,0.9,4,0.5057610633953823,0.432995200271305
14,3,0.31883506030509334,0.7204522570055213,0.7108763079284177,0.6330221364547911,0.18055542458435458,0.06666775018468692,0.00012903906790332002,0.00016354611616239,0.1,0.1,0.9,6,0.3832235827902521,0.3612431931674074
14,4,0.3025502154695395,0.7083825312138299,0.7000602067073217,0.6236585874512897,0.03931258817850783,0.07039770105605817,0.00018241773252687999,0.00023119906365313001,0.1,0.1,0.9,8,0.3607115558050052,0.3490453457887365
14,5,0.29477638731081546,0.7027173846767112,0.6958752670425614,0.6217715440658724,0.022959313228932555,0.07096437869649166,0.00019234988643618002,0.00024470961887457,0.1,0.1,0.9,10,0.3709884181930131,0.3412101497912867
14,6,0.29140533155192816,0.6998814423899411,0.6929476072164474,0.6228908979980392,0.013890660453242271,0.07022280778696055,0.00018780740903343,0.00022400404565787001,0.1,0.1,0.9,12,0.3480202785087626,0.3317594253266618
14,7,0.27052186274483897,0.6810939350139553,0.6718683013509986,0.6029167467109539,0.09414095497086068,0.06666384101437466,0.00016854893039668,0.0003419532612668,0.1,0.1,0.9,13,0.3419313324747313,0.2596644444235709
14,8,0.2416651530663388,0.6547855344417934,0.646325283682679,0.5776963717389865,0.07638160430314073,0.07207246274323037,0.00028506927461823,0.00062175573230293,0.1,0.1,0.9,15,0.3030531007337091,0.2196375237095804
14,9,0.23313720197593973,0.6458732425865564,0.6371373368448742,0.576008092097831,0.026653213421788953,0.06649070458393416,0.00017491375171968,0.00051068749280898,0.1,0.1,0.9,17,0.2777101534309658,0.2029540403103188
14,10,0.22834167607439268,0.640782225249895,0.6318581673480081,0.5676031364740773,0.03487958124214918,0.07211009396369567,0.00025995976908424,0.00047261206069207,0.1,0.1,0.9,18,0.2903070000244187,0.1976773066460894
14,11,0.210925590999583,0.6232802293387858,0.6154322004616172,0.5553502153381485,0.10309007921338877,0.07143176671920119,0.00030695147703856,0.00089619185845406,0.1,0.1,0.9,19,0.2450885157364779,0.1741969174976297
14,12,0.1949785512032002,0.6036010970754054,0.5967669349368944,0.5380834179296992,0.05411806192124123,0.07143176671920119,0.00030695147703856,0.00089619185845406,0.1,0.1,0.9,21,0.2376410601215749,0.1958080672452511
14,13,0.17569864122580775,0.5785048401873654,0.5691619294857341,0.5097797779120347,0.1290907254122876,0.07371462912701035,0.00031166131126826,0.0005643859425495401,0.1,0.1,0.9,22,0.2223998682152026,0.1487149062127783
14,14,0.15970779587207792,0.5555728031296407,0.5471354516150628,0.489026540811285,0.06326146541245005,0.07375370307022801,0.0003069226485663,0.0005456241344478699,0.1,0.1,0.9,24,0.201334662124521,0.1458582706234208
14,15,0.15830118528298354,0.5541928042841798,0.5473828981143385,0.4944266254302877,0.01278660985393399,0.07324155641261135,0.00031272881060750003,0.0005467013835367301,0.1,0.1,0.9,26,0.204533765111542,0.1452895482340086
14,16,0.15777380113249387,0.5529940280798469,0.5461174925983776,0.49513703161818085,0.013490358782886765,0.08053931462055533,0.00048677838627817995,0.00059889966034304,0.1,0.1,0.9,28,0.1843289848507553,0.1471362386453256
14,17,0.1512758443391968,0.5431722214953599,0.5359817949677933,0.48642437718835835,0.05370084706613177,0.07690440464452927,0.00039920780235097,0.00052928639027103,0.1,0.1,0.9,29,0.1948066822703233,0.1293737090947186
14,18,0.14717886637625757,0.5374605066637207,0.5317576459417209,0.4851918668703817,0.02308902520635637,0.07499594350470365,0.00039431134521474,0.00052103178738578,0.1,0.1,0.9,31,0.183733231909959,0.1238060778952209
14,19,0.13366522645710674,0.5138917322755867,0.5057264451860214,0.4620453351322599,0.11936559654349112,0.07622514403880841,0.00032557769127606,0.00047215339246862,0.1,0.1,0.9,32,0.1756873318491903,0.1156808875971068
14,20,0.1322411999072827,0.5120356143961825,0.5054786923349155,0.465201724156163,0.014450619682237785,0.0766271593577683,0.0003291552768243,0.00047644112533161003,0.1,0.1,0.9,34,0.168807709838297,0.1162857333755474
14,21,0.13128392151569845,0.5111898420709938,0.5062826065240658,0.46959315695360254,0.011317528196531755,0.07490950532282656,0.00032765191980604,0.00046707372002326,0.1,0.1,0.9,36,0.1774679952643933,0.1155930296301894
14,22,0.1309548715155292,0.5106223671025115,0.5056985684023912,0.47800816069594315,0.008619098057326238,0.07342953556238171,0.00034194875285552,0.00054998479958503,0.1,0.1,0.9,39,0.1718312658806195,0.1161747542401819
14,23,0.1306952320523552,0.5098915761779614,0.5049323752404823,0.4820633952601941,0.0107689516458359,0.07655137154930643,0.00034449438830385,0.00056731821286103,0.1,0.1,0.9,41,0.1652369936564775,0.1267064751428219
14,24,0.1284615821103762,0.5041946795761727,0.49569231263892627,0.47729447670483593,0.03053502366500011,0.07906914713723309,0.00032267726307645,0.00058266535007595,0.1,0.1,0.9,42,0.1677500048047076,0.1144049976799525
14,25,0.12783770472967534,0.5037472383802424,0.4969018235215084,0.4914669049084976,0.011251762875344342,0.07906914713723309,0.00032267726307645,0.00058266535007595,0.1,0.1,0.9,44,0.1691590009253683,0.1103104852627286
14,26,0.12752122632843954,0.5030920008046837,0.4962219354113668,0.49751605072991817,0.009260430887990707,0.07980311130207522,0.00031934694661728,0.00059251701250365,0.1,0.1,0.9,49,0.1678048243371411,0.1108254748245717
14,27,0.12020127977907163,0.49238882437219333,0.4918628193611967,0.4963252715860994,0.07166747119148947,0.07576673426131737,0.00034340829900764,0.00056475468479324,0.1,0.1,0.9,50,0.1522832427422205,0.1191192169569098
14,28,0.10393737353242531,0.4582791259432586,0.4549537380294735,0.456946853670923,0.16782459078952816,0.07150828265806566,0.00043737119666463996,0.00059181648276708,0.1,0.1,0.9,51,0.1198714224654506,0.114581789556841
14,29,1.011869300618705,1.361110056856157,1.3574788043579342,1.365922290079562,0.9640661830563223,0.1966207888034936,0.00042623616288731006,1.0,0.1,0.1,0.9,52,0.1164132348736235,0.1098410663729444
14,30,1.0109699412865674,1.3581755937336815,1.3544246875749915,1.360236147916325,0.9376994578017123,0.20304519873846347,0.00043998388753256,1.0,0.1,0.1,0.9,53,0.1176273227985349,0.1122785003505237
14,31,0.08995780617845436,0.42695028939994994,0.42758572659622707,0.46775075096577673,0.022457362336579495,0.07133996982275953,0.00048445695451423,0.00084976009962528,0.1,0.1,0.9,60,0.115263292845794,0.1066298316903353
14,32,0.10559445833645688,0.43899619179364036,0.43943481467009354,0.48165239316419506,0.040152470184586155,0.1488788088214677,0.00048396688708017,0.01215862513820244,0.1,0.1,0.9,62,0.1129587203871788,0.1009187748343931
14,33,0.08739685616133078,0.42099213316142037,0.4230984372973899,0.4827417272358083,0.009011920529923683,0.07192186827202161,0.00050094631936093,0.00084407287374147,0.1,0.1,0.9,66,0.1136150601041764,0.1039532006200027
14,34,0.08347762511882006,0.4112010755602676,0.4113341471551437,0.47276808103380624,0.02735931431764466,0.06512002208966641,0.0005009274173896001,0.00073277186430964,0.1,0.1,0.9,68,0.1001682609812806,0.1047966325675618
14,35,0.08341620572770128,0.41177893919362235,0.4136039920790654,0.47728952624643833,0.007372145195543315,0.06491166976193705,0.0004930745990366001,0.0007325912792067,0.1,0.1,0.9,71,0.0991237498886491,0.1048920505841528
14,36,0.08217670304885652,0.4063919687524361,0.4129738807016753,0.5635640965920553,0.010408726149483379,0.08863494831374492,0.00042703296877309,0.0007217925604192,0.1,0.1,0.9,127,0.1027241550435641,0.0747923096852291
14,37,0.08134078888277028,0.4035096896302575,0.4083264763641922,0.5529703570163965,0.019537158018147767,0.08752782785900368,0.00043655900883565995,0.00073814313649505,0.1,0.1,0.9,128,0.1001209221981118,0.0725357094290015
14,38,0.07694278803368318,0.393044481056894,0.39754999119666096,0.5574724376381931,0.030913361060298433,0.07842999982161246,0.00034448809050982,0.00047416917466334003,0.1,0.1,0.9,130,0.095042486374026,0.0763081150026538
14,39,0.0766690237993657,0.3932964964430244,0.39948837575167756,0.564971532345827,0.00945697647877335,0.07684861611461877,0.00033698337719408,0.00045085922776413,0.1,0.1,0.9,131,0.0930374533673255,0.0743257905782538
14,40,0.07671186996995966,0.3924034738189222,0.3968881627155586,0.5567647006546733,0.009972883111169336,0.07824555165949894,0.00034219119808763,0.00047458698758555,0.1,0.1,0.9,132,0.0948500838838109,0.0752398929486264
14,41,0.07647159189463616,0.3933612109523058,0.4012260932266355,0.5780556496185204,0.008948257257919963,0.07703288235837988,0.00033321652324661,0.00046694939369722,0.1,0.1,0.9,134,0.0932517066320245,0.0778496484347082
14,42,0.07566255934710944,0.39041445296764493,0.39817128362758086,0.5751061879184002,0.016277087456158603,0.07912612447988931,0.00038905204666605,0.0005444305097236999,0.1,0.1,0.9,136,0.0948512736654148,0.0793941044189231
14,43,0.07521694621245807,0.3891272883199458,0.3968417698998942,0.5736832613698892,0.009956241338855682,0.07900041171193768,0.00038303996480519,0.00053601734027745,0.1,0.1,0.9,140,0.0942559753402921,0.0789028473958774
14,44,0.07508063922635659,0.38871475080154766,0.39641535638852493,0.5732262344768053,0.010436003917857728,0.07917809161822513,0.00037385677590749,0.00052001849799279,0.1,0.1,0.9,141,0.0938318894144297,0.0752674463027365
14,45,0.07479066405957363,0.389827209301883,0.40257849124961453,0.6478266139526176,0.008655110027306939,0.0791152094554752,0.00043519419171050004,0.000596645688892,0.1,0.1,0.9,173,0.1031738846702704,0.0768262412991649
14,46,0.07472667233693611,0.38971729094419805,0.4024662731898175,0.6677670432752355,0.008562133594606145,0.07937752628613051,0.00040324880241108,0.00052537169657262,0.1,0.1,0.9,176,0.0919817315075358,0.0755165973109971
15,0,0.9743392209566073,0.9935079409168025,0.9932908682465075,0.9262690071749394,0.0,0.0,0.0,0.0,0.1,0.1,0.9,1,1.0144491988535391,0.9593592859345252
15,1,0.9254291232866146,0.9844403030583673,0.983746558060252,0.9182517370361518,0.03975208350267837,0.05182022399321703,3.9908412584103785e-06,4.797139410495789e-06,0.1,0.1,0.9,3,0.9885660571899156,0.8725770669904476
15,2,0.5050732478627137,0.8341785322925006,0.8284058814816816,0.755426330450123,0.7434365678254788,0.06664825114639508,0.00014661180169159,0.00014781027214769,0.1,0.1,0.9,4,0.4971406828578997,0.5193250564698716
15,3,0.3215563680627492,0.7225315364366685,0.7130263580161401,0.6376961714602782,0.2774646793361944,0.0666388640763381,0.00013779619262007,0.00012448118747589,0.1,0.1,0.9,6,0.3303268771588165,0.3453875316403778
15,4,0.30242908930741136,0.70828073914734,0.6999560444605997,0.6251778322576282,0.04458860403532769,0.07055835887271188,0.00019600371163994997,0.00017756266626259,0.1,0.1,0.9,8,0.3023396198824768,0.3319577149000425
15,5,0.2738666186071385,0.6840195613893025,0.6748715827358143,0.6043549236183127,0.06729370549388136,0.074578999627573,0.00014960240501664,0.00013534759746265,0.1,0.1,0.9,10,0.3011165746608183,0.2707512609746553
15,6,0.25518635375075693,0.6674688200962302,0.6594311772024526,0.5916979201643413,0.05028610422410722,0.07648670027685046,0.00020987452515917,0.00018935435108264,0.1,0.1,0.9,12,0.2712992490848951,0.2624588381033872
15,7,0.25395412614160806,0.6669899825445759,0.6606082518096831,0.6004410330679466,0.010707539498853088,0.07648670027685046,0.00020987452515917,0.00018935435108264,0.1,0.1,0.9,14,0.2712476474418552,0.2548911377073931
15,8,0.2467757076775973,0.6601304495288788,0.6535477355129711,0.5859678563356251,0.036871851968799246,0.06664182390928358,0.00025751786569043,0.00033351661248002,0.1,0.1,0.9,15,0.2703390489149815,0.2653181990937717
15,9,0.19497600486876915,0.6034710765280605,0.5966325161265857,0.527371189635652,0.14912524475887934,0.0735225736815805,0.00049780566247683,0.00064471821315196,0.1,0.1,0.9,17,0.2396933558487197,0.2065487972246405
15,10,0.18648519130764318,0.5936509794021276,0.5881808974434062,0.5250131144744423,0.03095781247182249,0.07005952914975164,0.00026334330337937,0.00022782494795289002,0.1,0.1,0.9,19,0.2104848471289795,0.2101276809598271
15,11,0.1713126978051795,0.5730522030725058,0.5668701698130838,0.49874877633447856,0.11119520048760168,0.07351107865456549,0.00046844648697878,0.00059126520084283,0.1,0.1,0.9,20,0.2000355209466066,0.1679233831266065
15,12,0.11447698149682257,0.47771729895510945,0.4683500350196618,0.4020494234951245,0.46982463941900976,0.07281610759772456,0.00046147799633420997,0.00058221483153676,0.1,0.1,0.9,21,0.1342805480166351,0.1040424423221059
15,13,0.11309165242596873,0.4762688957041445,0.47019623478808603,0.41082077413176715,0.010674114124518498,0.07248426107391544,0.00050444390186836,0.00064087345542582,0.1,0.1,0.9,26,0.1341236239858611,0.1007452945198567
15,14,0.1104803583317933,0.47207268170808425,0.46754583538994754,0.43299298417920984,0.00965363814676879,0.07092551344352374,0.0003427469253285,0.0003599715836487,0.1,0.1,0.9,36,0.1312303936887217,0.1432713081056893
15,15,0.10341131334435827,0.4570458322679888,0.452024753825161,0.4228789241443489,0.04289463810231219,0.06989073615798198,0.00023739620557728,0.00021283828385124,0.1,0.1,0.9,38,0.1193218801544636,0.1091296494837459
15,16,0.09172427229200057,0.42976907500059086,0.42549366256698457,0.4048159093424238,0.1454977826870987,0.07342074803182892,0.00028946346147375,0.00028560930626331,0.1,0.1,0.9,39,0.1171251133628473,0.1033126285334607
15,17,0.08534499268698541,0.413931171660808,0.40913610554889324,0.38092278699826254,0.082850092893417,0.07020746170888606,0.00031945293546888,0.00030893940518094,0.1,0.1,0.9,40,0.0984761655864714,0.0955952843368409
15,18,0.08429093999537708,0.4117958313298106,0.40860129036994314,0.39337728331486016,0.01411656787342587,0.07020746170888606,0.00031945293546888,0.00030893940518094,0.1,0.1,0.9,42,0.1023544777591205,0.0946679297491689
15,19,0.08360961144352536,0.41076512759415523,0.40920995563698154,0.39378037315317505,0.009300520989137827,0.06948924578118468,0.00031239599347414,0.00032604040892009,0.1,0.1,0.9,46,0.104900513267146,0.0910027243755511
15,20,0.06558820909102683,0.35639409581146275,0.3513497640194107,0.3389501125013603,0.267364695351338,0.06929467136165715,0.00030813846180177,0.00031996348232125004,0.1,0.1,0.9,47,0.0814596883922609,0.074777513861749
15,21,0.04890120796420063,0.29351089023979476,0.2880239243498606,0.282340186464618,0.16265937731646668,0.07189594932974938,0.00039838762862209003,0.00041432617407612,0.1,0.1,0.9,49,0.0600700860712907,0.0586959226106571
15,22,0.048896063554260814,0.29398506744500896,0.2901837200935355,0.289060592296677,0.008389841051002041,0.07255308910611544,0.00039606682715260003,0.00041344367472238,0.1,0.1,0.9,51,0.0603519390397665,0.0587801343610946
15,23,0.04867075028616631,0.29372552400824475,0.29158741603427163,0.2950163940768319,0.010007130360423546,0.0725468209979257,0.0003978541546475,0.00041415052945140997,0.1,0.1,0.9,53,0.0595099668331623,0.0591319938477743
15,24,0.04786599526984435,0.29023214077833637,0.2879768918728378,0.29851245890175604,0.013361827581840536,0.07267151159764497,0.0003981302370519,0.00041116733292306,0.1,0.1,0.9,56,0.0607672704347566,0.0581109756273
15,25,0.04175716782466424,0.26226355428290776,0.2590738686925051,0.2771987001121596,0.14311488500265168,0.07230115340012538,0.00040684454370110997,0.00042511791235731006,0.1,0.1,0.9,57,0.0556925013060706,0.0479548426499654
15,26,0.03944923130238081,0.25157552313035114,0.24970083244826732,0.2743425303485985,0.03523677539010718,0.07213755416617298,0.00040636088110119,0.00042798172799567,0.1,0.1,0.9,59,0.0533130047674613,0.0480413920214686
15,27,0.03924158171272426,0.2533849118072034,0.2582587445216309,0.3317391826817049,0.007901523405631761,0.07226987433324897,0.00036670240805772,0.0004071451632216,0.1,0.1,0.9,77,0.0549397536206318,0.0450604345203506
15,28,0.03852332681216591,0.25050591087650553,0.2586224568534268,0.37164825619564623,0.01016740492787358,0.07338636883344907,0.00041066184520154004,0.00043995269596595004,0.1,0.1,0.9,86,0.0532146366016229,0.0513873226303971
15,29,0.03605409875982493,0.23659877975299684,0.24257770106287818,0.354579155343577,0.07200990927761507,0.07323152543219671,0.00043883883847853,0.00047612807004284,0.1,0.1,0.9,87,0.052511718762196,0.0474733670990327
15,30,0.03506441263944659,0.23190147182844464,0.2393956806177282,0.35668946610105384,0.02085318456657179,0.07314680400468185,0.00044051398449231,0.00047100957586166,0.1,0.1,0.9,89,0.0513166796274423,0.0468632219689501
15,31,0.035062496944929016,0.23182160836614038,0.23931240563015366,0.3458569639567371,0.008456053815575248,0.07285120893255256,0.00045015704056858996,0.00052739661138739,0.1,0.1,0.9,90,0.0498324533205406,0.0453553105369804
15,32,0.03380949186039163,0.2261486005937838,0.23679395061980907,0.3896574976429114,0.014603837929400555,0.07321607901295993,0.00044227916967248,0.00047456149826452,0.1,0.1,0.9,95,0.0489683979656402,0.0473819717599942
15,33,0.03301783490695121,0.22548233546492097,0.2461347269528933,0.45967302281374356,0.008787260166956566,0.07330793288059566,0.0004317969199627,0.00053972433224316,0.1,0.1,0.9,121,0.0500912618921283,0.0443848578784912
15,34,0.03277855917921443,0.22542820151746018,0.24942219342867472,0.49548432123773234,0.009308633060767029,0.07318357463200212,0.00042073057542186,0.00056928006918888,0.1,0.1,0.9,126,0.0507560999249356,0.0427041452413216
15,35,0.032615331695886464,0.2273274014849974,0.2564057431642714,0.5747263641349304,0.00773737274966636,0.0728845969079653,0.00039893196531067,0.00043665609966669005,0.1,0.1,0.9,147,0.0504354569616771,0.0370675900450696
15,36,0.03244270963114883,0.22608344761916294,0.25511862291053883,0.5809440255184766,0.009339168846552483,0.07270323010767821,0.00041562336433485997,0.00050713392441205,0.1,0.1,0.9,151,0.0517743038042977,0.0360194066938838
15,37,0.031618314113125136,0.2241847797110295,0.25984549148163394,0.624380091508533,0.010253340973754375,0.07283611818172843,0.00042647960013672,0.00044714031199059997,0.1,0.1,0.9,160,0.0478436293303186,0.0380436565434797
15,38,0.03148803132210849,0.22404884393130084,0.26137655689264555,0.6329102870593191,0.009810250479349511,0.07283987627748993,0.00042617443108414,0.00045919166554036,0.1,0.1,0.9,162,0.048387587565836,0.0379884290218831
15,39,0.031219899498352573,0.2230823413324936,0.26204936350761215,0.6583797922433821,0.00937897485594617,0.07282349509166385,0.00042770357565729,0.00047077608318173,0.1,0.1,0.9,167,0.0491305505469925,0.0379066400315605
15,40,0.030930797842115564,0.22073629479301682,0.2579537667254071,0.6609748295587147,0.008842719266597122,0.07283586416512257,0.00042595912369156,0.00044219898668596,0.1,0.1,0.9,174,0.0500697138529466,0.0366232607772947
15,41,0.0307608027413015,0.221030938406721,0.261601629721991,0.6888391803557669,0.009569651370459873,0.07283509351780146,0.00041858969636964004,0.00045925304313098003,0.1,0.1,0.9,177,0.0490071319674724,0.0369452282087169
15,42,0.0307591851304692,0.2224166681979995,0.2663774324323885,0.7142053752889161,0.007767618324202395,0.07288473762509515,0.0004260737679231,0.00045678579266732,0.1,0.1,0.9,183,0.0504538909680453,0.0364425849278638
16,0,0.9608882609455871,0.9893309749264951,0.9873022789221751,0.9267648059273204,0.0,0.0,0.0,0.0,0.1,0.1,0.9,1,1.0682201601225214,0.9601287260699384
16,1,0.7979483044121018,0.948410992110098,0.946458661878312,0.8799472922785302,0.12421400697512339,0.06785563626024006,9.142351248304254e-06,1.035039932994e-05,0.1,0.1,0.9,3,0.8687799923480802,0.8422601898575053
16,2,0.4329712209038048,0.7959866588353685,0.7889331776010445,0.713127578056569,0.7467738178715957,0.06664806869476422,0.00027248401963564,0.00025841340351399997,0.1,0.1,0.9,4,0.4803151411292434,0.4251620843705524
16,3,0.4302016006164929,0.7951028740264872,0.7896918357009415,0.7157284983180188,0.010776741428287129,0.0666684962017882,0.00026015150266893,0.00025556482464801,0.1,0.1,0.9,6,0.4766141184018251,0.4263258724148528
16,4,0.3907514670478217,0.7715439927006065,0.765322809077345,0.6943861790299196,0.06633947292760255,0.07322678561528026,0.0002868914965927,0.00026695583067138,0.1,0.1,0.9,8,0.3941179935955531,0.3553580862269442
16,5,0.3847696398383231,0.7683474366208586,0.7636991961085995,0.6944339339561729,0.0162477428753475,0.07098672842743926,0.00026330387871390003,0.00025655583323646,0.1,0.1,0.9,10,0.4390134576346846,0.4070218788881032
16,6,0.38177725636437676,0.7673173629616503,0.7642886631755046,0.6970287235776528,0.013416986483754396,0.07576346103220384,0.00032773616645051,0.00031462665822451,0.1,0.1,0.9,12,0.3875541674528173,0.3545766245778343
16,7,0.3398992835866035,0.7378368096527087,0.7321644864159013,0.672943924022623,0.1452890791453324,0.0719187472080707,0.00032263532098236,0.00027500776087396,0.1,0.1,0.9,13,0.3615418357075379,0.2968890426995277
16,8,0.3407392414913701,0.739575217658733,0.7355989981903313,0.6780009208097193,0.008691526564780427,0.08106390563202395,0.00040708165632492003,0.00037708002212313,0.1,0.1,0.9,16,0.3086558171463436,0.3285652862746937
16,9,0.3173125328820734,0.7218202505200251,0.7172427012658921,0.6709034211704031,0.09489539247346374,0.08253081158824022,0.00048605877397908003,0.00045901595497068,0.1,0.1,0.9,17,0.2838937939678237,0.2917886521984057
16,10,0.310203343939445,0.7161083813314661,0.7113592275597019,0.666759344418245,0.03301996475377707,0.07770796519609877,0.00039672992039365004,0.00035995058684293996,0.1,0.1,0.9,18,0.3007511527646891,0.2747608575983705
16,11,0.31082461973178266,0.7174480378480135,0.7143939796845499,0.6652765800376641,0.008877381674638888,0.08314412394976481,0.00047612599246925997,0.00046532472369892,0.1,0.1,0.9,19,0.2850900515275056,0.2965565765255458
16,12,0.3021142496904749,0.7109039909950534,0.7093449209852534,0.6628782599173302,0.03658593016214836,0.07269272633527049,0.00023044723362927,0.00026221072690483,0.1,0.1,0.9,20,0.3317846400986609,0.3200957878296367
16,13,0.30307919678845285,0.7118753891662152,0.7103161775139682,0.6638525992092215,0.00854645282880841,0.08130299700858154,0.0003815074677047,0.00037285268984811,0.1,0.1,0.9,21,0.284280758542576,0.2832260175577986
16,14,0.25861391496098074,0.6714511006054812,0.6652186625464803,0.6034436949555398,0.1938553318503465,0.07496446812296591,0.00035756978972063,0.00033737260842569997,0.1,0.1,0.9,22,0.3021159158610703,0.278172903993986
16,15,0.2593946622229136,0.6747435151236891,0.6719245213851336,0.6335764577834861,0.009539109699852936,0.08422956778816268,0.0006079836301801799,0.00062500679204636,0.1,0.1,0.9,26,0.240115430938,0.2454601137721538
16,16,0.25769665125349334,0.6727398948019168,0.6715288597107891,0.6355588060840753,0.01636856783077356,0.08543082707690217,0.00042128706922343,0.00041362466951278,0.1,0.1,0.9,27,0.2884428148828867,0.2763747466395244
16,17,0.20591666872287218,0.6182512837348375,0.6152181404492397,0.5797804115397677,0.2748531586139566,0.08488192723255658,0.00048073768704073004,0.00046975860608967,0.1,0.1,0.9,28,0.2277223876442038,0.1889460839302203
16,18,0.18331792732841926,0.5903478538145046,0.5880469209376116,0.5624909463507379,0.0782042224402705,0.08626764930502948,0.0005320609598928699,0.00053211278103985,0.1,0.1,0.9,30,0.2057651903633008,0.1644549542864003
16,19,0.18331755721355006,0.5903473578555887,0.5880464061340519,0.5648340723643864,0.009161415673503663,0.08626764930502948,0.0005320609598928699,0.00053211278103985,0.1,0.1,0.9,31,0.2057599446800681,0.1644550347005151
16,20,0.15409158230438988,0.5483229959689009,0.5445995308682615,0.5221398440477437,0.21674313564537884,0.09112467876338892,0.00056705856886408,0.00056281819821159,0.1,0.1,0.9,32,0.1733317552652166,0.1516669847943654
16,21,0.14224164427931038,0.5296707682967078,0.52699537004985,0.5069862858402997,0.056330358483493013,0.09146274742110597,0.00053278739795742,0.00053393875575811,0.1,0.1,0.9,34,0.161871519148278,0.1397029838111769
16,22,0.13969778563584034,0.5267682358884851,0.5256950706854394,0.5110886429520143,0.012409748388109201,0.0854676716277466,0.00029179931892677,0.00031785499192363997,0.1,0.1,0.9,38,0.1712951611390594,0.1432702563090072
16,23,0.13690415734486297,0.5224754019115915,0.5212611653142017,0.49815387813335454,0.03148946672308759,0.08521260280428891,0.00025232310012477,0.00026851286023397,0.1,0.1,0.9,39,0.1637459507869809,0.1581532252627663
16,24,0.13381048142656185,0.516759539615291,0.5153602266544237,0.500624412470587,0.03338221166236865,0.08345131989088625,0.00026722246411458,0.00026040975631836,0.1,0.1,0.9,40,0.1668667111797865,0.1532004306618069
16,25,0.12695581056087693,0.5047182335122185,0.5045843294871017,0.4930345727082648,0.07014274909986415,0.08459753364395159,0.00024788267624771,0.00026455168099415,0.1,0.1,0.9,41,0.1557864889385071,0.1358622034692968
16,26,0.11045860710768564,0.47135802041915836,0.468439637566787,0.4503302094470158,0.061275631440202746,0.08320051741800688,0.00031360798995056004,0.00031441893131061,0.1,0.1,0.9,44,0.1564763231788734,0.1317750205687752
16,27,0.10771630744700253,0.4682077822554104,0.471868780024073,0.49723746398516716,0.011992127188178147,0.08331542552103097,0.0003693788058577,0.00039437820942018,0.1,0.1,0.9,53,0.1419375309538108,0.127863281727792
16,28,0.10569636546801363,0.46493466800954636,0.4718209051041115,0.5114156404039031,0.013056924663452294,0.08650297019480331,0.00032727275366488,0.00034910795368433,0.1,0.1,0.9,59,0.1357014118384088,0.1218846775598513
16,29,0.0913074811676059,0.4305796842168609,0.43631062640238133,0.47889437690354286,0.05100622598872954,0.08867913841178154,0.00027937580232501003,0.00032950610168409,0.1,0.1,0.9,63,0.1160618687021979,0.1048572200214601
16,30,0.08543331347820064,0.4168445431483288,0.42380557309805994,0.4703073533595823,0.042449438780239795,0.0833556435003169,0.00028779719988558997,0.00034049166981861003,0.1,0.1,0.9,65,0.1065382559755652,0.0922320961469643
16,31,0.08530808092008914,0.4164074857598667,0.4233520113465477,0.4723932735615386,0.011082119979859795,0.08386970905955955,0.00029265704706785,0.00034522461359348,0.1,0.1,0.9,66,0.1071610899050156,0.0921459225229089
16,32,0.08408081339916278,0.4135944390049626,0.42045468373619266,0.48453334388861313,0.01250632989775589,0.08092267045954495,0.00029500698644804,0.00034773870489171997,0.1,0.1,0.9,69,0.1060052852262429,0.0932098185254164
16,33,0.08366230398047732,0.41153369224701886,0.41664882995895836,0.48081582663051514,0.010358911520012488,0.08243787431747315,0.00029339757219311996,0.00032111978436034,0.1,0.1,0.9,73,0.1054196324039123,0.0912091775375857
16,34,0.07654600501573455,0.391884014842247,0.3963507678323523,0.4667336048703433,0.055320986408067034,0.07963869261727892,0.00031482118913654997,0.00034162333686221,0.1,0.1,0.9,75,0.1030499873528401,0.0862564305804931
16,35,0.07490937308890347,0.38722096473176304,0.3931951249129109,0.47096042150427797,0.022204793735817564,0.08229860231963335,0.00030676791668605,0.00033290232402031,0.1,0.1,0.9,77,0.1025427241417888,0.0817638357054807
16,36,0.07398665509721015,0.38492094384860304,0.39248651320318967,0.44722431408101004,0.013702192287203638,0.08328389318878784,0.00031574377439329,0.00034203270944422,0.1,0.1,0.9,80,0.100166301140344,0.0802694272366014
16,37,0.07145649723967817,0.380168333380405,0.3926055387744448,0.5019901043848727,0.01212412620218739,0.07712724812134746,0.00032286641232243997,0.00053414826791225,0.1,0.1,0.9,88,0.1046934279157483,0.0987132674596051
16,38,0.07028040758808438,0.3770180640940934,0.39101936277629373,0.5057644781060934,0.017833104400221296,0.07758368073032154,0.00034112143022851,0.00056434926071636,0.1,0.1,0.9,90,0.104734274224834,0.0974501740974453
16,39,0.07027232046825828,0.37610304001977285,0.38839896738855484,0.52118251579963,0.008743773097639311,0.0789184107241116,0.00034633075424163,0.00051005710130788,0.1,0.1,0.9,94,0.106722931871373,0.0960633113812325
16,40,0.06944333576602639,0.3769943671302713,0.39435745547195145,0.5230944102091509,0.008211847278436093,0.07271980761562392,0.00039698337297452995,0.00047626546710573996,0.1,0.1,0.9,100,0.1080494550132169,0.0987832176623335
16,41,0.06520186759932609,0.3633618273183322,0.38359607992707423,0.5090278455606888,0.08364373417645977,0.07788361448678463,0.00034071711368786,0.00046815397524653003,0.1,0.1,0.9,101,0.0967340132771115,0.0971017435925123
16,42,0.06345945113645875,0.35741396940685594,0.37578703064738583,0.5142019878217456,0.03202069448597775,0.07447736575138661,0.00039456224623053,0.00052059942810913,0.1,0.1,0.9,102,0.0915004014270931,0.0988180373165382
16,43,0.06322506524565935,0.3563962702800398,0.3730702946792723,0.5138423359509067,0.008213409824770384,0.07290066739048531,0.00036322676521183,0.00046970071240746,0.1,0.1,0.9,103,0.0924121372606114,0.0960963760930384
16,44,0.061197205407827034,0.3507360674742898,0.37056485826054814,0.5087062234348954,0.04202074940455034,0.07279821738151944,0.00035262018207307997,0.00047620505231001,0.1,0.1,0.9,104,0.0950335724033837,0.0972873527431664
16,45,0.06061229123573252,0.3490894794943002,0.3688688664105904,0.531738402968393,0.008768577940939049,0.07101480950373537,0.00036070610702256,0.00048542506210518004,0.1,0.1,0.9,110,0.091663581326064,0.0951806195435554
17,0,0.9672550565658004,0.991686089747561,0.9914080746317656,0.925336401333028,0.0,0.0,0.0,0.0,0.1,0.1,0.9,1,1.0411314097369866,0.9666582777344734
17,1,0.6549765237617684,0.9003441959143437,0.8950928847406667,0.825751724284873,0.24922461204767177,0.0667139781363967,0.00047611900872597,0.00074284409227954,0.1,0.1,0.9,3,0.6715397150385654,0.6528001122932099
17,2,0.44449940286436046,0.8024867814732108,0.7956517349293091,0.7203275257755964,0.47421499104693554,0.06666160406351165,0.00027123023430648,0.00022086883913142002,0.1,0.1,0.9,4,0.4303937026619468,0.4265785662321951
17,3,0.442315349274361,0.8020793261216859,0.7968944263070281,0.7234289964515916,0.010430108254853528,0.06860126752926032,0.00033653150007377,0.00026941891029478996,0.1,0.1,0.9,6,0.4242612167431818,0.4230733806564452
17,4,0.394874558991918,0.7735739032803537,0.7657691764097183,0.6942192903077288,0.07489352035513337,0.06804410063547592,0.00021322599699887998,0.00016931997780932,0.1,0.1,0.9,8,0.4260298648312497,0.3999212224957764
17,5,0.3461556740778531,0.7416475047668142,0.7344202152258005,0.6629818923145413,0.08797758482972934,0.07462870461084685,0.00039455758506489,0.0003126561759559,0.1,0.1,0.9,10,0.3628670391231557,0.3649684114655565
17,6,0.34597046889805966,0.7415390268811286,0.7343053450586576,0.6654785961186465,0.008793059665837159,0.0752461164659402,0.00042022970782170006,0.00033299933506281,0.1,0.1,0.9,11,0.3595028178767758,0.3640424469213431
17,7,0.3359924051056686,0.73369736497215,0.7245185421187539,0.6583559472437187,0.04439580515371239,0.07962719100885911,0.00026510420062355,0.00022922337703762998,0.1,0.1,0.9,12,0.3460446532281568,0.3518986275948639
17,8,0.3230284510598833,0.7248578556295008,0.7170340509154771,0.6523156404914208,0.033561385259694175,0.08549061232972098,0.00032796946703424,0.00027916432485134,0.1,0.1,0.9,14,0.3196068355498205,0.3218610089317584
17,9,0.27271607321005664,0.6830204159189254,0.6738283551501335,0.6066505089096992,0.20628905892608088,0.07682354047813095,0.0002705869272568,0.00022727348462130002,0.1,0.1,0.9,15,0.2542372179992423,0.2755956196437511
17,10,0.2642169457327973,0.674555150366905,0.663410756912168,0.5997874955063485,0.045080695572642764,0.07547720233893097,0.00030080088128485,0.00028598418252879,0.1,0.1,0.9,16,0.2860862722385696,0.2872162795642674
17,11,0.23559196545976122,0.6479786864588081,0.6392902781758475,0.5737227282351558,0.1434392877620439,0.07628242154930298,0.00021412350911465,0.00017925330427923,0.1,0.1,0.9,17,0.2191939609979208,0.2179958381168324
17,12,0.2294624786501935,0.6422563359375904,0.6350410654047858,0.5730363571361736,0.024162140810128185,0.07812968134664089,0.00025825060587142,0.00021619426388991,0.1,0.1,0.9,19,0.2012264651917372,0.2051415746135941
17,13,0.22804164471452013,0.6423231827502789,0.6384739634724691,0.5926204583424974,0.008042319472549688,0.0722739751189054,0.00028056375744231,0.00020057891700335,0.1,0.1,0.9,26,0.2237279815177145,0.2008783285979853
17,14,0.22257271645258284,0.6356636924605872,0.6299160319525277,0.5803181340875257,0.036724779587817426,0.07325659181994529,0.00030575413078385,0.00021655319590929,0.1,0.1,0.9,27,0.211011881487048,0.196017754916639
17,15,0.22094109364379225,0.6345616286258149,0.630448426374976,0.5840061348626957,0.011943262880471915,0.07342365295381507,0.00030483144887735,0.00021747650031458,0.1,0.1,0.9,29,0.2067869009633832,0.1954434110982671
17,16,0.21556611888017876,0.6291391932119685,0.6264883850939027,0.5931619558919933,0.025196029768239026,0.08169395551009602,0.00028879576047984,0.0002385269236338,0.1,0.1,0.9,31,0.2258666696807698,0.2060870355133426
17,17,0.21003652342205037,0.6229240838976404,0.6200872275468271,0.5930576344615047,0.021253933593113058,0.0748596141272263,0.00035557086474257,0.00026706138054935003,0.1,0.1,0.9,33,0.1839759875088224,0.1849716458743042
17,18,0.20982947684701503,0.6233917991822285,0.622242509930753,0.5991004335074841,0.008341940239030352,0.07491357283474334,0.00034503434542778,0.00026250520534769003,0.1,0.1,0.9,35,0.1838088192711134,0.1834288428429671
17,19,0.21643077777745592,0.6284788307593232,0.6269930355321325,0.6023649371467361,0.0717166293422192,0.0939499256028123,0.00135414410735671,0.0148690144358752,0.1,0.1,0.9,36,0.226965246340567,0.2276119254209912
17,20,0.15334225097680085,0.5467406569630099,0.5429464822000698,0.515498420846393,0.34525701592405184,0.09209478000196189,0.00061770615804241,0.00104089450411094,0.1,0.1,0.9,37,0.2112226671628232,0.1831811146817354
17,21,0.1463106116928649,0.5356039830100616,0.5314499245572343,0.5054575133556977,0.06177697756697237,0.09094748036306263,0.00050704269164457,0.00076470654205669,0.1,0.1,0.9,38,0.1939932574825536,0.1820611592568794
17,22,0.147143487066809,0.5362739216587756,0.5321046796681612,0.5193389015166284,0.011732451304776369,0.10045926025870996,0.00051379965064787,0.0009561956569635801,0.1,0.1,0.9,41,0.1911648873370711,0.184054180597998
17,23,0.1448916228965407,0.5331535230092691,0.5289120570575765,0.5049884699321809,0.020354643136328163,0.09235677081435643,0.00045658180403924,0.00079604154630061,0.1,0.1,0.9,42,0.1908463843321758,0.1811547924993809
17,24,0.14452474412784466,0.5340283125952437,0.5364372764511118,0.549918469922937,0.013458009481047325,0.11000416898193048,0.00052423210966747,0.0010382707806084299,0.1,0.1,0.9,55,0.1864875519100431,0.1808163824335489
17,25,0.1405417641241533,0.5291463534116024,0.5347594283947934,0.5548987288727825,0.018060976698530493,0.1079868065151228,0.00026459253184303,0.0005092390432865,0.1,0.1,0.9,59,0.1540823536648866,0.1728147729215148
17,26,0.138794730081517,0.5246831320759094,0.5268019939261077,0.5666280120156247,0.018808112340067615,0.10764190108981997,0.00032580131623643,0.00057887936092157,0.1,0.1,0.9,61,0.1391607613749634,0.1466069218703901
17,27,0.1373566917037149,0.5221583195026683,0.5241926663248015,0.5638313813801666,0.023562525514302633,0.1077020571087474,0.00032102953339615,0.00057472135201753,0.1,0.1,0.9,62,0.136772333034566,0.1420503623486004
17,28,0.13374897405550332,0.5179844550096177,0.5249010812089815,0.5487908620380613,0.040772822832512476,0.10622509587072315,0.00027732237959553,0.00054242177520817,0.1,0.1,0.9,63,0.1563788933218734,0.1667484420384346
17,29,0.13370478944877623,0.5141596030839706,0.5207982572234324,0.5544636283002284,0.055948406328945516,0.1087791369833592,0.00035186253901045,0.0052369778469850995,0.1,0.1,0.9,64,0.1627837136779741,0.1651123698349586
17,30,0.12866344565315838,0.5094428088672819,0.517749544639248,0.5583702465259779,0.013013612827026948,0.09471407615551433,0.00039026052666932997,0.00168200543658921,0.1,0.1,0.9,66,0.148316988212428,0.1705268534183623
17,31,0.12992904655008697,0.5069031853743863,0.514941415176984,0.5677134221978327,0.05545192929362893,0.11075690363868831,0.00040264911093956004,0.00599820620764207,0.1,0.1,0.9,67,0.1558522024428161,0.1624435425458932
17,32,0.12009501318626346,0.49175305512167905,0.49943062791064025,0.5339666308151448,0.06446361293788834,0.10700953247291414,0.00043818345251928997,0.0015614865409057,0.1,0.1,0.9,68,0.1486243608264046,0.1593949628801783
17,33,0.11573121696144509,0.4866026856627412,0.49587727903457596,0.6043849950149427,0.010539321931239402,0.08069185344488625,0.00037466425252712,0.00125969201764483,0.1,0.1,0.9,79,0.1285119481157245,0.1241303934851152
17,34,0.11083217229855556,0.479469502251636,0.4952000132150429,0.5980903482406972,0.024813617792810463,0.07940955031903732,0.00032442466820463,0.00118385158824476,0.1,0.1,0.9,82,0.136074527219302,0.1535370520177367
17,35,0.11405394357161647,0.4785410297130463,0.48904851703297963,0.601715197428517,0.03551711464284075,0.08026123903324613,0.00038010966620045,0.00693776172178887,0.1,0.1,0.9,83,0.1474970151293437,0.125401852372749
17,36,0.10443507421361252,0.464158039426739,0.4776859351925838,0.6063703542922396,0.03578641468199346,0.08489567218884278,0.00027066411501762996,0.00120089542333118,0.1,0.1,0.9,85,0.1256743366336467,0.1205659773233688
17,37,0.09333077240532306,0.4385345172201174,0.44956445256553973,0.5602190789215139,0.047457605791425446,0.07690561330435422,0.00027549125218281,0.0010659900811501,0.1,0.1,0.9,88,0.1086914665229252,0.1137183382242268
17,38,0.0923554624675852,0.4361018006477743,0.4470501287229207,0.5628458963455708,0.020515499974303263,0.07701441003565937,0.00027439707874472,0.00106237856705965,0.1,0.1,0.9,89,0.1094036576706511,0.1137083668497717
17,39,0.0921879147395266,0.435393475015201,0.44796794990796257,0.5772304861244247,0.01437820358310223,0.08202940033888163,0.00028973855108096997,0.00123808379026465,0.1,0.1,0.9,91,0.1062513033199874,0.1123262343187869
17,40,0.09082769206476113,0.43308171277818663,0.44560344626389964,0.5640041171802163,0.011160287529357804,0.07654779237141875,0.00026234236711578,0.00103350359662541,0.1,0.1,0.9,94,0.1066965737234382,0.1120935609543733
17,41,0.09086391384358353,0.4344234447692944,0.4519868806712075,0.6062866259470148,0.009902024486208973,0.08052062105842461,0.00027842513711711996,0.00121951368583258,0.1,0.1,0.9,103,0.1061433920294676,0.1150048122403283
17,42,0.08961155787648695,0.43191264205134366,0.44940694515043783,0.6201374622764638,0.01876284818166587,0.0772755216466963,0.00027940341052688,0.00108810981033129,0.1,0.1,0.9,104,0.1046482567323222,0.1106190118322661
17,43,0.08974719920487084,0.4322281955245525,0.4513891113179817,0.633451076171667,0.013424588411914832,0.08080641701099141,0.00028164162418762,0.00122232761533803,0.1,0.1,0.9,105,0.1007935745879491,0.1033895312047609
17,44,0.08857107130468213,0.42916771981377855,0.4482260045055839,0.6301365025648706,0.016655102212405133,0.0807111373284445,0.00030815343833809,0.00123972051452411,0.1,0.1,0.9,107,0.1005048613821712,0.1023605875468685
17,45,0.08841079684463361,0.42931627406825984,0.45004851489588055,0.6490855380070569,0.010088273822244469,0.08105005536990431,0.00032254612558687,0.00129762320095788,0.1,0.1,0.9,111,0.0996963936765015,0.1031546432990799
17,46,0.08782886419297006,0.42938236392268186,0.4534641391414405,0.6816074575690516,0.009708225912244526,0.08059315167786296,0.00029000298194915,0.00123729841767801,0.1,0.1,0.9,123,0.0989834547455226,0.1029333253045147
17,47,0.08780280587119459,0.4289454068999775,0.4530052136723679,0.6639168283866647,0.01004713262816976,0.08244721258395453,0.00028381581707065997,0.00127590228677405,0.1,0.1,0.9,128,0.1052176713384826,0.1094947779474654
17,48,0.08744047573261905,0.42800157286608376,0.4520300478763349,0.662872952276709,0.013961032915302485,0.08231541459840841,0.0002802939230821,0.0012836152938557502,0.1,0.1,0.9,129,0.1042297046694821,0.1093593740755569
17,49,0.08740298808257614,0.42934335845948945,0.4567611038388851,0.6939821144726378,0.00946473406608604,0.08216284338981064,0.00028014640950558,0.0012820287229679,0.1,0.1,0.9,133,0.1040122949601424,0.1090729363722803
17,50,0.08727568719774763,0.42896497830454117,0.4563692347314282,0.6907349852610343,0.009749600710914817,0.08220785270161056,0.00029518849343562,0.00130353717655206,0.1,0.1,0.9,139,0.1049626447935653,0.1093611363461761
18,0,0.9583687027781425,0.9893821665119957,0.9890270899125958,0.9217009419827998,0.0,0.0,0.0,0.0,0.1,0.1,0.9,1,1.0806573016617746,0.9570983242265644
18,1,0.7812378577773664,0.9432658326527767,0.9411335363517779,0.8742252178531387,0.13591297752121106,0.07014092084036036,1.649531101047e-05,1.8883530379879998e-05,0.1,0.1,0.9,3,0.8679778146295718,0.8422830399358577
18,2,0.4336459958196049,0.7963903631118338,0.789349457161692,0.713574402289091,0.7189062749339744,0.06666170982967022,0.00027030267383746997,0.00028851988655115,0.1,0.1,0.9,4,0.4754264187741286,0.4259982046873539
18,3,0.43086613290763504,0.7955010518379214,0.7901030374950367,0.7161724821911915,0.010767137586284265,0.06647789386059147,0.00026698658041614,0.00028569701529951,0.1,0.1,0.9,6,0.4767751410487487,0.4247037819498995
18,4,0.33023348811379916,0.7297954171341586,0.7222033850113166,0.6516827207860373,0.165919250180155,0.06661924484571632,0.00013054293649303,0.00018164106563604,0.1,0.1,0.9,8,0.3431638209340734,0.3625525931425231
18,5,0.3222753050716853,0.7245417694592735,0.7184414608517484,0.6495786826944039,0.02176486287971602,0.06779523255462253,0.00014526854891637,0.00020213069153672,0.1,0.1,0.9,10,0.3328843664106645,0.3556144223741254
18,6,0.3168921597050938,0.7204360547071029,0.7141938575423765,0.64501848613506,0.02769814590461522,0.06894900988291272,0.00016165525206639,0.00022493160518547,0.1,0.1,0.9,11,0.3254307851308264,0.3512132645981746
18,7,0.31528252292635545,0.7199079961690288,0.7153176924929955,0.6483653818015459,0.013518406933320229,0.06953277169127121,0.00017077953935453,0.00023762739180336,0.1,0.1,0.9,12,0.3228728153869322,0.350088928210192
18,8,0.3146475095668744,0.7194418133094815,0.7148316517790128,0.6478359366200505,0.010196258094677743,0.07056715740652668,0.00018851004834004,0.00026229811419491,0.1,0.1,0.9,13,0.3207617267224019,0.3502860071524635
18,9,0.30609695711118323,0.7132883329159114,0.7101600718433831,0.6510326341230108,0.017170860790369665,0.0666658030344923,0.0001376441234727,0.00017781422511771,0.1,0.1,0.9,16,0.3560325588399742,0.3102603694460423
18,10,0.25483040003062646,0.669276068851405,0.666306805156152,0.6120606943915278,0.11952674066752832,0.07561525575412206,0.00033012607654306,0.00053112176991123,0.1,0.1,0.9,18,0.2509922453248052,0.264408389189981
18,11,0.19221003973172807,0.6006712571087859,0.5954036596209611,0.537375327635286,0.17482173668343529,0.07515998532461468,0.00041715783831775,0.00071600803586594,0.1,0.1,0.9,20,0.2102433234328861,0.1804809327130495
18,12,0.1881311626059174,0.5962302343473063,0.5924899085730095,0.5372382600692346,0.020288725333896182,0.07477458523287735,0.00037052190250263,0.00063559983401981,0.1,0.1,0.9,22,0.2042272781419129,0.1773830291585996
18,13,0.18765747004683042,0.5963374277800141,0.5942736401701978,0.5331469354683,0.00943717283240939,0.07451283153151725,0.00036795887209172,0.00063147495960128,0.1,0.1,0.9,24,0.2022223994203479,0.1779971442889653
18,14,0.18755596808113903,0.5962235973208628,0.5941579557164914,0.5351457607223397,0.008266988780140675,0.07393619884210995,0.00036750158966171,0.00063076523329878,0.1,0.1,0.9,25,0.2020994866996218,0.1783681694227474
18,15,0.18199369903474172,0.5904133720256814,0.5914989784700994,0.5480918862849528,0.016658009072259616,0.07351747093019009,0.00036595909793342,0.00062062820823012,0.1,0.1,0.9,29,0.2036572859101242,0.1602212385142513
18,16,0.16053216690107722,0.5619966413773388,0.5604376451286777,0.5408922028536173,0.05888192418339453,0.07972674620806965,0.00037304197479327004,0.0006767482732922901,0.1,0.1,0.9,32,0.2098238455395445,0.1614384572718361
18,17,0.14313247573699184,0.5330880470086231,0.532226693372379,0.5052925501451496,0.14369390308809013,0.08162146684521315,0.00038199436345037004,0.00071844261441463,0.1,0.1,0.9,33,0.1823021625411363,0.1330323113150083
18,18,0.133666228766223,0.517232791088466,0.5175198532747538,0.5050518200295488,0.04728909087786224,0.08026880383314486,0.00036258295152572,0.00064973922252813,0.1,0.1,0.9,35,0.1719865029120832,0.1246804455600799
18,19,0.1329189941122633,0.5156238684456165,0.515856147320983,0.5102728761579081,0.012026900464709282,0.08027097905420422,0.00037271626519553,0.00068075316631151,0.1,0.1,0.9,37,0.1638092313205925,0.1349383230449011
18,20,0.1117927740437052,0.47446717846203074,0.4716617338588596,0.4499312462542324,0.20306195050433323,0.07961268526233489,0.00027333403120254003,0.00041895085504475995,0.1,0.1,0.9,38,0.1302165444072128,0.1016492105364315
18,21,0.1050487795221366,0.46049066393021915,0.45888480209887006,0.44715988122191813,0.04446531283279059,0.0810570581990144,0.00027226684662936,0.00042454549307958,0.1,0.1,0.9,40,0.1310352589625097,0.1006373019094606
18,22,0.08137405725443568,0.4047405562376432,0.4012928713686746,0.38964230458605714,0.09975541218162355,0.07436640395350438,0.00027582481239433,0.00042409470478726996,0.1,0.1,0.9,43,0.1141109613240689,0.0876355274879575
18,23,0.07621318420196288,0.3897055264813788,0.3874282357342986,0.3765030502521995,0.04321855626933102,0.07401142070251573,0.00027611847207783,0.00042308201296206005,0.1,0.1,0.9,45,0.1067941289768061,0.0824719127116217
18,24,0.07145613793509673,0.3755825133182135,0.3745078114187381,0.3697288469590175,0.04186164680657451,0.07316001563615927,0.0002766583249434,0.00042077791793206,0.1,0.1,0.9,47,0.0946276458535645,0.0790481018436299
18,25,0.06894752937379695,0.36718452618943054,0.3641603246469655,0.36758592888231423,0.044425884538390796,0.0722137272264646,0.00027825764098574,0.00041814067547960005,0.1,0.1,0.9,48,0.0992943674747281,0.0801694921007513
18,26,0.06307875195617069,0.3490477529486138,0.34875971742470663,0.3597683662606455,0.03141931079831745,0.07252078045986579,0.0002794411505633,0.00042430214015107997,0.1,0.1,0.9,52,0.0940118646445108,0.082864659838556
18,27,0.0629873729465831,0.34855895534833986,0.348252307588237,0.36176612478877457,0.010395876464519439,0.07317905292707928,0.00027887096088064,0.00042657882871806996,0.1,0.1,0.9,53,0.0954056364417976,0.0855533130776481
18,28,0.06032024996328544,0.33860685630922216,0.33629740423727894,0.35663160370867586,0.052227224306743265,0.07266732398926995,0.0002798121277904,0.00042006371217747995,0.1,0.1,0.9,54,0.0957913058902281,0.0795439017880198
18,29,0.06013566234990395,0.33866788879892257,0.3380326189015114,0.36299364328572936,0.009216029488528562,0.07257004752969937,0.00028153202005254,0.00042347820502837,0.1,0.1,0.9,56,0.0959818386175877,0.0795776360832592
18,30,0.05633358246060955,0.3261740119607041,0.32846642074101967,0.3671524733258886,0.01882032377601095,0.07210954395759238,0.00027891450880999,0.00042152702925376997,0.1,0.1,0.9,62,0.0904393764127069,0.0735181452465912
18,31,0.05589738716110251,0.32517950293186904,0.32911010064826457,0.37252538139527835,0.011792742027053278,0.0722000739198748,0.00028260743971561997,0.0004271066118983,0.1,0.1,0.9,64,0.0898712335733757,0.07329413852326
18,32,0.05242942589388235,0.313182283883231,0.32172184007770327,0.40076566704262556,0.017699050387921154,0.07348224680873705,0.0002980689105696,0.00047050909146149,0.1,0.1,0.9,71,0.0793402208389049,0.0652130414581759
18,33,0.04905130704601043,0.2995828168263934,0.3093367262887029,0.3925133511098094,0.04278160021633034,0.0738895515529848,0.00032776321966261,0.00051592977506724,0.1,0.1,0.9,73,0.0752986721528898,0.0631457478899637
18,34,0.047789775162807,0.29493666526245393,0.3062081265176716,0.39486609765758957,0.013019917971742893,0.07362696739923993,0.00032110617099680996,0.00051310759083944,0.1,0.1,0.9,78,0.0743756442486235,0.0630714211666964
18,35,0.04719299498399842,0.2931738569793432,0.30605976758202236,0.4081758872186123,0.013694436974743013,0.07321633711037255,0.00031894640895762,0.00051021829577486,0.1,0.1,0.9,80,0.0738319515767351,0.0618325416631211
18,36,0.04705690171833402,0.29387500214514395,0.31012711694163536,0.40513885863791216,0.009650705561870249,0.0734770134616338,0.00032370976927442003,0.0005169149763115699,0.1,0.1,0.9,82,0.0736877346107358,0.0618901353991882
18,37,0.0470576237069862,0.2938738341639229,0.3101258663766694,0.4258113315308553,0.007852551769718682,0.07349243489704378,0.00032352936235544,0.0005166311803642099,0.1,0.1,0.9,84,0.0737096950278461,0.0619317131378871
18,38,0.046998619971980814,0.2944572126673071,0.31240202375412335,0.4262534731235774,0.00800737756529787,0.07312814651670926,0.00032144588918337,0.0005126325808967,0.1,0.1,0.9,86,0.0735939379652958,0.0622988450389076
18,39,0.046770598497067446,0.29629507018012746,0.319324149955705,0.5009999181532794,0.007623188487288403,0.07018555977319012,0.00037011996356777,0.00060050969288751,0.1,0.1,0.9,100,0.0710022428198634,0.0553829674205562
18,40,0.04448713874558934,0.2871819358203896,0.3132481398392893,0.4922232640416078,0.016208943986190355,0.07147623930582837,0.00033381960842673,0.00052731322966725,0.1,0.1,0.9,106,0.0668001373096222,0.0542761437387207
18,41,0.04278377234167435,0.2790944464390822,0.304889263832413,0.500580776231087,0.0175228797344708,0.07167823023948365,0.00034758295373527,0.0005350201989247399,0.1,0.1,0.9,110,0.0661035616438792,0.0519318548368353
18,42,0.042462556534882165,0.27900210023938204,0.3081379496166115,0.5044259898459852,0.011303629478811524,0.07160596676657505,0.00034711210305508,0.00053427186792277,0.1,0.1,0.9,112,0.0652219242184934,0.0513125067642067
18,43,0.03942236162571609,0.26299715045676025,0.289923394588819,0.5075888786770016,0.04502909922307791,0.07200062743683287,0.00037484648193493003,0.0005703465730425401,0.1,0.1,0.9,114,0.0650104057900117,0.0490736715582484
18,44,0.03939406518569285,0.26214790291811063,0.28737383295415697,0.5362830310680388,0.008095431586336245,0.07199292808888236,0.00037501672314852,0.00057080716050612,0.1,0.1,0.9,116,0.0649932474690144,0.0490516357372433
18,45,0.03927257256479449,0.2651866801234319,0.2988748704241679,0.54481110595563,0.007944815084142498,0.071710850835977,0.00037177637778460003,0.00056859972171078,0.1,0.1,0.9,126,0.0641743651340801,0.048517398739554
18,46,0.03925793411667271,0.26653587574227006,0.3036131206889985,0.5623124854946928,0.007816503463228885,0.07164970327401408,0.00037215476370889,0.00057244532054883,0.1,0.1,0.9,129,0.0641355202809227,0.0485862421942271
18,47,0.03896897024707945,0.26380772378564815,0.2991174266783617,0.5658343277037975,0.013069760413238306,0.07244524571972637,0.00040948155781873,0.00062585216277572,0.1,0.1,0.9,131,0.0636685563364925,0.0495505947121698
18,48,0.03793162347720719,0.26596088425511266,0.3213983762520248,0.7908409534294631,0.008715039680073196,0.07486590224724188,0.00039832693536617997,0.00060099159807948,0.1,0.1,0.9,180,0.0639760808050277,0.0608765157918549
18,49,0.037926599512623504,0.26593318265226695,0.3213697403982275,0.7939453490858751,0.008135134571162446,0.07486609678326513,0.00039829191952269003,0.00060126961509157,0.1,0.1,0.9,182,0.0640014076104089,0.0609106995784133
18,50,0.037270195891746294,0.2617357964156797,0.3153600701055777,0.7739370711887463,0.016534170904842382,0.07486742236614727,0.00039799930618173,0.00060165834631274,0.1,0.1,0.9,184,0.0634443834116173,0.0607965510789612
18,51,0.037243556836389954,0.2622950466819773,0.3176098968810208,0.799322367575817,0.00842911692380093,0.0748666249791242,0.00039959047853316,0.0006027710940751201,0.1,0.1,0.9,186,0.0631271243234214,0.0607647499140258
18,52,0.037130940531270175,0.26240094188504703,0.31939128636079017,0.8049275320987054,0.009523281397432616,0.07486696979747136,0.0003986553613361,0.0006020429045774501,0.1,0.1,0.9,188,0.0632856897697268,0.0606859680069625
19,0,0.9952227613157978,0.9988038333484026,0.998763850771519,0.9332171816351987,0.0,0.0,0.0,0.0,0.1,0.1,0.9,1,0.9291483343130342,0.9701968470565784
19,1,0.8108200323514456,0.952793561418638,0.9509698933447265,0.8847427332033428,0.13667688620981647,0.07311373201986764,1.729993568248e-05,1.97104933498e-05,0.1,0.1,0.9,3,0.7495919763199896,0.8433720393221243
19,2,0.43191697658090344,0.7953812912305155,0.7883076347926244,0.712456551132327,0.7683575568551179,0.06661410763322737,0.00027076718664319,0.00026075299996245,0.1,0.1,0.9,4,0.4824673062839461,0.4259108609836693
19,3,0.4254870170179997,0.7925097408044912,0.787000886236138,0.7119762809745596,0.016733609786766447,0.0692559340369103,0.0003295485112516,0.00032856713253287003,0.1,0.1,0.9,6,0.4900643166613936,0.43160493490329
19,4,0.4259285352624209,0.7947226650268852,0.789179164952915,0.7195281757489075,0.013157205225746869,0.10058328153202264,0.00039541207127430003,0.00045091615964108,0.1,0.1,0.9,9,0.4602960108067581,0.4351892040341946
19,5,0.39759192729526927,0.7755995130041397,0.7695352920590933,0.7023820150617184,0.07954011483203892,0.0664205942895447,0.00029701049875277,0.000312062576917,0.1,0.1,0.9,10,0.4290890623175912,0.3644208960951924
19,6,0.3722497112975102,0.7596768787885814,0.7530538222112715,0.6852953361060278,0.08920034795601876,0.07531852991639014,0.0001966000120561,0.00021202082728483002,0.1,0.1,0.9,11,0.4242467685410217,0.4025333339218994
19,7,0.3469192724062332,0.7450050409603733,0.7361657326832458,0.6700003499814655,0.09935798445090917,0.08598371793888489,0.00042777937714950996,0.0007869648519974201,0.1,0.1,0.9,12,0.3838598849712588,0.3409922339672245
19,8,0.3364675863793007,0.7360371110846632,0.7269043393706,0.6615935727795172,0.045245207287340605,0.08542669105629731,0.00035735840446017,0.00064377749576454,0.1,0.1,0.9,13,0.3653327666520877,0.3302028817103544
19,9,0.33509980140254375,0.7346096885744899,0.727022143914328,0.6736977095218724,0.013748421973516027,0.11213790540628385,0.00013850136704892,0.00032314730897906003,0.1,0.1,0.9,19,0.3096935943024055,0.3178691220489518
19,10,0.3009263880677905,0.707097603173509,0.6987258325243543,0.648844165035551,0.04537488075440334,0.07315209269565694,0.00014156035452813,0.00014517880500858,0.1,0.1,0.9,22,0.3298204392489877,0.2935430704394416
19,11,0.28745596427100495,0.6966354011744494,0.689570847334852,0.6457042989205692,0.03606861504547152,0.07762431765872879,0.00012986242244959,0.00014450247192129,0.1,0.1,0.9,24,0.2913567354320854,0.2987787105469513
19,12,0.28370559200791096,0.6939884776637378,0.6868324930007237,0.6504501454351905,0.013324115516049432,0.07806686850221285,0.00017931329821256002,0.00018642607501286,0.1,0.1,0.9,27,0.3039440002955175,0.3459894225074415
19,13,0.2620960757060786,0.6763073117934716,0.6734774142935459,0.6360480715432941,0.04679465130255397,0.10163782036599292,0.00056412194032578,0.0007963579809804999,0.1,0.1,0.9,30,0.3247639928124476,0.2643353007234775
19,14,0.2437130116791937,0.6576595921089912,0.6526579296117878,0.6165854631536319,0.041797086199097826,0.06764074469218853,0.00020094656076851,0.000503779820613,0.1,0.1,0.9,32,0.2811232106683528,0.2765086548374887
19,15,0.23591493578154368,0.6497514533292056,0.644489637836632,0.607841708319471,0.02596079681481123,0.06672756476477,0.00019092588158009998,0.00046359755801055,0.1,0.1,0.9,34,0.2675502736310373,0.2680490729947659
19,16,0.2130407963322568,0.6246949071502551,0.6185098920519816,0.5860217508892721,0.14360279740172496,0.0934813124835492,0.0001321523870292,0.00033371439140322,0.1,0.1,0.9,35,0.2339757182510762,0.2373516376945374
19,17,0.19583543521624616,0.6072977889476584,0.6005516810077435,0.5751633396230982,0.041023426822420106,0.08526270940832495,0.00025198720327772,0.00054773981481494,0.1,0.1,0.9,38,0.2084193597192627,0.2209248192656507
19,18,0.18738867524922154,0.5952067577814255,0.5913929419646587,0.5663730507618806,0.06250033671933143,0.08704442058036561,0.00025394029678626,0.00059062780431734,0.1,0.1,0.9,39,0.2294090269930335,0.2085491371353521
19,19,0.16715714526628184,0.5670247303340192,0.5606238138347829,0.5361266393396006,0.1368431459276551,0.07965186037799835,0.00023472731833704,0.00051076683341211,0.1,0.1,0.9,40,0.1881369242187308,0.1864604752369623
19,20,0.16262401400743073,0.5593192084995003,0.5525811255746458,0.527343743493938,0.059946983856353754,0.10064360700588362,0.00026977891330942996,0.00081618939188677,0.1,0.1,0.9,41,0.1791035280475482,0.1846867617286966
19,21,0.15790437735525364,0.5527411112258844,0.5474549854583796,0.5256700928770891,0.04553347680340378,0.10064360623593598,0.00026977890859565003,0.00081618936661237,0.1,0.1,0.9,42,0.1723657768788722,0.1799221584354157
19,22,0.15733197421214037,0.5518575928624418,0.546541921202452,0.5246898276614435,0.01296426894329311,0.10064360700588362,0.00026977891330942996,0.00081618939188677,0.1,0.1,0.9,44,0.1710072301262726,0.1793423901656258
19,23,0.15365555120493496,0.5466345530153492,0.5428048960530845,0.524563965477788,0.04157499441301864,0.10249075694888354,0.00032385745478815,0.00097979866491031,0.1,0.1,0.9,45,0.179020151256207,0.1763730123129662
19,24,0.14080402866249703,0.5288252956126376,0.5228245367768559,0.5082085641085705,0.08723170457060982,0.07778870399718883,0.00025812160048433,0.00052965573974441,0.1,0.1,0.9,46,0.1751311185143391,0.1580446363458039
19,25,0.1351395280955945,0.5166100205154585,0.5101659091021419,0.494531981713364,0.06544162632151335,0.08743833006099633,0.00029138234572816,0.00061343560805919,0.1,0.1,0.9,47,0.1562423482294782,0.1535047599224155
19,26,0.12440369057244001,0.49820408054736354,0.4928513408821988,0.480119141867054,0.09415286644106434,0.07778870399718883,0.00025812160048433,0.00052965573974441,0.1,0.1,0.9,48,0.1592063135520372,0.1418306654921112
19,27,0.12126670933612947,0.49220519960796594,0.4866523491801782,0.4798291274918962,0.02276320544808987,0.07778884999940432,0.00025223460543559,0.00051462521282154,0.1,0.1,0.9,50,0.1504804225474174,0.1350727757898955
19,28,0.12190767301242117,0.49282313093544694,0.4872664324946105,0.4851747917308081,0.009861365817682587,0.08511424276193875,0.00026156097322796,0.0005137106217721099,0.1,0.1,0.9,51,0.1457213775421983,0.1388311017477673
19,29,0.11583106230813392,0.480476773973107,0.4728489328907193,0.4656813649188224,0.06306604276318174,0.08077329690082163,0.00027284699637419,0.00054171358413121,0.1,0.1,0.9,52,0.1369350105392537,0.1318007873736442
19,30,0.11222213704985608,0.47364460617795834,0.4691088833979679,0.48873040936200285,0.020047664203543605,0.08840549242543791,0.00027396324178920997,0.00046701272916116997,0.1,0.1,0.9,56,0.1348237155244016,0.135267241737209
19,31,0.10357390987215286,0.45559777150165803,0.45047922236702176,0.45918307717448004,0.0368513463558663,0.08331771552866175,0.00020105398157887997,0.00035513619329626,0.1,0.1,0.9,59,0.1277241639302082,0.1179644868193601
19,32,0.09901752314064424,0.4440244688847168,0.4384852894863562,0.46542862289597897,0.07181516517581908,0.09318272222046639,0.00020244337343043,0.00037627023063203,0.1,0.1,0.9,60,0.1141967681783565,0.1233859718831068
19,33,0.09813430616882872,0.4416865717609976,0.43606732404249954,0.4604411448301692,0.013338701587637182,0.09377502333640088,0.00019975924718148002,0.00037360187338012,0.1,0.1,0.9,63,0.1129849247967605,0.1203659933102419
19,34,0.09769632144784046,0.44128940114347937,0.4356695185587408,0.46243261402161506,0.010047653808781814,0.0899563277528884,0.0002054135460189,0.00037710460360813,0.1,0.1,0.9,64,0.1103343661560982,0.1190049031700864
19,35,0.095354744755199,0.4357264138096781,0.4315824957676479,0.4626397361198735,0.040555128990778774,0.09297829137846177,0.00020062914095000998,0.00037214295199198,0.1,0.1,0.9,65,0.1095879995992016,0.1148893094114103
19,36,0.08837697405610143,0.4199974052836414,0.41702491601352987,0.46648805043936936,0.027895347600653462,0.08431656074918198,0.00026591075614909,0.00048153188904517997,0.1,0.1,0.9,69,0.09562922825562,0.1024124448013639
19,37,0.08069326459192183,0.39819752267571523,0.39447801929476206,0.44229299908572195,0.06360353662778422,0.09013309063652056,0.0002551742895849,0.0004366284812685,0.1,0.1,0.9,71,0.0859814358030397,0.0975634820296221
19,38,0.07993923113257283,0.396381561828123,0.3926073380660954,0.4353290256200774,0.010385984051133662,0.08831732989200633,0.00026028192087763,0.00043830639822463004,0.1,0.1,0.9,78,0.0857949330942481,0.0982775429859121
19,39,0.07896587243748292,0.3930894249537818,0.38919636121460705,0.43662957590848034,0.026752797753727138,0.09083571955703015,0.00026246371579837,0.00044918824592948,0.1,0.1,0.9,79,0.0829822885002135,0.0972751248457685
19,40,0.07866806583508833,0.39215691612361137,0.3882314629618793,0.43559394669381934,0.011900971962291418,0.09114209904009464,0.00026572036707559,0.00045489415624799004,0.1,0.1,0.9,81,0.0821875776152917,0.0976146547657641
20,0,0.9613849507947345,0.9901665578827505,0.9898377047092624,0.923653972624797,0.0,0.0,0.0,0.0,0.1,0.1,0.9,1,1.0647740081949262,0.9662726693215172
20,1,0.7869000765618742,0.9455507122894877,0.9434715271873997,0.8766804242327936,0.13465750024520967,0.0770856258957423,1.732747947593e-05,2.039442069083e-05,0.1,0.1,0.9,3,0.8476268368652019,0.8432532141813049
20,2,0.4507333170650992,0.8059588972608731,0.7992386728556458,0.7241680895442608,0.6800503861947674,0.0665954708240006,0.00025809916043734003,0.00027267601789698,0.1,0.1,0.9,4,0.4049764472265275,0.4306588175272232
20,3,0.4488544585991052,0.8057218645493976,0.8006587256306499,0.7274623586399698,0.009927292346497365,0.06822637314327433,0.00029951698256905,0.00031643302504766,0.1,0.1,0.9,6,0.3935858875153123,0.4295214788728929
20,4,0.4487778268789175,0.806386285181966,0.803017313841357,0.7314005317927785,0.007241610114545999,0.0682068222923394,0.00030360829546027996,0.00031878279796992,0.1,0.1,0.9,8,0.3923618877715338,0.4280237650144178
20,5,0.3774871539270074,0.7620371822667742,0.7538507569073724,0.6859960368646796,0.1102881749790031,0.06666265434439124,0.00015261505479147,0.00019467568295964002,0.1,0.1,0.9,10,0.3706570524967694,0.4081205268911509
20,6,0.37203121459018046,0.7593067594754295,0.752685519986602,0.6897837260359153,0.016774334025723023,0.06962456945501988,0.00033659116067882,0.0003577947526748,0.1,0.1,0.9,12,0.3199804468382434,0.3320157682639723
20,7,0.3111025697441471,0.7152123965263922,0.7071211430148024,0.6466053503696517,0.11379074126663113,0.06819152452097196,0.00034198630982295,0.00036888887134952,0.1,0.1,0.9,14,0.2724011546379024,0.2726602135122927
20,8,0.3043793464999522,0.7135963641674536,0.7054051732073852,0.6503850177608271,0.019021857048966122,0.08225775797678311,0.00033799471239101,0.00033192986886338,0.1,0.1,0.9,17,0.2522477930717266,0.29073874632447
20,9,0.2776946348064184,0.68837626546708,0.6810059353589637,0.6267616376689538,0.11930081916818601,0.08080993126019477,0.00082485048285395,0.0006975312360753001,0.1,0.1,0.9,18,0.2021646431407725,0.2380105543654366
20,10,0.24190277059641732,0.6547044642964955,0.64623614262495,0.5915238684472729,0.16803903578037388,0.0749065400013051,0.00050972083296359,0.00045915766296874004,0.1,0.1,0.9,19,0.1898224824177981,0.2035215517788773
20,11,0.24141142857003603,0.6541655937673823,0.6456862237531764,0.5928914152679936,0.009130343437257984,0.07314356592453715,0.00046627630464725,0.00042827916298948,0.1,0.1,0.9,20,0.19274244291435,0.2046747934630851
20,12,0.2305269146167305,0.643387113102661,0.6362122966319764,0.5835751464714691,0.06349298361047165,0.0749065400013051,0.00050972083296359,0.00045915766296874004,0.1,0.1,0.9,21,0.1888424447943038,0.1813147500746473
20,13,0.21892106069861664,0.6315192277424316,0.6256053803131326,0.5751369200518056,0.039967054115335666,0.07918557954989577,0.00047127781970767005,0.00045612435303955,0.1,0.1,0.9,23,0.1783355901976421,0.1742956362724514
20,14,0.18592786533777508,0.5927605787629705,0.5872373236077929,0.5413660550466717,0.10257463324044783,0.07463132900503754,0.00051937935632168,0.00046885244230427,0.1,0.1,0.9,25,0.1457735919796223,0.1430555831380576
20,15,0.18471031939750684,0.5911942431975233,0.5856103807092322,0.5396140710771461,0.017415005129308662,0.07732756970591795,0.0005022344079758,0.0004446829972274,0.1,0.1,0.9,26,0.1479247594190161,0.1445456203081957
20,16,0.16146944477503808,0.5591238460615802,0.5541157056119597,0.509083213508015,0.17070709399856035,0.08441719199263549,0.00044267318025502,0.0004547144103201,0.1,0.1,0.9,27,0.1231642827338039,0.1331082418110914
20,17,0.15614963149924851,0.5527952397699532,0.5492954114045272,0.5074225614826848,0.016914627895942207,0.07067350334193467,0.00041170941891775,0.00039049802016159,0.1,0.1,0.9,30,0.1568895012545183,0.1436833631574445
20,18,0.15258477208299842,0.5460481616622229,0.5406311970525903,0.49470352747431023,0.023568221718481042,0.07612671203575742,0.00042960510616766,0.0004333948575565,0.1,0.1,0.9,32,0.1458124722542512,0.1549631207333119
20,19,0.14699168902834808,0.5395830624814286,0.5389757172133238,0.5017580461887445,0.02812494336373146,0.0739553032636871,0.00037486043163912003,0.00034735687310012,0.1,0.1,0.9,34,0.1462055383867905,0.1361785571331068
20,20,0.12674667738882714,0.5044355402265919,0.5026519550537419,0.4677723352204183,0.06440938804392267,0.07351415549848136,0.00044230398104328,0.00042085019218322995,0.1,0.1,0.9,37,0.1203002308647083,0.1247284029588369
20,21,0.12508167667681377,0.502034112950259,0.5018420492094561,0.4725036018892571,0.012805900670228465,0.07351485869315648,0.00044689326809508,0.00042419791366208,0.1,0.1,0.9,40,0.1204537759587156,0.1205098956689457
20,22,0.12312905235385312,0.49863763185550414,0.49834248512966034,0.4705073056654387,0.012464255576989386,0.07131807619027951,0.00035298588533276,0.00033036987944977,0.1,0.1,0.9,43,0.1239336735347964,0.1093849287978482
20,23,0.11703666041325074,0.4858538017971567,0.4850997098374425,0.46503468240351536,0.07491891330057629,0.07881725670479382,0.00051198867048861,0.00052462390441599,0.1,0.1,0.9,44,0.1239096803443896,0.1146855327943846
20,24,0.10285963903555012,0.4574068842507086,0.45905227910341906,0.4415248680447775,0.08011644236440998,0.07851124875086894,0.00032890818677611003,0.00035116456006163997,0.1,0.1,0.9,46,0.1056623389526924,0.1038440043225488
20,25,0.09951221211645518,0.4481009734289509,0.44608528511024137,0.42382427412020224,0.04752465384263081,0.08027635863418273,0.00033296466358515,0.00035610469100322,0.1,0.1,0.9,47,0.1009926065226185,0.09457691856135
20,26,0.09894172605993642,0.44763892096567004,0.44728374658575365,0.4267194287469761,0.013345323173999404,0.07921457467258299,0.00032263640714227,0.00034156866710277,0.1,0.1,0.9,48,0.1020324968293247,0.0903162401274702
20,27,0.09886894090914287,0.44660859948144066,0.44454319018972654,0.42217247310984024,0.010504705347530924,0.08021636232216432,0.00033398699260202,0.00035689376756614,0.1,0.1,0.9,49,0.0997867975658925,0.0929375079049364
20,28,0.09839608744613554,0.4459404394394808,0.4455179910322822,0.4271873016836206,0.01620086610703061,0.08235236940911436,0.00031496203388965,0.00034149367987661996,0.1,0.1,0.9,50,0.1066128965442181,0.0952120338720851
20,29,0.09666455006608782,0.44142803189420704,0.43918999370189216,0.41409495822261083,0.017062723839105443,0.08015959713618824,0.00032274788535879,0.00034423210994005,0.1,0.1,0.9,52,0.0992088649943369,0.0883255466520201
20,30,0.096258629149094,0.4422163706048974,0.44501183285802914,0.4421531542066529,0.012472219300832406,0.08242388990414165,0.00032142263748976,0.00038005348499978,0.1,0.1,0.9,54,0.0981359331700565,0.0922471741067143
20,31,0.09589627234300113,0.4412561421972876,0.4440173740712336,0.4410829342043646,0.013641939924189599,0.08296617997418634,0.00032887779488296,0.00038901807438882,0.1,0.1,0.9,55,0.0967096372577178,0.0922087105783175
20,32,0.09500554516498934,0.44170936509667347,0.4478577475325454,0.460775659942144,0.007861997399822433,0.07366713944364871,0.00052909759699035,0.00046492692812463997,0.1,0.1,0.9,79,0.1023318071721181,0.1020709932040721
20,33,0.07807051766611867,0.4007595085522901,0.4138987293346986,0.46226768321021505,0.07970849726703465,0.07338018109229169,0.00052793184233254,0.00048004275474833005,0.1,0.1,0.9,82,0.0801927767597055,0.0758780115865283
20,34,0.07786081650813653,0.40227787546433325,0.4204836706788901,0.5163570718274982,0.007960743460352842,0.07337680092495925,0.00052848033796926,0.00047945832254373,0.1,0.1,0.9,103,0.0801364236518826,0.0757725639961779
20,35,0.0774742374678962,0.4032668997451714,0.42652127271112694,0.6346329784293759,0.007961755409611049,0.07346299810362611,0.00052814789269658,0.00047902983462456,0.1,0.1,0.9,145,0.0797420544144132,0.0753487528403308
20,36,0.07741988608334606,0.4059329939896191,0.4359641599796478,0.6976939931196108,0.007871085545093347,0.07347967565367221,0.00052817287018484,0.00047894965962742,0.1,0.1,0.9,165,0.0797452680765495,0.0753251306814365
20,37,0.07729884176583945,0.4050210882690537,0.4333523931243012,0.6770442685768655,0.007824601171153,0.0727564518453373,0.00052227783242021,0.00047490821993086,0.1,0.1,0.9,174,0.0804613268588308,0.0756463090332177
20,38,0.07733475788179885,0.407842534330624,0.44295396729679787,0.7573691260446986,0.007834676313507415,0.07328660520405743,0.00052810805353248,0.00047923069583321,0.1,0.1,0.9,188,0.0797019050783221,0.0752747617811141
20,39,0.07724498888818222,0.4069151089576537,0.4403242887992878,0.7244398144341032,0.007929248193636872,0.07308509638313879,0.00052889093644446,0.00047856434197501,0.1,0.1,0.9,195,0.0804122279559074,0.0759042357085637
20,40,0.07665052999224525,0.40573226265905543,0.4407710103229277,0.7580220122865943,0.009792527948043124,0.07391741004340094,0.00052839950951265,0.00047956270743772,0.1,0.1,0.9,200,0.0798286240269279,0.0742993418932383
21,0,0.9876674772154347,0.9969006449169419,0.9967970090862464,0.9311099666530754,0.0,0.0,0.0,0.0,0.1,0.1,0.9,1,0.9587867327825598,0.965293877658265
21,1,0.8139583446690125,0.953115832865469,0.9513342006917318,0.8851994148091487,0.12807619409961027,0.06380313056192466,1.700286104705e-05,1.483214800142e-05,0.1,0.1,0.9,3,0.7332803034402512,0.84256132052939
21,2,0.4515763987389078,0.8064004911929671,0.7996966754806146,0.7246620451243293,0.7207787012399645,0.06663482869115359,0.000254513355971,0.00021471691722705,0.1,0.1,0.9,4,0.4052666471075912,0.433792030092772
21,3,0.32834220400914765,0.7276575076997905,0.7183241364596541,0.6418496105303108,0.19746538062673757,0.06662840626499401,0.00013702619715757,0.00011207040276131001,0.1,0.1,0.9,6,0.3170486276334393,0.3521299296324057
21,4,0.31994082536518337,0.7227061714675909,0.7165510968013191,0.6430566024653099,0.014497186614027456,0.06663554692125614,0.00014076681738684,0.00011131008157203999,0.1,0.1,0.9,10,0.3151752200772708,0.3385340088229884
21,5,0.3008706435927288,0.7084726607471539,0.7034913538142046,0.630956233580868,0.04529992062902942,0.07243611755285022,0.00024383619317866001,0.00019281125379388,0.1,0.1,0.9,12,0.3068732182135967,0.333478787907765
21,6,0.297959758869121,0.7066575209530417,0.7016384300860748,0.6484075890762218,0.011174772226102848,0.06666398648908058,0.00013387835494745,8.464222308097999e-05,0.1,0.1,0.9,14,0.2823757671116254,0.2855820594906347
21,7,0.2624520630628359,0.6767069846205261,0.6723565766450983,0.6198580082334945,0.08208454620417524,0.06661035987975258,0.00022960812744953,0.00013865491674395,0.1,0.1,0.9,16,0.2817729102710147,0.2477366779550761
21,8,0.22897592530843838,0.647068007208391,0.6433811989354006,0.5917695182364638,0.08903108440680979,0.07092255363931788,0.00038768644641337,0.00021363053970292002,0.1,0.1,0.9,18,0.2619044001204907,0.2171510793490524
21,9,0.19082576192393816,0.599790066472559,0.5961849941232266,0.5467740224796901,0.11524401992444616,0.07323410432515834,0.00043244947217117,0.00026114600657174003,0.1,0.1,0.9,20,0.2285282343484554,0.2055433479999175
21,10,0.18782834138618887,0.5967163262027703,0.5946817863500937,0.5500721977592335,0.016676196045313743,0.07282083804029324,0.00046783990886573,0.00025779826235913003,0.1,0.1,0.9,22,0.2295211601142167,0.1911522446151497
21,11,0.1498329664751182,0.5420024575309741,0.5364673341258096,0.4895780831676067,0.26929325433364903,0.07257267205259164,0.00041952705992378,0.00026047465880423,0.1,0.1,0.9,23,0.2073223708620263,0.1523322356113307
21,12,0.14720054643827407,0.5385111178618952,0.5345322140504976,0.490836738420029,0.017577104919341363,0.07238256685669227,0.00041047757450715,0.00024881520912065,0.1,0.1,0.9,25,0.198017338176369,0.1486540933569819
21,13,0.1452367712114254,0.5352327758614885,0.5311384665556048,0.48945467642757895,0.02446850915897409,0.07385815804095278,0.00048018310434854,0.00026899455303948004,0.1,0.1,0.9,26,0.210028455880377,0.1464425536545525
21,14,0.13056664689297298,0.5089838545537045,0.5039663374336801,0.4639858092536279,0.14290071171770974,0.08774143417657708,0.00036008579998727,0.00025092461200323,0.1,0.1,0.9,27,0.1814376200562573,0.1495334043010033
21,15,0.12897315147101804,0.506560300490774,0.5031249040698725,0.46658543722490625,0.01753608443995536,0.08969193572668893,0.00045215416515813,0.00031508215114831,0.1,0.1,0.9,29,0.1828057658251186,0.1557021124171221
21,16,0.1246445119899689,0.4992639653799857,0.4956151510519538,0.4632888793077675,0.03929500207321931,0.08097049905966267,0.00043561093912661,0.00027071102370744,0.1,0.1,0.9,30,0.1777523089891216,0.149275869662441
21,17,0.12424915061357122,0.498502612769775,0.4948278026730565,0.46244498685375457,0.012177591045839457,0.08112729066170396,0.00043583868053741003,0.00027112417697862997,0.1,0.1,0.9,31,0.1776061719680128,0.1493982110201533
21,18,0.11423471734373766,0.47888393808535445,0.47620623408392954,0.45089510341338995,0.11024838414960053,0.0866289591895541,0.00040544743472127,0.00028736299277447,0.1,0.1,0.9,32,0.1714365936070102,0.1323054937480491
21,19,0.10899087447212444,0.46947832288810454,0.4665317991482995,0.4422050051869647,0.027254141078641648,0.0728970103617164,0.00040886583592873,0.00029417198969741,0.1,0.1,0.9,34,0.1734122931821372,0.1252298773350572
21,20,0.10349961650580583,0.45876006409818676,0.4571419138925991,0.4335487674247501,0.0337229067590114,0.06865883914968136,0.00047372031042593,0.00026521643384275,0.1,0.1,0.9,36,0.1676478804237583,0.1237517420014776
21,21,0.1002378896050322,0.4506349091844637,0.4487250477650034,0.4342987371176167,0.04999487105678095,0.07508599848497773,0.00039649957947551003,0.00022481551960347001,0.1,0.1,0.9,37,0.1577893945987595,0.1074680785703949
21,22,0.09825652920417081,0.44709352267171537,0.44674646785035904,0.43370283222000305,0.026581873963632305,0.07215767101761963,0.00041875232899194,0.00023876569084317,0.1,0.1,0.9,38,0.1595045323284635,0.1142256963644798
21,23,0.09341775393374008,0.4349268787868545,0.4341584958311431,0.4301286337443445,0.06900385393616637,0.0762875588387258,0.00045700468682689994,0.00025726335792785996,0.1,0.1,0.9,39,0.1513577968373105,0.1011583707479282
21,24,0.09340193276814222,0.4363011531209184,0.43892257127588075,0.44869807437739845,0.007953361559826963,0.07628565002611246,0.00045724538299395,0.00025756154697202996,0.1,0.1,0.9,43,0.1512868080711061,0.1009861151846168
21,25,0.09188972964753674,0.4336985347395708,0.4362581143274805,0.445903600246488,0.010169411551085503,0.06858774880765114,0.00048314108486502,0.00027293983643657,0.1,0.1,0.9,46,0.1569104105432968,0.1023108527054793
21,26,0.0911271196010352,0.43248331243801735,0.43667352037645735,0.4584073196031282,0.011873937528558675,0.06877656193947826,0.00048398640039196996,0.00027401226842556,0.1,0.1,0.9,48,0.1545433212564751,0.1002095348282291
21,27,0.08428673222010956,0.4146420620780693,0.41823126196570953,0.43605488263109426,0.05085376128181547,0.06996556239760363,0.00048700073810068,0.0002881477297713,0.1,0.1,0.9,50,0.1483839467080708,0.0934857049484426
21,28,0.08290767234712579,0.40982851572703366,0.4115770023852463,0.43727136753100215,0.014560881529052015,0.07298465695140628,0.00040658640635400005,0.00022226267751470998,0.1,0.1,0.9,53,0.1377519802069517,0.0942053938760827
21,29,0.07216466827369117,0.37914544989706667,0.3815332317402834,0.4070209482364861,0.16092043230881287,0.07441916289664306,0.0004903922990159,0.00027356065344714996,0.1,0.1,0.9,54,0.1228433958329152,0.0771913846532347
21,30,0.07209248366796867,0.37971956461601514,0.3837999215442226,0.4218196562147644,0.007910729404809433,0.07410154469129471,0.00047153175153729997,0.00026303947743568,0.1,0.1,0.9,56,0.1222940521394206,0.0772400648443217
21,31,0.0720996180768004,0.38035845758837594,0.3861306538961434,0.4289850481701896,0.008005571995590911,0.07441916289664308,0.0004903922990159,0.00027356065344714996,0.1,0.1,0.9,58,0.1226589069143615,0.0770521855196089
21,32,0.07013949564650374,0.3742512338680947,0.3798191409421635,0.4380289236436955,0.017615890024054538,0.07452390134669129,0.00047340406157531,0.00026631837184905,0.1,0.1,0.9,61,0.121662583986729,0.077632543271515
21,33,0.07000113080585517,0.37739604293857293,0.3914294672407828,0.4976638823933948,0.007854779647190537,0.07445298306883781,0.0004627635037793,0.00025116760630318,0.1,0.1,0.9,74,0.1223447364112011,0.0804098243617759
21,34,0.06918195367520122,0.37505503595221795,0.3890140386088246,0.5063635259995233,0.009766047080881319,0.07324597034184518,0.00047122359429016997,0.00025618740773723,0.1,0.1,0.9,79,0.1182366313095868,0.0964897903913052
21,35,0.06837440173582239,0.37199038991184374,0.3858397604174465,0.5002510487795317,0.015752677399786738,0.0754366347019813,0.00046303573265026,0.00025146578657924,0.1,0.1,0.9,81,0.1165335101116143,0.0826888217203048
21,36,0.06489555452832214,0.36174158005029994,0.37692746273941885,0.5042713989851549,0.024957040260611334,0.07316849126906325,0.00046281911412437,0.00026115439447274,0.1,0.1,0.9,84,0.1122028122597558,0.0854267293320047
21,37,0.06483274958752303,0.36297458416975703,0.3815459829235355,0.5149396229370381,0.007787266562365368,0.07303862932598434,0.0004627960749819,0.00026090688606277,0.1,0.1,0.9,88,0.1121105014947243,0.0852139045017675
21,38,0.06428638562769742,0.361707274825232,0.3802444106310478,0.5272242796487338,0.008998067494129828,0.07062620051217343,0.00046304087992276,0.00025928312309258,0.1,0.1,0.9,91,0.1113886923837535,0.0840503298401921
21,39,0.06429437553769507,0.3623924711741275,0.38262377573647893,0.5437250270735043,0.007463849110070261,0.07082768262001961,0.00046301194241904996,0.00025951348229991003,0.1,0.1,0.9,93,0.1114492055927689,0.0841112975556747
21,40,0.06428780534300425,0.36237598232495427,0.38260681856096823,0.5437069700287194,0.00739415636967479,0.07080790059830319,0.00046284219914093994,0.00025903090943598,0.1,0.1,0.9,95,0.1114591630683987,0.0836539647621903
21,41,0.0642274996163395,0.36352552278775746,0.38713780865590763,0.5797326830433001,0.007560445530929823,0.07105163718140667,0.00046299801705335,0.00025983769440361996,0.1,0.1,0.9,103,0.111363084857582,0.0840450032247042
21,42,0.06415797590597713,0.3621169610812151,0.384003690068311,0.6043590165716366,0.008015223153534676,0.07301104893321828,0.00046146612937985004,0.00025896531992,0.1,0.1,0.9,113,0.1115786932814981,0.0837726445316106
21,43,0.06399167554142958,0.3628978927934099,0.3881536572757178,0.6236726643646202,0.009208635078293028,0.073355699890759,0.00046660893021118,0.00025099636518672,0.1,0.1,0.9,115,0.1139495962609461,0.0810749223620372
21,44,0.06382874976593991,0.3632063785183006,0.3901465576043094,0.6147017511227513,0.008351884370191045,0.07269665105213367,0.00046599621208062004,0.00025202983912771,0.1,0.1,0.9,117,0.1141795103268327,0.0833642737067818
21,45,0.0635805054220007,0.3618182716004777,0.38704241196955363,0.6254790620480307,0.010444095477435114,0.07197256221602202,0.00048360067504011,0.00025404517180113,0.1,0.1,0.9,118,0.1150393269555212,0.0818100248347225
21,46,0.06352901685297042,0.36129269721531854,0.38649443683396373,0.6335653466389222,0.009243290799009101,0.07345789505028365,0.00046366994526767,0.00025157290052428,0.1,0.1,0.9,120,0.1142110872617097,0.081607632145654
21,47,0.06288218925728455,0.36123215223610755,0.3897859944569888,0.6318811519704385,0.010138971603169488,0.07037374076518768,0.0004778610002369,0.00025124067984711,0.1,0.1,0.9,122,0.1144758300550123,0.0824112741871323
22,0,0.9655637888507004,0.9912492577597463,0.9909566174675111,0.9237681889334552,0.0,0.0,0.0,0.0,0.1,0.1,0.9,1,1.0498862785433536,0.959278785430292
22,1,0.8053993795732383,0.9510291935905462,0.9491504426009465,0.8828013896591421,0.12223336159777494,0.07194833142427735,1.694003598638e-05,1.860766754055e-05,0.1,0.1,0.9,3,0.7713193360179231,0.8422410964752841
22,2,0.4427010252348817,0.8015049514020246,0.7946353434056723,0.7192353004780841,0.7308010390233349,0.06664001923887951,0.00027737531059825,0.00028104086332759,0.1,0.1,0.9,4,0.4367564900265449,0.4277289084473494
22,3,0.44136948832725126,0.8014955565773172,0.7962951550215568,0.7219517154153788,0.008923394104777082,0.0672750549448087,0.00028326568473976,0.00028851700897862,0.1,0.1,0.9,6,0.4332823106706077,0.4302262070140981
22,4,0.32545644607133983,0.7262064455614571,0.7184950494329183,0.6434420631323954,0.18891322865640064,0.06665988955104038,0.00014766208868968001,0.00015433337661243,0.1,0.1,0.9,8,0.324477406418188,0.3450124498957171
22,5,0.3245523150131629,0.7255224405964785,0.7177882630954272,0.6486711817992051,0.0084707958172376,0.06666432453053885,0.00014553629186980001,0.00015171441652392,0.1,0.1,0.9,10,0.3213720380618064,0.3440511414386824
22,6,0.31317124514103445,0.7175374107123691,0.7111971542079604,0.6390130295294599,0.05090360892373879,0.06925313533083687,0.00021519918655958002,0.00022275737534409,0.1,0.1,0.9,11,0.2883864321214976,0.3426409891523886
22,7,0.2902843857553182,0.6995971642790447,0.6943401312962092,0.6269413414738498,0.036445143340708926,0.06663866061736823,0.00014825212061251,0.00014789730131207,0.1,0.1,0.9,14,0.3321879297681679,0.3066731487917397
22,8,0.26531333753579,0.6783180379831677,0.6740213680584672,0.6126620524529318,0.06008613174314324,0.06657183345786197,0.00015634873038226,0.00015529940773665,0.1,0.1,0.9,16,0.2834201625670361,0.2763209917954244
22,9,0.2637805925536377,0.6769073342796101,0.6725630524559122,0.611098955421686,0.013733152679541385,0.06650466246364174,0.00016697913867725998,0.00017602644318931999,0.1,0.1,0.9,17,0.289999409692341,0.2743313059909621
22,10,0.23321320458473563,0.6476569648508121,0.6439862082257359,0.5831305615341372,0.15569783328814157,0.07169425011222279,0.00026108536263238,0.00026287136857694,0.1,0.1,0.9,18,0.2392391013789487,0.2513639151084507
22,11,0.23029518073286623,0.6445844216433108,0.6408108481629212,0.5851212001303859,0.014860156943695692,0.07171324085947522,0.00025359401426335997,0.00026478973203812,0.1,0.1,0.9,20,0.208016761043329,0.2597849104427893
22,12,0.20089233432557457,0.611604039239532,0.6067263845548744,0.5529549979457834,0.0877758766320153,0.07167384942275248,0.00025385758960432003,0.00031200214541773,0.1,0.1,0.9,22,0.1977669944692482,0.2228028875006512
22,13,0.19480772367073063,0.6054733967802812,0.6020642138606194,0.5554668422037248,0.025271220147226665,0.07170215281598169,0.00022816410949042,0.00025990306250432,0.1,0.1,0.9,24,0.186437756958174,0.2196187272338173
22,14,0.1931867123403999,0.6021794474221399,0.5969876286995908,0.5503583735044919,0.017306216228551972,0.07154045240589219,0.00025079863660356,0.00029415640601571,0.1,0.1,0.9,25,0.1976313201672854,0.2122598124132833
22,15,0.17477356251019419,0.5788661676111587,0.5745678897283361,0.5340660522903526,0.06562040553234606,0.07153700917789316,0.0002410014345878,0.00025652831078313003,0.1,0.1,0.9,27,0.1697577072906565,0.1782634029511807
22,16,0.17173399308646772,0.5774017734529707,0.5797422277845075,0.56334838730087,0.009670956592605388,0.07153700924813126,0.00024100143855148,0.00025652831723315,0.1,0.1,0.9,36,0.1642163079016911,0.186101210539425
22,17,0.17087710104170586,0.5796156808712871,0.5903814835147679,0.5702911727647768,0.008726996342844686,0.07399454062342684,0.00025955088169646,0.00025755272793886,0.1,0.1,0.9,43,0.1709533024920658,0.1514717132287569
22,18,0.17028552009332232,0.5798129660008521,0.5889206076075582,0.5767361793684704,0.010011110494729724,0.0718759804880035,0.00021382290429215,0.00026013806323366,0.1,0.1,0.9,44,0.1804269369614505,0.1498401078440626
22,19,0.16135323680407276,0.5652711584120448,0.5738902181711788,0.5696546735357888,0.038950557512999064,0.07169189773403373,0.00059228614243415,0.00031586790693742,0.1,0.1,0.9,46,0.174193739983447,0.1734501649150588
22,20,0.15371730575085413,0.5545757061929983,0.5645150906295398,0.5570598452424544,0.06193704131813689,0.07020287643337257,0.00031014335241295,0.00031165551017885,0.1,0.1,0.9,47,0.1502534768157878,0.1240900254822864
22,21,0.13947644018783378,0.5302149804181961,0.5359767496249209,0.5241572217233215,0.12417056384042666,0.07563917468160455,0.00034244680757144,0.00034125633033752,0.1,0.1,0.9,48,0.153198453360512,0.1196332502574434
22,22,0.12505860181241232,0.506346780829717,0.514690204891396,0.512919924449999,0.06433961596342341,0.0646088873310353,0.00041222622106636,0.00036569366663374,0.1,0.1,0.9,50,0.1373243666322424,0.1203535214334601
22,23,0.10174898069368142,0.4584301942329087,0.46681548299728237,0.47598512785485053,0.1276595608673488,0.07247113942037144,0.00033433778683664,0.00042458844940367,0.1,0.1,0.9,52,0.1088261082824535,0.0861238594940039
22,24,0.1017378428454203,0.45840462000358956,0.46678905276346083,0.4734078206836493,0.00778504863669361,0.07247113942037145,0.00033433778683664,0.00042458844940367,0.1,0.1,0.9,53,0.1088096895437742,0.0861077242191492
22,25,0.09273134217212275,0.43769222064419544,0.4470525345492166,0.45918418904193714,0.059902312932033505,0.07346273841831606,0.00034336777234508,0.00042863849250223,0.1,0.1,0.9,55,0.1073801436351018,0.0820233559916662
22,26,0.07992766233222284,0.4047403692675897,0.4130121477497188,0.4367973141502748,0.0599785608571646,0.06883790694129721,0.00040871492117926,0.00049202797668279,0.1,0.1,0.9,58,0.094076966693767,0.0757510076887506
22,27,0.07914739065556473,0.4034913396002026,0.41339764272289736,0.43802071795940795,0.011662738184506848,0.06784574057529134,0.00039299545049874,0.00045903686282663004,0.1,0.1,0.9,60,0.0941004008593376,0.0818405404250591
22,28,0.07326330527009335,0.38572376737230185,0.393365540688065,0.4236641793366923,0.08971313277682726,0.06734318355309228,0.00036125085158426,0.00046803468605210996,0.1,0.1,0.9,61,0.0913652074011137,0.0721475322864309
22,29,0.07173156416658122,0.38291170318377477,0.3954705321685734,0.4460264985329011,0.011446178560188276,0.06889730228158021,0.00036672622685076,0.00045062754621667,0.1,0.1,0.9,67,0.0890984618348388,0.0731818386375633
22,30,0.07085170777541382,0.380369769135895,0.39284670413449047,0.4506009001882414,0.013135051282995603,0.06834897777602467,0.00037371931754743,0.00040760150823594004,0.1,0.1,0.9,69,0.0894120026221162,0.075918650672911
22,31,0.07069140178156885,0.38143902094420684,0.3972979941743085,0.45836300317021483,0.007496533196010764,0.0677733716632096,0.00036391822168464,0.00039191203079509,0.1,0.1,0.9,73,0.0912789886398172,0.0807566852753074
22,32,0.06854035768558263,0.3742881187932923,0.3899022047319091,0.4721192113699452,0.014444406211181813,0.06900227488539183,0.00036299125069189,0.00044718778197819003,0.1,0.1,0.9,78,0.0873730551783206,0.0719935004026454
22,33,0.0680527441182427,0.3743583820298454,0.39332197650737744,0.47104532898726814,0.009255472274453726,0.06819844714219021,0.00035782115709917,0.0004272812894767,0.1,0.1,0.9,81,0.0843202402679251,0.0729238765709732
22,34,0.06672913868666022,0.3705440801817641,0.38938708304828423,0.48271257067573864,0.01286840309195422,0.06628201352135958,0.00035683119249564,0.00040890434841773,0.1,0.1,0.9,84,0.0842173796824053,0.0749250337435467
22,35,0.06670984938576223,0.367179303296953,0.37921507085680245,0.4305778816477894,0.008150569358978456,0.06827972247460207,0.00036445401028107,0.00041964837237365004,0.1,0.1,0.9,88,0.0849997482938873,0.0728511629187731
22,36,0.06680943469457652,0.37144104667118033,0.39530812003793625,0.5206647495059161,0.013077710844639068,0.07221721402527714,0.00038394173005933997,0.00046792935465308995,0.1,0.1,0.9,89,0.0866027808920808,0.0689798830302407
22,37,0.0666329957774636,0.3718366528266784,0.39739280200488797,0.5316326073911702,0.007798113427041762,0.07111100399527845,0.00038085253585778,0.0004605382218474,0.1,0.1,0.9,93,0.0861109200834912,0.0688453948292285
22,38,0.06589997273538926,0.37020570733561053,0.3973804453937041,0.5416513036797849,0.010318402611602901,0.07072856212349886,0.00038287542446782,0.0004629437455197,0.1,0.1,0.9,97,0.0870706167998701,0.0689181300205038
22,39,0.06530848324754968,0.36893839346069274,0.3977426139639489,0.5532889335527025,0.009925377027373903,0.07074219541858831,0.00039399236523302,0.00046241142494671,0.1,0.1,0.9,101,0.0861481242212693,0.069596245424881
22,40,0.06506485427660991,0.3702408417558846,0.4041043722309689,0.5780014639666284,0.008026504560145536,0.07074339478733314,0.00039516002890485,0.00046295803047505,0.1,0.1,0.9,109,0.0877871570798744,0.0686887464364726
22,41,0.06436074102616175,0.36823984108555274,0.40370368471516477,0.5890781846502514,0.010431684152326082,0.07177135735410596,0.00039459317841673,0.0005049695384775501,0.1,0.1,0.9,114,0.0854087763168303,0.0681606458299309
23,0,0.9661155922704917,0.9913918782932346,0.9911040119335116,0.9239260986359915,0.0,0.0,0.0,0.0,0.1,0.1,0.9,1,1.0473230421630455,0.9598162938814014
23,1,0.9223991824955463,0.9833424900426179,0.9826246528712668,0.9170767638365214,0.03598791596846583,0.04804506700229666,3.623769645914415e-06,4.223355781065226e-06,0.1,0.1,0.9,3,1.000494324172153,0.8742056420729176
23,2,0.638700869827037,0.8926745924578722,0.8888592992013261,0.8201974798740131,0.45601964763232383,0.06664709906404721,5.9266726322929994e-05,0.00011326137394505999,0.1,0.1,0.9,4,0.5306616526460269,0.6490078038030361
23,3,0.6160220223489711,0.8833944242857132,0.879282855821682,0.8112263013800903,0.04932159125508784,0.06271564564724416,3.429874252193e-05,8.637422411591e-05,0.1,0.1,0.9,5,0.5255639013152761,0.6280218202000182
23,4,0.32373272384760426,0.7241918153090234,0.7147415144486744,0.6371649969340586,0.7811121990846266,0.06663784796575578,0.00013421517882898,0.0001461508704634,0.1,0.1,0.9,6,0.3674826026611136,0.3626632003121082
23,5,0.3071137342914752,0.7120540278807854,0.7038550929122322,0.6267860169095174,0.039457032857504556,0.07041216280038723,0.00019057994701754,0.00020752813051771999,0.1,0.1,0.9,8,0.346606223393181,0.3513043491258661
23,6,0.3064620154554073,0.7122271428122607,0.7057078678706206,0.6382838630988465,0.007959931397134449,0.06970064631357306,0.00020136999566316998,0.00022237760420382,0.1,0.1,0.9,11,0.3451741595332407,0.3437071370056046
23,7,0.306430002945087,0.7129193252451368,0.7080932040899391,0.6412993066489925,0.007591889865563442,0.07041216280038722,0.00019057994701754,0.00020752813051771999,0.1,0.1,0.9,12,0.3453921609985712,0.3430084756723996
23,8,0.25016974031834455,0.6640038295712141,0.6592297046081068,0.5925802899034929,0.05445400510273886,0.0666665616762242,0.00011632847610329,0.00010986314443514,0.1,0.1,0.9,17,0.290078287469084,0.2674089827295521
23,9,0.18599563943105596,0.5929807401516056,0.5874837570648945,0.5247128526586372,0.18274631506720945,0.07155157633174823,0.0002373616373077,0.00021435815261394998,0.1,0.1,0.9,19,0.2326534704042759,0.1997034571161271
23,10,0.17038855684984094,0.5726116804268268,0.5680993152923233,0.5013572639451562,0.05910920005622386,0.0729537611715978,0.00026618787668464,0.00026041906004871,0.1,0.1,0.9,21,0.2055460229772883,0.1779376251749365
23,11,0.17038000859043112,0.5725996480322566,0.5680868869851083,0.5055811367565898,0.007614402096473728,0.0729537611715978,0.00026618787668464,0.00026041906004871,0.1,0.1,0.9,22,0.2055464377376013,0.1776927002872657
23,12,0.16225341886505867,0.561630294557315,0.5584226194622298,0.49943649092200143,0.06419115427633659,0.07297453887294444,0.00027589639051606,0.00025874067051843,0.1,0.1,0.9,23,0.1942255269920711,0.1707614012233178
23,13,0.11773584984820289,0.48594449573712467,0.4802051894274625,0.4156368089186425,0.19117532761218037,0.07316844751625795,0.0002700027640982,0.00026486515579608,0.1,0.1,0.9,25,0.133891619709731,0.1086530273305244
23,14,0.07712759548739039,0.39022474887572856,0.38130088971516624,0.31539346629176646,0.2380379680100353,0.06828715878469724,0.00027390970402221,0.00026929252773246,0.1,0.1,0.9,27,0.0933159226206447,0.0892348464785686
23,15,0.076016961989915,0.38770249495880027,0.3803660868781127,0.32584216754710543,0.014933999978754161,0.06831817388681441,0.00027473464287247997,0.00027027004050012,0.1,0.1,0.9,29,0.0910451234054529,0.086720526224371
23,16,0.07314164514226257,0.3788103722204747,0.37117054447645426,0.32199990393104927,0.029286699179325793,0.07014353351557796,0.00027414424835659,0.00026950750809608,0.1,0.1,0.9,31,0.0903164610502096,0.0840584304710731
23,17,0.04854619099382565,0.2924689881781578,0.2836221744020979,0.23518495919434176,0.21763863076417536,0.06748334049948165,0.00029570652376078,0.00028987071634892,0.1,0.1,0.9,33,0.0591441482537766,0.0570694999860982
23,18,0.04674755226010303,0.2850870447496733,0.27766069639638824,0.22764503519008122,0.027473603786908805,0.06885442570331424,0.00029668157249270003,0.00029094601853889,0.1,0.1,0.9,35,0.0583633898496211,0.0508075600909644
23,19,0.04470214519962356,0.27645483669033655,0.2704117671877925,0.22845255274521284,0.029361960726605546,0.06885442570331424,0.00029668157249270003,0.00029094601853889,0.1,0.1,0.9,37,0.0555157056833977,0.0495244503121727
23,20,0.034590526522585326,0.2254377775589344,0.21602029918238078,0.17031333365783302,0.2506809775369173,0.06761314106115406,0.00031469093399139,0.00031223494213501003,0.1,0.1,0.9,38,0.0463575409534214,0.0478809952863252
23,21,0.03425055325902245,0.2234584045269896,0.2139742036448993,0.1681176009971546,0.016705893704178517,0.06778156545432543,0.0003141220271904,0.0003113371149405,0.1,0.1,0.9,39,0.0457122459099091,0.0473309170133102
23,22,0.03426570053253453,0.22179776183005728,0.21391230897949506,0.18580201642721744,0.011113691041868552,0.07309874109655914,0.00032747690868903,0.00030558156255872,0.1,0.1,0.9,43,0.0444373216955521,0.0403995012348419
23,23,0.025958056172307276,0.1724379483887682,0.16458455210137024,0.13190597453132,0.12793185321150963,0.0697110653011678,0.00033265051033492,0.00032758509618421004,0.1,0.1,0.9,45,0.0359213837532681,0.0358013343091528
23,24,0.019180140126958806,0.12116759371873274,0.11160079171673352,0.08875045586078578,0.13152510264967934,0.06874547364970071,0.00038092143916398,0.0003964479648942,0.1,0.1,0.9,47,0.0312245460044588,0.0334620370154588
23,25,0.01581277566847222,0.09109297713797428,0.07885122595352163,0.05876133002822718,0.14924232473198357,0.06842537256649253,0.0003753979731612,0.00034537804378515,0.1,0.1,0.9,48,0.030417257681907,0.0337395597055966
23,26,0.014489513475909266,0.0806152715761399,0.06970109254580019,0.05493224427941615,0.060510253788442867,0.06677402708755553,0.00035067183974511003,0.00033210828924646,0.1,0.1,0.9,49,0.027129917156722,0.0313748067319967
23,27,0.012969465541043617,0.06297475252463935,0.05146298801455265,0.031884001429473494,0.09392329361085901,0.06886549223261111,0.00037874275222788,0.00035316834225225,0.1,0.1,0.9,50,0.0276672608448373,0.0308653258575369
23,28,0.012607905631040488,0.05909163141032922,0.047450002989275465,0.02075080036712898,0.025925659695038048,0.06886549223261115,0.00037874275222788,0.00035316834225225,0.1,0.1,0.9,51,0.0271598499549364,0.030811667243632
23,29,0.012554377059609994,0.05924775049860956,0.04928335372686716,0.04403971626107036,0.008125614197135218,0.06883702111583298,0.00037899447493501,0.00035347645496225,0.1,0.1,0.9,54,0.0269070783098697,0.0303577591009237
23,30,0.012383755500439946,0.05917657600903218,0.049215441175739505,0.04909436769353376,0.007118562979339359,0.06718867686570673,0.00037575226388697,0.00034943923698256996,0.1,0.1,0.9,56,0.027241046702702,0.0318867494984053
23,31,0.012171283812484623,0.05772777799276606,0.047721284352613955,0.054600450492766066,0.01326300366291426,0.06625973108339664,0.00037644050514207,0.00034996742922694,0.1,0.1,0.9,57,0.0278036688394754,0.0335621199683102
23,32,0.012050853434641339,0.05350661883962159,0.04334936348840004,0.049884086759861175,0.02885830964317717,0.06908266462558282,0.00038156932613288,0.0003553454764403,0.1,0.1,0.9,58,0.0274143340203822,0.0295681570980017
23,33,0.011881913675248233,0.05179087650667675,0.04157674408712893,0.055134321937800636,0.015499165433470932,0.0689313618051271,0.00037971232419198,0.00035577800933836,0.1,0.1,0.9,59,0.0267384773906085,0.0289304743525551
23,34,0.011430140346867299,0.049075351233697245,0.0421172168134402,0.05169704723194186,0.017010030141990273,0.06838444988912686,0.0003396829592,0.00032300071018311,0.1,0.1,0.9,61,0.0253426141633492,0.0277447075855618
23,35,0.011333642747472802,0.04868351440538356,0.04338421835483655,0.06299483262860502,0.009801215790342486,0.0683838518639879,0.00033969288890541,0.00032298559683251,0.1,0.1,0.9,63,0.0255917540003349,0.0271412692846467
23,36,0.01113966300858488,0.044351313274240224,0.033891364850413434,0.007163041512301536,0.00983373553995648,0.0683838518628567,0.00033969288892409996,0.00032298559680384,0.1,0.1,0.9,67,0.0252501626733076,0.0271499639919788
23,37,0.010503857578947548,0.04123408722166552,0.04070145614427334,0.10030441661833538,0.01162559719270333,0.06817265681106677,0.00035723960494516,0.00034489111165324,0.1,0.1,0.9,75,0.0254765048201057,0.0274303289766685
23,38,0.010205599399176762,0.03534249332445677,0.02959633878082715,0.07865543647900704,0.025572170100038566,0.0683527619409968,0.00037134590774285,0.00034807307148604003,0.1,0.1,0.9,76,0.0231022133320277,0.0249796763762671
23,39,0.009758437592858826,0.030300625698740542,0.024386915105582486,0.06205172910557848,0.019304285371876204,0.0680415973107705,0.00037270454749193,0.00034826645275976996,0.1,0.1,0.9,78,0.022534354152575,0.0245833159526946
23,40,0.007662288456395053,0.007090357384366867,0.007090357384366867,0.06754794661712614,0.07007030793692345,0.06733058191329314,0.00037464764815016004,0.00035537158691393,0.1,0.1,0.9,80,0.0210006872229798,0.0235997324768777
23,41,0.007515960931655832,0.01726007423000728,0.042683170926186995,0.2967106453647523,0.00699460500587624,0.06593768522007423,0.00037128174511925,0.0003730971447258,0.1,0.1,0.9,133,0.0217390681405048,0.0268232674628898
23,42,0.007506880729749829,0.01794331527122557,0.04506144508597063,0.3084399045275429,0.006996323707965184,0.0659139567385775,0.00037113936480023,0.0003669365551886,0.1,0.1,0.9,135,0.0217187993051148,0.0271044656751434
23,43,0.007474101581957898,0.016736125169666088,0.04214180192493614,0.31088043474407195,0.0075760527629231324,0.06590162142634297,0.00037131962552256,0.00037348125857882003,0.1,0.1,0.9,139,0.0216388131960945,0.0270297511814197
23,44,0.007451943624727753,0.019061149819938308,0.05123173289590101,0.3397921463491523,0.0073379972680099985,0.06601111105316593,0.00037675925095723,0.00037862274401257,0.1,0.1,0.9,146,0.0215723595758377,0.0258614798108774
23,45,0.007251050532066087,0.018168780839022625,0.05365451297800415,0.3918427899202621,0.007947457611949054,0.06587671705653708,0.00036912913494793,0.00035692018232438003,0.1,0.1,0.9,157,0.0236014757303147,0.0262482184515415
23,46,0.007145527629675736,0.016113603904425896,0.05152901212369917,0.42317460290059056,0.007843597235179588,0.06613244866278215,0.00039099628895093995,0.00037927914229712,0.1,0.1,0.9,169,0.0236513326318546,0.0269301835965704
23,47,0.007072994613488617,0.020772319205956846,0.06804884265860939,0.4817512606263201,0.007040219688092163,0.06573205291787271,0.00037030460394739,0.00036418036090979,0.1,0.1,0.9,180,0.0239963047186535,0.026157089270323
23,48,0.007040959831310933,0.021651187996449484,0.07063063205716323,0.5863276783878918,0.006948849710873945,0.06496102464862837,0.00040120599127736994,0.00039304412935048003,0.1,0.1,0.9,194,0.0246431526255124,0.0270615083305684
23,49,0.007049870711893624,0.019122235569195116,0.06299996651685412,0.5888042359515722,0.007227567914446245,0.06546747690709327,0.00037756740072681,0.00038569519348941,0.1,0.1,0.9,195,0.0236555402202366,0.0264839867810544
23,50,0.006896129618084711,0.01993103007015928,0.06718360318603947,0.6007988300897253,0.009166422825323546,0.06427504267762577,0.0003817098701516,0.00038596763170734,0.1,0.1,0.9,196,0.0241285520361046,0.0273102649031064
23,51,0.006884387525055725,0.020473174542505686,0.06941579631634108,0.5786515891010774,0.007079461546970652,0.06419956832612839,0.00040229033608685005,0.00039225494604291,0.1,0.1,0.9,199,0.0246347388392579,0.0268625838240521
23,52,0.007060693184009545,0.019734664520473705,0.0686443172900769,0.6001731217305014,0.011839576282249166,0.06676147692404497,0.00038584946015311,0.00038440060621082,0.1,0.1,0.9,200,0.022958732024784,0.0274589578121139
24,0,0.987696308970107,0.9969078902298013,0.9968044938188523,0.9311179919518757,0.0,0.0,0.0,0.0,0.1,0.1,0.9,1,0.9590043219271728,0.9685151485067162
24,1,0.7965676233458975,0.94876116773378,0.9467822700169696,0.8802124402533635,0.1439468895513469,0.07921741314875938,2.0246778039590002e-05,1.9114922686949997e-05,0.1,0.1,0.9,3,0.8164298960612532,0.8483764670132358
24,2,0.4432094242158964,0.8017508467452543,0.7948923814378287,0.7195164744724183,0.714568545981736,0.06666390664331447,0.00025518488466213,0.00018389712380978,0.1,0.1,0.9,4,0.4353601734662666,0.4310476309180626
24,3,0.3962918356095409,0.775056782159067,0.7689506434312504,0.7006914039153529,0.04186326863248697,0.07466826124367229,0.00026043228312116996,0.00019001819354319002,0.1,0.1,0.9,8,0.358434442607734,0.3641629849118037
24,4,0.3909645524466562,0.77291547923788,0.7683635687071155,0.7047147698041046,0.014167489773615479,0.08771866151830657,0.00043422745465188995,0.00025280448913627,0.1,0.1,0.9,12,0.3995940348439916,0.3398919705875003
24,5,0.3834982584863587,0.7678095145694003,0.7631168074486108,0.7009586184595469,0.028571481556471802,0.07897275996644507,0.00037505468209676,0.00023711655967995998,0.1,0.1,0.9,13,0.3944847076411374,0.3468070946090842
24,6,0.3047193473591024,0.7114937185962533,0.706628959975228,0.649055527331123,0.09726854684730252,0.06666471596861827,0.00037178615453505,0.00030437517158803,0.1,0.1,0.9,16,0.3050613325640581,0.3452046570630185
24,7,0.29749109962130266,0.7056045563774783,0.7005439890719632,0.6445462104181386,0.0353521201976325,0.06663076153196593,0.00034750552362405,0.00027397770462193004,0.1,0.1,0.9,17,0.2977681283251475,0.3293948143635634
24,8,0.2941419040164709,0.7035371551948724,0.7000797370777624,0.6447008618386362,0.020334345965031385,0.06663772466011439,0.00033516463103342,0.00026141351535277,0.1,0.1,0.9,18,0.295952849555804,0.3247322381513567
24,9,0.29355294231391654,0.7030455397698308,0.6995723023163916,0.6482885325359656,0.009223091393297753,0.06666244786975412,0.00030968462966816,0.00024169347413183,0.1,0.1,0.9,19,0.2931935376736564,0.3199029305687128
24,10,0.2653024331913094,0.6797298435790169,0.6754353078458354,0.6223931518875429,0.13365009240626782,0.07604111831753649,0.00116921386255349,0.0004882733930675,0.1,0.1,0.9,20,0.296831107538191,0.2465519847512534
24,11,0.24732588210655074,0.6620067567090229,0.6587951915996303,0.6137891712474252,0.09077147413841434,0.07816892087027386,0.00028072813637549,0.00022754571609397001,0.1,0.1,0.9,21,0.2736359146139295,0.2426468234049679
24,12,0.22574632244258722,0.6403115795498703,0.6380072915402614,0.5946034219987242,0.06626097421209856,0.08955007141546217,0.00034426246420406,0.00025928697933037,0.1,0.1,0.9,23,0.2679603538300477,0.1992038496396912
24,13,0.1984173652068489,0.610572974536802,0.6089429977893168,0.57726374080608,0.0859127501101358,0.09086655910680756,0.00030150355952345,0.0002241380995575,0.1,0.1,0.9,25,0.192624070096454,0.1717583815158533
24,14,0.1983521013114253,0.6104901807343012,0.60885727113398,0.5771715040617166,0.009740888659375281,0.0909232115833874,0.00030097249873578004,0.00022337598150588,0.1,0.1,0.9,26,0.1929517238712794,0.1720977045872081
24,15,0.17451366831546536,0.5789965858543417,0.5779751477741006,0.5475743417147002,0.1616818805083658,0.09276998310675648,0.00034792883868279,0.00025702513890286,0.1,0.1,0.9,27,0.1708710571101276,0.1381598649323553
24,16,0.17447179220692188,0.5789362922910478,0.5779126592450692,0.5475069851340324,0.009868099614630834,0.09283341605237784,0.00034739777789513,0.00025626302085123996,0.1,0.1,0.9,28,0.1713896271564877,0.1384176411925682
24,17,0.1716632664421934,0.5770602705395119,0.574353465077039,0.5357970981575755,0.01658392717992405,0.07685499714204187,0.00039057339188274,0.00031655044534370004,0.1,0.1,0.9,29,0.1623335996856402,0.1760203814966681
24,18,0.14843143849047455,0.5409440351653851,0.538704597385988,0.5056170787820926,0.09179551081338651,0.07592296067195949,0.00038982077112203,0.00031607783047944,0.1,0.1,0.9,31,0.1436770482593154,0.1449284494509174
24,19,0.1419930040986249,0.5312872392822631,0.5320412316521529,0.5121448789266092,0.03760036490910048,0.08406357911046537,0.00045498437407704003,0.00031854032355385,0.1,0.1,0.9,33,0.1534064752211473,0.1852595395678211
24,20,0.12078405707951607,0.4936901228776579,0.4932135522467863,0.46423361436636534,0.09715685193718161,0.07682548021556429,0.00030399115167689,0.00025451325776740003,0.1,0.1,0.9,35,0.1163732777613845,0.1232505266027341
24,21,0.09991583003262862,0.45018286979872296,0.44991991105993406,0.4354286490433947,0.11551399932890988,0.07762249817125949,0.00035609919004173996,0.00027672701252337003,0.1,0.1,0.9,37,0.1012960757661131,0.1013300280156256
24,22,0.09911305786206026,0.4498099015560812,0.452880115763232,0.44081773131217955,0.009194642049260203,0.07697789385750944,0.00036492366530614,0.00028743890670439,0.1,0.1,0.9,44,0.1003899196109748,0.1023924822486548
24,23,0.09765033709026462,0.4461403257497788,0.4474271523227554,0.4400280516642269,0.020419726704447385,0.07381300793976622,0.00033466703994636997,0.00026885926475848996,0.1,0.1,0.9,45,0.0986148714724279,0.1066641983435744
24,24,0.09758030436126951,0.44658913015075635,0.4495607190861395,0.44709246081207976,0.008490604047261985,0.07440823549992151,0.00034146018099219,0.00027407902559092,0.1,0.1,0.9,47,0.0985033309326244,0.10523632529516
24,25,0.0974900884727744,0.44633776677177167,0.4492999088043684,0.4517182666779336,0.00844541502506822,0.07474676309022937,0.00034284239831118004,0.00027098218311241,0.1,0.1,0.9,49,0.0989943201656945,0.1058000736474982
24,26,0.09465346206860943,0.44105240491929953,0.4455282148289539,0.4539605810650946,0.020381528109021343,0.06882501502785818,0.00037895216545769003,0.00031168648430918,0.1,0.1,0.9,51,0.0980422696294033,0.1131422701915742
24,27,0.09393517563313045,0.4408535342282193,0.4486693204714702,0.47384824254841307,0.008973897973684935,0.06802883650049693,0.00037022359745898,0.00030838370859706,0.1,0.1,0.9,55,0.0973549427910504,0.1112914949436904
24,28,0.09459335679657024,0.4397215361907108,0.44578007110706763,0.4695391481264904,0.013023879024574855,0.08249834132837704,0.00034612560422899,0.00028126191815712,0.1,0.1,0.9,57,0.0993756425847532,0.0997039030079126
24,29,0.09402818036050535,0.43594728920869186,0.43851345663265784,0.43880165512259783,0.01408723059870575,0.08913010425713047,0.00034559484034350004,0.00028551002387147,0.1,0.1,0.9,60,0.0972755515101491,0.1054849413747934
24,30,0.09241366276510361,0.4366720912505008,0.4459930978565281,0.48381791603087615,0.009244325998422332,0.07630445009317538,0.00031859854063316,0.00028779759942249,0.1,0.1,0.9,63,0.0919727890475214,0.0986860956321682
24,31,0.08814921155685454,0.42276617146624124,0.4298996163834812,0.4528715534251557,0.08080165527642418,0.0915506602636046,0.00033709758769926996,0.00027485543400035,0.1,0.1,0.9,64,0.096676089805128,0.0917973335013945
24,32,0.08695335882024893,0.42150482347636054,0.42863474385346473,0.4613131615339524,0.008449393444157563,0.08014885871070888,0.00032806777165268004,0.00025834120997021,0.1,0.1,0.9,67,0.0969870182403495,0.0913392201585335
24,33,0.08742026152812776,0.4217324021402591,0.43050681139875013,0.4659401933820772,0.013032879966817078,0.09045404074305537,0.00034033227140332,0.00027617790137546,0.1,0.1,0.9,69,0.0965095438079156,0.0918834563614751
24,34,0.08739388334126197,0.42169321862088877,0.43046695760252757,0.46589813653665924,0.009332329466120141,0.09028418725322493,0.00033972017402941003,0.00027391140933380996,0.1,0.1,0.9,73,0.0964824836885193,0.0910006654262777
24,35,0.08720821399567849,0.4212022624209398,0.4299595840090731,0.4653534185647905,0.01049790567836377,0.09028418725322493,0.00033972017402941003,0.00027391140933380996,0.1,0.1,0.9,75,0.0955823681569007,0.0905678984891642
24,36,0.08574492552353466,0.4215390608251587,0.43868119662660676,0.5459408304057463,0.00993069473441492,0.08574836171466144,0.00036431870746304,0.00031256243977700003,0.1,0.1,0.9,88,0.0981127071515162,0.0861848195681682
24,37,0.0855186342647999,0.419729428879779,0.4417616424227806,0.5845888280292083,0.014407558886348367,0.10425105436674317,0.00044960066325734003,0.00041311480261521,0.1,0.1,0.9,96,0.0920001302871831,0.0843430451059664
24,38,0.08346755012055448,0.41598937250366436,0.4379328676464948,0.5882059310584687,0.022617455222455934,0.09420603588749432,0.00035600878320137,0.00033241274642086,0.1,0.1,0.9,97,0.0893792725467145,0.0879462935373496
24,39,0.07989630093526721,0.4062400967923354,0.4228858353273049,0.5212107618037811,0.014557802177879442,0.08135255035518227,0.00034567308358484,0.00029879598653214,0.1,0.1,0.9,102,0.086792429505631,0.0860042998046246
24,40,0.07846728756173084,0.40677218988283637,0.4301554904277226,0.5755393582076522,0.0077193411265698226,0.07185898644572304,0.00033294089621402,0.00028933160543758,0.1,0.1,0.9,129,0.0855093768189176,0.0856500368673671
24,41,0.07800775538904768,0.4107828888501078,0.44601055996177896,0.6815526049826293,0.007573318823499286,0.06991516911355765,0.00033249553076114,0.00028034395987959,0.1,0.1,0.9,141,0.0852559099156802,0.0868030267198078
24,42,0.07804119917842449,0.4107700197925029,0.4459952936708574,0.6815321513676005,0.007508161685714091,0.07049369750075758,0.00033085848632199,0.00028113167988049,0.1,0.1,0.9,143,0.085172575668459,0.0862501714185082
25,0,0.9686627101519844,0.992049174800914,0.9917832970561122,0.9257384100804548,0.0,0.0,0.0,0.0,0.1,0.1,0.9,1,1.0360651475072695,0.969663208208294
25,1,0.6568983839783082,0.9010171183600669,0.8957997780518199,0.8265362310336312,0.24766809029512185,0.06679397536631644,0.00043253599706324995,0.00035795552655870004,0.1,0.1,0.9,3,0.6624083612478935,0.6528001122932099
25,2,0.4744611476242472,0.8186532296980286,0.8123604542347453,0.7382328620152288,0.39971103289918014,0.066665566760027,0.00016729976772325,0.00017686859223048,0.1,0.1,0.9,4,0.5055484570097204,0.4914033895213532
25,3,0.3412628407892436,0.7416766394536553,0.731128382317084,0.653863903334202,0.4033200708585039,0.06665533217396952,0.00035348955220766,0.00047490734172025,0.1,0.1,0.9,5,0.3886941020406653,0.2491603361606535
25,4,0.2790098559590283,0.6878103259557387,0.677132791080165,0.5976924583739411,0.12700258010218943,0.06665533217396952,0.00035348955220766,0.00047490734172025,0.1,0.1,0.9,7,0.3007103233855442,0.2464809048769448
25,5,0.24697682436409837,0.6587753284417832,0.6487747272461829,0.5695002194552256,0.08171496978662394,0.07132085571177552,0.00054718231610108,0.00073513035265957,0.1,0.1,0.9,9,0.2544783239188135,0.1959417573957544
25,6,0.24690945457560579,0.6587088893795167,0.648705762637104,0.5694256310838746,0.008227355867777624,0.07137769257552397,0.00055023483787331,0.0007392313649563699,0.1,0.1,0.9,10,0.2542014267177315,0.1955610835768274
25,7,0.24038601161626888,0.6535887515530564,0.6467515482708966,0.5710870764228366,0.0189462345200566,0.07327625188034606,0.00062730487648419,0.00074331986094665,0.1,0.1,0.9,13,0.2927025050859878,0.2202474008934112
25,8,0.22153951273499378,0.6330196124825982,0.6238299064547463,0.5517513305831013,0.1031217996815091,0.07370066814937008,0.00043898017973851005,0.00047672958431545,0.1,0.1,0.9,14,0.2573724213202435,0.2085856088545281
25,9,0.21709833772085071,0.6281410973230165,0.6187989028476866,0.5493793138220872,0.029642496519445703,0.07111938365808206,0.00038256359912039,0.00041611429091965,0.1,0.1,0.9,15,0.2550350188078357,0.2121241812415734
25,10,0.21022829749605018,0.6210349111110681,0.6131201424761882,0.5437426128403595,0.046643614124195036,0.07361163624534298,0.00034938264522636997,0.00037222250118603003,0.1,0.1,0.9,16,0.241938447753718,0.2064898686452665
25,11,0.18468212322207,0.5897246654274964,0.5807592734681508,0.516146610516463,0.0840192125379225,0.0728743838199573,0.00047879931100889,0.0005610981136329001,0.1,0.1,0.9,18,0.2126427207604273,0.189015368939814
25,12,0.1755246444271374,0.5782221630032207,0.567195688704928,0.5010415059585763,0.06815576006141785,0.07419966524518264,0.00048091314698827997,0.00056353901932162,0.1,0.1,0.9,19,0.206662702501048,0.1945070382280541
25,13,0.15762369395270281,0.5518524702608789,0.5416127950338756,0.4749028243254001,0.1337467890389301,0.07514774261516007,0.00048706171791445,0.0005703274536294,0.1,0.1,0.9,20,0.1792084916112552,0.1899294453489682
25,14,0.1574353233590372,0.5514070876031257,0.5411559023491355,0.4757140314344657,0.008613646104014824,0.07419966524518264,0.00048091314698827997,0.00056353901932162,0.1,0.1,0.9,21,0.1719329126975017,0.1713920035882689
25,15,0.15381835686679685,0.5467587138034026,0.5380225367861577,0.47381520802343474,0.03523399647350294,0.07461548183430451,0.00048482628080001,0.00056574482185272,0.1,0.1,0.9,22,0.1773415633753266,0.1922036271315852
25,16,0.15278937627047295,0.5449785920439414,0.5361848403823388,0.47316215381171217,0.01527753520983263,0.07405620617924186,0.00048230977883781,0.00056326487887382,0.1,0.1,0.9,23,0.1695186210545146,0.1743290148894503
25,17,0.1323481326205463,0.5123533992100622,0.5058131201409058,0.45089266859478083,0.049192743113672575,0.07588274610529769,0.00033191397835046003,0.00035883941572843997,0.1,0.1,0.9,27,0.1287555103364638,0.1172039077234232
25,18,0.1313860002361322,0.5106494561426703,0.5040528740972096,0.45260092763606585,0.016092590808922634,0.07568964971914616,0.00033133002398967,0.00035795662281833,0.1,0.1,0.9,28,0.1297344965345645,0.1167101438064197
25,19,0.1268894677560672,0.5060620215474021,0.5076747102657689,0.5270549788829496,0.009276436166656982,0.07367642345650731,0.00034887685716292,0.00047941916754483003,0.1,0.1,0.9,55,0.1618255487428591,0.1514987997291152
25,20,0.12180291493824758,0.49467085190267396,0.4941916749798092,0.522160493889106,0.06647295303528414,0.07365059466026704,0.00046889180597912,0.00176555556867961,0.1,0.1,0.9,56,0.1570714852663984,0.1483256000357588
25,21,0.11737720764541461,0.48759428197586174,0.4885821806105802,0.5114197785454774,0.0411910762212159,0.07370499602381486,0.00035070137747168003,0.00071707546339278,0.1,0.1,0.9,57,0.1555557221321852,0.1469403064095141
25,22,0.11592158972708161,0.48498803450986516,0.48589904937420514,0.5182396986533946,0.013318787135849846,0.07369722250598891,0.00035216916895393,0.00037658922712011003,0.1,0.1,0.9,59,0.1531583179862577,0.1569560228195825
25,23,0.1150881849871498,0.48298196227647777,0.4838153010080296,0.5281614981721323,0.010875846120374686,0.07369850904609836,0.00035088314188850997,0.00072801998766331,0.1,0.1,0.9,63,0.1546385411108957,0.1637243247801662
25,24,0.11462801342764051,0.4823746315082953,0.48319830045724294,0.5249474166102783,0.009148685752713834,0.07367993476231144,0.00035714533336568,0.00037670973497477996,0.1,0.1,0.9,64,0.1501803091014418,0.1443069910504757
25,25,0.11275920465153222,0.4783426337861944,0.4790248660613575,0.5478144186984021,0.028468786742425548,0.0736859466573736,0.00045141777854814,0.00058505582305795,0.1,0.1,0.9,65,0.1568424408961965,0.1506193902129258
25,27,0.10881008835569218,0.4720107809758246,0.47749242871189196,0.5925249807440965,0.01028147747842371,0.07367981036460146,0.00055266592844969,0.00072843960334804,0.1,0.1,0.9,79,0.1493420213567924,0.1483455720602835
25,28,0.10857356583960455,0.4705013622397252,0.4742519067707786,0.5939768915710718,0.010915756299195015,0.07368560818983065,0.00059679137412457,0.00101160282282323,0.1,0.1,0.9,81,0.1495154282916173,0.1458398711715977
25,29,0.10658549014263803,0.46822498054817563,0.4752605484480319,0.5997421707331929,0.023223257087549173,0.07367392180356373,0.00057281889963969,0.00044104883781485003,0.1,0.1,0.9,82,0.1502322464810946,0.1404152728881655
25,30,0.10556973923803845,0.46675064134864486,0.47540985041929695,0.6055876278766307,0.013006597536342077,0.07367790682765733,0.00058474163044636,0.00040597302545196997,0.1,0.1,0.9,84,0.1502087309757271,0.1400938363911236
25,31,0.10540361225697097,0.4684247445612624,0.4821535050021021,0.6711216432747397,0.007987635777221171,0.07368716385900427,0.00064122083316519,0.00047204975645154,0.1,0.1,0.9,103,0.1487851743549023,0.1407209038576874
25,32,0.10522485000333577,0.4687337063502628,0.48414458456056536,0.6873938013402322,0.008834262827567106,0.07368713955113473,0.00064033065677006,0.00047641718639508,0.1,0.1,0.9,105,0.1489820395323264,0.1405044295711448
25,33,0.10549014543693792,0.4703613242133047,0.4891601792406286,0.6961986679992447,0.008321379800978452,0.07368776547060053,0.00066100057600083,0.00081624987631628,0.1,0.1,0.9,108,0.1483603535877087,0.1430380632190436
25,34,0.10494241405972735,0.470264310976591,0.49074304575174676,0.6924736049807292,0.008590833799813555,0.07368690290914469,0.00064846272868216,0.00044536302543213003,0.1,0.1,0.9,111,0.1486352018347009,0.1522568915534318
25,35,0.10478746959263495,0.4706273873351465,0.4927901380080275,0.7024754553237538,0.008254291509456424,0.07368675157290985,0.00064815250116162,0.00044711774421418005,0.1,0.1,0.9,115,0.148658701343916,0.1529080848321046
25,36,0.10463828906317414,0.47098328528935557,0.49482928003167337,0.7911975321276936,0.007965150365604409,0.0737000975363977,0.00063166486761976,0.00046704640574263994,0.1,0.1,0.9,131,0.1486696973762063,0.1367143180986451
25,37,0.10445067600179334,0.47242006234896067,0.5013224895693796,0.813793719596957,0.008472697435779025,0.073700950333677,0.0006398929829705,0.00071123187759346,0.1,0.1,0.9,142,0.1496561852936971,0.1393093415782913
25,38,0.10406241750665911,0.4725319344094713,0.5031173716946902,0.8575778892808108,0.008310424243509832,0.07370073233876044,0.00063977140020966,0.00046789143778242,0.1,0.1,0.9,146,0.148879185449632,0.1388671992010402
25,39,0.1044868000516949,0.4722494098108755,0.5011392445919456,0.9487609314932856,0.008315982274470217,0.0737020878919912,0.00062609395100185,0.00094140325943552,0.1,0.1,0.9,172,0.1470960332060907,0.1305105768901989
25,40,0.10449070602557328,0.4720857693059533,0.5009652553790148,0.9436344672107331,0.008501063640362353,0.07331859999240045,0.00056252853335404,0.0011530460372957498,0.1,0.1,0.9,180,0.1487571551091516,0.1422439688261372
25,41,0.1032932428872336,0.4692478967184477,0.49637523830538166,0.9468849042940544,0.01620274645013259,0.07331900247577845,0.00055890240050241,0.00066643487832579,0.1,0.1,0.9,181,0.1499398648327526,0.1473142570159573
25,42,0.10300442156182156,0.4690627547072847,0.49784931499141144,0.9625650869989968,0.009936523256472882,0.07331864492097552,0.00056888636551918,0.0008818998520154,0.1,0.1,0.9,184,0.1478299139846215,0.1446002713272178
26,0,0.9459472826689307,0.9861264334263888,0.9856625017963359,0.9180961881551881,0.0,0.0,0.0,0.0,0.1,0.1,0.9,1,1.129425494963772,0.9586499943915854
26,1,0.94382167649561,0.9870518294864187,0.9865512098127477,0.9214825044552266,0.00468056634628215,0.0202173484288522,2.2709184231038518e-07,1.544231985285816e-07,0.1,0.1,0.9,3,1.128008365818033,0.9473408104461264
26,2,0.4483934698360271,0.8046779218166702,0.7979140838425326,0.7227467888725254,0.9153459370848517,0.06663269055673163,0.00027546897981351,0.0002928462222318,0.1,0.1,0.9,4,0.4264977614989492,0.4237225350613738
26,3,0.44825500878254987,0.8045957847209714,0.7978296037687724,0.7239163631163831,0.007280133144696205,0.0666566020002502,0.00026148529145635,0.00027791637578118,0.1,0.1,0.9,5,0.4149910660959409,0.4269375084414056
26,4,0.3103421659706293,0.7138229153873566,0.7040259832862608,0.6280518557987179,0.4463726087744726,0.06657019175657575,0.00014115122114692,0.00014926163994888,0.1,0.1,0.9,6,0.382639654258323,0.3458215377751812
26,5,0.310293263329764,0.7137849888418804,0.7039867010905336,0.6264871963131109,0.007008471459226979,0.06663365476952736,0.00013790601472438,0.00014614464046562,0.1,0.1,0.9,7,0.3769429616856379,0.3453733082095453
26,6,0.2944780469727391,0.7017541764217459,0.693209442665866,0.6179450999101156,0.07139140987541716,0.07063405863897917,0.00021447936057541,0.00022627597823916,0.1,0.1,0.9,8,0.3590109061079142,0.3387344995047566
26,7,0.22867370261637537,0.6414210350409668,0.6341754753619733,0.5566448391427632,0.08396357550008457,0.07517925473320237,0.00050753934412231,0.00059426244612244,0.1,0.1,0.9,12,0.3347216021481865,0.2840984195805236
26,8,0.22024637261001057,0.6323321936603582,0.6247978008728823,0.5601485156580644,0.01603259813501213,0.07271678917465456,0.00037264575390129004,0.00038257952303254997,0.1,0.1,0.9,17,0.2472718538060018,0.2383503714772438
26,9,0.2159526853291295,0.6275004153317362,0.6197910987449939,0.5566957024865258,0.03338098344255101,0.07573729723821472,0.00040147557226253997,0.00048720904517876004,0.1,0.1,0.9,18,0.222585666583716,0.2210547177133898
26,10,0.21513966691932715,0.6265881342842317,0.6188492230394022,0.559576539115177,0.012315604293803661,0.07545924269243863,0.00040727606589495,0.00048686675288957997,0.1,0.1,0.9,19,0.227631187486875,0.2269276523409906
26,11,0.19378302098649844,0.6020422280154014,0.5951631421413847,0.5330227570217022,0.1289757699041072,0.07353727578366025,0.00034639141493943,0.00041888734830698005,0.1,0.1,0.9,20,0.224290129108206,0.203426173851424
26,12,0.19166455803638943,0.6001235650395446,0.5948555774718316,0.5375962310360013,0.013791424571186836,0.07278968260371449,0.00032609914717222,0.00039390791164831997,0.1,0.1,0.9,22,0.2320464778760622,0.2038875681982383
26,17,0.10588399260462306,0.4661415493024992,0.4730919710786123,0.4959491983882192,0.025846699665291576,0.0757673528929501,0.0005061883900308401,0.0007309218481643799,0.1,0.1,0.9,54,0.1285000214763516,0.1252318572279819
26,18,0.09892067625643279,0.4518097033506827,0.4616250366962274,0.4953845369883542,0.027356042423415647,0.07584532629727843,0.00056328572460125,0.00070597998791381,0.1,0.1,0.9,58,0.1007225464833434,0.1071535603472905
26,19,0.09781758595645992,0.44919600918886593,0.45892331847682866,0.497644402027809,0.02105760542191828,0.07600368997421728,0.00055542719141056,0.00070980073397274,0.1,0.1,0.9,59,0.1018541968253562,0.1092550269087256
26,20,0.09758141454725415,0.44932607607774033,0.4607291967939435,0.4990815853573632,0.011171972969672568,0.0761355826926443,0.00055233968136854,0.0007108787961564299,0.1,0.1,0.9,60,0.1034092724702203,0.1091234802319627
26,22,0.0937051492970463,0.43966561016498945,0.45073812589871354,0.5219800820062948,0.04421676840613816,0.07594749593651659,0.0006630584288788101,0.0009712819317227201,0.1,0.1,0.9,70,0.0993736463585605,0.0978019304970752
27,0,0.984158465969228,0.9960118002857974,0.9958784680964915,0.9301258362079621,0.0,0.0,0.0,0.0,0.1,0.1,0.9,1,0.9730212795318036,0.9671153172627166
27,1,0.800275578962994,0.950075725504285,0.9481335300474154,0.8816445971217467,0.13932706194718494,0.08140529834963868,1.707340746682e-05,1.66424630658e-05,0.1,0.1,0.9,3,0.7956207100661317,0.8424518669716627
27,2,0.4384994189269873,0.7991030807554639,0.792155956207152,0.7165840840193166,0.7327508258375012,0.0665979918827441,0.00024613943931543,0.0001953014108509,0.1,0.1,0.9,4,0.4715476888415027,0.4403377517428435
27,3,0.43566178740511713,0.7983459717838003,0.7930341663716267,0.7184442224176494,0.011566022634459223,0.06938736286028412,0.0003182785150849,0.00025254076799919,0.1,0.1,0.9,6,0.478374932090278,0.4436681076514392
27,4,0.3199049973142514,0.7219721746823206,0.7141203159758648,0.6413047532328932,0.1909860074891104,0.06665935340226137,0.00014714919126193,0.00011737273699582,0.1,0.1,0.9,8,0.3401140523804605,0.34219430309411
27,5,0.29507159460281884,0.702959230428086,0.6961258485456447,0.6228535342151039,0.05642063816390153,0.07132170596557968,0.00022294042614466,0.00017950633381815,0.1,0.1,0.9,10,0.3301976026753254,0.3322108163726538
27,6,0.23079506985311818,0.6440429343890968,0.6368940984935443,0.5650071005629347,0.08119320317501157,0.07370351793826589,0.00047065860376967005,0.00046260132082999,0.1,0.1,0.9,14,0.2264648218969102,0.2215461056117686
27,7,0.21857435062491798,0.6311622775652594,0.6252546346311477,0.5599915236055067,0.03989334629990259,0.07370351793826589,0.00047065860376967005,0.00046260132082999,0.1,0.1,0.9,16,0.2150512682951953,0.2266610673711525
27,8,0.19338047274066583,0.6023469656892342,0.5971621750206454,0.5400908563699077,0.04268310213890457,0.07247187721877538,0.0002054023531359,0.00014857179343712,0.1,0.1,0.9,20,0.1990440374270324,0.1925266348091274
27,9,0.1925192360965342,0.6020245421997934,0.5985009297200768,0.5445451736007084,0.010001967996117958,0.07243558343319396,0.00020764315382932,0.00015091004390786002,0.1,0.1,0.9,22,0.1984407862548555,0.1877570689096545
27,10,0.19232291096932827,0.6024295180131979,0.6005912430657239,0.554239536487341,0.008012550153979642,0.0720975937918245,0.00023768241557194997,0.00018979106657497998,0.1,0.1,0.9,24,0.1967271662815658,0.1934632121611596
27,11,0.16109739983776214,0.5609348668142741,0.5593971012964348,0.5217274091945125,0.04738792078196456,0.06733371672327647,0.00020276416137679,0.00018772571588268,0.1,0.1,0.9,29,0.1723852853762583,0.1779063759645864
27,12,0.1605241255772566,0.5607899726246312,0.5609189448776059,0.5269135587390211,0.00902139569468433,0.06742825131071793,0.0002031894158384,0.00018820933996512,0.1,0.1,0.9,31,0.1712247247216815,0.1784481165332788
27,13,0.1605241255772566,0.5614965631358718,0.5633210986112388,0.537813154816191,0.006932568070993901,0.06742825131071793,0.0002031894158384,0.00018820933996512,0.1,0.1,0.9,33,0.1712247247216815,0.1784481165332788
27,14,0.15925644277216727,0.5581751240167038,0.5565427255789149,0.5059750862980108,0.009384507154030877,0.06802439852051755,0.00020124060310571,0.00018922309738979,0.1,0.1,0.9,37,0.1660514194413642,0.182114573984591
27,15,0.1269872122113034,0.5050025857876201,0.5032264283294726,0.4829817080600904,0.097710644491272,0.07836164243120201,0.00031722761616308,0.00028005394357673004,0.1,0.1,0.9,40,0.1628191534982306,0.1762559029891749
27,16,0.1219716415757013,0.49607990171217897,0.49567435953612193,0.48775435008644313,0.03159057636469749,0.07924809500565382,0.00031529384860149,0.00027946193542243,0.1,0.1,0.9,42,0.1597232980705156,0.1757501238672185
27,17,0.11719575585394383,0.48730460199048375,0.48828519605140636,0.4838969149783484,0.029585933040667086,0.07703640755801434,0.00030541352308583,0.00027195377882573,0.1,0.1,0.9,44,0.1503430977101853,0.1504921906441051
27,18,0.11099618791070022,0.4747762153984274,0.4753423779550646,0.46339465976941374,0.06795281753416947,0.07643574521639918,0.00024238413672298,0.00019670512933709,0.1,0.1,0.9,45,0.1433207895203422,0.1496379361656619
27,19,0.10917770887571432,0.47153280838548906,0.47365908324938255,0.4754671047483943,0.014492831486147746,0.07745278795262774,0.00023960434008268,0.00019562682015340001,0.1,0.1,0.9,48,0.1429046806896651,0.1500692383725075
27,20,0.10875483550217126,0.47067792283760607,0.47277698452001504,0.48384782297235446,0.00987699294420443,0.0768833446822657,0.00024235147644865,0.00021292281226489997,0.1,0.1,0.9,50,0.1420451842208721,0.14868773499244
27,21,0.10094281963761363,0.45284761836454746,0.45268131856981947,0.45993090913536444,0.09053479716210847,0.07617218504223869,0.00024327446744333998,0.00019924787231184,0.1,0.1,0.9,51,0.1358114547087252,0.1215847230750223
27,22,0.09500112740058679,0.44029470244832986,0.443052130565982,0.46776262713917693,0.04168893108398449,0.07619131537972514,0.00024339220901216997,0.00020917086959567997,0.1,0.1,0.9,53,0.1305474518490812,0.1162190934414058
27,23,0.09469050208844976,0.4395480351056906,0.4422805907897478,0.47209302831035405,0.009633924824294243,0.07620078366901287,0.00024349654698719,0.00020539850838581,0.1,0.1,0.9,55,0.1304091896652398,0.1157784708059115
27,24,0.09438313988455446,0.43945846647106623,0.44385873392479647,0.4835125772249684,0.009883239650747751,0.07654257409073575,0.00024413085439795,0.00020753768547083002,0.1,0.1,0.9,57,0.1305377180849642,0.1169405724215706
27,25,0.09273783149536138,0.43513601090873577,0.4393849206268012,0.4767141119913897,0.03002402808155223,0.07860582429653934,0.00025284924051521,0.00020406918638168,0.1,0.1,0.9,58,0.133967673454061,0.1148584328683964
27,26,0.09156390648780759,0.43295048377858564,0.43879877862459116,0.4833254779060036,0.015026403646520935,0.07841958843901996,0.00025542652106625997,0.0002065084876598,0.1,0.1,0.9,60,0.1329008857121264,0.1141956810398238
27,27,0.09076310377610845,0.43163684442086675,0.43911287576183994,0.4962643617349863,0.012981424191444052,0.07850306908811527,0.00025407422806011,0.00020656496008630002,0.1,0.1,0.9,62,0.1331726644336845,0.1120838487356112
27,28,0.08916579005469871,0.426995389523897,0.4326468559343381,0.4819529286134347,0.026692756477190466,0.07768324834701568,0.000262244094767,0.00021142706093497002,0.1,0.1,0.9,63,0.1324431900199786,0.1200050933597968
27,29,0.08862296903801233,0.426283385861536,0.43358237286131357,0.47980591569239445,0.014971756931042607,0.07770942050651589,0.00026850677007236,0.00022751697982475,0.1,0.1,0.9,64,0.133354097566363,0.1166763876247543
27,30,0.08778064335256182,0.4241305745933955,0.4313580391538148,0.4800582989672857,0.018364086467705393,0.0776019146259718,0.00026759831435552996,0.00022437969324391998,0.1,0.1,0.9,65,0.1320155026481272,0.1127111045041671
27,31,0.08765547063657708,0.4230926818797342,0.42861337108002456,0.48495942778341705,0.009616695480892336,0.07775861072192279,0.00026459681256794,0.00021166129157404,0.1,0.1,0.9,66,0.1323700848064343,0.1154778081376511
27,32,0.08744463024704777,0.42256319125755554,0.42806653589551125,0.4848683306688343,0.010503272653958905,0.07773041837495893,0.00025945230379159,0.00020338506847144,0.1,0.1,0.9,67,0.1311644632980929,0.1175049570592014
27,33,0.08743728524928117,0.4246663953884055,0.4352559150293606,0.5018067640095154,0.008046242829846941,0.07758525449352979,0.00026496466292788,0.00021654645537558001,0.1,0.1,0.9,68,0.1303738154081478,0.1134619284884716
27,34,0.0871215106336337,0.4245622538202461,0.4368204919925268,0.519714712719159,0.008620201669552558,0.07754221285510106,0.00026613266882835,0.00021236896799844003,0.1,0.1,0.9,74,0.1297487079458366,0.1128970280605223
27,35,0.08686815333112849,0.4246105433281361,0.4385423888967203,0.5211970441688069,0.01115261654327271,0.07753166471801945,0.00026577806659315,0.00021119443067679,0.1,0.1,0.9,75,0.1297731284850256,0.1128727922915577
27,36,0.08685440581656981,0.4245749186692912,0.4385055805201727,0.5238689912613088,0.00814128175812943,0.07753185044192952,0.00026567592852801,0.00021091951184748,0.1,0.1,0.9,76,0.1298055071107345,0.1118140801333597
27,37,0.08674746022225212,0.4228541045921283,0.4333828037500929,0.5159179427082461,0.00851156587521152,0.07760289576167023,0.00026695957762317,0.00022182465734393002,0.1,0.1,0.9,79,0.1307785980889604,0.112294343323118
27,38,0.08669381675272066,0.42342055023678354,0.43564012710112965,0.5287939709660724,0.008325122332801943,0.07759793153646953,0.00026727667339268,0.00022197702823203001,0.1,0.1,0.9,81,0.1305634802590227,0.11194846657334
27,39,0.0851697130308736,0.42230705929492063,0.44117886729859607,0.5441284656270974,0.017359772185686836,0.07731190728647483,0.00024069922620046,0.00019832325361217998,0.1,0.1,0.9,83,0.1262696722917204,0.1108995982580111
27,40,0.08491699047734368,0.41952636103867963,0.43328965960130106,0.5501397627856731,0.008718170540173943,0.07710534725272575,0.00024428352276941,0.00021244599724148998,0.1,0.1,0.9,87,0.1256969782526402,0.1111692638453579
27,41,0.08428863878957435,0.4192290188686735,0.4363256728939073,0.555519355563917,0.016319236691061414,0.07728068123678962,0.00025204786300809,0.00021059390639193999,0.1,0.1,0.9,88,0.1262094549243642,0.1111483634670756
27,42,0.08421439022703191,0.4190332165687609,0.4361233946994826,0.5581063414852162,0.008879506601352158,0.07728763009327427,0.00024854281709158003,0.00020776035495674003,0.1,0.1,0.9,89,0.1261178058761967,0.110667548237625
27,43,0.08356469222845564,0.4165332079236278,0.4318670730471428,0.5791451786023444,0.009223207990460171,0.07728295988714515,0.00026196505331772997,0.0002330851483566,0.1,0.1,0.9,96,0.1272763907394314,0.1056751374901191
27,44,0.08233297622315792,0.4146006832023744,0.43321401194119874,0.6082750914382357,0.011195929089985124,0.07728426340383332,0.0002597171634375,0.00022552392348586998,0.1,0.1,0.9,101,0.1279496803560977,0.1040602488238941
27,45,0.08218147182128138,0.41700582046532114,0.4423871791288266,0.6127918209439945,0.008474608981241053,0.07729480900569444,0.00026237729747634,0.00022733381030353,0.1,0.1,0.9,105,0.128273753684408,0.1035508942388295
27,46,0.08187704777038611,0.41475721084569867,0.4367195703877986,0.6350204791192726,0.00876754909254786,0.07728939357774159,0.0002613567107478,0.00022633962279123,0.1,0.1,0.9,110,0.1275025853189888,0.1039635626049617
27,47,0.08164736462723898,0.4147489904866168,0.4383814822136459,0.679858137628671,0.008326013799554931,0.07728852711068253,0.00027581897137835,0.00027561762591897,0.1,0.1,0.9,123,0.130005512454333,0.1045147939903453
27,48,0.08087974166297557,0.4129338566477182,0.4365115703819275,0.6807335775255068,0.015278393080531088,0.07567357971745,0.00028136193178341,0.00025732697806251997,0.1,0.1,0.9,124,0.1281012943809952,0.1044383142750284
27,49,0.08031620274579154,0.41268450511647364,0.43959609819275824,0.6982991523363267,0.009952031001664212,0.07626018389209774,0.00028693989447673,0.00024639280936173,0.1,0.1,0.9,128,0.1225829583091513,0.1006345721545717
27,50,0.07976770079153479,0.41613423338129624,0.45486549235757473,0.8183138978406214,0.008115772627229286,0.0762714498207521,0.00029056716979141003,0.00021698082680853998,0.1,0.1,0.9,155,0.1224660385684219,0.0982761160021518
27,51,0.07971184384415497,0.4159776811918454,0.45470371533300064,0.8244416072587966,0.008103199231591,0.07626942475528237,0.00029003663727461,0.00021669987093526,0.1,0.1,0.9,158,0.1222134774016201,0.0980119402919932
27,52,0.07958929950402119,0.4156346031820382,0.45434921478040624,0.8210838149936285,0.009506246438828412,0.07626643303713246,0.0002907670102917,0.00021526973070424998,0.1,0.1,0.9,159,0.122465563114012,0.0980461516029284
27,53,0.07950263309168845,0.4153818188507064,0.4540878268820065,0.8390297749810322,0.008103129792284856,0.07629585353836119,0.00029034656726068,0.00021684356648386002,0.1,0.1,0.9,164,0.1225597622922954,0.0980717069512947
28,0,0.9660256208204395,0.9913686329144773,0.991079987767391,0.9249849125525054,0.0,0.0,0.0,0.0,0.1,0.1,0.9,1,1.047304824209134,0.9712949388201924
28,1,0.7738613991590563,0.9411617100753539,0.938945454213724,0.8718521450933997,0.14722294914486708,0.07421056165520144,1.841291526262e-05,1.778003275683e-05,0.1,0.1,0.9,3,0.9010247694865916,0.8456428288165688
28,2,0.44206997254686115,0.8011189315981291,0.7942388349668379,0.718814930574842,0.6832981858615422,0.06666531044394622,0.00024248074375802999,0.00020166205735472,0.1,0.1,0.9,4,0.4455591744695556,0.4349670448183902
28,3,0.3157143148844627,0.7180284996140823,0.7083728728374238,0.6327097626898361,0.20805844851815364,0.06666158862767498,0.0001346435340257,0.00011728770241512001,0.1,0.1,0.9,6,0.3534342187936669,0.3455814410125197
28,4,0.2958184881793603,0.7028742773102609,0.6943657498196626,0.6191813402067563,0.04710053023979251,0.07139120470102195,0.00021112586649792001,0.00018403000919503,0.1,0.1,0.9,8,0.3310080305790882,0.334264060012294
28,5,0.29204513493877027,0.7004356417646588,0.6935173022084863,0.6200584482113783,0.014980021703225,0.07137526724075219,0.00021874404577985998,0.00019273499524264,0.1,0.1,0.9,10,0.3273160423237206,0.3309213152312171
28,6,0.2673845264796194,0.6788523633612279,0.6712081887430549,0.5995834569246592,0.11271558895636069,0.07197289254910036,0.00027919548851784,0.00025684470721952003,0.1,0.1,0.9,11,0.2979103054364239,0.2575993422046101
28,7,0.253734606141286,0.6667666549413697,0.6603884512974226,0.5913648472797586,0.03866180812879234,0.07262287057033706,0.00024936870562722,0.00024782738050766,0.1,0.1,0.9,13,0.2838242998398386,0.2439155469743597
28,8,0.23937448702833647,0.6533206705236361,0.6481642439910837,0.5806803778191769,0.04199163979761255,0.07288378379423709,0.00024443434749779,0.00023752350362418002,0.1,0.1,0.9,15,0.2720440227653682,0.2376296456660231
28,9,0.20610905908481475,0.6169267857907119,0.6105427303596,0.5454803731995099,0.09676219018472346,0.0729225359346839,0.00055929140798819,0.00055282137788404,0.1,0.1,0.9,17,0.241442268670231,0.189380837709014
28,10,0.18330839562023418,0.5887211933672423,0.581403576487487,0.5162887082248214,0.1429588966105795,0.07286151630103956,0.00036112573597277,0.00026310483357827,0.1,0.1,0.9,18,0.1777522729896174,0.1825465526812207
28,11,0.18078485658326107,0.5860539039679132,0.5803142099793712,0.517886963354925,0.024779812643645052,0.07299424802960355,0.0004937021201781401,0.00039408116823263004,0.1,0.1,0.9,19,0.1861128378603717,0.1662663193240718
28,12,0.1801860961135515,0.5852965189354071,0.5795357213511423,0.5246573405329559,0.009100660389305626,0.07303015882942315,0.00035936356615732,0.00026438600952898,0.1,0.1,0.9,21,0.1680248781790462,0.1747277410485497
28,13,0.15015811667934337,0.5417894082838318,0.5345639279153146,0.47778875212873617,0.2212199381523892,0.07586409929126221,0.00037261573298355,0.00027601233970797,0.1,0.1,0.9,22,0.1270299567849102,0.128494509074757
28,14,0.13631327131769758,0.5187707854935539,0.5107801087773467,0.4544661633915262,0.11781027307254198,0.07456390422928924,0.00036958454303098997,0.00027108752779825,0.1,0.1,0.9,23,0.119974772866875,0.1176887531571978
28,15,0.1295325756267633,0.5068172893629819,0.49842972755833026,0.44340835358840036,0.06520832371591756,0.07378385329125238,0.00036263087160817,0.00026475312392109003,0.1,0.1,0.9,24,0.1172297641813613,0.1177465459867257
28,16,0.12784564943718316,0.5044858896248287,0.49769393627094705,0.4435942260095657,0.022095422412682586,0.07325808057866391,0.00036590831795504003,0.00026779223216793,0.1,0.1,0.9,25,0.1132712331997384,0.1105610578095136
28,17,0.11479997162377399,0.47957782958620926,0.47195048515864835,0.4218550332076569,0.13039269219979932,0.07383056675403683,0.0003799267373807,0.00028582331672980996,0.1,0.1,0.9,26,0.1299469940175708,0.1533823480484801
28,18,0.10711064148608218,0.46480942060613895,0.4583757451392933,0.4106925320145825,0.04379751151431814,0.06932475797726644,0.00036833199606732,0.00027085414691512997,0.1,0.1,0.9,28,0.0983007804923993,0.0989679792637209
28,19,0.08830096525946148,0.42115357678807397,0.414934409972566,0.3675643561056839,0.11358430744506634,0.06859242619908504,0.00036981445286687,0.0002727680445154,0.1,0.1,0.9,30,0.0853329534576126,0.0981958973089483
28,20,0.08318640250857422,0.4083149890968266,0.40333612260074425,0.3586580930279609,0.07322918864601015,0.0688456251944767,0.00043287719568873,0.00031483566834792,0.1,0.1,0.9,31,0.0807705801883529,0.0894127658487536
28,21,0.08080328031326892,0.4018439527940468,0.396649093418252,0.35243170754841957,0.03861845800054572,0.06913786536177373,0.00036982275365481,0.00027633495279922,0.1,0.1,0.9,32,0.077041348137385,0.0922182212574133
28,22,0.08042891584206695,0.4015015686345778,0.3979671913410452,0.35986391475708296,0.009716434358245303,0.06913786536177373,0.00036982275365481,0.00027633495279922,0.1,0.1,0.9,34,0.0766462832062675,0.0921726748496572
28,23,0.07768929636682857,0.39394570992459255,0.3918211622382916,0.35068277914285934,0.0488867844490452,0.07067500311093275,0.00050259317468774,0.00040446553740722,0.1,0.1,0.9,35,0.0938315825310635,0.0910860895976099
28,24,0.07592711468575342,0.3896308338270981,0.389035561233617,0.3611284780880202,0.0194873285658556,0.07065751192346312,0.00047231747555681006,0.00035556358444047,0.1,0.1,0.9,37,0.0848061877900952,0.0897690517343725
28,25,0.0727433179838745,0.3784089301611097,0.37242922377726245,0.35270568817153247,0.05042280976538961,0.06945376058539933,0.00037675188430517004,0.00028105997279528,0.1,0.1,0.9,38,0.0790293938563496,0.0945319273669223
28,26,0.07148369081418317,0.3746393769278727,0.3685349318523179,0.3509888802214514,0.025287750009193692,0.0691267527283583,0.00037253591421261003,0.00027430901274178,0.1,0.1,0.9,39,0.0783369921692539,0.085731041855214
28,27,0.06659402980989063,0.36105315967426516,0.3595073752669341,0.34931619713905077,0.032815305917248606,0.06953041530662571,0.00043443157562968,0.00031616009585111,0.1,0.1,0.9,42,0.0733496494734274,0.0804404087067327
28,28,0.06526642255760415,0.35660734489677137,0.35491213190684967,0.3544613316241526,0.012716377864791312,0.06975114600577098,0.0004326469469818,0.00031742588421587996,0.1,0.1,0.9,46,0.0694628645754351,0.0756982766902342
28,29,0.05757425139216238,0.33016164701246786,0.3309158365048163,0.3321718372344072,0.14418604869297819,0.07231965775006857,0.00047912835257381996,0.00036375925162371,0.1,0.1,0.9,47,0.071796645211934,0.0739271585323105
28,30,0.05396919492934574,0.3165146909686495,0.3168142359068081,0.3170674153188826,0.07349647841818877,0.07180146026989652,0.00048019025797439995,0.00036510640032253003,0.1,0.1,0.9,48,0.0703178029146994,0.0703840696219202
28,31,0.052838385341903146,0.31269637956265245,0.3145396537958636,0.31634430184723694,0.01859186275223462,0.07194603435329627,0.0004809671415003,0.00036617200546485,0.1,0.1,0.9,50,0.0706107181735466,0.0694585017450778
28,32,0.05276175693590831,0.3124370388892198,0.31427218986427763,0.3186649667505628,0.008725334286456015,0.0717779364416109,0.00048139240590774,0.00036662015353001,0.1,0.1,0.9,51,0.0701669898264515,0.0691554011953701
28,33,0.05105596426790946,0.30606607861246743,0.30935842625889803,0.3256711174439672,0.016252878114785506,0.0722615606957528,0.00048303295724205005,0.00036895685682715,0.1,0.1,0.9,55,0.0721984869501288,0.071020894894216
28,34,0.05104599064046375,0.30600490561261245,0.30929498759512936,0.33614034165654333,0.00769614516318906,0.07233369601915193,0.00048266060356346997,0.0003683654057985,0.1,0.1,0.9,59,0.0721240258445767,0.0709091615033776
28,35,0.05103600078168353,0.3066631251788877,0.31164707038340844,0.3432645918671129,0.00773520098718429,0.0723560910212941,0.00048251963085691005,0.00036814028428724,0.1,0.1,0.9,61,0.0720095168239447,0.0707921543977895
28,36,0.049931066798268545,0.3012695714974842,0.304400310820644,0.36678123420143277,0.010906025834232884,0.07263054289737503,0.00048301497491617,0.00036849765531294,0.1,0.1,0.9,68,0.0701249861144102,0.0692712331747808
28,37,0.04987880589862983,0.3025544814132631,0.3090729814386849,0.38223696504776383,0.00785901584962698,0.0723475565835602,0.00048312039513684,0.00036852896223964,0.1,0.1,0.9,70,0.0703565798105664,0.0687310521740389
28,38,0.04989690725787326,0.30182167224683726,0.3066426794306418,0.4022102473363978,0.007692696855366612,0.07266273545119592,0.00048360727172623,0.00036870197316903996,0.1,0.1,0.9,76,0.0702486587164873,0.0694820893392191
28,39,0.04968685331162145,0.3016595490243847,0.3081472149233,0.4207190433044863,0.009737097849770619,0.07258710893418248,0.00048447062382176,0.00037187130095429996,0.1,0.1,0.9,78,0.0692757997900798,0.0680850488595863
28,40,0.049493625537532476,0.3011342208375561,0.3076073287041267,0.45270106508425634,0.008079840841324548,0.07169646013233526,0.0004844480350353,0.00037087644176848,0.1,0.1,0.9,82,0.0696376747729898,0.0684291498042668
28,41,0.0493924394615915,0.3033504122589779,0.31658343889770113,0.4565090659982282,0.00922640701246923,0.07227509418698873,0.00048322329055096997,0.00036969594522591996,0.1,0.1,0.9,84,0.0699044679876601,0.068613427203883
28,42,0.049285979786345996,0.3029591590694565,0.31617971868841327,0.46180999790978117,0.008493593246937414,0.07208979232460724,0.00048360908989267997,0.00036972596094113,0.1,0.1,0.9,86,0.0693118678495482,0.0681475973848531
28,43,0.04919397991297461,0.30316960945733296,0.31806804198775723,0.48654296800535796,0.00890460988710842,0.07242159483589539,0.00048342356103291996,0.00036909652725241,0.1,0.1,0.9,88,0.0694244340393998,0.0682980332755154
28,44,0.04867766692934901,0.29873896270560496,0.30847235739161727,0.46295743400195805,0.010497440556270056,0.07271290917687909,0.00048978928695665,0.00037276512619064,0.1,0.1,0.9,92,0.0688434466091225,0.0661779152580388
28,45,0.04864675521007899,0.30002372187989246,0.3131439706594979,0.5098118383361435,0.007731532374965103,0.07271225664244621,0.00049083845839402,0.00037131850560657997,0.1,0.1,0.9,100,0.0686959680362627,0.0660705132451964
28,46,0.04861664457654663,0.3006068763456923,0.3154186123343128,0.5584230079292535,0.0077512027348015594,0.07271378031361884,0.00049087804743658,0.00036922032097394997,0.1,0.1,0.9,106,0.0682917236012972,0.0652951352656023
28,47,0.048515233828844935,0.30083874959954154,0.31732975879824277,0.5722989343471966,0.008451398298812387,0.0727001475962735,0.00049262681369823,0.00038376819653945,0.1,0.1,0.9,109,0.0686451191035548,0.0648787738973333
28,48,0.048464235561227524,0.30076222058583285,0.3172521198529371,0.5751611033163025,0.007782396195398586,0.07242964566169038,0.00049090116087222,0.00036595277350007,0.1,0.1,0.9,110,0.0672674474455608,0.0635833485886112
28,49,0.04832970866702435,0.3018467182160482,0.321719264654133,0.5896255137864113,0.00775015727691555,0.07162904842621022,0.00048501440633487,0.00037142568162454,0.1,0.1,0.9,116,0.0674352257680124,0.0658111324531298
28,50,0.04842616154536781,0.30607422480305263,0.33611536436937633,0.6187572843255785,0.007812073754204669,0.07294369972832054,0.00048314128163348,0.00036921726989101,0.1,0.1,0.9,121,0.0670517386529339,0.0653881795135136
28,51,0.04834586213560765,0.30374890578364605,0.3286979268610001,0.6275457831040622,0.008028236163273155,0.07252894469664464,0.00048396826136883005,0.00036807579878192,0.1,0.1,0.9,123,0.0671224014772729,0.0657861624922883
28,52,0.04822433494341055,0.3053275786529921,0.33534499622597524,0.6294361576923221,0.01028644956493625,0.07257304813727175,0.00048504859243545,0.0003687254309558,0.1,0.1,0.9,124,0.067795558191145,0.0663281041162021
28,53,0.04809891021151458,0.3047251821101532,0.33472185359852497,0.6317794019555925,0.010665125066991679,0.07275794296809121,0.00048651066239446003,0.00036814438790724,0.1,0.1,0.9,125,0.0672575898933317,0.0654004606690559
28,54,0.04801475304385361,0.30225730433439146,0.32715583788004987,0.62573554883341,0.0093149934125219,0.07270826003519834,0.00048641973336804,0.00036820344409949004,0.1,0.1,0.9,126,0.0672522422108614,0.065036058707709
28,55,0.04685897327174212,0.2985400275218075,0.3249905589142079,0.64761734169418,0.009693626387437305,0.07143115900289157,0.00047849870822572004,0.00036569401330997,0.1,0.1,0.9,136,0.0672128830214212,0.0663200864705577
29,0,0.9782154836547555,0.9944993412263973,0.994315436863031,0.9284512385860019,0.0,0.0,0.0,0.0,0.1,0.1,0.9,1,0.997363076944648,0.9690355652243152
29,1,0.6711155854670309,0.9069216411901073,0.9019002985049777,0.8330776128510854,0.24070392335009658,0.06659518255151775,0.00041527795992107994,0.00042933168584302004,0.1,0.1,0.9,3,0.6052539242881055,0.6528001122932099
29,2,0.43856968323647344,0.7991567304043087,0.792210360626127,0.7166399702169522,0.5204492774016056,0.06665410249497442,0.00022731326924467,0.00022661837312929002,0.1,0.1,0.9,4,0.4791244244493751,0.4433163387834061
29,3,0.3355068846108266,0.7386467190265473,0.7279989932339858,0.6505259996806503,0.3285885106148892,0.06664964981318139,0.00034695199087734,0.00041488166324595997,0.1,0.1,0.9,5,0.4116804061800664,0.2491603361606535
29,4,0.2684867024954297,0.6784102660850376,0.667420269327589,0.587290545808173,0.13954959845886564,0.06664964981318137,0.00034695199087734,0.00041488166324595997,0.1,0.1,0.9,7,0.342876966011525,0.246836936211251
29,5,0.23208509469334826,0.6436222182778985,0.6331162121986351,0.5527278808675289,0.09567230736177086,0.07160558201558091,0.00055260910046225,0.0006608043439811,0.1,0.1,0.9,9,0.314964361600715,0.199626480349205
29,6,0.23143470495495574,0.6436392872913125,0.634802166380286,0.5656414974760676,0.0092080124855544,0.07160442738472048,0.00059508865257715,0.0007770534889254899,0.1,0.1,0.9,12,0.3253457095345872,0.1859208970712055
29,7,0.21627101791011977,0.6257404481605447,0.6129442804872337,0.5434046140209888,0.09101366002268717,0.0801028055853872,0.0003455576270674,0.00041406625609193004,0.1,0.1,0.9,13,0.259676440120517,0.2034647790121464
29,8,0.21097517112849898,0.621054666661195,0.6114402064708626,0.5425082353840052,0.03872160445801129,0.07813308676105495,0.00065138347673099,0.0007804301451494399,0.1,0.1,0.9,14,0.2830091471442484,0.1952002404401173
29,9,0.20735300585073657,0.6172528910755958,0.6075210543081281,0.5485485580459403,0.017667791382190445,0.07820112159253037,0.00036967887648695,0.00048020184252718005,0.1,0.1,0.9,16,0.2192559682377981,0.1801531058629042
29,10,0.1937383516578103,0.6013848263850876,0.5927836396015653,0.5249880417641222,0.09033199594059306,0.078420524742751,0.00065016583041443,0.0007799886410010699,0.1,0.1,0.9,17,0.2828134977671495,0.1583920158569645
29,11,0.16165502515951205,0.5555632602703693,0.54043242876417,0.47661053661941905,0.11193904769194946,0.07600869551698904,0.00038421558229781,0.00046738536521986,0.1,0.1,0.9,19,0.2023148366461202,0.1865480279159868
29,12,0.1554621203202787,0.5469001485624911,0.5331491875316754,0.47515444816666697,0.02339548687322719,0.07661659402228359,0.00038171556516598,0.00047978015183637,0.1,0.1,0.9,22,0.213690522198169,0.1748422848644972
29,13,0.13383720810807936,0.5148276567260865,0.5033220531670355,0.4446677160862045,0.18816027705020968,0.08248771728763944,0.00055827807774613,0.00067263604402515,0.1,0.1,0.9,23,0.1696360177645267,0.1126686691750048
29,14,0.11698002708088776,0.4821647617626627,0.4729134192873226,0.42252419708696887,0.08567617782273809,0.08167267358335385,0.00056629831836741,0.00067623092155049,0.1,0.1,0.9,25,0.1589716926976418,0.12539538991565
29,15,0.10228192978052617,0.44995805366339436,0.4379655728409078,0.39798377438062255,0.08352506917550996,0.07952638867905935,0.00055226961244404,0.00065870408046541,0.1,0.1,0.9,27,0.1380841802333682,0.108926622291585
29,16,0.08718435169527139,0.4137363835590818,0.4005449610296959,0.35192238049587,0.18219197117626154,0.07570005395695831,0.0005401114711609,0.0006783125371509901,0.1,0.1,0.9,28,0.1144680782742744,0.1192149660717542
29,17,0.08242322939203084,0.40082719210648426,0.3888591224961999,0.3427953207812255,0.043074708883939924,0.08076134844683305,0.00054407532811705,0.00067740623103706,0.1,0.1,0.9,30,0.1066147974550088,0.1149810391408262
29,18,0.07992174647834895,0.3928620563016019,0.37895231378964445,0.34392481049338114,0.01769281719933234,0.08197901175636622,0.00054417665696619,0.0006549560190965799,0.1,0.1,0.9,34,0.1079237860082448,0.091596282150507
29,19,0.0781851655677045,0.38859986872218827,0.37622006569864214,0.3534121543265077,0.020811416232747834,0.08148437215768439,0.0005694000066248899,0.0006892723981442699,0.1,0.1,0.9,36,0.1113495084087682,0.076980516920225
29,20,0.06895880676605469,0.361477468181185,0.3515266840414073,0.323184396480365,0.14993743931102763,0.08394809860868944,0.00056665819501174,0.00067848076409861,0.1,0.1,0.9,37,0.1044894896140175,0.0656027483713736
29,21,0.06757354743374164,0.3574246755470596,0.3456878399178734,0.32268202811127794,0.014329737203400894,0.0783993574229296,0.00049140963602177,0.00059260226002879,0.1,0.1,0.9,39,0.1027572616392495,0.0762862834617055
29,22,0.05594909476837945,0.31474617603332256,0.3015668638450255,0.2796670645196509,0.21806523799424374,0.08278105759570888,0.00051349448834149,0.00061407626766296,0.1,0.1,0.9,40,0.0875308412197411,0.0660620369069896
29,23,0.055944210429632026,0.3147274439800645,0.30154751074666836,0.2888603571953453,0.008911976024247798,0.08277921521347086,0.00051354284544723,0.0006141391457958601,0.1,0.1,0.9,43,0.0874298804955809,0.0664450600175609
29,24,0.0556428750956864,0.3133732474332542,0.30014597209469673,0.2919615286253396,0.012376977463576765,0.08338166202479183,0.00051467599050637,0.00061553605538575,0.1,0.1,0.9,45,0.0861664033796801,0.0666497945019949
29,25,0.0556354326329592,0.3133334495788186,0.3001047212918812,0.29422062366343443,0.009158092501534112,0.08341676888181239,0.00051485176474538,0.0006156980104911599,0.1,0.1,0.9,46,0.0861138972775131,0.0665556702867919
29,26,0.05443346399815166,0.30948083952073185,0.2977973068452372,0.2913871134619334,0.030691986100539383,0.08278037184643465,0.0005156587165832699,0.00061657207883847,0.1,0.1,0.9,47,0.0841230794737545,0.0664398949327713
29,27,0.054125860987428547,0.30837591155853455,0.29665680508227543,0.29485467773284985,0.014002050269699367,0.08241342262424879,0.00051173483699784,0.0006121658006159501,0.1,0.1,0.9,48,0.0852195081952272,0.0629014927766127
29,28,0.0538742433648314,0.3080448589052967,0.2979862789526259,0.300736342972967,0.010546720690309897,0.08248350457034069,0.00051445754089008,0.00061496584241886,0.1,0.1,0.9,51,0.0833655676033175,0.064190429166498
29,29,0.05274565093753186,0.3028158733390278,0.29091106642824527,0.2980742378511879,0.030689765883180366,0.08232012639511313,0.00051223894372218,0.0006152232850990299,0.1,0.1,0.9,52,0.0812886570581767,0.0647152152458703
29,30,0.05222534718656141,0.30148469708776904,0.29120834827420455,0.3052952221206874,0.01367099475995405,0.08199567558432344,0.00051341427208082,0.00061635271719002,0.1,0.1,0.9,54,0.080093052784511,0.0653107738043058
29,31,0.05147398468841334,0.29932571599250585,0.2923161599369012,0.3326759629655005,0.011530080130095908,0.08308140654448783,0.00054813415954975,0.00065362378215956,0.1,0.1,0.9,61,0.0788268199450136,0.0653007730331215
29,32,0.051220977871745337,0.2967319568499215,0.28462607409834345,0.3288451828901788,0.008996606439727519,0.08159694498278107,0.0005207744442000701,0.00061617427103981,0.1,0.1,0.9,67,0.0784824876819852,0.0661994611853417
29,33,0.051525791116237965,0.30198122051604515,0.3017441357039785,0.3421434773534191,0.009080330534047543,0.08426276141095572,0.0005505936302723699,0.0006558184291116899,0.1,0.1,0.9,68,0.0793841188367888,0.0662767467306809
29,34,0.049944588727211095,0.29612706783753695,0.29736760171934307,0.34502723536315916,0.02483654285684457,0.0838155259090475,0.0005511343660925801,0.0006573836017325101,0.1,0.1,0.9,70,0.0773677894298762,0.06714094080281
29,35,0.04942957696239529,0.2934360529015995,0.2929168065792486,0.3605245757694376,0.011322959090568607,0.0831613288241392,0.00055180386679114,0.00065921452916913,0.1,0.1,0.9,74,0.0772721136359774,0.0687334841573032
29,36,0.04897647677788934,0.2920868894404242,0.2931936687563937,0.3560502884957451,0.01233593334401101,0.08346751353475249,0.00054874018275286,0.0006517412239262,0.1,0.1,0.9,77,0.075892770412996,0.0663229692629183
29,37,0.048276801082919304,0.28903998948746057,0.29004500924296656,0.36275200112166184,0.012687201977647394,0.08342488456131933,0.0005491984037577201,0.00065227222816476,0.1,0.1,0.9,81,0.0764222232945067,0.0664383653817961
29,38,0.04824978286804453,0.2888983975997189,0.2898985404988633,0.3525205107463816,0.009212236187640678,0.08347080217863213,0.00054877529931258,0.0006519780865652501,0.1,0.1,0.9,84,0.075835356768894,0.0660077284156416
29,39,0.048201379765474894,0.28942594263303206,0.29211596125431294,0.37793370039604607,0.009817326487772804,0.08337317225378453,0.00054896349692306,0.0006524736695041899,0.1,0.1,0.9,85,0.0764369219394138,0.06639630647153
29,40,0.048185104092031965,0.288620455392871,0.2896113659995416,0.3522132383294864,0.009113766931757703,0.08345039115686795,0.000548837080274,0.00065214226717415,0.1,0.1,0.9,89,0.0760286370889455,0.0661137591467791
29,41,0.04746857480050719,0.2912000316777718,0.3056538774318396,0.4288242868167726,0.010575105727561302,0.08301312542130128,0.0005487605592696001,0.00065845613264693,0.1,0.1,0.9,98,0.0797213877081758,0.0543420600026954
30,0,0.9675484834828315,0.9917618205176867,0.9914863174706656,0.9243356994067182,0.0,0.0,0.0,0.0,0.1,0.1,0.9,1,1.042541689750868,0.9583663595833904
30,1,0.9210446896254659,0.9835368602004324,0.9827996739090581,0.9172090688764095,0.039062491694774874,0.05577438601762007,4.725021336606414e-06,4.659478732170196e-06,0.1,0.1,0.9,3,1.0075292886188558,0.8703492793231564
30,2,0.43438871976497795,0.7967972818139027,0.7897709338961058,0.7140256826745566,0.9190820597262811,0.06665916873345815,0.0002857003478768,0.00025548363076025,0.1,0.1,0.9,4,0.4921799022868481,0.4230810407161625
30,3,0.3121233407208021,0.7152210025597362,0.7054717563637997,0.6296029771691998,0.20423458200143274,0.06664468460104264,0.0001380303396133,0.00011075988136486002,0.1,0.1,0.9,6,0.3682487020019215,0.3453940831470415
30,4,0.30747342085030616,0.71240503824885,0.7042075932187382,0.630631570036356,0.017981955698697562,0.0733788667667966,0.00026283229308702997,0.00021090489006063,0.1,0.1,0.9,8,0.3458457673597905,0.3515577406304904
30,5,0.29775309602908795,0.7044454166262355,0.695994746572699,0.6235784662453633,0.04389059760608311,0.0698665925868983,0.00022176962254522002,0.0001764177594426,0.1,0.1,0.9,9,0.3488957671242574,0.3447733270491286
30,6,0.2940723965038968,0.7014014415559509,0.6928479823414624,0.6159378638776061,0.014649562734278143,0.07028768534258198,0.00020074925113382002,0.00016445986590677,0.1,0.1,0.9,11,0.3436888821925312,0.333840041099116
30,7,0.2765846558907189,0.6871049264156035,0.6797435680479089,0.6109427334806385,0.03159281486382442,0.07069362563254736,0.00020613562348892,0.00017908278233179,0.1,0.1,0.9,14,0.3211595651054204,0.3128346899357477
30,8,0.2730665130441142,0.6839885610557643,0.6765194837358356,0.6131101603002423,0.0229961830848762,0.07183823830233306,0.00019458680836714,0.00017051945694617,0.1,0.1,0.9,15,0.3122329524806089,0.3094212918145912
30,9,0.2677642846098715,0.6791948780791062,0.6715660236176647,0.6078047504411461,0.030514703409947292,0.07181265961275685,0.00018667331717752,0.0001560764360842,0.1,0.1,0.9,16,0.303327325109659,0.3005044523491431
30,10,0.2392879811496808,0.6524919402433089,0.6456417766915499,0.5825016252439724,0.140339003510121,0.07170425033964442,0.00019798961520476,0.00017832570276650998,0.1,0.1,0.9,17,0.2616442022128045,0.2549606763591288
30,11,0.23673688490850772,0.6518213283646666,0.6449572103534316,0.5837947975158235,0.01847536965416552,0.06875073772405489,0.00017235519459526,0.00022773566232488001,0.1,0.1,0.9,18,0.2911210446674125,0.2200155284687617
30,12,0.21862089600187393,0.6298732650328853,0.620589272299825,0.5569349635960664,0.10335802481076428,0.07326506387526295,0.00016689462172247998,0.00019244296395382,0.1,0.1,0.9,19,0.2334339759126001,0.2336744494619703
30,13,0.18114351222433575,0.5858678754327601,0.5784548506198286,0.5171427442255406,0.227849255195739,0.07251572765757867,0.00023163930749081998,0.00031557596530096,0.1,0.1,0.9,20,0.2121076347706882,0.1881230566492773
30,14,0.1777767309462369,0.5813679474273052,0.5738046547162962,0.5121609762299217,0.018448825088602405,0.0725150610127184,0.00023215256281105,0.00030856568364239997,0.1,0.1,0.9,22,0.2070648771923344,0.1844979734480502
30,15,0.17652396197773695,0.5796710969354043,0.5720507486075493,0.5102837033979764,0.011706021168624785,0.07250371200243487,0.00022836155747323002,0.00032100284944668,0.1,0.1,0.9,24,0.2068883534783891,0.1814328248095823
30,16,0.14322633368021362,0.5317782919551219,0.527559321003118,0.484641165956058,0.03512734739664315,0.07431655286321685,0.00037058441429474,0.00053418721753005,0.1,0.1,0.9,33,0.1779707894344627,0.1561603314076524
30,17,0.14321379140137652,0.5317571597698699,0.5275374838166088,0.48461772098161426,0.007999877011193169,0.07431655302970384,0.00037058437429608,0.00053418717820313,0.1,0.1,0.9,35,0.177951723571974,0.1561634930922301
30,18,0.12490969105471907,0.498550636075004,0.49153986446977505,0.46252662660522265,0.04000024056215231,0.08008587516067191,0.00023140516987757003,0.00020041223803087,0.1,0.1,0.9,40,0.1365566447997158,0.1594371727257192
30,19,0.11971551847311343,0.48927404161817556,0.4836262117125942,0.4514706997133481,0.02018997151344815,0.0774634978566247,0.00030825877014171,0.00044361231606642,0.1,0.1,0.9,44,0.1385461874716256,0.1475727172788923
30,20,0.10792832557531253,0.46423380913763296,0.45607322197477546,0.4245130922965263,0.06751984223446503,0.07935285701774267,0.00027838565647524,0.00035342135749301,0.1,0.1,0.9,46,0.1290876153512128,0.1481729303645874
30,21,0.1029472756481728,0.4546879771131049,0.4495524268860482,0.42496216891486993,0.03481969854373808,0.07882238446582737,0.00031138726297915,0.00039658116685507,0.1,0.1,0.9,48,0.1293097669009175,0.1334499144273139
30,22,0.09875063276618418,0.4436105860887688,0.43475960996641716,0.4016806057742389,0.03184200844749762,0.07931365881128541,0.00029428854514540004,0.00038195700627657,0.1,0.1,0.9,50,0.1233406983581864,0.1351138427080356
30,23,0.09569143712776246,0.43777193535983777,0.43206967732762397,0.4116226036619422,0.043460167284142114,0.07908246296177807,0.0003308079807841,0.00040030978097437,0.1,0.1,0.9,51,0.118487343622643,0.1260629660087343
30,24,0.0931984544419905,0.4317663134428601,0.4258643730063975,0.3995901352929979,0.0373013446662006,0.07852679057284392,0.00032466884477917003,0.00042495967920896,0.1,0.1,0.9,52,0.1220879427679162,0.1232057095257888
30,25,0.09272946033093535,0.4305995830224196,0.42465878903140913,0.398295601456654,0.011041825364511834,0.07853396813027165,0.00032115859739198,0.00041921164756425,0.1,0.1,0.9,54,0.1216492834515168,0.123367789352736
30,26,0.09258077562932095,0.430826954192755,0.42656337579974285,0.4007996044739343,0.01095037621591968,0.07898528339452623,0.00033974212147905,0.00044395323950494,0.1,0.1,0.9,55,0.1203164893303767,0.127295702767704
30,27,0.09257953453758122,0.4308238706221036,0.4265601883989796,0.4025138520060772,0.008346568245435164,0.07898528339452625,0.00033974212147905,0.00044395323950494,0.1,0.1,0.9,56,0.1203168467846983,0.1272907748911987
30,28,0.09219785180612099,0.4298669812276321,0.4255710641877809,0.4127658968074894,0.01068139394534847,0.07896760531143517,0.00034255337959404,0.00045343831514715,0.1,0.1,0.9,58,0.1196402593439216,0.1216708180613623
30,29,0.0919974244596204,0.43134988838501676,0.4321163124617843,0.4309239988609721,0.01018818758645048,0.07930055512545234,0.00036245790332509,0.00051479061183757,0.1,0.1,0.9,60,0.1157656019389903,0.1236678961789195
30,30,0.0918066175047927,0.43092976891435475,0.43168340516872616,0.43046313447712325,0.00931930729995092,0.07923283861936695,0.00035114667299966,0.00048165551062459,0.1,0.1,0.9,62,0.1172869994108741,0.1246605388357917
30,31,0.08804603079722115,0.4211645378064899,0.42158775355666667,0.4245456616242239,0.03247124744612705,0.07924502815848614,0.00043591850708537004,0.00060002954750098,0.1,0.1,0.9,64,0.1101263469336061,0.1227447491857414
30,32,0.08630005517286944,0.41657821633473846,0.41684793907991724,0.4243724885152434,0.019641382414344793,0.07924659624468978,0.00044486693013342,0.00060326280727779,0.1,0.1,0.9,66,0.1070626409428579,0.1198246108900919
30,33,0.08571480756292403,0.4150003094618543,0.4152167849298719,0.42752972647438314,0.016249427225915346,0.07928776526526599,0.00048198537646665,0.00061074564175535,0.1,0.1,0.9,67,0.1058408086988519,0.1176782044285135
30,34,0.08556745968515546,0.41605513478541406,0.4196514120818151,0.4316856547924311,0.010143120755609851,0.07918280014012244,0.00044452007879589,0.00060362590650393,0.1,0.1,0.9,68,0.1052097232835749,0.1177034971831649
30,35,0.08272777067234242,0.4076691460571539,0.4093132429462597,0.432750916471299,0.020909395440372167,0.0797477414306125,0.00051822759675487,0.00052769035086383,0.1,0.1,0.9,71,0.1021345898564037,0.1150926562307807
30,36,0.08254819967222345,0.40783252127217634,0.4111530516154275,0.4447381129454282,0.009454150721665501,0.07978370625905272,0.00051829986440388,0.0005550848463728899,0.1,0.1,0.9,74,0.1022830080802842,0.1181419895452996
30,37,0.08247673511157469,0.4075662160198877,0.41087654231096354,0.44406726659755263,0.010046359542464247,0.07976346196878134,0.00054041960682683,0.00059828232685274,0.1,0.1,0.9,75,0.1119736236841161,0.1122780543076078
