Run,Equation_Index,Hybrid_MSE_Train,Hybrid_AIC_Train,Hybrid_BIC_Train,Hybrid_MDL_Train,Hybrid_PSM_Train,Extrapolation_Divergence,Sensitivity_Interpolation,Sensitivity_Extrapolation,Lambda1,Lambda2,Lambda3,Complexity,MSE_Test_Interpolation,MSE_Test_Extrapolation
1,0,0.9598811641625523,0.9897757853838277,0.9894338577465596,0.9221367576125251,0.0,0.0,0.0,0.0,0.7,1.0,0.1,1,1.0722930973335525,0.96010705190808
1,1,0.9058766733616885,1.019172051298605,1.017763354659755,0.9524512446597457,0.13866011752774912,0.08750527918559915,4.140282585916e-05,4.134634021967e-05,0.7,1.0,0.1,3,0.8614860078642342,0.9167631668183712
1,2,0.4861650771646415,0.8434353598809434,0.8366304743188219,0.7613728762207645,0.8295779754799217,0.06663942908677066,0.00026853288281071996,0.00022986620534118,0.7,1.0,0.1,4,0.4225409459135306,0.4287157474400119
1,3,0.45626574871280123,0.8262424944101597,0.8188629073215499,0.7482210306687879,0.06777000917731277,0.06666658484453852,0.00024309738133098999,0.00022860991916171,0.7,1.0,0.1,8,0.3777573432867052,0.449431060990717
1,4,0.45067925814906695,0.8230884916644212,0.8155873929005576,0.7461996173100887,0.0650390608960067,0.06665813950791243,0.00069283504786361,0.00059505505242874,0.7,1.0,0.1,9,0.373122826282342,0.3637796871945212
1,5,0.4373413105589889,0.8156456142195686,0.8095650179076,0.7440939893500031,0.08737646343092026,0.06666416798140086,0.00079548812941817,0.00028233452340094,0.7,1.0,0.1,10,0.3506783681791071,0.3871888979945486
1,6,0.4252020717726275,0.8079114926333059,0.8015773446400615,0.7372660266100416,0.08410904723514785,0.06654940538230804,0.00072491396502756,0.00027326010921113,0.7,1.0,0.1,11,0.3406501109234485,0.3769188963582364
1,7,0.41972279502022475,0.8043770341140937,0.7979239303795173,0.7350691877412485,0.06461271184994033,0.06665268687760854,0.0006758253748759,0.00027021395392128,0.7,1.0,0.1,12,0.3365463891315459,0.3722523134525379
1,8,0.39621684455901957,0.7889282175349024,0.7819546286718679,0.7191335688493072,0.12441752690792146,0.06666662146473823,0.00076713982084775,0.00042655792968733,0.7,1.0,0.1,13,0.3315231230803563,0.3196797090226816
1,9,0.3960125716503686,0.7886481315436877,0.7816690534277447,0.7206319497285757,0.047661863328875335,0.06665973656463645,0.00065994206200417,0.00039676619393875996,0.7,1.0,0.1,14,0.3342175495143872,0.3233657077251275
1,10,0.37896946334164433,0.7770932577402432,0.7713958981292519,0.7100154695508288,0.1065474467147713,0.06666662146473823,0.00076713982084775,0.00042655792968733,0.7,1.0,0.1,15,0.2970558656349636,0.3293352209674761
1,11,0.3278323093534509,0.7397075929268512,0.7376129739606793,0.6707340210320109,0.159971922963429,0.07436518661506757,0.00026959337141269004,0.00022837158409983997,0.7,1.0,0.1,17,0.2718268415411887,0.3214951730212798
1,12,0.30122586731580697,0.7161027982582095,0.7149922804172912,0.6492805531680885,0.10090049739857378,0.07000914248708388,0.00028379306311147,0.00024026335678765002,0.7,1.0,0.1,19,0.2540557276629511,0.3129331475680137
1,13,0.29446485084212615,0.7104367049339698,0.7107352096589739,0.6484676462349491,0.07230018509785296,0.07309320695081305,0.00031768090221436,0.00027011403110308,0.7,1.0,0.1,21,0.2313034884045531,0.2758895907689556
1,14,0.27309027101460476,0.6888505613133067,0.6884975081376316,0.638919779957201,0.07304176507375072,0.0701146736365352,0.00030206007707324,0.00026609564525273,0.7,1.0,0.1,25,0.2258417784477468,0.2663630003944729
1,15,0.27211597362792456,0.6877760575559593,0.6873667848939871,0.6419981405349396,0.05405976336322695,0.07096360462446631,0.00031831363763684,0.00023116914515253998,0.7,1.0,0.1,27,0.2363206297317077,0.2897638311001862
1,16,0.2660579043127566,0.681981941375939,0.6830445591303664,0.6391219790994023,0.06643893669548331,0.07122032957977267,0.00032253294843753,0.0002689913079903,0.7,1.0,0.1,29,0.2354559802426576,0.2776354990963902
1,17,0.2625067558044001,0.679835883987539,0.6842813797551102,0.650766324158446,0.04720455985325168,0.06651895313812473,0.00030105647061121,0.00026355090392511,0.7,1.0,0.1,33,0.2106313039845947,0.2882329335617346
1,18,0.2593679039665935,0.6751565019411659,0.6776111500897817,0.6506859446060246,0.09465185034624583,0.07353724949253923,0.00025152471600975,0.0002046978230509,0.7,1.0,0.1,34,0.2414509520730597,0.2933927083695449
1,19,0.24276378995111,0.6568531351494465,0.6604167929404473,0.6359970863882705,0.09304748477290394,0.07142326239756619,0.0002603298118741,0.00022832051196073998,0.7,1.0,0.1,36,0.2089189544569286,0.2548637268335885
1,20,0.24155050979554607,0.6553119361910152,0.6588207991286291,0.6342761357209066,0.058070324074483905,0.07156194603493005,0.00026058476476136,0.00022861598366327,0.7,1.0,0.1,37,0.2073965821803813,0.2539501410933221
1,21,0.2276955209622182,0.6353576359433487,0.6379356192259347,0.6196565982810267,0.12583659299390942,0.08253947889604225,0.00044707547196522,0.0003629504563382,0.7,1.0,0.1,39,0.1971480751433111,0.1908854480976763
1,22,0.22262450401511077,0.6280915272335901,0.6304099554549346,0.61638085450171,0.09589202692249002,0.08319831205208282,0.00048006744728726,0.00038738540671041,0.7,1.0,0.1,40,0.1866622019663331,0.1828382788657535
1,23,0.21326675433942197,0.6186485177371736,0.6225706475003877,0.6059352195559305,0.05800855928333672,0.07275441302273541,0.00039810786004016,0.00028534171175814,0.7,1.0,0.1,42,0.1877690891317179,0.1828916822202307
1,24,0.21216619932635342,0.6172368963024585,0.6227395774275479,0.6129862073634684,0.06936051901544572,0.07476711246485732,0.00031524570464868003,0.00023209204175335998,0.7,1.0,0.1,43,0.1780284806388552,0.2047226581505679
1,25,0.20168130734508177,0.600222101908507,0.6034302440798488,0.5997278042478524,0.07599669092782418,0.0768121512785189,0.00047682798225099997,0.00035263452804949,0.7,1.0,0.1,47,0.1768834774664059,0.2050185633938914
1,26,0.16887994542887563,0.548322345160538,0.5532434934834621,0.5646768905825522,0.17284300925477666,0.07254539556401574,0.00034107185523698,0.00029103751837752,0.7,1.0,0.1,49,0.124900141640607,0.1649440033092648
1,27,0.15341177462819772,0.5163220271238359,0.5234363358765558,0.5351643120423986,0.08253238874880105,0.07572995554519542,0.00051051334166567,0.00042326316819197,0.7,1.0,0.1,55,0.1175147733135921,0.1158623421180171
1,28,0.1392480106343585,0.4868819856604074,0.4930815793768677,0.5097216204474023,0.18448884969429943,0.07288667322418108,0.00042550976094917,0.00032523520662017,0.7,1.0,0.1,56,0.107296892817438,0.1084655039661803
1,29,0.13655539910375966,0.4809644626362155,0.48863813094952324,0.519023335332923,0.06733498924326636,0.07288667322418108,0.00042550976094917,0.00032523520662017,0.7,1.0,0.1,58,0.1028913152674578,0.1044623503766661
1,30,0.13134086313105084,0.4661507919272953,0.4732946978371915,0.5078330516371726,0.07811954814865162,0.07441305431480041,0.0003879884190499,0.00030840565414808,0.7,1.0,0.1,61,0.0920293233202724,0.1061063815015168
1,31,0.1313375985196977,0.4668488432752933,0.47568800493747754,0.5149666958808709,0.05252875650956349,0.07441305425025369,0.00038798841965572,0.00030840565476200003,0.7,1.0,0.1,63,0.0918881823846473,0.1060916520472292
1,32,0.12325476512396445,0.44211456669385957,0.44841553888290814,0.47801161709036166,0.17717615270017842,0.07591545888839644,0.00050159288518752,0.00037798064709061,0.7,1.0,0.1,64,0.09369952760088,0.094911853407815
1,33,0.11538019554020061,0.4195678601429218,0.4268004489196873,0.46936891492683525,0.10802998468588332,0.07538903652542936,0.00046524207405809005,0.00035058810720672997,0.7,1.0,0.1,66,0.0861307867219158,0.0879633909803401
1,34,0.11245692790679784,0.41650248443163634,0.4353566026879037,0.5370128407736272,0.05429092928331208,0.07456751089376304,0.00043108498307186,0.00029602862133791,0.7,1.0,0.1,88,0.0741856153282448,0.0864230513310344
1,35,0.11218762755979592,0.41404546276696763,0.43113282574496825,0.5427462132544646,0.06331968863382145,0.07506530936189314,0.00045417875908723997,0.00037245026747454,0.7,1.0,0.1,89,0.0706183912582865,0.0844499335693793
1,36,0.11215142079464123,0.4135927460110746,0.4306600898382948,0.5450752074667357,0.05608752915109456,0.075302662682037,0.00043680442438726,0.00034442383324076,0.7,1.0,0.1,90,0.0707027453270622,0.0863844369237948
1,37,0.11157354353847408,0.4120813987033981,0.4291038411938374,0.5434228269973476,0.0562899744128114,0.07508285681085242,0.00042307742987596,0.0003352729012611,0.7,1.0,0.1,92,0.0699354181024627,0.0866661957545996
1,38,0.10745214775075392,0.4025134073644353,0.42426326423451843,0.5383427112468463,0.10412416778148122,0.07371258925695681,0.00043692007781586,0.00034226080092957,0.7,1.0,0.1,93,0.0742210204302906,0.083674978644244
1,39,0.10566566413353227,0.3926943798802923,0.4057556949599376,0.47428339292028665,0.062278519089604426,0.07373822209268589,0.00044069258200904,0.00030245992389838,0.7,1.0,0.1,96,0.0729429596675012,0.0810736395856987
1,40,0.1057992771690518,0.3971661789802563,0.42206801502116864,0.5667663582188756,0.052975462270729884,0.07427297638613224,0.00043589255589458997,0.00033891068040623997,0.7,1.0,0.1,104,0.0706980786465542,0.0845174638904625
1,41,0.10575511331872132,0.3961870118082128,0.4210453854065074,0.580778854532662,0.05488076601280979,0.074722876353518,0.00044116232964338,0.00034432463838205004,0.7,1.0,0.1,107,0.0705632870032383,0.0748867450176237
1,42,0.10520722353075879,0.3896172681138928,0.40255684606876585,0.47902230374801325,0.05506441314885524,0.07453031983076466,0.0004399718698827,0.00039768091550478,0.7,1.0,0.1,110,0.0707642708074956,0.0751849394494375
1,43,0.10319836677456719,0.3894433350232134,0.4174341390265142,0.5880313772299158,0.08263696528583132,0.07411285937991521,0.00044167900523150994,0.00039886089588203003,0.7,1.0,0.1,111,0.0705381361468415,0.0765745572110973
1,44,0.10177414559843541,0.383446620844446,0.41289179283949884,0.5857624298067666,0.057867417574589394,0.07484736871560935,0.00044217134367668,0.00034727731407995,0.7,1.0,0.1,118,0.0695404657333389,0.0775482829808192
1,45,0.10004174529501511,0.3790004984682304,0.41331364985250363,0.6020351307068846,0.0634160064710777,0.07484360865122532,0.00042412901764516,0.00029416529443901,0.7,1.0,0.1,121,0.0655007314780193,0.0722505992424168
1,46,0.09626209477360155,0.36471334037466796,0.39689256201209333,0.6030130749640631,0.08433661753754727,0.07415963574850261,0.00043114262653993,0.00030514030304674,0.7,1.0,0.1,123,0.0686520933579965,0.073630211514003
1,47,0.0937231078517984,0.3549782463391811,0.3885059029603217,0.586758804889266,0.07738119020629122,0.0740448391362573,0.00044917730613421,0.00031723487844554,0.7,1.0,0.1,125,0.0653993193339596,0.0739901200602454
1,48,0.09248186307116567,0.35071833990255863,0.38744438103698703,0.6181025993914385,0.055879135686322357,0.07417464145197093,0.00044887736462911003,0.00031591348313567,0.7,1.0,0.1,133,0.0649822001375167,0.0697778369971719
1,49,0.09128585980663903,0.3462931597163811,0.38620939711747704,0.6231179852536647,0.05743814005025376,0.07443862020504506,0.00043360822175461,0.00031997661191780996,0.7,1.0,0.1,139,0.0616621215482186,0.0707897925799025
1,50,0.09056335618331252,0.34349007778433305,0.3849815924058844,0.637301577695975,0.05706947445580808,0.07452977654333097,0.00045677133354319005,0.00032262362246883,0.7,1.0,0.1,143,0.0627180092883345,0.0681022945111027
1,51,0.08988547735420924,0.340904060120322,0.3839792977871326,0.6422577924759508,0.05808307804234944,0.0745998855577634,0.00045938436032815,0.00032409891379752,0.7,1.0,0.1,146,0.0619634403106532,0.0675818562665538
1,52,0.08863014413435245,0.3375371010094699,0.3821877558236662,0.6611729854388042,0.05656466758579188,0.07390885118010923,0.0004624684857743,0.00032205032061177004,0.7,1.0,0.1,150,0.0607868718488316,0.0649284681040285
1,53,0.08642193277133024,0.33413520106171085,0.38872864974892424,0.7652638810344549,0.05259585250741202,0.0728417924127301,0.00046324943765779,0.0003100989530961,0.7,1.0,0.1,180,0.0596309397008203,0.0722744981637569
1,54,0.08590231119843215,0.32716566626714205,0.3681609855727296,0.639652118614918,0.05606225855008283,0.07240510805133313,0.0004595738129956,0.00031407075852893997,0.7,1.0,0.1,181,0.0581075238144737,0.0676469614102683
1,55,0.08499442996237153,0.32365919311703883,0.3695424223260698,0.6587427100116636,0.0659113906086495,0.07285525041019704,0.00046228698578285,0.00031158414773973,0.7,1.0,0.1,183,0.0599456677915571,0.0726766544726842
1,56,0.08405825987788122,0.32313935452229336,0.3790357252951875,0.7802458656504753,0.05733040363391469,0.07290116330560872,0.00046070298949325996,0.00031214495964299,0.7,1.0,0.1,187,0.0579738454056765,0.071350275302515
1,57,0.08202136212455047,0.3175056011562084,0.3732519590844378,0.777281571029702,0.06125260139246075,0.07125657954352653,0.00046421062198842,0.00031455540696999,0.7,1.0,0.1,189,0.0576468790138961,0.0690416509237866
2,0,0.9974343201119472,0.9993582722895958,0.9993368161802247,0.9338310577518325,0.0,0.0,0.0,0.0,0.7,1.0,0.1,1,0.921127907727794,0.9723133669765948
2,1,0.7008189971034029,0.9433243820526599,0.9381761506790857,0.8690757985302644,0.3022430351116938,0.06681388081618092,0.0004431779573225,0.00071635370657328,0.7,1.0,0.1,3,0.6475663256507159,0.6528001122932099
2,2,0.672985661489909,0.9299146221534217,0.924414994915308,0.8562845391385715,0.09103648727249845,0.06280653670043891,0.00035916791842768,0.0006052520134472901,0.7,1.0,0.1,4,0.6130920058958972,0.6183819278235441
2,3,0.6163488114814588,0.9073238887676094,0.9026437883017769,0.8364354208405805,0.16638601754484605,0.06681388081618092,0.0004431779573225,0.00071635370657328,0.7,1.0,0.1,5,0.6089034702126596,0.5853033858964045
2,4,0.392021234259746,0.784789969943769,0.7760293214051818,0.69771590871266,0.638599642395602,0.06666334005155551,0.00010825185840793001,9.704373454395e-05,0.7,1.0,0.1,6,0.3439356343958919,0.373743446839513
2,5,0.39008441982763326,0.7834300513632912,0.7746240498506012,0.6984682584001781,0.05335490030604597,0.06665806538226743,0.00010812823728988,9.682739447571e-05,0.7,1.0,0.1,7,0.3423739282366561,0.3684220700997758
2,6,0.36770755982607306,0.7718895465049453,0.7627397519859438,0.687335060907512,0.11974931843704384,0.06483726903756773,0.00012212353781609,0.0001152899915255,0.7,1.0,0.1,8,0.3175681711820513,0.3124924266244615
2,7,0.3099084344468393,0.7202568751708378,0.7110525861158195,0.6332894972872166,0.16024743091365395,0.0648328898941818,0.00012146968191679002,0.00011511932130345,0.7,1.0,0.1,10,0.2865030601447846,0.3041932573908731
2,8,0.27535991118772,0.6876812642782749,0.6789324291462929,0.604223466294733,0.13924426327295616,0.07014902968128833,0.00019741613615537,0.00018709534140482002,0.7,1.0,0.1,12,0.2681781489565098,0.259046855110133
2,9,0.259575559228068,0.6713125671127979,0.6636620627032603,0.5948645164245185,0.09341484301095662,0.07124076265473804,0.00021606338181739997,0.00020818377980655,0.7,1.0,0.1,14,0.2647464201330797,0.2382056832106809
2,10,0.246525009188219,0.6557405953055502,0.6474246339174312,0.5802570233479375,0.10338681997655036,0.07745496255443934,0.00019733167410458,0.00018766135509865,0.7,1.0,0.1,16,0.2231733336004941,0.2654196877176048
2,11,0.24052264602122117,0.6488626632459236,0.6419854320526686,0.5823266469050755,0.07267051798693841,0.07758854567214848,0.00019947231024112998,0.00018820447955757,0.7,1.0,0.1,18,0.2184432466177255,0.2539061809610141
2,12,0.23853569768515054,0.6472628843844984,0.6419901131803717,0.5873622965139267,0.06225119544677994,0.0781194025375514,0.0002428822753024,0.00021722066443848002,0.7,1.0,0.1,20,0.2181779553376629,0.2550544874221654
2,13,0.22072221910694698,0.6239013033833991,0.6178923484092633,0.573878003171698,0.1585593052219094,0.0760881038268517,0.0003114551833516,0.00029675747376168,0.7,1.0,0.1,21,0.2968190816381579,0.2415578211447274
2,14,0.21503195302096753,0.6159249634010807,0.6096453482690561,0.5618534744626492,0.09297806017750238,0.07631198026088257,0.00027726053989991,0.00025254555094144,0.7,1.0,0.1,22,0.2485798885349098,0.2388162833260278
2,15,0.2144487003477647,0.6161840255400204,0.613231137943541,0.5708911091596748,0.05760415709606684,0.07746419434396855,0.00024316720035909,0.00023948537870149,0.7,1.0,0.1,25,0.181525711276194,0.1746219020594116
2,16,0.21180980446254913,0.6107745805110122,0.6042817903226371,0.561418272548336,0.0765322940838276,0.07812467418627515,0.0002348864209261,0.00023502195839864002,0.7,1.0,0.1,26,0.1660154881052425,0.1728571814197644
2,17,0.21168588628325213,0.6102541566095033,0.6037190978662654,0.56297714778142,0.061813837695710125,0.07909018488475278,0.00029628082480394997,0.00029939424604164,0.7,1.0,0.1,27,0.1722251589065811,0.17381158592405
2,18,0.19771169160973837,0.5933855027264334,0.5914324753095083,0.5441078697706659,0.12524523568744103,0.07374641486591164,0.0001535890309473,0.00015645512279323,0.7,1.0,0.1,28,0.1343375796308666,0.1725759839181977
2,19,0.16711659855638059,0.5431778355839786,0.5344019962781824,0.48885059355526195,0.3458161612843711,0.07907620210358586,0.00024231287136637,0.00029100428491693,0.7,1.0,0.1,29,0.1189236262561308,0.1164682203851789
2,20,0.13313329240445987,0.46277760128899237,0.45141216648448457,0.40888283212665977,0.22113784956333318,0.07488536915610502,0.00022186634787927,0.00026815758800107,0.7,1.0,0.1,31,0.0963323263626232,0.089214186733443
2,21,0.13315052735391833,0.4624219285432821,0.45102648934690076,0.4106796962168789,0.05649210534014651,0.0756539928776552,0.00022492430600073,0.00027238128874693,0.7,1.0,0.1,33,0.0964108440915403,0.0905078444663319
2,22,0.13245532541556065,0.4597247888184507,0.4498875043992578,0.41071727613591974,0.07161961419515163,0.07662449337274727,0.00024810827199334,0.00029745219606876997,0.7,1.0,0.1,34,0.0999123104976219,0.0918604159851059
2,23,0.12789215863121287,0.4468598132170897,0.4365795089085607,0.39870793393750814,0.11896702731471252,0.07714728663714901,0.00026349709695927,0.00032267136850991,0.7,1.0,0.1,35,0.0958442503781789,0.0911457241366274
2,24,0.09824526090632184,0.35389953568653776,0.3422431191014347,0.30308066329272154,0.4975787172615289,0.07459241609542618,0.00024798945570081,0.00029640542950636,0.7,1.0,0.1,36,0.0635926206760304,0.0576615104453437
2,25,0.09379606755882695,0.339130215616073,0.3270165011347014,0.28919285721078114,0.11775376156232822,0.07306692719478958,0.0002248054897082,0.00027133452218452,0.7,1.0,0.1,37,0.0552551726689189,0.0523945165650324
2,26,0.0852584618066098,0.29949082617240286,0.28770811772902866,0.24845439107315426,0.24974034641892062,0.07368520470926263,0.00025090213579919004,0.00029956268055679003,0.7,1.0,0.1,38,0.0565614422371602,0.0499874903210683
2,27,0.0824132976144223,0.2894556702180199,0.2840372087669316,0.272030013980352,0.05756767705977593,0.0731976439545106,0.00023208965977232002,0.00028044888261185,0.7,1.0,0.1,48,0.046475829262533,0.0469041012033952
2,28,0.07766973303780043,0.25586460396032934,0.249268540672391,0.2423133953553767,0.13856440314533722,0.07550160644823042,0.00024352757738281,0.00029774545759479997,0.7,1.0,0.1,50,0.0491009733089939,0.0391895559817876
2,29,0.07698426174206742,0.252438023809886,0.24739931085356684,0.25233251041018057,0.06306616719829608,0.07550160644823042,0.00024352757738281,0.00029774545759479997,0.7,1.0,0.1,52,0.0494592644071658,0.037938738571185
2,30,0.07687769273161511,0.25346920009338725,0.2518104308279543,0.28178723517552184,0.053265169125255585,0.07544567220645507,0.00023554225490906,0.00028516941495194,0.7,1.0,0.1,61,0.0477382112552548,0.0394303234542649
2,31,0.07619389360081033,0.2508716031613362,0.25080346746691695,0.2807820319662648,0.057990878689820814,0.07521874276953448,0.00022859572497849,0.00027886187877669,0.7,1.0,0.1,64,0.0487325547284063,0.0394960455795151
2,32,0.06464347870804164,0.16742776779246754,0.16623497514960517,0.2102491790332313,0.18940532175082989,0.07539072339949672,0.00028975877777042997,0.00035923944838532997,0.7,1.0,0.1,67,0.0280125660727058,0.0328122607884626
2,33,0.06483805475901634,0.16646995359046282,0.16690230693332808,0.22121970617695372,0.05865642697661275,0.0760148194539178,0.00029372118315496,0.00036401764739719,0.7,1.0,0.1,69,0.0269332921544446,0.0332348826845011
2,34,0.061912479306434225,0.15488214943747314,0.1566563608812644,0.22078395826106642,0.06467087767927214,0.07352764459568521,0.00031505457094624996,0.00039227548704657,0.7,1.0,0.1,73,0.0294944165128948,0.0317088980357725
2,35,0.061408221522968306,0.15386440585659594,0.15728834346562529,0.2320210579030448,0.05474242308864623,0.07301442426027649,0.0003198114638527,0.00039833100449765,0.7,1.0,0.1,75,0.029302803853182,0.0324710697030575
2,36,0.0609826923502284,0.14885405027240378,0.14542967082553251,0.13375115487764747,0.060844321242782835,0.07273739516329435,0.00030833462929725,0.00038387763897165,0.7,1.0,0.1,76,0.0292807219691909,0.0318363442017852
2,37,0.06125285018438783,0.14873623031404468,0.15197330652166155,0.22629758087983684,0.06950794152119122,0.07367771158689344,0.00031589445377475003,0.00039565997056296,0.7,1.0,0.1,77,0.0286566676966016,0.0303308065684589
2,38,0.061123169452085235,0.14865123684554438,0.15355904515987007,0.233702541775266,0.05307827301790599,0.0736107177355962,0.00031390254995353,0.00039190733666293997,0.7,1.0,0.1,80,0.0289697414763182,0.0302060164849753
2,39,0.060310299005135175,0.14667439593107032,0.15153860770860447,0.27748231371418136,0.05225258662631752,0.07264741028399291,0.00031715212686138003,0.00037162067907573,0.7,1.0,0.1,86,0.0311532898744097,0.0326329803281115
2,40,0.05973237252593712,0.14140954428375618,0.14609830007353797,0.24967326050658792,0.07664475967346046,0.07264333537116924,0.00030222371104038,0.00037207225776918,0.7,1.0,0.1,87,0.0308963716711093,0.0321511729649994
2,41,0.06066379121740497,0.14297343247808958,0.1493549725085468,0.27815411246273786,0.052330683137386334,0.07398989411204042,0.00030062916656322,0.00036376600566323,0.7,1.0,0.1,89,0.0309197663376977,0.0315682881550146
2,42,0.059421693283830124,0.14096882478550546,0.14732185996942349,0.295833352461289,0.05511841395176706,0.07233906667341229,0.00030278177075299996,0.00037705760523958,0.7,1.0,0.1,90,0.0300682410773425,0.031376256892167
2,43,0.059487072716290376,0.14260571072532532,0.15402492163541612,0.3205338123271754,0.051602058339609506,0.07252114561210063,0.00030501121014050997,0.00037709421669849,0.7,1.0,0.1,96,0.0296729045272557,0.0311777624437707
2,44,0.0593170008914589,0.13933346818333042,0.15063687562767034,0.33064400748068123,0.05969344167776609,0.0727906691395077,0.00030741508151182,0.00037591395619343,0.7,1.0,0.1,98,0.0292874755056605,0.032015762144333
2,45,0.05908393179747216,0.1364305709256495,0.14763445511564027,0.31051629046819196,0.056182975403428606,0.07289484083359274,0.0003080334685142,0.00037426583249317,0.7,1.0,0.1,101,0.0313662501913563,0.0320039689342539
2,46,0.058864059953459454,0.13653444008226767,0.15275809786695016,0.3619721828564803,0.05232578125812238,0.0728688364738492,0.00030982433873053,0.00037879934686857,0.7,1.0,0.1,111,0.0306458907105039,0.0322114606062397
2,47,0.059317449596613454,0.13981881153079845,0.16449412785132977,0.4611961817342134,0.05206808982605252,0.07359178642766451,0.00033353418436828,0.00040465235479747,0.7,1.0,0.1,132,0.0321391113266585,0.0346726815303338
2,48,0.05940762892889058,0.1406082614885186,0.16864811660383136,0.49035348348495683,0.05302165172779154,0.0738159946516441,0.00034663929461547,0.00040886035604056003,0.7,1.0,0.1,136,0.0321274174157628,0.0338765552176946
2,49,0.05893981025221466,0.1411220959551896,0.17253700670566474,0.4482546111733096,0.05396308560176121,0.07315825348187428,0.00036505474757795003,0.00063501695743183,0.7,1.0,0.1,137,0.0286900397280902,0.0337298822675463
2,50,0.058974469867034876,0.13807586382534007,0.16603768308904662,0.48449488304946065,0.06043826449124215,0.07353594123038545,0.00034581604094655,0.00039072918361313997,0.7,1.0,0.1,138,0.0313579859710676,0.0339558343969145
3,0,0.9731501758829687,0.993203034000636,0.9929757792592437,0.927015964817765,0.0,0.0,0.0,0.0,0.7,1.0,0.1,1,1.0176876225266296,0.962796400707538
3,1,0.6891135644923232,0.9378816153705366,0.9325562130353229,0.8630505750570701,0.297878828734242,0.06669912376363522,0.00043134338681619,0.00019254477984492,0.7,1.0,0.1,3,0.6941819260614293,0.6528001122932099
3,2,0.6608433601563648,0.9244029049084106,0.918722364707388,0.8501796611173472,0.09269761899369347,0.06273715525210447,0.00035217798643848,0.00013853488945485,0.7,1.0,0.1,4,0.6616397692724809,0.6183819278235441
3,3,0.653260115220311,0.9197852250977421,0.914019322389657,0.8463639794335709,0.052987553121507526,0.059860854466892176,0.00030358668663183,0.00011199519701645,0.7,1.0,0.1,5,0.6520928161591619,0.6080135706271479
3,4,0.35450005805955986,0.7570871162248405,0.7473994268325629,0.6701438085146402,0.8582275943143475,0.06665586594161907,0.00013343242236808,9.884071878697999e-05,0.7,1.0,0.1,6,0.3716421657891902,0.3517777365636679
3,5,0.3330969478662381,0.7410197666058712,0.7323632952275655,0.6560554963522763,0.09807609258849231,0.07096632860630056,0.00020467975050958003,0.00014883145975107,0.7,1.0,0.1,8,0.3497508260323798,0.3328514909999343
3,6,0.33012046653762084,0.7392017083755915,0.7321570932586579,0.6621799926381806,0.05595331586540253,0.07093801746202164,0.00020448762133517002,0.00014750606553085,0.7,1.0,0.1,10,0.340966851021426,0.3273648396942722
3,7,0.32477912789595703,0.7346093939332797,0.7274106487409752,0.658968156759811,0.05733847757826517,0.07096441633716018,0.00020238311731235998,0.00014813590905042,0.7,1.0,0.1,13,0.3463008304315458,0.3439887801502539
3,8,0.28354643808288266,0.6976679362174164,0.6909013283773374,0.6180732077467305,0.2376435620441826,0.07113120605587736,0.00021862544697097,0.00016653606366055998,0.7,1.0,0.1,14,0.2800547709716431,0.2389454466934515
3,9,0.23033677817176906,0.637495769117196,0.6320236239112264,0.5608287614360418,0.12608094328247257,0.07268837966847193,0.00024395325669987,0.0001782085792028,0.7,1.0,0.1,18,0.2159541395037341,0.1926474557199822
3,10,0.22887520318335797,0.6364069049597093,0.6325788748266071,0.5628851981014743,0.05465857380592006,0.07222813186227,0.00030530534123957,0.00021328674869627,0.7,1.0,0.1,20,0.209204959306153,0.1851099597576505
3,11,0.19675474315247996,0.5879447509313975,0.5823222598013146,0.5194880015029736,0.18615445646804743,0.07969839872746136,0.00027936274984055,0.00020431778301445002,0.7,1.0,0.1,22,0.1784613666357394,0.1809645202758723
3,12,0.17806071911852378,0.5569520479164097,0.5519700190485224,0.4992784981917745,0.0865480194055895,0.07946916518846252,0.00029017340400175004,0.0002410701447445,0.7,1.0,0.1,27,0.1537024076126015,0.14985491142082
3,13,0.17735255043810688,0.5563522977692462,0.5530213028314688,0.5037055366587003,0.05919655289962852,0.07952828611573606,0.00027544633092785,0.00022499708261156,0.7,1.0,0.1,29,0.1539449361825904,0.148630665880446
3,14,0.17734140060290524,0.5563320251232027,0.5530003588792629,0.507310900493834,0.05606495676017188,0.07952779721155787,0.00027563273256154,0.00022544701614177,0.7,1.0,0.1,30,0.1539750811065613,0.1486807726149621
3,15,0.17607885077366064,0.5548427613288875,0.5531377484103781,0.5072377370685973,0.0658223225792017,0.07931920548314153,0.00028529757276913,0.00023123722098913,0.7,1.0,0.1,31,0.150173601391492,0.1458067139195962
3,16,0.17449243733054867,0.551137371037797,0.547633798023641,0.5062527377402714,0.07085673821190841,0.07946442694529723,0.00026828308351449,0.00020450813419564998,0.7,1.0,0.1,32,0.1545171234955332,0.1503787228865247
3,17,0.17404669294675423,0.5502719849553664,0.5467380632701685,0.5123216079409182,0.05815832257855083,0.07945440021619421,0.00031393938340455003,0.00024010394266773998,0.7,1.0,0.1,34,0.1531103035136868,0.1493809878254007
3,18,0.1721646368331535,0.5467818921816728,0.5431329192051143,0.5084624820794076,0.07259192651816412,0.07944860666402569,0.00027236284066018,0.00020253847668216,0.7,1.0,0.1,35,0.1498143950520792,0.1505371073674423
3,19,0.17100511220564982,0.5454251798053632,0.5434078614978772,0.5108815318290805,0.06038774778010635,0.07921644345672041,0.00028144943812539,0.00021351437864901,0.7,1.0,0.1,37,0.1474205700085579,0.1487358424354063
3,20,0.1711252179105449,0.5455061682061608,0.5434861019642349,0.5179848258758427,0.05605151363928152,0.0794493175543573,0.00028348334550169004,0.00019817313871698002,0.7,1.0,0.1,40,0.1475624461179111,0.1476911999306107
3,21,0.1710641491696592,0.5460998237743018,0.5457716452374263,0.5225475804142642,0.05617868266241197,0.07944947383667686,0.00027933284625965,0.00020077560766096998,0.7,1.0,0.1,42,0.1476026347455842,0.147935773726853
3,22,0.17070269311751737,0.5454019007612856,0.5450500711493014,0.5288052939763159,0.05764121090249912,0.07944663790246774,0.00029078603955982,0.00020312064331228,0.7,1.0,0.1,44,0.1478246002600763,0.1469645082230936
3,23,0.16991971121320024,0.5461741929390682,0.5508695433791836,0.5432650225694263,0.06147643822047253,0.07921288674512662,0.00028801639866799,0.00019437871983958,0.7,1.0,0.1,45,0.1459300446528068,0.1468212095606469
3,24,0.16796069883037656,0.5407220226249781,0.5418824535353554,0.536082484458475,0.0768789374216297,0.07945058798299351,0.00037579789424515,0.00027727896507495,0.7,1.0,0.1,46,0.1435881941878047,0.1443739766306013
3,25,0.16666427108520646,0.5389302766830799,0.5417042768482143,0.5504838576029933,0.05745835000505037,0.07945030717672048,0.00033712910678543003,0.00019717026570433,0.7,1.0,0.1,54,0.1439434413832905,0.1443964879501347
3,26,0.16596524905116142,0.5405181069517312,0.5500377962560805,0.5808804247249405,0.056355646263940115,0.07921400752979689,0.00034265706656624997,0.00033427337466091997,0.7,1.0,0.1,64,0.1568421639771915,0.1418068860781607
3,27,0.16608135369171023,0.5469118031707462,0.5716859491159982,0.7678271349691492,0.056039576564449196,0.07945028848496206,0.00037463008181724003,0.00035464209879766,0.7,1.0,0.1,120,0.1440854515565135,0.1454473703543877
3,28,0.16605765021022917,0.5475819211232689,0.5740507529430352,0.7762600216122829,0.056077604269235054,0.07945028994528731,0.00036604368809657996,0.00033345322854196004,0.7,1.0,0.1,122,0.1441538814786624,0.1454041721158475
4,0,0.9869571281762077,0.9967209784087736,0.9966113512067288,0.9309110396125785,0.0,0.0,0.0,0.0,0.7,1.0,0.1,1,0.9618258711815616,0.967724417947192
4,1,0.8488534300218372,0.995549195803411,0.9936542953885976,0.927269602682825,0.1816761600113798,0.07456527300265338,1.841302814893e-05,2.236113826968e-05,0.7,1.0,0.1,3,0.7781704713700773,0.8448087800754365
4,2,0.4987547326367173,0.8503565161122979,0.8437818416434082,0.769031750708342,0.7257097162181142,0.06665057991311722,0.00029247262728475,0.00027840872361333,0.7,1.0,0.1,4,0.4036353407714876,0.4228707273790129
4,3,0.3699366946887889,0.7688533289503111,0.75955923893689,0.6846938070536855,0.24400356050974062,0.06664335597786919,0.00013160959588281,0.00016234589738844,0.7,1.0,0.1,6,0.2970366721207788,0.3460064370673212
4,4,0.354161328867147,0.7581283975087881,0.750054611577392,0.6767503993262091,0.08404408031106997,0.0705242174867472,0.00018880099413855,0.00023289386017524,0.7,1.0,0.1,8,0.2668167437533163,0.3319289433222837
4,5,0.3497384013999281,0.7539500206046362,0.7440585317453808,0.6773138760399959,0.05566739619121481,0.07083199421473745,0.00015879450817355,0.00019816666867186,0.7,1.0,0.1,11,0.2658750102693882,0.3247313956067609
4,6,0.34992918372308385,0.7542925070904043,0.7443807219713344,0.6841140235400841,0.053654272249755885,0.07215953231991676,0.00017659186220473,0.00022153457540146,0.7,1.0,0.1,12,0.2642043668914936,0.3370336434396551
4,7,0.3321387291095007,0.740648046815321,0.7319548057868841,0.6689443010549905,0.12139725002577229,0.07201368456335407,0.00019202623234242,0.00022920213589366,0.7,1.0,0.1,13,0.2412697865747265,0.3225990998151942
4,8,0.31867558118087896,0.7293841892848013,0.7219731791728564,0.6586900348581473,0.10937378067063987,0.07248847241509845,0.00024393472587814,0.00029449076869988,0.7,1.0,0.1,14,0.2217746117815679,0.2770954207891748
4,9,0.313431101326072,0.7256467709479103,0.7196833025042163,0.6584948132668099,0.07196979251744223,0.0766993872467745,0.00026737387481691,0.00030844073331304,0.7,1.0,0.1,16,0.2212174270629961,0.2662367687085333
4,10,0.3073975228652675,0.7200837480644134,0.7139220029786979,0.6522960429341685,0.06873395624103285,0.07730482195719449,0.00021645898202839,0.00024789092126738997,0.7,1.0,0.1,18,0.2197766919048656,0.2614028016235964
4,11,0.30494721873094693,0.7177721271133872,0.7115358387366226,0.6555779915091523,0.0596778470900128,0.07718241861353724,0.00021959404044814002,0.00024899806512413997,0.7,1.0,0.1,20,0.2188441797727246,0.2543575649608952
4,12,0.28603775200292103,0.7009191938351191,0.695927103466268,0.6406875081997182,0.12025097674950472,0.07133817620639896,0.00024154837997737,0.00031676062878233,0.7,1.0,0.1,21,0.2170164328376329,0.2325926869584441
4,13,0.2813795993797828,0.6965223837468307,0.6913847701516231,0.631969141340633,0.07276565529320698,0.07132862993361883,0.00021066931254041998,0.00024790372084883,0.7,1.0,0.1,22,0.2086681507773831,0.2162745146687878
4,14,0.2590685598218999,0.6721616404306757,0.66788048744099,0.6118383730328079,0.10803790895378529,0.07136304430744772,0.00021331022694856002,0.00025082291450055996,0.7,1.0,0.1,24,0.1875390663191527,0.2080571920007735
4,15,0.24899165445684185,0.6611856628104366,0.6581844150373959,0.6103730422090704,0.08104781663462739,0.0723920540238648,0.00023711644786359,0.00028015672471591997,0.7,1.0,0.1,26,0.1776681296368951,0.2055492570804676
4,16,0.22476932920565673,0.63096088476141,0.6269463397847395,0.5827342679559764,0.124500468434142,0.0723717015108318,0.00032247623879687,0.00035624062651598,0.7,1.0,0.1,28,0.1759616139989822,0.1880707313212295
4,17,0.21600785328363728,0.6205231706572367,0.6195056097277881,0.5883428283624312,0.0795348404266439,0.0723855644048425,0.00025447118314953,0.00029472040455284,0.7,1.0,0.1,30,0.1691977216066059,0.1720832296485127
4,18,0.2078511937769389,0.6082235943603189,0.6051213976710663,0.5713640835667755,0.1074273444840395,0.07237513978943592,0.00030036353935796996,0.00033669510673414,0.7,1.0,0.1,31,0.172261557102161,0.1557567786652769
4,19,0.17995158374498083,0.5642735703106501,0.5629808735495507,0.5272601660060744,0.11051222625346914,0.07523545253177968,0.00023913902832865,0.00027842730487330004,0.7,1.0,0.1,35,0.1465458060325834,0.1292674445082272
4,20,0.16539551372298736,0.5375594081633158,0.5370304884579203,0.5300137752917268,0.06681583000785926,0.07582942723093544,0.00026554735863409,0.00030998048959779,0.7,1.0,0.1,45,0.114275130731885,0.1039513110859432
4,21,0.1558701312661939,0.5187756740326617,0.5192830850893048,0.513003889443196,0.14950446523331076,0.07610465235654015,0.00029442465808345,0.00033289795226288,0.7,1.0,0.1,46,0.1087021268982979,0.0991465874674595
4,22,0.14796581554120292,0.5035979085765782,0.5053084512794759,0.500138138529583,0.08795076181015228,0.07441110895245266,0.00031963836308603,0.0003542827308151,0.7,1.0,0.1,48,0.1050484576215952,0.0932199573453532
4,23,0.14503886975338354,0.49693349513206264,0.5000742520924687,0.5011394443669389,0.07222092430738575,0.07523194995058884,0.00031074306473284,0.00034450932563213,0.7,1.0,0.1,50,0.1067526156702927,0.0923255805527134
4,24,0.14499333083738453,0.4968280499538409,0.49996526708354816,0.5057861468828324,0.05351688495428474,0.07523194995058884,0.00031074306473284,0.00034450932563213,0.7,1.0,0.1,51,0.1067419564180937,0.0922442796190756
4,25,0.14305192237822148,0.49389768931516254,0.49863083506056693,0.5064659881869742,0.059569129864804664,0.07426351475533019,0.00032912859456271003,0.00036157844008368,0.7,1.0,0.1,53,0.1112845025809885,0.0926036762099536
4,26,0.14339788195006953,0.4926540268262072,0.497294509361898,0.5095348991887028,0.06731629362346088,0.07640311272575746,0.00035541305006923,0.00039414783777051,0.7,1.0,0.1,54,0.1145244836592153,0.0948404359631849
4,27,0.13756965385718234,0.4837014002804205,0.49478355567819954,0.5741874473200033,0.054430529764749554,0.07406249661827083,0.00039829555453165996,0.00040469739838204,0.7,1.0,0.1,77,0.0821280544497536,0.1054008748705354
4,28,0.12023069454687584,0.43718091314709007,0.4467086215855965,0.5278485395294557,0.277685396188081,0.07406079564709164,0.00035989246966425,0.00046279960642870994,0.7,1.0,0.1,78,0.066433894376839,0.0856298642461282
4,29,0.12020810678341988,0.43782087265614167,0.4490419048259877,0.5355415901970647,0.0524101812830399,0.07406079564709164,0.00035989246966425,0.00046279960642870994,0.7,1.0,0.1,80,0.0669348379022982,0.0862785689908473
4,30,0.1176891776650441,0.43100898138654425,0.44367445090540786,0.5452260431991133,0.06134490842181724,0.07401201828851539,0.00038676639839789,0.00044770490550964995,0.7,1.0,0.1,84,0.0648021773396879,0.0864836525428474
4,31,0.11650313381584178,0.4273917077872783,0.4399363856056443,0.5493556390700034,0.058075441589278125,0.07401312723916345,0.00038324306148468,0.00042873396970477003,0.7,1.0,0.1,87,0.0637941720070259,0.0847579799447856
4,32,0.11637467096851406,0.4276786368944355,0.44190445110668386,0.5543124066463242,0.053291804924808006,0.07402925630577488,0.00038464890206695,0.00041536448802152,0.7,1.0,0.1,89,0.0641412049474421,0.0841168114604632
4,33,0.11626520487438609,0.4231245684737979,0.4271669264795465,0.4733675750088049,0.05370690415928401,0.07401621169021277,0.00038186316160576,0.00042271634373028,0.7,1.0,0.1,90,0.0642453134117902,0.0849018782752211
4,34,0.11620951846725988,0.4229545387003286,0.4269912346179326,0.4731794292654352,0.052398507978232256,0.07401729601281073,0.00038078841761733,0.00041625660841885,0.7,1.0,0.1,95,0.0643631211577426,0.0847356212976816
4,35,0.11624040338636876,0.43683146641147763,0.47476510102195896,0.7906164721656406,0.052436747923374716,0.07409412076241913,0.00049168104711473,0.00044446900196187003,0.7,1.0,0.1,154,0.0715522742150704,0.0895408774857259
4,36,0.1155615069580453,0.434030016397142,0.47019828975510153,0.7819059241990617,0.06251782686774142,0.07407938126681489,0.00049366839960144,0.00045365641996960996,0.7,1.0,0.1,155,0.0711192385873032,0.0900404694776988
4,37,0.11468544503717482,0.4319273674433591,0.46969633339953154,0.8342458573056892,0.05333987696800196,0.07407768651354442,0.00052118322131692,0.00046941443074596003,0.7,1.0,0.1,170,0.0775601782356532,0.090026365131547
4,38,0.11411720819390231,0.43077774715785033,0.4701793359006935,0.8417654017810402,0.05701195458353197,0.07408097678759633,0.00054506769628672,0.00046566903326503004,0.7,1.0,0.1,172,0.0718682255345902,0.0906870786772153
4,39,0.11397373801203758,0.4303243359134134,0.46971079990861164,0.8508257305750792,0.05354275040172832,0.07408701181477702,0.00053953149789802,0.00046404509572491005,0.7,1.0,0.1,174,0.0709258096034551,0.0900977315614912
4,40,0.11305670942386728,0.43129754156125794,0.4790818848727528,0.8593506386751468,0.05420723609150398,0.07404976014104006,0.00038781513997426,0.00053624391287596,0.7,1.0,0.1,180,0.0664313005944203,0.08554384491948
4,41,0.11300183973766313,0.43108415465022926,0.47886080676153814,0.8663399610804912,0.053408906717677083,0.07407300606001668,0.00038819541197695,0.0005363452997412101,0.7,1.0,0.1,181,0.06466393011362,0.0832952172285034
4,42,0.11253460916951272,0.43030377505519507,0.4797265736785925,0.8903069498747626,0.0531791139473491,0.07404466987667375,0.00039848329284503,0.0005368426356421,0.7,1.0,0.1,189,0.067697955534791,0.0858087251780512
4,43,0.11221762160768625,0.4292824846293482,0.47867123242535015,0.8920222387704617,0.054749108194040025,0.0740428823299504,0.00039498806332046,0.00055322441005548,0.7,1.0,0.1,191,0.0679910514516984,0.0849311411666799
4,44,0.11212986690888845,0.4297093036427564,0.480784339444817,0.9121248999174302,0.05295027289954994,0.07404515705049208,0.00038997272185586,0.00056258141148482,0.7,1.0,0.1,193,0.0678850263007135,0.0852918537497927
4,45,0.11208055308827462,0.4309519488123675,0.4854122306521759,0.9256733612019936,0.05249447365833142,0.0740486509363462,0.00039127430525438,0.00056962228394961,0.7,1.0,0.1,197,0.0673996061427865,0.0839830499448543
5,0,0.980394155802809,0.9950549014660093,0.9948895706202412,0.9290663561988846,0.0,0.0,0.0,0.0,0.7,1.0,0.1,1,0.989261730946668,0.9607143328070106
5,1,0.8411950712481268,0.9932921930758768,0.9913147688806263,0.924748000437919,0.1838320908923787,0.074860852142388,2.245450499651e-05,2.5230924005170003e-05,0.7,1.0,0.1,3,0.8288650339812098,0.853447647489301
5,2,0.4646369458805922,0.8311798992890643,0.8239649206176646,0.7478022570391695,0.8065812236659661,0.0666641300685051,0.00025911685890773,0.00024240961820599,0.7,1.0,0.1,4,0.5093995827418428,0.4289046311270574
5,3,0.4612280779792443,0.8305606892391564,0.8249423388181055,0.750520369621041,0.05575378305412598,0.06889636876679396,0.00032324255394101,0.00029862225998697,0.7,1.0,0.1,6,0.5077280528873053,0.4270124822124075
5,4,0.4573663846087087,0.8275935149464569,0.8219317974844037,0.7530259411503937,0.05005350368976634,0.0666334997506567,0.00024611234947231,0.00020263055411983002,0.7,1.0,0.1,8,0.4705456896001801,0.3978062643147858
5,5,0.44841967303140967,0.8222385475270015,0.8163970058842777,0.7460498528786155,0.07301068149985618,0.0666537851709254,0.00025354525333078,0.00020978885453959,0.7,1.0,0.1,9,0.4669734864802313,0.3936846922603231
5,6,0.4172999828771794,0.8026398896089352,0.7961437116730651,0.7270237182307959,0.14185792973213515,0.06665924323939437,0.00022212505360912,0.00027575275667462,0.7,1.0,0.1,10,0.503357746303254,0.4249728010522014
5,7,0.41709516536684926,0.8025085446843656,0.7960077207342972,0.7285044575308262,0.047593895585187236,0.06665527619150377,0.00023691779481907997,0.00023384927918956,0.7,1.0,0.1,11,0.4831067860781261,0.4045725304206155
5,8,0.41516240407949717,0.8023202271627753,0.7974484305374357,0.7312923075188748,0.057669310841345474,0.06818295243598334,0.00025492717359983,0.00031830107016618,0.7,1.0,0.1,12,0.5087440367287268,0.4331982129083805
5,9,0.413057445982445,0.8011870346557856,0.7962515102782823,0.7317565128083531,0.058032236408097855,0.06921969802312712,0.00030464409315662,0.00029233573839239,0.7,1.0,0.1,13,0.4833405867099185,0.4083926099925661
5,10,0.41448977640389595,0.8034556106332849,0.8002070163592899,0.7441914373427521,0.051854948601516994,0.07124893667533763,0.00063969862717603,0.0009281980231529701,0.7,1.0,0.1,14,0.4256465179231835,0.4197994938906867
5,11,0.3817150180629206,0.779617470946611,0.7756969514448041,0.7170715230304074,0.1443161110541523,0.06665762116613809,0.00018532424820506,0.00017678059153878,0.7,1.0,0.1,15,0.3962993087471348,0.3631149436256458
5,12,0.36958188207558446,0.7720104582148275,0.7694305943746476,0.7127608917229437,0.07489905632985466,0.06984962919283542,0.00024495494877252,0.00023214283754424003,0.7,1.0,0.1,17,0.3828452432400405,0.356201021264513
5,13,0.363858111191594,0.7686081444517127,0.7675542629386819,0.7178642788075232,0.0747162897411621,0.07102045866727721,0.00037261709725164,0.00037923693146445,0.7,1.0,0.1,18,0.3517882455834974,0.3249757082434281
5,14,0.3623905710065054,0.7679345493801868,0.7685668794653296,0.7264127785742648,0.049478408392606046,0.06944897475675137,0.00037235475218953004,0.00037371879657342,0.7,1.0,0.1,21,0.352183414437268,0.3241232396282929
5,15,0.32492931431759153,0.7384359994419412,0.7397154117279622,0.7113366804322657,0.1265111257479766,0.07127882762893192,0.0002531351049299,0.00025809891246447996,0.7,1.0,0.1,23,0.3289718432211499,0.2779238986390914
5,16,0.32126810847925574,0.735863298049412,0.7387286271940724,0.7137503281033026,0.057926526797693494,0.071278197881248,0.00025313330765225,0.00025809691910204,0.7,1.0,0.1,25,0.3275097677177671,0.2858648261903161
5,17,0.29523654042218184,0.7126293166489035,0.7162988254530372,0.7002244842754232,0.1174187713567767,0.07495840637241864,0.00038029305237107,0.00038775034091756,0.7,1.0,0.1,27,0.302948215263734,0.2723683301556063
5,18,0.2740918624908666,0.6888795714054319,0.6866825247318906,0.6538004316478797,0.11114253446605929,0.0774618345366297,0.00032724039848545,0.00033625797873499004,0.7,1.0,0.1,29,0.2792838941952063,0.2468795406889449
5,19,0.2657245764355181,0.6803380022986426,0.6780362241501012,0.6577614005567108,0.056893259720075307,0.06972736764404042,0.00033324251954922003,0.00032140385758399,0.7,1.0,0.1,31,0.265637082140262,0.2765609619451959
5,20,0.25721933489362736,0.6711843673984823,0.6701401178043571,0.6619561843060972,0.1156931851518901,0.07439267660468982,0.00030687047720682,0.00031708252283261,0.7,1.0,0.1,32,0.2331135861651606,0.2459752858570972
5,21,0.2435804608548734,0.6561259087542414,0.6562943528616791,0.6553122045082493,0.07443164686061644,0.07244894353126807,0.00034178601383284,0.00032222113496146,0.7,1.0,0.1,35,0.2504681849232392,0.2511556981992056
5,22,0.23437579583830898,0.6448650297074173,0.6446685820162674,0.6476485425515066,0.07721102141199829,0.07194982893311931,0.00034251913022964,0.0003229387248371,0.7,1.0,0.1,37,0.2468660071192343,0.2436966959575368
5,23,0.2316155853988724,0.6412342724502198,0.6409012850356565,0.6526511031851633,0.0709740558468912,0.07259563717860998,0.00034297026648676,0.00032335716098907003,0.7,1.0,0.1,38,0.2385714974645771,0.2421759583814176
5,24,0.22200818042097653,0.631063466878476,0.6338362100052377,0.6462473165244067,0.0895349182056843,0.06823930515712132,0.00034306989297941,0.00032229190175959,0.7,1.0,0.1,39,0.2351677797740848,0.2336914713441492
5,25,0.2018037197523586,0.6034536332011915,0.6069695697477479,0.6291991986355344,0.11741107963120202,0.06848822129138184,0.00033431211934366003,0.00031538514456664,0.7,1.0,0.1,41,0.2181269290989746,0.2146424474337138
5,26,0.1990601141581157,0.5997600559093995,0.6048053338126476,0.6362661512798184,0.0608899510346605,0.06927745965327294,0.00035036623768402,0.00033199051602769,0.7,1.0,0.1,43,0.205613812834647,0.2076012706946596
5,27,0.19873574405110414,0.599171445399277,0.6041906431115295,0.6355933816279024,0.0528525481286767,0.06955424883581639,0.00034833546648979,0.00033074950009800996,0.7,1.0,0.1,44,0.2065195020293986,0.2076911140794941
5,28,0.17341180904900844,0.5532096501893414,0.5581551762751102,0.583262147573786,0.11949786748170556,0.0783699136950408,0.00040735108697816997,0.00043993504429659994,0.7,1.0,0.1,48,0.1614893999936229,0.1426823032730443
5,29,0.158595429678937,0.5332382763920716,0.5394686969064635,0.583164770115337,0.058806150885710895,0.0662970061628391,0.00045797968703722004,0.00047931194883381003,0.7,1.0,0.1,53,0.1412906558988332,0.1432663781577027
5,30,0.16397117186479254,0.537853098929564,0.5456796653267703,0.5893558858978268,0.0681576280353841,0.07614069931927811,0.00044860789177031,0.00047317844033185,0.7,1.0,0.1,54,0.1393466827414121,0.1363525351469575
5,31,0.15841144531096366,0.5258806297657594,0.5316342662048036,0.5794912032085396,0.1085821549417229,0.07616815105350003,0.00044968772859354004,0.00047421430268158003,0.7,1.0,0.1,55,0.1327496314029085,0.1313355613926602
5,32,0.15286182821513705,0.5176422629068874,0.5265253050766064,0.5888520865540782,0.06463926556521898,0.0735481365915284,0.00045735678405259,0.00048079732528312,0.7,1.0,0.1,58,0.1296050521881377,0.134577214989697
5,33,0.15962869733554672,0.5213166142223671,0.5300069023289254,0.6185180777091557,0.0893962223013098,0.08689881593630652,0.00052572731479949,0.0007309389281546701,0.7,1.0,0.1,59,0.1315432413780246,0.1299177029033213
5,34,0.16252721785303798,0.5225306833343037,0.5311177371094731,0.6273814520656467,0.07071044933442025,0.09304002644772326,0.00052758017097108,0.0007389329623265701,0.7,1.0,0.1,62,0.1317266962091796,0.1251594805549623
5,35,0.1391557162787797,0.4976615837139792,0.5094634894369491,0.5888583804640382,0.07027012806385237,0.0631971412637889,0.00043711029108297,0.00042894759834627004,0.7,1.0,0.1,63,0.1283518303158425,0.1400682029726103
5,36,0.1379280030302043,0.49410020426002826,0.5057628338191061,0.587562438158725,0.06552230408686753,0.06406476493455987,0.00043368908133204,0.00042716830996771,0.7,1.0,0.1,64,0.1268703568697345,0.13947108347059
5,37,0.13727774101243934,0.4885994339601584,0.49832178444571734,0.5847076746628413,0.08366584723279254,0.067679027499053,0.00042802106381008997,0.00042860571700962006,0.7,1.0,0.1,65,0.1272081432613318,0.1290362197694385
5,38,0.15782613630645564,0.5015321037167467,0.5108221406066329,0.6206438578475664,0.1048947236697125,0.10442835351195412,0.00053295873348264,0.00074721471116634,0.7,1.0,0.1,67,0.1150004146265017,0.1136770539251701
5,39,0.13272094447102994,0.475928097063694,0.49347030147403526,0.6214767553468181,0.05463072683900427,0.07275339539521161,0.00034944648766209,0.00040479175949294997,0.7,1.0,0.1,77,0.1000366223071463,0.1168224653760674
5,40,0.17246820148980013,0.5118188494481013,0.5324671166478545,0.6764654710298121,0.10113997990550823,0.1334360652763603,0.00038327727727141997,0.005303428116768269,0.7,1.0,0.1,83,0.091720497375244,0.1033632900265698
5,41,0.13436420448430167,0.4736403551911824,0.4942844535007137,0.6382772663730533,0.05690832650880838,0.0796943675636235,0.00036337259517043,0.00115729211719096,0.7,1.0,0.1,84,0.094115759012337,0.1071005501007938
5,42,0.16342493666851163,0.49151474669921735,0.5115687860763529,0.6628551748819466,0.17733023750838114,0.12981701084867484,0.00038352747353567003,0.00530333772099425,0.7,1.0,0.1,85,0.0868404933135517,0.0953374277597214
5,43,0.12676838029041493,0.455702416186312,0.47911802940276715,0.6618779303175634,0.05630606511725828,0.07750106495625628,0.00104270706046998,0.00149827279210928,0.7,1.0,0.1,90,0.0898401885732805,0.0990073238040719
5,44,0.15704193454478893,0.47666749958594556,0.499609613847442,0.6793749069510554,0.15920851601329788,0.1283788535855644,0.00049365719970816,0.0020999808730650703,0.7,1.0,0.1,91,0.0869849055258574,0.0857257080716363
5,45,0.11598322605481579,0.4295679449120636,0.4522095696667406,0.6419777314823594,0.09607165756720236,0.0728282169787979,0.00092944131788839,0.00546697188209957,0.7,1.0,0.1,92,0.0859220242397818,0.0922455244691337
5,46,0.11279412471278553,0.42101739135664595,0.4433965608405657,0.638396450906377,0.07078698780548012,0.07222321605635354,0.0010473460300359399,0.00150364883605096,0.7,1.0,0.1,94,0.0863925273731923,0.08926301866988
5,47,0.11012582350642504,0.41469042348635715,0.43855427740739744,0.6477161666351726,0.06121009557687564,0.07118916202023394,0.00104453260362773,0.0015000663896068101,0.7,1.0,0.1,97,0.0835962450891187,0.0890333621605304
5,48,0.10970380325234215,0.41355982814140685,0.439051282087557,0.6573600125629185,0.056153741326299814,0.07161929704807801,0.0009225190296944,0.0016553257192727,0.7,1.0,0.1,99,0.0809926883507391,0.096676073903493
5,49,0.10971606892227168,0.4148773163641363,0.443754706718896,0.674482290893432,0.051467537093969916,0.07170352851001396,0.00092241178370908,0.001655301057083,0.7,1.0,0.1,103,0.080936375499073,0.0965965192443189
5,50,0.11350846247099183,0.41774094730313677,0.44823575686127476,0.6878230173438261,0.05803940446109815,0.07797109627806058,0.00104461705581152,0.00149918418632424,0.7,1.0,0.1,108,0.0791343055170771,0.0936991701872562
5,51,0.10876184922676321,0.4086403718130955,0.43394217920025646,0.6576815270646224,0.06741244713557312,0.07269329761088647,0.00092353676605887,0.0016480707858695198,0.7,1.0,0.1,109,0.0778795734098027,0.0961668497057269
5,52,0.11048350981436071,0.40851093021236123,0.4337251395955995,0.6657121278194607,0.06715077736282986,0.07610012837658288,0.00104475743293457,0.00148996705716989,0.7,1.0,0.1,110,0.0780957005779044,0.0912604170218732
5,53,0.11071646600094297,0.40833050116213426,0.4335251903280947,0.665469074226899,0.056283149892826845,0.07667167048313996,0.0010478631470196,0.00149233928068499,0.7,1.0,0.1,112,0.0756202113689838,0.0928408253567679
5,54,0.11018159551746848,0.4098893822779466,0.44183173725243274,0.7021530452198356,0.05964410702228595,0.07633991424071343,0.00104603414532546,0.00149109426589491,0.7,1.0,0.1,113,0.0779130927763792,0.0903797793628183
5,55,0.11000951477130518,0.4102514883174063,0.4438812693379818,0.7104285812900866,0.05512060682583632,0.07619455352293103,0.00104622406732998,0.0014912115035291599,0.7,1.0,0.1,115,0.0777075526961594,0.0905720650056349
5,56,0.10998888605451135,0.4109184221395639,0.4462428579613377,0.7220371380707264,0.054583715329812196,0.07617615537672862,0.00104624787012834,0.00149122705706653,0.7,1.0,0.1,117,0.0776829961142262,0.0905967920291908
5,57,0.10989676768495477,0.4126539280625137,0.4530512600712689,0.7543883281255007,0.0547952284662141,0.07621240834182336,0.00104783729634784,0.0014929929566202,0.7,1.0,0.1,125,0.0776375463401634,0.0906337427972395
5,58,0.11306188303136909,0.41214337184890826,0.4440562265115734,0.738508519617177,0.058256303320498935,0.08076931025173678,0.00107595216171573,0.00154634360352176,0.7,1.0,0.1,127,0.0747436403323311,0.0907764946218228
5,59,0.11300697746495429,0.41252077884969435,0.4461162881246681,0.7406668285612812,0.058761290675186366,0.08085084422970788,0.0010756756783452301,0.00154509585313708,0.7,1.0,0.1,129,0.0744732614772908,0.0915299882195324
5,60,0.11323852582417926,0.41334235891528986,0.44862793878079243,0.750797334452654,0.05889999287102693,0.08125429626369364,0.00107293388960723,0.00153749708060414,0.7,1.0,0.1,130,0.0746750526519652,0.0907814242983028
5,61,0.11317320103766289,0.41302923956139315,0.44830317300102007,0.7591979769713807,0.059828676044442704,0.08130485152782317,0.0010729458703504099,0.00153522228128234,0.7,1.0,0.1,131,0.0749515205130181,0.0918273089011113
5,62,0.10976840019400466,0.41210935942052335,0.4524871102177263,0.7897053696215782,0.05509755349692833,0.0761926391127076,0.0011020007428168802,0.00150025330189695,0.7,1.0,0.1,133,0.0788521607771743,0.0919100327910801
5,63,0.1089990563196552,0.41095181015220156,0.45463612129580666,0.8049794898619324,0.05673296907288223,0.07621089930808343,0.00104780257250861,0.00149152753413897,0.7,1.0,0.1,137,0.0778594200571995,0.0902703898926761
5,64,0.10893392043211755,0.41276458213334744,0.4615242218878066,0.8905530971912871,0.05478799298381108,0.07614135687897455,0.00112144178121334,0.00156041449272945,0.7,1.0,0.1,154,0.0817108234303792,0.0916497182424223
5,65,0.10854780884408165,0.40951750578183804,0.45648096557087936,0.8845694701674992,0.06866163368324672,0.07677900953074199,0.00112117046037419,0.0017866845111323402,0.7,1.0,0.1,155,0.0753455741303714,0.0883951027036613
5,66,0.11111815136437812,0.41273956627325925,0.46305869055085647,1.0088226809174867,0.05803318302164585,0.08090554682917332,0.00112467161404447,0.00155528931790929,0.7,1.0,0.1,190,0.0740644128859889,0.0890845000904611
6,0,0.9937155058783631,0.9977186752402581,0.9959704755412082,0.9371362347812986,0.0,0.0,0.0,0.0,0.7,1.0,0.1,1,0.935824516212515,0.9601831198338294
6,1,0.8982815654517315,1.0150482980651605,1.0135908902058797,0.9481712275535064,0.1605004983329834,0.08370255561674544,3.637251818754e-05,4.316120982298e-05,0.7,1.0,0.1,3,0.8004061949928077,0.8987113052636544
6,2,0.5214332620508643,0.8622818701119257,0.8561100299531988,0.7822483022945086,0.7306093777856931,0.06664880497438642,0.00017608997055428,0.00023331013962708003,0.7,1.0,0.1,4,0.4448181895150232,0.4831564208241475
6,3,0.39358730332533176,0.7858830410062658,0.7771589998891631,0.7011844551657008,0.2318621773379867,0.06665648086773242,0.00010871877705102999,0.00012463928142904,0.7,1.0,0.1,6,0.3284234336684397,0.3661967447004107
6,4,0.36356366039946786,0.7647664121938922,0.7570077582724732,0.6818499890812832,0.09974065791031116,0.06663457256995911,0.00013338366019348,0.00014959637502446,0.7,1.0,0.1,8,0.3106523369950736,0.3422000324512514
6,5,0.33748095651797855,0.7455023481387305,0.7386477257955268,0.6636116526665545,0.10791165551707682,0.07176742421173286,0.00023121652190991998,0.0002624202236935,0.7,1.0,0.1,10,0.3142612913116262,0.3287300508834029
6,6,0.3312137012494544,0.7398156190607055,0.7312231111771815,0.6602580047751457,0.05713347552037507,0.06661572945932255,0.00013017715930973,0.00018067507460658002,0.7,1.0,0.1,11,0.2706717438121898,0.2763781353649804
6,7,0.3300419233439298,0.7399974287562014,0.73140898683905,0.6639142925164109,0.05186984912025116,0.06666615035496638,0.00014990293014642,0.00023325307325281,0.7,1.0,0.1,12,0.2586212365464206,0.2710279182323336
6,8,0.3069699709410898,0.7189617596434953,0.7113416840606247,0.6420051225870983,0.14507359916375998,0.0666515937326389,0.00016618281615423,0.00023291420673248,0.7,1.0,0.1,13,0.2489748901957899,0.2427433843296698
6,9,0.27124716424829726,0.6860796269861078,0.6789079090018999,0.6092932751642368,0.14474175286258223,0.07178215188276071,0.00026928207205356,0.00037741339117412,0.7,1.0,0.1,15,0.2316688137801587,0.2113784954750878
6,10,0.23426537316047247,0.6417545978723515,0.6347484666939444,0.5694737720422253,0.15716921075021376,0.07272077217372688,0.00032586080080675,0.00046702615675085,0.7,1.0,0.1,17,0.2005390412441933,0.195247779139777
6,11,0.22716006700991864,0.6333115089099115,0.6276939804045156,0.5646563321361395,0.073568026304643,0.07259785761289123,0.00044666948409573,0.00042367932188275005,0.7,1.0,0.1,19,0.1647482951035935,0.1733589419588233
6,12,0.22345242237253388,0.6283009063077684,0.6225046375034853,0.5696697796868949,0.06461721261119056,0.07313746931102902,0.00039885463527524,0.00046844354450438003,0.7,1.0,0.1,21,0.1721397447782482,0.1723140079936395
6,13,0.22273138106119586,0.6281378262864303,0.6240180440391905,0.5787756014833734,0.05271151577293953,0.07273510052565116,0.00038291600865189,0.00044972407608243997,0.7,1.0,0.1,23,0.1700399876269885,0.1735360933175264
6,14,0.2203684214811262,0.6255291441857505,0.622982256406958,0.5772353385733331,0.05762539059600952,0.07343990575919314,0.00026309508952449,0.00024571081892699,0.7,1.0,0.1,26,0.1910279627834162,0.1758109171075518
6,15,0.21142877850768688,0.6130766219865351,0.610113987293304,0.5671840911762882,0.08182586717132642,0.07342384223800927,0.00025430203378592,0.00025452975169463,0.7,1.0,0.1,28,0.1780206456691841,0.1824289818416079
6,16,0.20739905942070322,0.6072609336970063,0.6041042927064034,0.566744646895633,0.06573003874055659,0.07335028990557982,0.00028877951261205997,0.00028220913938619,0.7,1.0,0.1,30,0.167925343264466,0.1695529119723205
6,17,0.20587142521646945,0.6059739984146452,0.6044638668883914,0.5729850001972512,0.05350615645824911,0.07265321958850006,0.00025040371049607,0.00027613785796972,0.7,1.0,0.1,33,0.1619276058586968,0.1717115151930935
6,18,0.20074842301752943,0.5987927391516867,0.5986985717904257,0.5680698971050585,0.09215598374068439,0.07334473901604402,0.00024226755938222002,0.00024517897989158,0.7,1.0,0.1,34,0.1673471393969162,0.1690767272193178
6,19,0.1910756959580013,0.5832208861001794,0.580948841067949,0.5650556812602452,0.06865700977499782,0.07273495112665149,0.00022955836310561002,0.00023759584157986,0.7,1.0,0.1,38,0.1525156458015798,0.1525392673159108
6,20,0.18539713030317442,0.573829891364762,0.5728754098175168,0.5608975092537216,0.0798155193360524,0.07435525634875187,0.00029351999921173,0.00032261237062644,0.7,1.0,0.1,40,0.1440729311760483,0.1340553485097341
6,21,0.1821126505391685,0.5703594750016128,0.574304818904336,0.57453201051706,0.05575192412634378,0.07435261313254823,0.00029236039106279,0.00032405402993396,0.7,1.0,0.1,48,0.1470596336025807,0.1358495970203725
6,22,0.1813906277481477,0.5691445439093025,0.5730505325791485,0.5799207024677333,0.05518971662960683,0.07430009372204792,0.00029053949430066,0.00032990865825708,0.7,1.0,0.1,50,0.148524397841156,0.1370054881275348
6,23,0.18124575543399427,0.569577967419675,0.5751693349881795,0.5846511403014604,0.05310101800937906,0.07434763280292965,0.00028851680924113,0.00032699826045794,0.7,1.0,0.1,52,0.1481834293356951,0.137436249559822
6,24,0.18116637368517002,0.5694279577032048,0.5750137507423078,0.5879144064236919,0.053182788695626974,0.07435939437124743,0.00029584277545132,0.00033449789842232,0.7,1.0,0.1,53,0.152251217744823,0.1359459732870059
6,25,0.1728505295742489,0.5543333796176152,0.5594027079139685,0.5949699850510286,0.1276374561719443,0.0748563554064862,0.00030039291722698,0.00031924850444266,0.7,1.0,0.1,54,0.157543163141877,0.1352585099743929
6,26,0.16669183113141,0.5428294616653763,0.5475166839468836,0.5867976905836303,0.10807085445608361,0.07469939523574458,0.00032892574547317,0.00036067106000043996,0.7,1.0,0.1,55,0.1491227300102537,0.1232256967850266
6,27,0.16626328165719975,0.5426549426778591,0.5490062509545317,0.5955706448148002,0.05499816871094724,0.07482054514388596,0.00030761791070349,0.00033027726568084,0.7,1.0,0.1,57,0.1490068170078496,0.1255801001345123
6,28,0.1595924606956795,0.529458946878794,0.5353690597313344,0.5666520712142106,0.11673318230891022,0.07480471157436461,0.00031671421827227,0.00033316048210183,0.7,1.0,0.1,58,0.1337300051737559,0.1175768737887761
6,29,0.15953794954653183,0.5293483362530752,0.5352547748116006,0.5880595815397753,0.05288969761017053,0.074804718323199,0.00031616810676105,0.00033241872008478,0.7,1.0,0.1,61,0.1333331796765106,0.1175887431465827
6,30,0.15836123039551836,0.5256056335881738,0.5280436058078319,0.571978081151359,0.05652784608631281,0.07480546553990847,0.00030266420012244,0.00030090666361338,0.7,1.0,0.1,64,0.1228788494456636,0.1132974743244738
6,31,0.15728415469906862,0.5271228347597308,0.5363297141549394,0.5986848595326758,0.05343644540901058,0.07354105418288728,0.00027744939235717,0.00029185672124486,0.7,1.0,0.1,65,0.1217102818941772,0.1127049975319415
6,32,0.15121269968262888,0.5132250368685354,0.5219355840602757,0.5619789168572176,0.12469294011106767,0.07485081627484,0.00030257056491350004,0.00032308292020031003,0.7,1.0,0.1,66,0.1208210221415377,0.1067353219367263
6,33,0.14847176157066114,0.5084623719688416,0.5187007540353293,0.5758085927702362,0.05715708499141626,0.07420111360168938,0.00030186733866986,0.00034471602069024,0.7,1.0,0.1,71,0.1103463434723203,0.1056419981697741
6,34,0.1409702708005648,0.49123046917997293,0.500893049760837,0.5619930786336871,0.09398337073809591,0.07421305513458931,0.00028313239492085,0.00032821535595585,0.7,1.0,0.1,73,0.1029733282834862,0.1064276885190059
6,35,0.13675541219080492,0.48182065635557053,0.4928428169362562,0.5745110157626613,0.05915906892029772,0.07411649513231106,0.00028257967835660996,0.00032291632207083,0.7,1.0,0.1,80,0.102581302053727,0.1035532900756702
6,36,0.13600262761966272,0.4799727750809405,0.4909335995336526,0.5828090712217155,0.05440437300201924,0.074091432987094,0.00028526492889292,0.00033012010201912,0.7,1.0,0.1,84,0.1011935980391687,0.1027585167732948
6,37,0.13595594291672736,0.48124667466516335,0.4955934485383724,0.6168673901269873,0.05232196345006577,0.07411132107178789,0.00028631473949665,0.00033174832369916,0.7,1.0,0.1,90,0.1017857196561383,0.1025665402939861
6,38,0.13575641055914958,0.48066841733072196,0.49499406092069204,0.6216921798040076,0.053783590557831835,0.07418807148039239,0.00028661967258703,0.00032922226926607,0.7,1.0,0.1,92,0.1023642555359899,0.1024685727229943
6,39,0.13569374482400795,0.4798620042299893,0.4924899966244147,0.6163709275997757,0.05251629091235532,0.07412577801482816,0.00029127456515811,0.00034206760988385,0.7,1.0,0.1,93,0.1002427005263362,0.1023207768009556
6,40,0.13558847622518197,0.480427844218872,0.49474944536751253,0.6345702405751068,0.05227284338553482,0.07401383483307737,0.00028767842691244,0.00034226862506358,0.7,1.0,0.1,95,0.1018493055382641,0.1056125234688507
6,41,0.13513878360680726,0.48005653845630114,0.49603871503019936,0.6469520850301657,0.05463424372263998,0.07396363755013496,0.00029000631053983,0.00034773142011792997,0.7,1.0,0.1,97,0.1008169107421939,0.1054279808458061
6,42,0.1346608655168747,0.4787523492693905,0.49468865188006206,0.6567161227342424,0.053831455420774006,0.074057379731061,0.00029171091748959,0.00035103746509942003,0.7,1.0,0.1,101,0.1001930947563702,0.1040113451753343
6,43,0.13442477222034002,0.4780620226696264,0.4939731867169754,0.6640602038646517,0.054051476634032335,0.0741463354188768,0.00029103919832469997,0.00034956565611529,0.7,1.0,0.1,103,0.1003870761957966,0.1053547213188729
6,44,0.1342783432747529,0.4806033504252972,0.5032890778065766,0.7455311510339762,0.05222756406638785,0.074069167868321,0.00028868081263134,0.00035096733398023,0.7,1.0,0.1,123,0.099346659908925,0.1055076573238952
6,45,0.13407190063044572,0.4793066904702766,0.5002756985161669,0.753353612979866,0.05359672151775002,0.07412087645494732,0.00029296446983871,0.00037746995164817,0.7,1.0,0.1,125,0.1026806842101146,0.106725644759201
6,46,0.13360293660611405,0.47883925818432055,0.5014649543346241,0.7690541851727687,0.05354442448355074,0.0741082551542592,0.00029006635313426,0.00037359584687401,0.7,1.0,0.1,129,0.1023701696179299,0.1081147991910389
6,47,0.1335482750188233,0.4800595449861298,0.506068756932196,0.7773547764427166,0.05317726550598901,0.07415591505559142,0.00029079055723142,0.00037431377060169,0.7,1.0,0.1,131,0.0999645974352334,0.1070894003581427
6,48,0.13358787033875724,0.4815603041088006,0.5109632439172286,0.8030835178812482,0.05260048889589506,0.0741666619461105,0.00029179801737877,0.00037427655219297,0.7,1.0,0.1,134,0.0997821508641176,0.1074003613450714
6,49,0.13272008667083504,0.4803684112339437,0.511410321141499,0.8055695307474757,0.052898685102049675,0.07388522318138904,0.00028415704159836,0.0003642954100282,0.7,1.0,0.1,142,0.1020069875002168,0.1084909116969971
6,50,0.13280594415950878,0.4805663033305637,0.5116143830574053,0.8117427706897815,0.05214052133857912,0.07390613122029704,0.00028355884882636,0.00036057029307166,0.7,1.0,0.1,144,0.1005887594678545,0.1085916005193211
6,51,0.13270383588791188,0.4817424293904674,0.5161741887826913,0.8412258017423248,0.052140718069457664,0.07388247714458895,0.0002844746699953,0.00036445551150774997,0.7,1.0,0.1,152,0.1022645641568327,0.1085201596076578
6,52,0.13268237097579255,0.4816885257700936,0.5161185092426598,0.8471567848711646,0.05216642560937666,0.07388127794627806,0.0002845076687961,0.0003644831994939,0.7,1.0,0.1,154,0.102285509720149,0.1084836730858056
6,53,0.13261857214132725,0.4815080579021052,0.5159316756316435,0.8529463700350662,0.052512870487927105,0.0738962375975593,0.00028430462888238,0.00036515756324272,0.7,1.0,0.1,156,0.1026181741388223,0.1078603989081019
6,54,0.13247130681413896,0.48254302869783455,0.5203450822414367,0.8765263976063352,0.05297592558900527,0.07389637587180521,0.00028441661230881,0.000364487167661,0.7,1.0,0.1,158,0.1018801842789236,0.1082140495914735
6,55,1.132516285040284,1.4826012247264146,1.5204040773974847,2.0338277391931423,1.052097008001244,0.07434686155310323,1.0,0.00039656591606278,0.7,1.0,0.1,194,0.1026320498977806,0.1095462657569844
6,56,1.1324809011927637,1.4831876045096513,1.5226813598815672,2.039992495055159,1.0522867131912126,0.07437373004183288,1.0,0.00040261138052753,0.7,1.0,0.1,196,0.1037252579039047,0.1081727684761017
6,57,1.1323752370108373,1.4822180245462326,1.5200076615996914,2.042785145834858,1.0528082074014282,0.07436395459194664,1.0,0.00040234154032008,0.7,1.0,0.1,198,0.1041624940469919,0.1090294861146032
6,58,1.1322802464890052,1.4827176924443157,1.5221967590722423,2.0520707220169014,1.0525804907443026,0.0743295512382153,1.0,0.00040036150150556,0.7,1.0,0.1,200,0.1046917561495926,0.109846480782103
7,0,0.9927563936431639,0.9981841003377502,0.9981233767257968,0.9325310747121663,0.0,0.0,0.0,0.0,0.7,1.0,0.1,1,0.9386938895655688,0.9625728600699917
7,1,0.7024188595465636,0.9433613612241031,0.9382153581422192,0.8691112624601041,0.29787273992091157,0.06676723686445836,0.00044358244950985,0.0007470420941479,0.7,1.0,0.1,3,0.6409977405033243,0.6528001122932099
7,2,0.6741812747418816,0.9299654139836637,0.9244681603568157,0.8563348253303185,0.09168698152522477,0.0627782746056048,0.00036438179747311,0.00054727296198977,0.7,1.0,0.1,4,0.6081889503210448,0.6183819278235441
7,3,0.3876774464375632,0.7868180559846151,0.7764429038433109,0.6995656727031382,0.7762242822887201,0.0666643623836567,0.00034913821436855,0.0007883364387948,0.7,1.0,0.1,5,0.3626870169365962,0.2491603361606535
7,4,0.36902665194064244,0.7723120027214743,0.7631267772935211,0.6870764100489125,0.07975277332804816,0.0666607190453822,0.00027131610241922,0.00068090905020175,0.7,1.0,0.1,7,0.323290620792374,0.2666282175732765
7,5,0.3622736113567441,0.7637805164069186,0.7559896138700959,0.6782982161026823,0.07064487476665988,0.06661286511843649,0.00012990434305376,0.00013003814800610002,0.7,1.0,0.1,8,0.3187207634990416,0.344967077203658
7,6,0.3427751762322478,0.7497230279861363,0.7430368817791679,0.6657306477334544,0.0925260578130743,0.07066885595700693,0.00018956279377365,0.00018975804852796,0.7,1.0,0.1,10,0.306684257904524,0.3303207143326054
7,7,0.3322670184477797,0.7410794092393856,0.7341089936004833,0.6626975780419992,0.059974929108029415,0.07049478816515663,0.00016998455499527001,0.00018165473851697,0.7,1.0,0.1,14,0.2942216337414162,0.2901511245611491
7,8,0.29992224027376463,0.7129236586271734,0.706581003271297,0.6395167002781286,0.10406909855258101,0.07469601132224958,0.00028777935321816,0.00030242867090331997,0.7,1.0,0.1,17,0.251340253107889,0.2684169336665281
7,9,0.2908348322979138,0.7047598616203706,0.6998246376836427,0.6347618821115368,0.07320858942902951,0.07432482499315436,0.0002919545047718,0.0003113640865811,0.7,1.0,0.1,19,0.2422607365721965,0.2537358477236741
7,10,0.2521949283290303,0.6632915278288967,0.6569693009178327,0.5940555807120522,0.1529715014085994,0.07432712102729239,0.00030092331182901,0.00031470198856329,0.7,1.0,0.1,21,0.199658618332832,0.2119865230064909
7,11,0.24963410618414184,0.6600368959912368,0.6535578396159084,0.5923073265043074,0.07660237593348042,0.07637659424861135,0.00030118494365672,0.00031776110728975,0.7,1.0,0.1,22,0.1940268783123298,0.2169461047999447
7,12,0.24395679923708122,0.654086216603894,0.6491110754222101,0.5883679314876894,0.08055074527218854,0.07512796637174655,0.00025417981373980004,0.00027261794019648,0.7,1.0,0.1,23,0.1899522520721523,0.2027351700356926
7,13,0.199280510097946,0.5957863383672526,0.5922888515104663,0.5459625957258523,0.08121637956317558,0.07162352595593277,0.00021785462678183002,0.00026685707856777,0.7,1.0,0.1,32,0.1494522261520569,0.14623927026682
7,14,0.19927210101396234,0.5951735018722497,0.5932452866033167,0.552455192267073,0.06200003182700302,0.07513185260824087,0.00021902921597188998,0.00026810093477238,0.7,1.0,0.1,34,0.1676817173486313,0.1737066643653295
7,15,0.19756825841104064,0.5921222527776311,0.590067877689657,0.5489991817859748,0.06270642252078167,0.0761593095878898,0.00022098169554834,0.00027018726732328,0.7,1.0,0.1,36,0.1725723790086407,0.1795360391271021
7,16,0.1973438700479975,0.5917270552194503,0.5896569882993885,0.5530748286516025,0.05590341390746632,0.07626467745857837,0.00022122128752662001,0.00027044328462008,0.7,1.0,0.1,37,0.1722737950686961,0.178619140204482
7,17,0.1765919661404337,0.5545030375340144,0.5510890072135134,0.51607767297726,0.25185823669799734,0.08043246009390381,0.00026610970777712,0.00032834350004711996,0.7,1.0,0.1,38,0.1174510691691498,0.1351147673115248
7,18,0.16031255586563914,0.525782095126063,0.5231579161224965,0.4916362929775566,0.18528759835508446,0.0771528912448807,0.00022541954912544998,0.00027494061701851,0.7,1.0,0.1,39,0.122359634875419,0.1455794924332453
7,19,0.154925906813772,0.5152624103315153,0.5123083895961751,0.47537233313069116,0.10144768797073998,0.07622184475850904,0.00022217777413643,0.00027147660092131,0.7,1.0,0.1,40,0.1121593033440023,0.1303826079678405
7,20,0.14824717127442189,0.5007443795323111,0.4973073139385998,0.4639939356595078,0.12359430958697529,0.076114530849866,0.00022419798255362,0.00027364831073044,0.7,1.0,0.1,41,0.0985970081184769,0.1245002267375033
7,21,0.14823300385232205,0.5007129900209994,0.49727491293315806,0.46630290566127713,0.0536817138146447,0.07611393311809869,0.00022421202451114003,0.0002736634057358,0.7,1.0,0.1,42,0.0985428130171673,0.1244945020207504
7,22,0.13203543145021035,0.45924017484047747,0.4560298477507601,0.4281641365505941,0.26811553913419134,0.07849379564157967,0.00026850159137215,0.00033085569007225,0.7,1.0,0.1,43,0.0877362081127772,0.1043474648696747
7,23,0.12965053641934984,0.452109962675193,0.44864838193929957,0.42428445915087654,0.09207141794164496,0.0790261956487059,0.00027857076903916,0.00033955706605197,0.7,1.0,0.1,44,0.0849623854377869,0.1030182644602024
7,24,0.12366238454308648,0.44202426715872023,0.44498567054382604,0.46843091487475835,0.05819784807488544,0.07592447974773407,0.00028023128154467,0.00034146081017557,0.7,1.0,0.1,55,0.091831916570093,0.1151018909866948
7,25,0.11571802502682196,0.4171697327151572,0.4176245363590575,0.424363461890684,0.0927802636380916,0.0760722273335209,0.00028362824809782,0.00034576109117784,0.7,1.0,0.1,58,0.0763794485946844,0.1054186292156057
7,26,0.1103747302073119,0.39906831748587435,0.39890897531620534,0.42039732214487074,0.07611157889893796,0.07649977008038447,0.00025336641838563,0.00030461017832189,0.7,1.0,0.1,62,0.0691995784532014,0.0956076092348474
7,27,0.10987251616174917,0.3976649359352366,0.39746294552092476,0.4214060562119814,0.05989091344098989,0.07632396138826072,0.00024902432783336,0.00030072410679564,0.7,1.0,0.1,63,0.0684850350586216,0.0950449937694447
7,28,0.10942142944157308,0.3967850167665942,0.3965627921160525,0.4230094495955774,0.05635337947237434,0.07595099284213966,0.00023665994773391003,0.00028687045337036,0.7,1.0,0.1,64,0.0680689298724006,0.094207533334085
7,29,0.1088033355693892,0.3950618690229799,0.39644986898195317,0.4248887694036083,0.06590012296449005,0.07612137757297106,0.00023918525240547997,0.00028905923761275,0.7,1.0,0.1,65,0.067039163222043,0.0941566616352226
7,30,0.1085017273422841,0.3945932199842297,0.3959733623746655,0.4269735524032948,0.05445934416986773,0.0757965498706357,0.00023346713294605998,0.00028352668550878,0.7,1.0,0.1,66,0.0671058760824644,0.0935274303755971
7,31,0.10237721795921093,0.3696477529151075,0.3684946738500973,0.4005513607891953,0.17640900974604795,0.07686707474062573,0.00029054337652165,0.00034111374673839,0.7,1.0,0.1,67,0.0733261564425597,0.0852565936112332
7,32,0.10227039882122975,0.3687188301548444,0.3691940620459662,0.4033544967816969,0.06347221760233944,0.07739557024295488,0.00029542652199528,0.00034514931999068,0.7,1.0,0.1,68,0.073756880145789,0.0803625569758842
7,33,0.09813797737861478,0.3539450492152792,0.3539441342990169,0.38963360624148424,0.12303192681673313,0.07664269252898886,0.00028833451511202,0.00034316835535342,0.7,1.0,0.1,69,0.0661060053096134,0.0759780902507214
7,34,0.098072187449632,0.35372113204527045,0.3537132095121608,0.39712242442894424,0.054974093180280285,0.07662273536329937,0.00028801613034784,0.00034263053417830003,0.7,1.0,0.1,70,0.0662187484148269,0.0757981867334869
7,35,0.0936670739931933,0.3462480023712317,0.3477688802086888,0.39529172566128346,0.07495243312709014,0.07205988213865841,0.00028912041649748,0.00034345866187587,0.7,1.0,0.1,71,0.0655873649846866,0.0760232119850803
7,36,0.09246341568846381,0.34158311305129613,0.3412873079095596,0.38406561884392054,0.06803971451798203,0.07159122854815417,0.00028204702283723997,0.00033640323326651004,0.7,1.0,0.1,72,0.0642508617968367,0.076410423529045
7,37,0.09375452988288174,0.33767341395697376,0.3388151895506526,0.3886089709567775,0.06602954164779985,0.07601899814460153,0.00028152187077997,0.00033272161116112,0.7,1.0,0.1,75,0.0614035388982318,0.0693841803375524
7,38,0.09020884184471128,0.32782771310398057,0.3270283234040802,0.3790371275041451,0.08920467445269875,0.07349856013792513,0.00025496123684867,0.00030223730360424,0.7,1.0,0.1,76,0.0526366041706205,0.0689627925192342
7,39,0.08756526773011823,0.308514062640138,0.30867454232144803,0.35171967553234207,0.15847563239406298,0.07626887804068595,0.00029301484397395997,0.00033832270451057,0.7,1.0,0.1,77,0.0612512763026906,0.0659110049880239
7,40,0.08683608737924176,0.3063483366426173,0.30644843645897474,0.35190942679548476,0.06211404275415529,0.07576031446350323,0.00028928084029705,0.0003353493996088,0.7,1.0,0.1,78,0.0604303815070894,0.0653366183839018
7,41,0.08402264193609392,0.297231390050064,0.30040000773290154,0.37325198545047594,0.05916450807283382,0.07455164377271453,0.00025518551111956996,0.00030749336811461,0.7,1.0,0.1,85,0.0474629387923502,0.058939285853088
7,42,0.08402264180923852,0.2972313900991657,0.3004000077820032,0.3759128726639892,0.052472330897584143,0.0745516438448264,0.00025518550984634,0.00030749336708118,0.7,1.0,0.1,86,0.0474629391134375,0.0589392855215157
7,43,0.081078335695409,0.28039318453225187,0.28298866366092484,0.3522089426435943,0.1357952071860858,0.07495865662613524,0.00027051012832614003,0.00032413142611968003,0.7,1.0,0.1,87,0.0519004012490849,0.0561797409298514
7,44,0.07438308310241472,0.23847965677778618,0.24132581802122613,0.3075903325869055,0.2629201161205281,0.07573458484771461,0.00031292705547016997,0.00036544972553647,0.7,1.0,0.1,88,0.0484083501661954,0.0511790215733583
7,45,0.07272562207197611,0.23227794648162164,0.23494469063035878,0.3034478157553854,0.07854893976244572,0.07457369392655819,0.00029122691206202,0.00034657651891874003,0.7,1.0,0.1,89,0.04536235747467,0.0456651267991781
7,46,0.07073791370845507,0.2161368584345545,0.21824901499396163,0.28816505871710024,0.1334132789265609,0.07523839791681496,0.00027249686275552,0.00032347406504993,0.7,1.0,0.1,90,0.043933273123872,0.0432988212689073
7,47,0.07030963752074491,0.21280312526034098,0.21480219509207368,0.29732675217576526,0.06941459892233166,0.07520246846465352,0.00033725359680684,0.00040951962759091,0.7,1.0,0.1,91,0.0477468802814105,0.0440710253284926
7,48,0.07025459034630326,0.21386796971541708,0.22091482245987215,0.3144737279808848,0.054258542087762575,0.07544789947973826,0.00028106284217133,0.00033157261536425,0.7,1.0,0.1,96,0.0444860688554408,0.0424933857000372
7,49,0.06967597861558351,0.20833868165008382,0.21352534020712524,0.3310063412692488,0.056639172592480275,0.07551793491675421,0.00032611043118046,0.00039987105678529,0.7,1.0,0.1,103,0.0437815108993085,0.0443131044042839
7,50,0.06847636306209942,0.20358413205951817,0.2119696700691576,0.3296995587332423,0.08081698139740146,0.07495940297806972,0.00030240666220518,0.00035635540567484,0.7,1.0,0.1,104,0.0422376835274839,0.0369752363550847
7,51,0.06756698567296046,0.19847307710147183,0.20169180985008145,0.3183760183037383,0.06370237931650635,0.07407492365581567,0.00032538242061575,0.00037481324298149,0.7,1.0,0.1,105,0.0402494887100058,0.0389025144757366
7,52,0.0654389533577969,0.19413319607594712,0.19893510473387033,0.31297117177309175,0.06683672981409312,0.0716440910102996,0.0003396794965736,0.00038999431779816,0.7,1.0,0.1,106,0.0402080413705255,0.0352809351634402
7,53,0.06590642788020196,0.1868663774853518,0.1930399046589765,0.31209727420079963,0.09940121573747668,0.07414293334287925,0.00030725299725211004,0.00036241758102276004,0.7,1.0,0.1,107,0.039720369013783,0.0354523540732766
7,54,0.06653932101649628,0.18365920965387558,0.1880175801296613,0.31182464749121674,0.06192746038783582,0.07567490077660623,0.00031070591244827,0.00036625330750826,0.7,1.0,0.1,109,0.0396369707950318,0.036414875995438
7,55,0.06440874711959507,0.17791866012014634,0.18380808315237446,0.3130745869388486,0.06369472930790768,0.07347823169060883,0.00031947588272459996,0.00037864853512004,0.7,1.0,0.1,111,0.0370261532927966,0.0313824574080188
7,56,0.06562345723214831,0.17981800057282246,0.18907079843303545,0.32996152438322285,0.05411297729055745,0.07539236250110479,0.00029777268027889,0.00035100789739848004,0.7,1.0,0.1,115,0.0384552140320491,0.0354684618797653
7,57,0.06514004911684847,0.17709432748924425,0.18793063411852112,0.3372163479336349,0.06928177884544048,0.07527337016274357,0.00030107493422652,0.00035398633539099,0.7,1.0,0.1,116,0.0381097476283305,0.0338727563701867
7,58,0.06532812327808404,0.1769290048616632,0.18775189502666748,0.3395968469097376,0.053749089309198604,0.07561741023639279,0.00029649931055646,0.00035075904525302997,0.7,1.0,0.1,120,0.0376062917101932,0.034711045483767
7,59,0.06318192648894749,0.17582434713882805,0.19002423351148698,0.35391367709489946,0.05185011842572895,0.07261654591009639,0.00030096527593266,0.00035394132869052996,0.7,1.0,0.1,123,0.0382587207907509,0.0339485108025044
7,60,0.06501714576850838,0.17621182470165944,0.18701928838108858,0.3640545969415383,0.05304587592631806,0.07524771498732374,0.0002990747093,0.00035370375410448,0.7,1.0,0.1,128,0.0377464132132088,0.0343386923564823
7,61,0.06309013529925636,0.17447655855695407,0.19029754229815118,0.36830950485277725,0.06195113983832132,0.07286117611097785,0.00030206908522307,0.00035741256867793004,0.7,1.0,0.1,129,0.0382728825736144,0.0345895413785615
7,62,0.062339881309912255,0.16725154871299255,0.17782085840208092,0.3710256842298289,0.05916804541997704,0.07258564559859573,0.00032268932298520003,0.00037092449390996004,0.7,1.0,0.1,132,0.0356269613963986,0.0330837421121099
7,63,0.06204148111252807,0.16535843093323915,0.1775363733728226,0.3767897841006763,0.057441324995646297,0.07258564636628112,0.00032268931569459,0.00037092448671827003,0.7,1.0,0.1,134,0.0355897428295192,0.0329885556741916
7,64,0.06261225105791293,0.16675425818276748,0.18396996334951926,0.4173275125470004,0.05235103509020421,0.073643392807896,0.00031863051615371003,0.00038849775739797996,0.7,1.0,0.1,150,0.036985764180628,0.0324214731005475
7,65,0.061595694908746244,0.16144781727498908,0.178501797030376,0.41984708441379903,0.0592570250331713,0.07296499167416035,0.00032325775075598003,0.00039340029247313,0.7,1.0,0.1,153,0.0384319999262603,0.0328499949058684
7,66,0.06148173288368978,0.16308957489252193,0.1852165037177324,0.4796807304268975,0.051550679567458096,0.07286998069095638,0.00032165708077124997,0.00039355297051123,0.7,1.0,0.1,164,0.0367152757123987,0.0329645414046989
7,67,0.06106223112251685,0.1612230503184016,0.18329552673082933,0.4714115713564789,0.05903022207273109,0.07253071849887868,0.00032111084708725,0.00039373936806476995,0.7,1.0,0.1,165,0.036760425245092,0.0327642955808826
7,68,0.060692589044034816,0.15864953826782682,0.18397719174255134,0.48483818612876606,0.05613890420081643,0.07265897110218919,0.00031099440718247,0.00038050700653559003,0.7,1.0,0.1,169,0.0359896612965341,0.0319802422268827
7,69,0.06058919793341127,0.15723629057536448,0.18084574693038774,0.4990921091037355,0.05172821475293604,0.07259045522994492,0.00032787340061544003,0.00039675191181589003,0.7,1.0,0.1,175,0.0376359989481515,0.0330953258297246
7,70,0.06054533788137767,0.1578117248451957,0.18311346204704856,0.5106469323047543,0.051385590571147034,0.07254307942681879,0.00032789068825163,0.00039648955375194,0.7,1.0,0.1,177,0.0376403534516531,0.0330530070321069
8,0,0.9914242858432302,0.9978487458568293,0.9977768153506973,0.9321597059943447,0.0,0.0,0.0,0.0,0.7,1.0,0.1,1,0.9457489548957796,0.9730636685874958
8,1,0.8566631764946042,0.9992394963622185,0.9974067727408138,0.9311597518804258,0.18173296442431203,0.07718415229856965,1.650159825048e-05,1.731675398643e-05,0.7,1.0,0.1,3,0.753608807639826,0.8420915682838421
8,2,0.4784592992934727,0.8391106135943763,0.8321614455236833,0.7565851164566696,0.7889978497271517,0.06665435409538166,0.00024890094393867,0.00022655477518848002,0.7,1.0,0.1,4,0.4598889008304124,0.4347088820371322
8,3,0.47145174537339907,0.8365260100909946,0.8311069951992841,0.7562808307342905,0.060576498097097066,0.06889189063054453,0.00032989206373677,0.00029681444235441,0.7,1.0,0.1,6,0.4666224894669538,0.4265997137000987
8,4,0.4663121868398855,0.8321537078971251,0.8250622604061274,0.7601193388568099,0.045322440364550305,0.06269062115846367,0.00032210777484935,0.00021664093847488,0.7,1.0,0.1,8,0.3903155897214653,0.3796328142282026
8,5,0.43700102234562693,0.8158392586283211,0.8063157615492333,0.7412156921270104,0.1550191744461207,0.07191185788409891,0.00027946554894459996,0.00027160439376549,0.7,1.0,0.1,9,0.4246200472142947,0.3891142298701648
8,6,0.4293100450751809,0.8136497998404063,0.8054790855008392,0.7388154595437093,0.10473983786158268,0.08156052700348163,0.00083774467346501,0.00069501268593964,0.7,1.0,0.1,10,0.3921166354473219,0.3642160402369969
8,7,0.38033955510773665,0.7792962318274328,0.770173696096619,0.704193096269657,0.19665897747743577,0.07409405735102458,0.00021597309815412003,0.00028652707954331997,0.7,1.0,0.1,11,0.3648573879075781,0.3103978666304205
8,8,0.3748109487565599,0.7762423992226654,0.7667097534735021,0.7032243420713358,0.11494066452393303,0.08644498787819382,0.0007183923187110499,0.0009194288615992899,0.7,1.0,0.1,12,0.3922851974956891,0.3031553432674221
8,9,0.35598526671889863,0.7592025085065767,0.7494401439817128,0.6871521105722911,0.0837584641886082,0.07178962323171026,0.0008389760688480199,0.0005990156160439999,0.7,1.0,0.1,13,0.3538885141072691,0.3080616048565954
8,10,0.35458038381891877,0.7580945789178043,0.7482967597128508,0.6876515221919453,0.05629834594863159,0.07181059198995622,0.0007723879465358501,0.00064630268478155,0.7,1.0,0.1,14,0.3568902945746597,0.3021294895799432
8,11,0.3424111694470636,0.7495606365740195,0.7410430094246857,0.6802015073829545,0.11457588730587552,0.07681015042055794,0.00046688075653754,0.00050450032432812,0.7,1.0,0.1,15,0.3311715911910934,0.3001699494684352
8,12,0.32520265975282736,0.7351655020680009,0.7279547138509691,0.6726290963030229,0.06966178863181399,0.07196184544245968,0.00040905583095138004,0.0002641669930825,0.7,1.0,0.1,18,0.3030347654674061,0.2448199394019505
8,13,0.26973253954365856,0.6816726746522543,0.6726805904741514,0.6152913448868835,0.30862690909688245,0.07168759822985804,0.00037913763887558003,0.00026729576934515,0.7,1.0,0.1,19,0.2563629242125297,0.2112804398395496
8,14,0.26103356364786223,0.6720304593749848,0.6626737708264673,0.6063530050980367,0.10470208218162405,0.07351576532328802,0.00036084738456983997,0.00025817128652519,0.7,1.0,0.1,20,0.235484176404697,0.1933888361848243
8,15,0.2543304138330339,0.6637691875084007,0.6524759383140865,0.5981119353351725,0.08645681240222354,0.0731917340537403,0.00023364951673304,0.00032861765342062004,0.7,1.0,0.1,21,0.2520044807066715,0.2008838901775791
8,16,0.24608692268327012,0.654061877995057,0.6424364118652344,0.5891413881656801,0.09991342446229759,0.0734795796325907,0.00026975626855194003,0.00023347614612143002,0.7,1.0,0.1,22,0.2296051422497257,0.1827271698106122
8,17,0.24372662951963253,0.6519440758968724,0.6419220025634103,0.5916375854074462,0.05834255792460051,0.07338597751177364,0.00026692573039984,0.00023091962787818,0.7,1.0,0.1,24,0.2280982749597979,0.183342895837558
8,18,0.24115967876984057,0.6494846585692539,0.6410410885179343,0.591887111945019,0.0691265971239106,0.07381356136257135,0.00029089659640154,0.00034433535309419,0.7,1.0,0.1,25,0.2339747539172136,0.1880955775365802
8,19,0.1878790498198129,0.5745143800320108,0.5668628256305165,0.512610733382943,0.24179332064606945,0.07581409440403966,0.00024278385879802,0.00026516193547157,0.7,1.0,0.1,27,0.1657622226341106,0.17657652681631
8,20,0.1824871526657503,0.5653513301966154,0.5590324842223434,0.5073754757028915,0.08058746957874048,0.07720335330475894,0.00024987641439863,0.00028128422161946,0.7,1.0,0.1,29,0.1697396202194062,0.1793189180116336
8,21,0.18009281515693898,0.5587216226902199,0.5471513795267782,0.5233759752262024,0.06668773056085867,0.07769522967205583,0.00030987564707252,0.00040455306357567,0.7,1.0,0.1,31,0.1641527837303012,0.1538510537016389
8,22,0.17975639788359454,0.5582480598760275,0.5466673046496121,0.527254205742784,0.05610301341536696,0.07746988891742976,0.00030880798991584003,0.00040330701165817,0.7,1.0,0.1,32,0.1655310817069664,0.1530517912200521
8,23,0.154640564163404,0.5147841475232326,0.5085163251146054,0.4632403506770963,0.1587741509522873,0.0742757432223145,0.0002104178218281,0.00024346140870297998,0.7,1.0,0.1,34,0.1372069024662252,0.1405596640298674
8,24,0.15291565099566637,0.5075348638615748,0.49926885980181424,0.45965748402351525,0.09875257558440514,0.07781690483625048,0.00023703417302174998,0.00026169138390831,0.7,1.0,0.1,35,0.1281215629356126,0.1249830042527667
8,25,0.14604216525980446,0.4943012078935465,0.4872706548160853,0.44650720082605494,0.12754352804840566,0.07755059763334748,0.00024207518001054,0.00027256330872291,0.7,1.0,0.1,36,0.1279310346083426,0.1301056013213427
8,26,0.13560017063378135,0.4679215099329903,0.4616732574399023,0.4226581311096374,0.11780626260074518,0.0778791196317214,0.00023749095711692,0.00026513182017504,0.7,1.0,0.1,38,0.1155448994042117,0.1075961914553814
8,27,0.13476822295946284,0.466356228226323,0.4617242932394962,0.43984291947601906,0.056814123314077446,0.07792450550417046,0.00029305792927457997,0.00036909328022222,0.7,1.0,0.1,44,0.1165989920716491,0.0989272736936962
8,28,0.1283011126309236,0.45320663325852206,0.4498740226427976,0.4519242431809182,0.06433804752400221,0.07510831045730541,0.00026531739805896,0.00029391495682042003,0.7,1.0,0.1,49,0.0988784345589228,0.0969729782860615
8,29,0.11946394580686982,0.42775520042976906,0.42522709934234665,0.4229131427427196,0.1826166349613985,0.07582601376826177,0.00025300212672636996,0.00028646142123691,0.7,1.0,0.1,50,0.0839335643676528,0.0867637432057536
8,30,0.1181581161863814,0.4241851731424426,0.42320413170802273,0.420030619262434,0.06435776836820156,0.07606132011364054,0.00025250392387284997,0.00028585111386518,0.7,1.0,0.1,52,0.0833890682528774,0.0866663274878347
8,31,0.11717494799259541,0.4188030780934544,0.41594469883049107,0.4321675695122369,0.08049494175027784,0.0770981810870929,0.00028249396776386,0.00033622906875734,0.7,1.0,0.1,53,0.0929340196880478,0.0766470714652159
8,32,0.11278141475259269,0.4040956033416038,0.40239911194460964,0.40012481410229134,0.13223121474098237,0.0779273080915848,0.0002520418129674,0.00029287705061653,0.7,1.0,0.1,54,0.08497757340421,0.0763372788395754
8,33,0.10941043271221297,0.3974481504146155,0.3955957825259046,0.41494390104140877,0.07545242533411625,0.075056693780483,0.00027401999488807,0.00030890718859417,0.7,1.0,0.1,55,0.0822585303377092,0.0756442980999487
8,34,0.11025018235348179,0.39595729882719605,0.3956570474657904,0.41173223592504327,0.07573986068630195,0.07806097024798048,0.00026318809357278,0.00030835658499089,0.7,1.0,0.1,56,0.0808036989198217,0.0763395225867469
8,35,0.10582013686106187,0.3819667905316066,0.38122126224303843,0.4014116990889126,0.11884335673000199,0.07710060568959001,0.000261729836097,0.00030386761060911,0.7,1.0,0.1,57,0.0759596862825577,0.0717478932993743
8,36,0.10479057447932306,0.37928274115565236,0.3801240981379212,0.39767646417744856,0.059383593450051245,0.07689896558405063,0.00026172816463359,0.00030548817235383,0.7,1.0,0.1,60,0.0759986056546625,0.0723085510032179
8,37,0.10436570497358197,0.3792248923564421,0.38340947011248744,0.41749313060913307,0.05754230354282697,0.07684598892096337,0.00026027299853321,0.00030128413955774,0.7,1.0,0.1,62,0.0760499457549586,0.0722269020116045
8,38,0.10408589712624973,0.3793535109105166,0.3852199298901498,0.42214312075116994,0.05491989939945505,0.07660642354117986,0.00026011978823124997,0.00029904695274393,0.7,1.0,0.1,64,0.0754337096834203,0.0730653530121794
8,39,0.10354095337618179,0.37518173334591864,0.3775558066911915,0.4190633829084052,0.061558745429206245,0.07698737326000255,0.00026197103363111,0.00030578159722549,0.7,1.0,0.1,66,0.0749302256618951,0.0708908978463419
8,40,0.1038441508768188,0.3758640492967283,0.37991898300466337,0.41898500796075006,0.055619827221398126,0.07757147288751515,0.00026822732036807,0.00030597172845934996,0.7,1.0,0.1,68,0.073736257589968,0.0689910082645078
8,41,0.10367760295273541,0.3749086638424409,0.3805911407954596,0.43708676768379445,0.0582598354742144,0.07811306818447653,0.00026127649593707,0.0003021033082378,0.7,1.0,0.1,71,0.078235866354074,0.0757026331976759
8,42,0.10341237020587823,0.37450039509565675,0.38183988259669155,0.44868076181743066,0.05780294843856168,0.0781623996504601,0.00026465801124221004,0.00030089178884021,0.7,1.0,0.1,73,0.0795794043292931,0.0736551354298905
8,43,0.10208413422065067,0.3697215858455801,0.37524146425360444,0.4367499671167499,0.0726355740025563,0.07764155837671972,0.00026655728698150004,0.00030548381701064,0.7,1.0,0.1,74,0.0719416492856502,0.0655578628555863
8,44,0.10169909542201681,0.3703876367176904,0.3809460281887093,0.4769325234705044,0.055505315311421166,0.07760581029272037,0.00027782706049142,0.00030501282460533,0.7,1.0,0.1,82,0.0720205465595494,0.064855405440641
8,45,0.10120369306846805,0.36834694094266984,0.37717195359476463,0.4677921149163003,0.057193600205989806,0.07731338614026281,0.00027908222856102,0.00030947537212028004,0.7,1.0,0.1,84,0.0716582673952162,0.0650795065734179
8,46,0.10176659925212803,0.3681451932453551,0.3802619509764271,0.4822868194773843,0.060829900764879506,0.07932412212826233,0.00023227542284594998,0.0002679436799347,0.7,1.0,0.1,87,0.0732644608433798,0.0549874651975139
8,47,0.10127622361873828,0.36697673525798424,0.3790649402831772,0.4704892925432226,0.05575287995094076,0.07881635545470511,0.00026825524635612003,0.00031705101317645,0.7,1.0,0.1,99,0.0754445805064262,0.0703210631210738
8,48,0.10114570661125283,0.36649187972201247,0.378564245906065,0.47226478846223885,0.056608550243495204,0.07879969431695438,0.00026853667401767,0.00031871698862081003,0.7,1.0,0.1,101,0.0755379029522597,0.0703357288657113
8,49,0.10091467025781757,0.3724627386754506,0.39978792327750695,0.6047495026830048,0.05531309916807408,0.07854596245727276,0.00027163254976418996,0.00031992657983794003,0.7,1.0,0.1,141,0.0746767101289722,0.070979969543025
8,50,0.10043821290769736,0.37453222393305236,0.40862477800988656,0.7235990296203585,0.05529102081192804,0.07809733783712562,0.00027321414978507,0.00031454734498844,0.7,1.0,0.1,151,0.0661110888960264,0.0579850509189111
9,0,0.9769252708043092,0.994169765745019,0.9939747902522348,0.9280863323571887,0.0,0.0,0.0,0.0,0.7,1.0,0.1,1,1.0029733056034291,0.96131830375188
9,1,0.8253493732598468,0.9846825664034503,0.9825926902497575,0.9157779422569722,0.18459259383869747,0.06737160447079084,1.850312101574e-05,1.793243769251e-05,0.7,1.0,0.1,3,0.853123756760348,0.8452342234773026
9,2,0.4798947102260993,0.8399185800173502,0.8329965996675264,0.7574802725364929,0.7477525496514604,0.06663295849631766,0.00025679962808399,0.00024370640362181002,0.7,1.0,0.1,4,0.4477973090563041,0.4290099929329491
9,3,0.42941975215564315,0.8104302626601502,0.804196382204269,0.7340284556666449,0.08338591569554718,0.06658068442814577,0.00023079688863125998,0.00020052064150876,0.7,1.0,0.1,8,0.3979855928738454,0.3794703550593816
9,4,0.37279490011870675,0.7717171572593804,0.7641860004379435,0.6944100551920307,0.14101433581705566,0.06665791039890287,0.00025110716100800996,0.00028166566350410003,0.7,1.0,0.1,10,0.3810528137325292,0.3824123204106274
9,5,0.3647232252578064,0.7656718921332045,0.7579398152516248,0.6893474321827249,0.07604736504316711,0.06663905355293435,0.00023151916705556997,0.00024943086520373,0.7,1.0,0.1,11,0.3682053981173432,0.3659711515364123
9,6,0.3343524151285784,0.7424969996083479,0.7356604248931639,0.6723981196750302,0.16395374257790882,0.0666673605096317,0.00025308812927801,0.00029118160615058,0.7,1.0,0.1,12,0.3156741146789689,0.3229620230919133
9,7,0.3328942701706049,0.7413017528905922,0.7344265615418751,0.666241413596428,0.052640571252472505,0.06664324203744267,0.00023264907517221,0.00025570149566664,0.7,1.0,0.1,13,0.3123423777963331,0.3113981091088023
9,8,0.32528654615338654,0.7353492817482443,0.7299456335718758,0.6724527894716326,0.07834605338458317,0.0666547257830769,0.00026267038254576997,0.00027214700662158,0.7,1.0,0.1,14,0.2875613297344587,0.3402158399969441
9,9,0.3194165479252538,0.7302577152854661,0.7246858911668277,0.6686979722273958,0.07127640922269186,0.06661142364447904,0.00023242668302507,0.00025571857266766,0.7,1.0,0.1,15,0.3017452998598591,0.3134484955500443
9,10,0.3177004718836477,0.7294585491107303,0.7255320068735907,0.6782486551390636,0.0505286207846829,0.06660718704526096,0.00023267713816131,0.00025889627070202,0.7,1.0,0.1,17,0.3007571141878796,0.3082563360838408
9,11,0.2871138971979492,0.7010387233400397,0.6959268001730036,0.6396940328743302,0.2258523008720148,0.0766161964154253,0.00025701285745414,0.00025616100605861,0.7,1.0,0.1,18,0.26553931976818,0.3174985868852109
9,12,0.2449249601610992,0.6550686597639976,0.6485384173486404,0.5987703502325605,0.15322314647830185,0.0715265314173112,0.00026443895568953,0.0002663535157421,0.7,1.0,0.1,20,0.2147740390720868,0.2627759698286151
9,13,0.2245449501411184,0.6307508089578714,0.6249094599251844,0.5720460198350383,0.08686697294266531,0.07837489003857484,0.00053304711113411,0.00044937002230890997,0.7,1.0,0.1,25,0.1624083473502279,0.201966052090244
9,14,0.21350312717937805,0.615097222121452,0.6105125457617264,0.5690343163446381,0.10468387712396425,0.07425075761714003,0.00021202109824309,0.0001715290208101,0.7,1.0,0.1,26,0.1843261603696306,0.2098064826574319
9,15,0.20260436106811272,0.5974293082901223,0.5921417294642096,0.5399883833886661,0.15753638311057624,0.07851874145914498,0.00054843742701941,0.00045913620222201,0.7,1.0,0.1,27,0.1344565581477524,0.1686490409448272
9,16,0.19616952168115426,0.5874063676280128,0.581787660894925,0.5295583927040708,0.10346548863775043,0.07836399764759915,0.00053900855799377,0.00043469480118955,0.7,1.0,0.1,28,0.1347395409194498,0.1501386064094959
9,17,0.19484530971155714,0.5855558360969392,0.5798904482847721,0.5296763641819964,0.061746125798755706,0.07776597610380716,0.00050604888252515,0.00040464546177647,0.7,1.0,0.1,29,0.1357136136713778,0.14490247263202
9,18,0.19409219234320468,0.5850430792681186,0.5810324870412287,0.5342269315119894,0.057926321008270894,0.07776597610380716,0.00050604888252515,0.00040464546177647,0.7,1.0,0.1,31,0.134798913207576,0.1425182563289118
9,19,0.18258424193498055,0.5677118289649019,0.5647893520634064,0.5247301220086645,0.08668321869454076,0.0781786209090829,0.00035630851386303,0.00028935261664061,0.7,1.0,0.1,34,0.1372152165862108,0.1408917249362494
9,20,0.16897191570254186,0.5430595913693056,0.5410146148329456,0.5022310591866521,0.11051605441162866,0.07699386906448114,0.00029579207885484,0.00024977866400789997,0.7,1.0,0.1,36,0.1291202337803003,0.1271125402026185
9,21,0.16617751668216107,0.5370321465874986,0.5347526250232425,0.506985308825026,0.06409205003955665,0.07830887018463933,0.00035747213573434,0.00029332613851657,0.7,1.0,0.1,40,0.1265230088398551,0.1292189238159962
9,22,0.159373731459278,0.5225807565882978,0.5198077851437862,0.4955385511393327,0.0903868263944815,0.0787394894682096,0.00036034046798608,0.00029906410783587004,0.7,1.0,0.1,42,0.1236977357250594,0.1235284399575974
9,23,0.14486295141530822,0.4943749098576817,0.4924110426392581,0.4702804326492928,0.1174755112754265,0.07530578261128129,0.00036178412887986997,0.00030112243278121,0.7,1.0,0.1,44,0.1051788650599023,0.1122243089670983
9,24,0.1390920016278636,0.48194484424562517,0.4829080494617765,0.47340173616505116,0.06650482916506258,0.07534868720873057,0.00036482521016529,0.00030689432960901,0.7,1.0,0.1,49,0.1009703856930059,0.1077677016174533
9,25,0.13464822192398487,0.4729285326983604,0.4752916706226081,0.48080253949239854,0.09513072608688052,0.074081547440453,0.00036950311563193,0.00031027816018993,0.7,1.0,0.1,50,0.0935793686900477,0.1001078622682008
9,26,0.13534211028787113,0.4728325203482167,0.4734954383026626,0.4612666368821216,0.05369459206420716,0.07516399024644785,0.0003627363983246,0.00030048749045965,0.7,1.0,0.1,51,0.099106074223924,0.0990148620475711
9,27,0.13162386940552082,0.46365639238189654,0.4640207298885877,0.4558181646626066,0.07440752113052891,0.07480942728552081,0.00036397441301424003,0.00030131945541689,0.7,1.0,0.1,53,0.0972744301237653,0.0937662012167513
9,28,0.12672258912520243,0.45044755104610956,0.450369326133543,0.4458784688869731,0.0848815195271811,0.0748421819676503,0.00036720329609957,0.0003036855278855,0.7,1.0,0.1,55,0.0882588316333106,0.0936266734127071
9,29,0.12606447519014427,0.4492213431660074,0.45077193836163193,0.44841916756247396,0.05768937246880993,0.07493160052639483,0.00036748111545423,0.00030427247121425996,0.7,1.0,0.1,57,0.0862910062627837,0.0945648965113955
9,30,0.12663253663342583,0.44771405901167644,0.4491564234327243,0.47719006761756866,0.062454975884573764,0.07729534774446846,0.00043899398871085,0.00033699742802088004,0.7,1.0,0.1,59,0.0775108450950766,0.0849693639761902
9,31,0.11765792983663766,0.4289720299851919,0.43987148635317447,0.5144252921419133,0.06261334892489052,0.07507569219767149,0.00042918106331946,0.00034731069637984,0.7,1.0,0.1,70,0.072231503103706,0.0828753895133926
9,32,0.11765792983663766,0.4289720299851919,0.43987148635317447,0.5247203520433525,0.05301693354685816,0.07507569219767149,0.00042918106331946,0.00034731069637984,0.7,1.0,0.1,74,0.072231503103706,0.0828753895133926
9,33,0.11447703370709685,0.42033247901683246,0.4293057489336815,0.516035642480336,0.08429569502848107,0.07357323878369786,0.00044458039442606004,0.00035238371584288004,0.7,1.0,0.1,75,0.0704983150210191,0.0807463717698974
9,34,0.11530718535631579,0.4209186339836916,0.43154181442101563,0.5261371142175304,0.059568100392940734,0.07537397103227275,0.00042918996016099,0.00034732131666503,0.7,1.0,0.1,76,0.0647388517353304,0.0694397131175788
9,35,0.11077905430779712,0.402973274522743,0.40962822610081434,0.5088791843425827,0.08174622963209188,0.07636638598526725,0.00045762722256919,0.00038612950319552,0.7,1.0,0.1,79,0.064249918392378,0.0770509453930627
9,36,0.10304412276488442,0.3837203161865505,0.39482412386067783,0.5171576321226884,0.07017924083299842,0.07310101272892423,0.00044576891183629997,0.00037457239318066,0.7,1.0,0.1,84,0.0635318686416387,0.0659120732546336
9,37,0.10080157732852658,0.370837845387239,0.37979307218527336,0.4823769143664678,0.08586693369035306,0.07495182121171959,0.00051770773067607,0.00042203465460408,0.7,1.0,0.1,86,0.0577616010671224,0.0547135382399012
9,38,0.10204131834009612,0.3725307062443239,0.38317019321178064,0.5073706818006627,0.055923733648962255,0.07689927271162895,0.00047908068559631,0.00041611264792835003,0.7,1.0,0.1,87,0.0649185392535101,0.0560703855913982
9,39,0.09783377340476726,0.3662698020179988,0.37681682828941593,0.5115910549724108,0.06422593514770324,0.07194242580293214,0.00045601338984871994,0.00038645943996853,0.7,1.0,0.1,88,0.0574120396401785,0.0596162996496256
9,40,0.0968789391632549,0.3509918750684033,0.3609012989279273,0.4997727203843557,0.1011709171028528,0.07736140146440339,0.00045501991878534,0.00036346310458811,0.7,1.0,0.1,90,0.0469900536170205,0.0469722874979435
9,41,0.08880484521529611,0.32804914561881343,0.33897940337368887,0.4793765971311256,0.0999293968479931,0.07236696524070495,0.00047628473744378,0.00039869130112402,0.7,1.0,0.1,92,0.0517846193206686,0.0473884862053445
9,42,0.08922677626546362,0.3266102714519755,0.33579598096297997,0.4811884884410483,0.05534419949384966,0.07343062417443784,0.00046544602261804996,0.00039119644386252,0.7,1.0,0.1,94,0.0482734850808834,0.0479734540824052
9,43,0.08769077123441892,0.31475785105101317,0.32517084312314626,0.4808633004975593,0.08731047070451592,0.07545685137829586,0.0004904602794666201,0.0004067451085211,0.7,1.0,0.1,96,0.0474719625247583,0.0445661715603106
9,44,0.07922316558468691,0.27432585698539846,0.2834164342871853,0.43071713910242104,0.14836307892706102,0.0744281409987073,0.00034075409213883,0.00026183167507567003,0.7,1.0,0.1,98,0.0426074462514104,0.0463109194430877
9,45,0.07889278806348914,0.27390812411199456,0.2863288189071322,0.4507472405045405,0.05423593110379841,0.07443567540806637,0.00032949552688153,0.00025196572389196,0.7,1.0,0.1,103,0.0410077730640278,0.044494596793723
9,46,0.07871416768473395,0.27307620481648875,0.2854704538861093,0.45262947969625505,0.054317574004110414,0.07437167858099117,0.00033323375707700997,0.00025218789165222,0.7,1.0,0.1,105,0.0430581492014791,0.0462999847274986
9,47,0.07691186368398109,0.26113388605770854,0.2731189740473575,0.4533958913665504,0.08239132896859118,0.07478836512989953,0.00033487634466746,0.00025810543100636,0.7,1.0,0.1,107,0.0382759506988754,0.04343076437607
9,48,0.07637556759166135,0.2610300674199851,0.27469967158677655,0.4750831400573027,0.05255606866824637,0.07410186398915183,0.00033489544496523,0.00025853588638419,0.7,1.0,0.1,112,0.0383502164195761,0.0441217719506771
9,49,0.07668410828940872,0.2624089973437016,0.2811231935830758,0.4998245955359906,0.053617611385562154,0.07483846842218332,0.00033650661641501997,0.00025896093292509,0.7,1.0,0.1,119,0.0381396639355091,0.0434151997540253
9,50,0.0761393895911987,0.269011306900152,0.3063515084487278,0.7378081951739838,0.05239256234448349,0.07423277083822426,0.00033908300843023,0.00026839316350396,0.7,1.0,0.1,176,0.0397734739106049,0.0453851460102587
9,51,0.07618621000027709,0.26987481199606705,0.31058221912451595,0.7712996316252476,0.05280948110731138,0.07447034242729618,0.0003384830583819,0.00026269405982949,0.7,1.0,0.1,187,0.0395498314789429,0.0450901864469696
9,52,0.07618620995436791,0.2705814025080802,0.31298436336608965,0.7740943431718821,0.05249407953806246,0.07447034242777924,0.00033848305881496,0.00026269405984197,0.7,1.0,0.1,189,0.039549831475548,0.0450901864493177
9,53,0.07590020785574982,0.2730462468032613,0.3238956622037363,0.8257727768017398,0.05286673694992187,0.07427970119232537,0.0003403848362917,0.00026186482811538,0.7,1.0,0.1,198,0.0402151033243933,0.0450039006678881
10,0,0.9754301330697159,0.993787316730512,0.9935795963706423,0.927662884988899,0.0,0.0,0.0,0.0,0.7,1.0,0.1,1,1.0085012317891673,0.9686731945652934
10,1,0.8557923268693721,0.990832970021575,0.989112304064476,0.9231120318573637,0.15200077208196325,0.060398899136234384,9.531741763947861e-06,8.520805406517817e-06,0.7,1.0,0.1,3,0.7752134476710507,0.8419878321034183
10,2,0.7661506457733929,0.964711358116397,0.9619703249721331,0.8956770034976307,0.19467379075134364,0.0666481623984145,2.5615266397289998e-05,3.601280441524e-05,0.7,1.0,0.1,4,0.6039038455689925,0.7436571773545899
10,3,0.7134480312696407,0.9441174932892694,0.9407803627911749,0.8744309663566584,0.1303720699107177,0.06271629347238748,1.2387585456649999e-05,2.27841930708e-05,0.7,1.0,0.1,5,0.5733019689324015,0.6943850972775656
10,4,0.3783218273956888,0.7750297400942099,0.7659415428129812,0.6900082612456335,0.8809236134370834,0.06666716752540566,0.00013947785357209,0.00010628506875473001,0.7,1.0,0.1,6,0.2807174189920496,0.3529236070750248
10,5,0.303450902729366,0.7141687434332179,0.7029470728462675,0.6223288722186349,0.36011955531494755,0.07083476664042773,0.00016128294442648,0.00013293063614802002,0.7,1.0,0.1,7,0.1946958536572532,0.2723167075519346
10,6,0.28938743885876306,0.7013365602887951,0.6913570539882867,0.6121485699342851,0.08257298408327533,0.07083312642154134,0.00018223722039353,0.00014186920988316,0.7,1.0,0.1,9,0.1889633526032022,0.2586653247130137
10,7,0.2868149372130507,0.6986301070931884,0.6884962043414865,0.6089269637148998,0.06250442716778544,0.07351703376813505,0.00021027408275951998,0.00017735452018016,0.7,1.0,0.1,11,0.1773400458707729,0.2343356227132113
10,8,0.2752237942837179,0.6874766735169197,0.6786738437592976,0.6002431089980549,0.07716634212922915,0.0721624935268717,0.00020165624472312,0.00016029359369005002,0.7,1.0,0.1,13,0.1730583654028711,0.2272504081354633
10,9,0.24919448408127884,0.6597842764413432,0.6501162571889147,0.5821141438312284,0.1136989837755203,0.06946264538990984,0.00026673866347518997,0.00021822360166522,0.7,1.0,0.1,15,0.1718270411634526,0.2103647892857225
10,10,0.2433094649530537,0.6514247565277111,0.6413505807446416,0.574436290810043,0.10852172444272448,0.07491855449608066,0.00023623182207821997,0.00019814582896258997,0.7,1.0,0.1,16,0.164561447405679,0.2085488121928566
10,11,0.23195864010557157,0.637181078283112,0.6282411054756605,0.563686939683629,0.09475477226344507,0.07756271257984049,0.00022382422531781997,0.00018993309628122002,0.7,1.0,0.1,18,0.1500993063634449,0.1825759360215247
10,12,0.2311509429055903,0.6368308881615743,0.6295511162361502,0.5678032715475501,0.057086964283042475,0.07756271257984049,0.00022382422531781997,0.00018993309628122002,0.7,1.0,0.1,20,0.1500452713063374,0.1811743214120504
10,13,0.2262999490567933,0.6308451662572876,0.6234078569984677,0.5530524086307669,0.0646845530298129,0.07577266957095542,0.00020505801196365998,0.00016440228896698,0.7,1.0,0.1,22,0.1497815319223472,0.1676571643649066
10,14,0.22252348244026135,0.6304413328595975,0.6329899352941406,0.6357929106039357,0.055328097054558635,0.07712182795609496,0.00021839642310522,0.00019908994668549001,0.7,1.0,0.1,50,0.1576536388094351,0.1669036541708107
10,15,0.22171574724735765,0.6292583675033668,0.6317676012269948,0.632028375617382,0.05687473572918731,0.07711414138669076,0.00021818135061583998,0.00019859522300822,0.7,1.0,0.1,52,0.1561377793621522,0.16657723465709
10,16,0.2133298098076155,0.6171425574087618,0.6192709154191814,0.6252918026118727,0.1054273338166512,0.07605254399450803,0.00023641763828565,0.00019404103347444999,0.7,1.0,0.1,53,0.143019277742335,0.1663280810569251
10,17,0.20798525877578838,0.610459072936027,0.6156838209398676,0.6245999803567461,0.09691128261310304,0.07704211456608075,0.00025737433423328,0.00022725280940199999,0.7,1.0,0.1,54,0.1435155587591458,0.1590549649896109
10,18,0.2065645135640031,0.6073699870530175,0.6108009233361003,0.62024518490097,0.05951487818805273,0.07785030777944171,0.00024789446227768,0.00022121403710725,0.7,1.0,0.1,57,0.1425966864869527,0.1580220650824495
10,19,0.2036602230076568,0.6031231907904258,0.6064206653734195,0.6155715479672839,0.07387001176040484,0.07750356455624549,0.00023634939000324,0.00021110952227259002,0.7,1.0,0.1,58,0.143194645602896,0.1583893018178585
10,20,0.2046084480655131,0.6035797226527683,0.6068293608644777,0.6158740643748497,0.059866293041164705,0.08019721997317969,0.00023806213580613997,0.00021299003213839002,0.7,1.0,0.1,60,0.1435857185178475,0.1568561804037654
10,21,0.2040425619238161,0.6027123650320876,0.6059329173201219,0.6149130983740502,0.05851042267249147,0.08020178786684003,0.00023774571098997,0.00021274108435628998,0.7,1.0,0.1,62,0.143873081138533,0.1567030155155492
10,22,0.19545697385342675,0.591622803840342,0.5946084183988132,0.6020020455869329,0.06937393523417862,0.07435692260909713,0.00026393674695081,0.00022509057345062,0.7,1.0,0.1,64,0.1414903625295711,0.1551228917200303
10,23,0.19587110564293875,0.5911121728991923,0.5956461210834344,0.6164929270565016,0.07687775834311325,0.07885142947768356,0.00030298535078677997,0.0002232334842191,0.7,1.0,0.1,65,0.139121587065597,0.1514221043950857
10,24,0.19200461281442743,0.586170746910193,0.5922441794344842,0.6172841731971697,0.06586115248934324,0.07749291076378009,0.00027241548732794,0.00023050408402187,0.7,1.0,0.1,67,0.1433177901245619,0.1448055851691072
10,25,0.19061422357101038,0.583650923451434,0.5912638970697611,0.6212025496718078,0.07859524500744483,0.07958397821307836,0.00025038152257723,0.00020861543236783998,0.7,1.0,0.1,68,0.1314587245645744,0.1365909004595313
10,26,0.18395728267154957,0.5734755699400497,0.5775235518064633,0.6073690137538382,0.07763475489341683,0.07437140354463798,0.00033387032198615,0.0002415332021987,0.7,1.0,0.1,69,0.1388986991232998,0.1511639626000283
10,27,0.18353577526887993,0.5735650673218999,0.5792926972847278,0.616311647343882,0.05304498003174573,0.07417495338030344,0.00033071974123178,0.00023177979585065002,0.7,1.0,0.1,72,0.1378295652836078,0.1447852004491671
10,28,0.18269165111287303,0.5720860442421491,0.5777623546599727,0.6146680868565826,0.059774589201951125,0.07425246319062061,0.00033209133905627,0.00023174264819843002,0.7,1.0,0.1,73,0.1373268048279659,0.1441527588373745
10,29,0.18299870924253211,0.5734332318484366,0.582470064203375,0.6340359205053359,0.05382340022328365,0.07556622957292791,0.00025717663200477004,0.00026942638819408,0.7,1.0,0.1,80,0.1272148669676842,0.1417425912777781
10,30,0.18173331278864668,0.5718721490915704,0.5808859827098709,0.6350025152942866,0.05558048160217004,0.07421117694041421,0.00032074275285166,0.00039027508353337004,0.7,1.0,0.1,81,0.1415669238258784,0.1457333850277266
10,31,0.17806291826511084,0.565063845117809,0.5721910975477633,0.6217281465482621,0.07962780152314418,0.07378163437044068,0.00024985683344975996,0.00021873644147574997,0.7,1.0,0.1,82,0.1199670358074083,0.1356370361649828
10,32,0.17746943895317308,0.5640253802802654,0.5711182515478447,0.6253995005578646,0.05689632531365587,0.07377142275134152,0.00024690708062735997,0.00021435454723515998,0.7,1.0,0.1,83,0.126114314578451,0.136510893033032
10,33,0.17510789923052555,0.5627029064251367,0.574799803018397,0.6364666234556845,0.06291563553884626,0.07238340756151956,0.00024737439229173,0.00021437904193276,0.7,1.0,0.1,84,0.1307843394804876,0.1391219893808364
10,34,0.17415450146061207,0.5640713649768613,0.5829122245360872,0.6946554292540168,0.05091524646448958,0.0718690560935923,0.00029208465589677,0.00022810196301845,0.7,1.0,0.1,103,0.1242375694880351,0.1350799977267854
10,35,0.17425194186185936,0.5641631162039829,0.5830035525513844,0.6947457727382051,0.05078984458473546,0.0720182691619369,0.00029220506447828,0.00022822108522590998,0.7,1.0,0.1,104,0.1241191576868394,0.1348640388459778
10,36,0.17413406411516957,0.5639500560307075,0.5827833026847006,0.6945096874183333,0.05125133480545158,0.07201915665136452,0.00029346739461854,0.00022930461158636,0.7,1.0,0.1,106,0.124587169290434,0.1353366025393323
10,37,0.17303579504591138,0.5611760306218124,0.5782409198974975,0.6924610299337443,0.056117645606312785,0.07222825684690146,0.00025520145316225,0.00024241304005863,0.7,1.0,0.1,108,0.1231877124707374,0.1349992949164971
10,38,0.17302462509168712,0.5625694070945588,0.5830247751569565,0.727371410130432,0.05084820528902764,0.07222828544129666,0.00025484355997543,0.00024138592535004,0.7,1.0,0.1,118,0.1230661033475398,0.1348292256696774
10,39,0.17244943432836013,0.5643172581970471,0.5915172925371901,0.7590523448792807,0.05606017543312035,0.07208542954162764,0.00039701783815898,0.00025678147900732,0.7,1.0,0.1,119,0.1242283393978926,0.141105874933716
10,40,0.17227291282640322,0.5638785716901634,0.5910591711416001,0.7778926458925725,0.0515632176357966,0.07232046897513757,0.00037325104045593,0.00027473121350025996,0.7,1.0,0.1,128,0.1234425565692534,0.1333869241755976
10,41,0.1717191217091862,0.5633691636407516,0.5921964488973503,0.7876648187383137,0.061923839146981546,0.07258177480115217,0.00043616618457743,0.00027581278630287997,0.7,1.0,0.1,129,0.122830073326501,0.1369475103819767
10,42,0.17038181395565122,0.5612234121291335,0.5899914553807318,0.7907969068068502,0.05389779067228984,0.07208512066446465,0.00041058466715491,0.00026957879431119,0.7,1.0,0.1,130,0.1223576071062138,0.1349366885266212
10,43,0.16914856559181973,0.5588925983914933,0.5875809972694891,0.7827430558937614,0.06434241132862248,0.07208561526426707,0.00046042352200585,0.00027769415882060997,0.7,1.0,0.1,131,0.1232069895994665,0.1418606440290064
10,44,0.16891331536473148,0.5591592245913107,0.5895283924766243,0.790589215561237,0.05098629454870596,0.07208561527884538,0.00046263624363162,0.00027082061566889,0.7,1.0,0.1,139,0.1232223459431731,0.1356624189885795
10,45,0.1688892364990203,0.5591206173343187,0.5894887393702397,0.7905472611592312,0.05099343596071641,0.07208561523845877,0.00045534129223455,0.00027079886242046,0.7,1.0,0.1,142,0.1229491440509409,0.1355861804782285
10,46,0.16889284663562235,0.5591232087659885,0.589491266939761,0.7905496233634913,0.05095237358976232,0.07208561522361834,0.00046010742622915003,0.00027083100849604,0.7,1.0,0.1,144,0.122792477583498,0.1356015743661948
10,47,0.16889061373605924,0.5605326809676648,0.5942917341398662,0.836096251993013,0.050962068448385967,0.07208561521848068,0.00045961421601220997,0.00027080445096029,0.7,1.0,0.1,145,0.1232171634501491,0.1355487050949498
10,48,0.16888372450528677,0.5590842061949888,0.5894500917047398,0.7930788426804072,0.05129813285001922,0.07207325373984744,0.00049407671523186,0.00027260501994229,0.7,1.0,0.1,146,0.1233729902517076,0.1357237560392234
10,49,0.1689818887251494,0.5605576750875462,0.5943119529548221,0.8450311049544342,0.05355723820466996,0.07232051356543523,0.00046264495148472,0.00027321773849531,0.7,1.0,0.1,147,0.1238315478240749,0.1361093705930479
10,50,0.16888721687354802,0.562481156776095,0.6013147987104404,0.8820070825422683,0.051566753861836415,0.07232051356525257,0.00048497358585716,0.00027248668925934,0.7,1.0,0.1,153,0.123712859542881,0.1371861721942696
10,51,0.16888559496131872,0.5624783221924817,0.6013118711529741,0.8820039658663921,0.05114232957737888,0.07232051356525009,0.00048476851515352,0.00027249894615793003,0.7,1.0,0.1,155,0.12371608850161,0.1371864663155507
10,52,0.1685743347299851,0.563471135270714,0.6056879250510984,0.9109484119351903,0.051005396511983006,0.07210293282708775,0.00045245528614692,0.00026198080496904003,0.7,1.0,0.1,169,0.1215784738992848,0.1378841797910101
10,53,0.16840425770047462,0.5620937529302479,0.600934270542895,0.8816419065653066,0.05063289569510794,0.07150048288055909,0.00046703031803552,0.00026396325249417003,0.7,1.0,0.1,191,0.1231301597851919,0.1351277361331338
11,0,0.9493079561768833,0.9870113535130678,0.9865769900772161,0.919075973401095,0.0,0.0,0.0,0.0,0.7,1.0,0.1,1,1.1168189175556014,0.9574996750364948
11,1,0.8347739799807684,0.9900545693838857,0.9880279585597448,0.921352819674721,0.16612938140297975,0.07235630545427943,1.0481071838189999e-05,1.328421187217e-05,0.7,1.0,0.1,3,0.875012153369549,0.8406796266522645
11,2,0.5060918100882071,0.8542531115945284,0.8478120587236199,0.7733593015333855,0.6871431741000599,0.06664587114741904,0.00020159000545829,0.00022781943584587,0.7,1.0,0.1,4,0.4477874963518889,0.4676095203892625
11,3,0.36535331163885837,0.7654059508212752,0.7559983296219883,0.6785179829326813,0.2618727050838253,0.06656274974636635,0.00013503724908146,0.00017274162017878,0.7,1.0,0.1,6,0.3540901091450144,0.359576995683466
11,4,0.35402698143880496,0.75812617856201,0.7500368465321737,0.673212416709271,0.07740923850748745,0.07115279973725859,0.00020849710637322003,0.00026705595414279004,0.7,1.0,0.1,8,0.3286755344711347,0.34842513547511
11,5,0.33527583407554373,0.7429492971531027,0.7344563963830778,0.6598212302868413,0.07762058776138744,0.06666666114525296,0.00023704312425977,0.00029980683087887,0.7,1.0,0.1,10,0.334567977526147,0.2708450627604346
11,6,0.32211910557857465,0.732009056252497,0.7248211569861871,0.6559377674820465,0.10120593677809091,0.0666393027375908,0.00028273141308598,0.0003756563731348,0.7,1.0,0.1,11,0.332737849844661,0.3169672600674285
11,7,0.28894071069786803,0.7017198395477522,0.6933532385950252,0.6235986607768625,0.2236646814711092,0.07350859616355461,0.00042143047827763,0.00050928462921868,0.7,1.0,0.1,12,0.2626292949714872,0.2227058352659596
11,8,0.26288185356084065,0.6748064802628039,0.6672179390306471,0.5912933162038284,0.117656993989288,0.07321145973399878,0.00044259813194002,0.0005597881976295101,0.7,1.0,0.1,14,0.2177191704367446,0.2190195777649457
11,9,0.24649950113750413,0.6577445464994015,0.6480704704470452,0.5929890439965438,0.0793049595944503,0.0668183428554037,0.0002492644018091,0.00031603458374673,0.7,1.0,0.1,16,0.2399805057955677,0.1913086537639988
11,10,0.24425956560590106,0.6553732829096697,0.645676609646021,0.5924205903638112,0.04844536707449492,0.06440287763365501,0.00024489319578172,0.00031119027171255,0.7,1.0,0.1,17,0.2402285014020858,0.1862142923650131
11,11,0.21753359367874164,0.628954735871187,0.6198632853981415,0.567157920253333,0.2488205447290919,0.07190366462605391,0.00045043197745078,0.00057314507681513,0.7,1.0,0.1,18,0.1950986556364409,0.1491290857087694
11,12,0.2074906039453365,0.6077675851303953,0.5981734568309023,0.5445501666129656,0.07088932193475356,0.06346484304789832,0.00023158913075551,0.00028825841960276996,0.7,1.0,0.1,19,0.1848250891028466,0.1821326071709626
11,13,0.1768338526745666,0.5566908910756213,0.5468549654423985,0.49599385580687294,0.33110973653292475,0.07190366462605391,0.00045043197745078,0.00057314507681513,0.7,1.0,0.1,20,0.1361792190687256,0.1538093906498457
11,14,0.16485796373930925,0.5345115860755326,0.5255766636241355,0.46581414738233795,0.10924504468301281,0.0732039587626663,0.00042008765098506,0.0005322941596204699,0.7,1.0,0.1,22,0.1284160423922107,0.1442047503038387
11,15,0.1637539754711391,0.5268786681686749,0.5158526940279262,0.47246332593127294,0.1142962570875178,0.08012591536411733,0.00047008810385020997,0.0005920330140184299,0.7,1.0,0.1,23,0.1394604304966712,0.1452128984532023
11,16,0.15190113861846516,0.504139760023787,0.4924237102524441,0.44750370174154186,0.1543238201408109,0.07714900838284275,0.00045016898547192,0.00061029035922652,0.7,1.0,0.1,24,0.1142262099680153,0.115978280071721
11,17,0.1492984899502207,0.4993949945948134,0.49085446623825907,0.445500046226693,0.06521528492474485,0.0777083117307921,0.00036216456623589996,0.00047353237512768,0.7,1.0,0.1,27,0.1206710544869806,0.1231106550393113
11,18,0.13990003855435487,0.48400627201645413,0.47676606175830244,0.44622838127396497,0.06963681816156075,0.07149471919372696,0.00042843335694026,0.0005454774995119601,0.7,1.0,0.1,30,0.1127500276553861,0.1212875251282025
11,19,0.13205049902154573,0.4647958743777996,0.45525563361185123,0.4390949834963954,0.0941542556506859,0.07084241716791964,0.00045441039636334,0.0005882950886268101,0.7,1.0,0.1,32,0.1078821248001543,0.1085563030130278
11,20,0.12745679807885807,0.44415493574004117,0.43541646058818645,0.41675887574174325,0.18474926153485202,0.07856887364130012,0.00043007675383595,0.00056281161500887,0.7,1.0,0.1,33,0.1012091682260399,0.1048571258177684
11,21,0.12888389048557505,0.43956998572242617,0.43384253908623993,0.4208580175753107,0.07461716533555038,0.08618766250837465,0.00045518566995887005,0.0006649106886297701,0.7,1.0,0.1,37,0.0883132613680592,0.09836842019691
11,22,0.12754690082382225,0.4358396268967927,0.42833092613174456,0.41756801714081265,0.06668176648718782,0.08553531419601959,0.00045130551713296995,0.00066125205940098,0.7,1.0,0.1,39,0.0922610501548123,0.0991220271121285
11,23,0.12665032659289197,0.43272047092729926,0.42676095194965213,0.42962994446998604,0.07148337663747004,0.08632094106969466,0.00045262808264853,0.0006650464905535301,0.7,1.0,0.1,41,0.0893399704103267,0.1007579771400061
11,24,0.12625451307729482,0.4317405525791754,0.4257518907523144,0.43581085246107687,0.06506157101036965,0.08616414193590402,0.00045399481587155,0.00066475812162912,0.7,1.0,0.1,42,0.0887736966074931,0.0986779257226908
11,25,0.12664595666285192,0.4320778904907479,0.42608644835826104,0.42888825668812147,0.061684333520356634,0.08677944702537116,0.00044791229699432,0.00062363615566414,0.7,1.0,0.1,43,0.0929356378561992,0.1035362158706577
11,26,0.12404822979150643,0.4253990147208004,0.42086612020349884,0.41716364383874244,0.09532585748878372,0.08632150952083709,0.00046480065512781996,0.0006835722442174,0.7,1.0,0.1,44,0.0878239086962671,0.0910350364549576
11,27,0.12235310754902938,0.41685740353025164,0.4103288173489307,0.4163883723883443,0.10595198074905122,0.08794868863303446,0.00047445886930734,0.0006048506849160699,0.7,1.0,0.1,45,0.0913757263985492,0.098616681796898
11,28,0.11997393557830781,0.41149171907120635,0.40814318330532157,0.3881223582419782,0.07676869411623048,0.08728742501412015,0.00046606067714285006,0.00064734238189347,0.7,1.0,0.1,47,0.0834240169118121,0.0924661372884834
11,29,0.11685081222418528,0.39685680342589813,0.3929644924246304,0.3856947080148102,0.10276054133236556,0.08957752628160029,0.00049161446031295,0.00063126127953178,0.7,1.0,0.1,49,0.0830139584211406,0.0904403313407593
11,30,0.10379859901750313,0.3531673178768876,0.349549180251592,0.3801438495970677,0.2693628858271378,0.08680051328131938,0.00052230242844191,0.00087572954909919,0.7,1.0,0.1,50,0.0601887823467189,0.0645532302673157
11,31,0.09350175487469474,0.23975085609506283,0.23022052046094224,0.2541036624288417,0.3795548365618806,0.10573237859125673,0.00059812424481973,0.00151247151952412,0.7,1.0,0.1,52,0.0421303059084338,0.0355851833727749
11,32,0.09068303515164577,0.23633697607424412,0.22845127294803386,0.25463604528489703,0.07585439156412536,0.10201320621211318,0.00060617103251249,0.0014898156737393601,0.7,1.0,0.1,54,0.0420564926409912,0.0357230785411256
11,33,0.0944018746872574,0.23970473744218532,0.235141195579232,0.29151849300787513,0.07760924868875697,0.10775670783583628,0.00059904408050128,0.00151960505361151,0.7,1.0,0.1,61,0.041871892275038,0.0354481992209856
11,34,0.09772037915995904,0.24353679354798288,0.24066127101088766,0.3153657081204111,0.07980459830700823,0.11258600627400231,0.0005746860772012101,0.0014665617866399402,0.7,1.0,0.1,65,0.0416945696786292,0.0386343789967555
11,35,0.08782369100088724,0.23405212797549024,0.23286065794759356,0.30777196930871614,0.07135172702204061,0.09851377219643592,0.00058077586365067,0.00143767762425686,0.7,1.0,0.1,66,0.0415147267040918,0.0347606478756627
11,36,0.08322301968706754,0.22579293334076952,0.22279081257925434,0.3024425042103379,0.08226693691915488,0.09267588432925036,0.0005785183079086099,0.00122005395711685,0.7,1.0,0.1,67,0.0411324024415551,0.0345127741317433
11,37,0.08601206046592841,0.22781723350470415,0.22645339340375611,0.31938985644436924,0.07026546300968894,0.09662457595087603,0.00082840087011777,0.0013851012221746599,0.7,1.0,0.1,72,0.042326985166167,0.0344528114431172
11,38,0.09562524302930724,0.23095666427706296,0.23267790322518972,0.338774645497266,0.09430197941123078,0.1124383387484332,0.00057539606385562,0.00199995906185594,0.7,1.0,0.1,75,0.0416038978971325,0.0327490072848531
11,39,0.09871541051515562,0.22792418905068454,0.227740860079712,0.3408835042481798,0.09852663062997528,0.11798622084450235,0.00057298940994258,0.0024372153971235202,0.7,1.0,0.1,77,0.0405528666854837,0.0334513599559493
11,40,0.1047427533037327,0.22779120156721147,0.22903943490722065,0.36068867435722257,0.1287506055623604,0.12811043974016437,0.00057306886067875,0.00211935835742567,0.7,1.0,0.1,78,0.0409729807386591,0.0339697637860523
11,41,0.0762700233600689,0.19668414800484327,0.19783139589135312,0.321278902996481,0.0770529542990454,0.08631702584444498,0.00057725793854545,0.01376063015582878,0.7,1.0,0.1,79,0.0444559144602269,0.0382541345986253
11,42,0.09190855446855647,0.21169901907486416,0.21282240937839886,0.341871016791677,0.08154781690575819,0.10875422545306053,0.00058183522167608,0.01393807885644322,0.7,1.0,0.1,80,0.0454855971799421,0.0388866122767984
11,43,0.0763552557770627,0.19444994871817878,0.19884558650219325,0.3200519925347875,0.08022506873901933,0.08896803961732316,0.000584611512295,0.0013371254193195801,0.7,1.0,0.1,81,0.044207667094671,0.0381550739904615
11,44,0.7839381475240805,0.8996130599002012,0.9039163475573071,1.0493828450576272,0.7753835930842305,0.9576284873642675,0.00058092294555062,1.0,0.7,1.0,0.1,84,0.0407343533717249,0.0367091438651859
11,45,0.6769419815960513,0.7928079926247322,0.7987871794888772,0.9337553816966369,0.6668476226300566,0.8232619568351284,0.00058123815416353,0.8713243907108698,0.7,1.0,0.1,85,0.0413123115112385,0.0375333534184211
11,46,0.8133922614103526,0.9282893962282429,0.9342316533243086,1.0855311609461804,0.8059388745465622,1.0,0.00058280017520046,1.0,0.7,1.0,0.1,86,0.0409912549098021,0.0372631470263826
11,47,0.542512041666322,0.6572846421380347,0.6732340046552043,0.9464484840783312,0.5310234589411361,0.6651716379484951,0.01121756802805591,0.5347165525973563,0.7,1.0,0.1,120,0.0381933514858967,0.0314281754894063
11,48,0.7653745229729588,0.8803887619431556,0.8980160622632514,1.186705818204441,0.7536482115775908,0.910968543088407,0.01555541171818316,1.0,0.7,1.0,0.1,126,0.0381714500590748,0.0317586246104931
11,49,0.8437621407960348,0.9605743292146378,0.9832760593052478,1.2881255843390018,0.8319191251586687,1.0,0.031664924973210114,1.0,0.7,1.0,0.1,133,0.0381769878535261,0.0319489722306005
11,50,0.47285127279901235,0.5901933761798692,0.6145839677796983,0.9261225998966798,0.46125504277861207,0.5796381786613262,0.019827058251048822,0.35203814571258074,0.7,1.0,0.1,135,0.0381131683847121,0.0317950291019781
11,51,0.474068300132909,0.5882693039092761,0.6125407934449271,0.9267544405569526,0.4796038521392424,0.5819576821287766,0.01982800946313362,0.35216878398125895,0.7,1.0,0.1,136,0.0380338556570068,0.0319871935750186
12,0,1.0,1.0,1.0,0.9345415811267143,0.0,0.0,0.0,0.0,0.7,1.0,0.1,1,0.9090549675105511,0.9657674463227072
12,1,1.223041463003865,1.2247973958940719,1.2247778276944066,1.1625299713458601,0.22680261307270222,0.3219712692998059,1.371059594608746e-07,2.8605602676100003e-05,0.7,1.0,0.1,3,0.908917933990725,0.961622969995938
12,2,0.4803306203193861,0.8401805763308312,0.8332660809679261,0.7577660963312064,1.046961805338157,0.06666472568707511,0.00026437668485658,0.0003212067234802,0.7,1.0,0.1,4,0.4474721464031034,0.4265868855446633
12,3,0.37311371510563424,0.7712017908746803,0.7619871396332578,0.6872966164380442,0.21357321474331095,0.06658744636600462,0.00014126589165498,0.0001840435855341,0.7,1.0,0.1,6,0.2999174181634417,0.3468253362159779
12,4,0.3664864878685521,0.7669703344136037,0.7592861559008536,0.6859197328941268,0.05874438315049583,0.06658662878105916,0.00014091640490034,0.00018614881236782,0.7,1.0,0.1,8,0.296039463707109,0.3398221888968499
12,5,0.32132697729286963,0.7317990102623005,0.7229371112671622,0.6531065682127772,0.10585531399696635,0.06661668347423691,0.00016640076527064,0.00021010177411515002,0.7,1.0,0.1,11,0.2369551381807872,0.2565330150599064
12,6,0.2960881770183371,0.7136937381654721,0.7057524928894743,0.6357804126662201,0.1169140772683687,0.07264186802303194,0.00029490334942652,0.00037235235550892,0.7,1.0,0.1,13,0.2183778364039028,0.236804417530048
12,7,0.24954074104595045,0.6596689118853251,0.6515930918900691,0.586935493046577,0.17120982831278,0.07264186802303194,0.00029490334942652,0.00037235235550892,0.7,1.0,0.1,15,0.1816414861717401,0.2049977705829591
12,8,0.24558497653074562,0.6548033140641063,0.6465309677143195,0.5822008678810924,0.06649806666141239,0.07428630420623535,0.00017104035482142,0.00021616052106358997,0.7,1.0,0.1,17,0.1810693046871614,0.1834092611541507
12,9,0.19708037684405186,0.5878521091404075,0.5789280430307949,0.5135514292409418,0.22489559387707575,0.0776708966301382,0.00032150329179613,0.0004061538294753,0.7,1.0,0.1,19,0.1428491159776197,0.1356507245855379
12,10,0.19591273743551332,0.5867785880878732,0.5794947786219318,0.5170190107932158,0.05861567896234605,0.07753144274620963,0.00029597412453975,0.00037393365337358,0.7,1.0,0.1,21,0.1405403120934286,0.1337044542609836
12,11,0.15199146464806376,0.5057470422243839,0.495776616467263,0.43584915641460137,0.24874659008506808,0.07656513324117621,0.00028605218697504,0.00037250155625975003,0.7,1.0,0.1,23,0.1189727258854574,0.1189074713350943
12,12,0.14593793773942476,0.5171572643396118,0.5093027849065711,0.46941297938968995,0.0610845957026847,0.07377874140692231,0.00035868658407706003,0.0004657283181667,0.7,1.0,0.1,28,0.1079277628278744,0.1201736981070049
12,13,0.1147844272579161,0.41305893802628957,0.4017235694175414,0.3389333532543321,0.4532438371597572,0.07377874140692234,0.00035868658407706003,0.0004657283181667,0.7,1.0,0.1,29,0.0873087314504039,0.0859060715965543
12,14,0.10985582900747666,0.39729680302752324,0.38710629921124606,0.33945903196451666,0.12943400330396007,0.07377874140692231,0.00035868658407706003,0.0004657283181667,0.7,1.0,0.1,30,0.0793224232963522,0.0817391203027228
12,15,0.1031165325284214,0.37876045400343294,0.36801456084857886,0.32921519138736316,0.07026115115919135,0.07107166135971074,0.00033240956175176,0.00040797507500052005,0.7,1.0,0.1,34,0.0800993078894484,0.0849896000283895
12,16,0.09928383486789148,0.36642977854291325,0.3552924603887406,0.31563096085634457,0.10627224823787679,0.07014483195630279,0.00035354143354099,0.00043608726634387994,0.7,1.0,0.1,35,0.0803970134750631,0.0719679319795111
12,17,0.10026532708313488,0.36712076292094853,0.3592964270955381,0.3290424555882339,0.06262593771478292,0.0725102724006602,0.00031609432137165997,0.00039448646153227,0.7,1.0,0.1,36,0.0818196978988531,0.0702516604042296
12,18,0.099556983814203,0.3645370787267605,0.356627938852643,0.32859873989858235,0.06320358656486637,0.07246490846550124,0.00030191776704973,0.00037749332569105996,0.7,1.0,0.1,37,0.0804084471038678,0.074502983006305
12,19,0.09834493063786168,0.36177999487802076,0.3554645694661156,0.3288578650715348,0.06539263994185164,0.07185600542453051,0.0003091356625973,0.00038643528111478,0.7,1.0,0.1,38,0.0782540524490574,0.0736266649546126
12,20,0.09592142321338226,0.3503643920842937,0.34863879866416475,0.34701515549667616,0.05751258032172667,0.07378789263573404,0.00027859209624826,0.00039493614120111994,0.7,1.0,0.1,51,0.0728587761139414,0.0634873588635124
12,21,0.09590480655734496,0.3509956090516734,0.35096296379034386,0.36148657379203986,0.052066637820021036,0.07379144133180375,0.00027856097037936,0.00039511095255448,0.7,1.0,0.1,55,0.0728060292080019,0.0634447219510148
12,22,0.09589440300152735,0.3509517359047768,0.35091760822724005,0.36848450687964507,0.052079684364725834,0.0737919808130128,0.00027859944078242004,0.00039513128648807004,0.7,1.0,0.1,57,0.0727604286224251,0.063480938131508
12,23,0.09523923017291488,0.34735759046439113,0.34719358845973997,0.37479145367470756,0.07113455991981789,0.07420674895661447,0.00027910054206688,0.00038534101443923,0.7,1.0,0.1,58,0.0681391822207413,0.0618632763834559
12,24,0.09390503950653192,0.34263200095141366,0.34398360845166176,0.3785948096846849,0.06526101317596686,0.0741402929820457,0.00027529514462109,0.00038005402603578,0.7,1.0,0.1,60,0.0694453803813831,0.0597436797268521
12,25,0.09332607609012243,0.339602704963442,0.3391825825867874,0.34300830473853017,0.06319936285195543,0.07407512906919847,0.00027638047649145004,0.00037941141499009,0.7,1.0,0.1,61,0.0688537682492558,0.059168597043339
12,26,0.09169847340630388,0.33336082052919114,0.3344048755727028,0.37094617392516915,0.08574368771277806,0.07402998146090828,0.00027937614113741,0.0003754170877338,0.7,1.0,0.1,62,0.0669603941495629,0.0612766848833877
12,27,0.08998677902800234,0.32584305972864824,0.32830221685379873,0.3870987691410439,0.07260418504300208,0.07424638862444664,0.00028793657115115,0.00040241490190583005,0.7,1.0,0.1,64,0.0654665504579641,0.0592055723097311
12,28,0.08972945013518098,0.32445215171100245,0.3268627437185126,0.3908731194136703,0.059404333254608026,0.07433197663005757,0.00028915866055014,0.00040604682923525,0.7,1.0,0.1,65,0.0644649492521467,0.0582788541734482
12,29,0.08948272827964517,0.32438491093423677,0.32846846701727433,0.39801226276822027,0.05555434434748199,0.07419312444191566,0.00028848929083086,0.00040113776457087,0.7,1.0,0.1,66,0.0626857964902977,0.0590875918796878
12,30,0.08907309545339318,0.32407295468828007,0.33149141684958167,0.41947684561280457,0.054253461379524,0.07413071449403277,0.00028789349508396,0.00039913089491544994,0.7,1.0,0.1,70,0.0615416037744956,0.0587368569740315
12,31,0.08856104703405274,0.3242204205591763,0.3366631944790244,0.4680229361156677,0.05271638826229122,0.07388242901093939,0.0003134863826471,0.00080382703576317,0.7,1.0,0.1,85,0.0633320080693446,0.0634254061166525
12,32,0.0885398074392375,0.3248601171411789,0.33899649932662623,0.4735568237875867,0.0522435220080747,0.07387006154199467,0.00031332337434972,0.00080465584652247,0.7,1.0,0.1,87,0.0633513921105129,0.0632766437094281
12,33,0.08866599220558447,0.3256684458945077,0.341499392872183,0.49047253175243716,0.05229066546140812,0.07405868925507907,0.00031165186560739997,0.00081313146677132,0.7,1.0,0.1,89,0.0621558724817481,0.0622722312790692
12,34,0.08836977439311273,0.32417465185218314,0.34162011865544006,0.49381571675075053,0.0553953345146044,0.07447947589447683,0.00028268285148171,0.00038731603680007,0.7,1.0,0.1,93,0.0612425679501513,0.06097940220797
12,35,0.08604531332137542,0.310645624085427,0.3242865241556225,0.4770788553362086,0.08268958576790784,0.07475246982923041,0.00031283595903499,0.00066538675614159,0.7,1.0,0.1,95,0.0591551906207506,0.0610791254889776
12,36,0.08444039838336681,0.3062010158639137,0.3230550042834398,0.5356611650894999,0.05378660962634192,0.07404480134410446,0.00030061457352002004,0.0003996176075483,0.7,1.0,0.1,111,0.0585611871904664,0.0585688782899526
12,37,0.08552354567869887,0.32029476531962725,0.3693469784429971,0.7651690514286795,0.05339879177671477,0.07570604596784583,0.00030587528868513,0.00057127178121588,0.7,1.0,0.1,171,0.0571226977802679,0.0585991653610944
12,38,0.08556194341697619,0.31703263623595096,0.35928286363971695,0.7798943987453576,0.05446718299946832,0.07590947664144929,0.00032113565302455,0.00054946021676986,0.7,1.0,0.1,174,0.0579118485259345,0.05969990955219
12,39,0.085199337315625,0.31632653286705553,0.3585624432506924,0.7822030540598278,0.055312283151478965,0.07551336289295682,0.00032108490451232,0.00054422767463847,0.7,1.0,0.1,175,0.0578919433654379,0.0593116250191832
12,40,0.08513761178025125,0.316018702328965,0.3582443543566671,0.794343883958579,0.05397768729976121,0.07550869402860756,0.0003201587311382,0.0005750485217330601,0.7,1.0,0.1,177,0.0582244149239965,0.0600778640725532
12,41,0.08503290054726309,0.3163452127912085,0.3619210840687922,0.7931259617472692,0.059299822264247216,0.07567454807311919,0.00032993535923181997,0.0006780044858779,0.7,1.0,0.1,178,0.0579597269245152,0.0601795416998925
12,42,0.08495805539038274,0.3161391421468735,0.36170954831182917,0.8021307191106913,0.0537236629874769,0.07563058887425228,0.00033178681427591,0.00053992779219106,0.7,1.0,0.1,180,0.0581077059292998,0.0603227103024974
12,43,0.08492203470755817,0.3216339173765125,0.3807636699697138,0.8492528097120882,0.053382207354467096,0.0756343108956806,0.00032032848077534,0.00056595575426884,0.7,1.0,0.1,192,0.0573590844091927,0.0599281065338453
13,0,0.9661931304314033,0.9914118460304602,0.9911246405867913,0.9250327584159813,0.0,0.0,0.0,0.0,0.7,1.0,0.1,1,1.046070543770072,0.9617619338483137
13,1,0.8343577135560896,0.9862779065693553,0.9843032164613641,0.9177424446872243,0.1677053981913005,0.06473529432495598,1.561954816654e-05,1.5384989676800002e-05,0.7,1.0,0.1,3,0.8091282110987177,0.8416109462544524
13,2,0.4737638101267264,0.8364347411029573,0.8293966204594792,0.7536246687200747,0.7812863644208798,0.06663012730891636,0.00024802533866079003,0.00023949049339869,0.7,1.0,0.1,4,0.4741325128223603,0.4315066563956182
13,3,0.36201817699139177,0.762889129137358,0.753395076496685,0.6780887308537118,0.2249158229444117,0.06666512331331764,0.00013572557951907,0.00013428662598138002,0.7,1.0,0.1,6,0.3306459779721291,0.3454144967745934
13,4,0.3552191478432532,0.758358884548904,0.7503852311283954,0.6747544160877188,0.05952112371065822,0.06666273955722338,0.00013802261025381998,0.00013679455848146,0.7,1.0,0.1,8,0.3392136410190112,0.3393252633333334
13,5,0.34289677732367996,0.7497914831980861,0.7431133410055486,0.6684655085957546,0.07851867166652095,0.07042842636057364,0.00018700988286033,0.00018671798511749998,0.7,1.0,0.1,10,0.3030236255248474,0.3323672730166414
13,6,0.3287900640413458,0.7368742020486211,0.7281881659071472,0.656971554458141,0.09192428346529516,0.06640467443974726,0.00013771860591198,0.00014142102277419998,0.7,1.0,0.1,11,0.3062012235620955,0.2939677524195289
13,7,0.32870032180611203,0.7367889121789054,0.7281018041642647,0.6614737779735752,0.04672946646628186,0.06632054729766301,0.00014254960011653,0.00014479100989321002,0.7,1.0,0.1,12,0.309600418308102,0.2965383203208723
13,8,0.3150664137843234,0.7257166770087707,0.7183232692574,0.6588338497151658,0.10514692008125315,0.06666194287796016,0.00014428032906843,0.00013971027231788,0.7,1.0,0.1,13,0.2827709044387531,0.232708227706417
13,9,0.30777671094119896,0.7193994300493464,0.7116996527496878,0.6469944807550061,0.09408593877618951,0.07061844525398,0.00021215341424362,0.00021773713652515998,0.7,1.0,0.1,14,0.2749028653818857,0.2710976727267866
13,10,0.28740800148106704,0.7001331306962445,0.6917555419289809,0.6282376179601123,0.14993764614824348,0.07211322079670907,0.0001738564115869,0.00017485013341266,0.7,1.0,0.1,15,0.2534885434929907,0.2341581773966401
13,11,0.25383110024465666,0.66495700890005,0.6571270339237691,0.5957098733162469,0.13187120325602372,0.0699250139724877,0.00015461130525058,0.00015219342323728,0.7,1.0,0.1,17,0.2135994104224546,0.1835291136355119
13,12,0.21000680878404623,0.6086063508401987,0.6004548787750117,0.5429778278135331,0.19865286544545202,0.07443231567937883,0.00025332232664263996,0.00024936075671628,0.7,1.0,0.1,19,0.167787474598297,0.1368049630347203
13,13,0.2011315851988418,0.5937715170601471,0.5850200651237314,0.5324122417142967,0.08449426529887107,0.07881065676443591,0.00029278250089898,0.0002877753127009,0.7,1.0,0.1,22,0.1300578135512076,0.131481753458549
13,14,0.17464572046280116,0.5480646593664011,0.539392702833281,0.4908153702473732,0.1747316266905993,0.0816590425308385,0.00022237190715495002,0.0002149211444261,0.7,1.0,0.1,24,0.1141318528244604,0.1064730997328064
13,15,0.16880724311002962,0.5384224162726107,0.5311316476126785,0.48323159635696605,0.07912094627645085,0.0802555522354341,0.00025418820207681,0.00024337617519997,0.7,1.0,0.1,26,0.1044887380066655,0.1024450589216016
13,16,0.1650308754287954,0.5302476279036518,0.5226595610256779,0.477889889532887,0.07875331146729952,0.08130737002824226,0.00023617523243605002,0.00022409940140739998,0.7,1.0,0.1,28,0.1057664192589842,0.0948344401429247
13,17,0.1606335651206452,0.5212551236536469,0.5133675247762881,0.476799415124748,0.0788408355092743,0.08123197081966196,0.00025309721594012,0.00023384951145063,0.7,1.0,0.1,30,0.0992314211750203,0.0886637558587487
13,18,0.1584547130140893,0.5164139122245855,0.5083570063500401,0.47085297379926044,0.08191469655605838,0.08147428341958465,0.00030121754974147,0.00027484870603823,0.7,1.0,0.1,31,0.0929378212915968,0.0776629123283725
13,19,0.1544116346726484,0.5082750678919186,0.5016156214983404,0.4718309104351586,0.07904906764795097,0.08159158292685406,0.00029017364189192,0.00026341752950858,0.7,1.0,0.1,33,0.0918964339085786,0.0771666002761842
13,20,0.15353956899815788,0.5072474101906512,0.5022309108604471,0.4762604447869169,0.06108353309276395,0.08137664761343137,0.00028031622034974,0.00025404073676087,0.7,1.0,0.1,35,0.0918598489088933,0.0767853367577555
13,21,0.1534301316582154,0.5068174419985652,0.5050846675845861,0.4910551832616162,0.06063846395751818,0.083264694759074,0.00032248094964588004,0.000296509464722,0.7,1.0,0.1,43,0.1026902902270644,0.0755870609938964
13,22,0.1493671126554116,0.4980079742523968,0.4959953435198988,0.5034104324379862,0.09835036500187702,0.08262886203796077,0.00032689499106683997,0.0002990000949851,0.7,1.0,0.1,44,0.0929545327123604,0.0691953741245024
13,23,0.14430167824051146,0.49075791652109535,0.49027213022156546,0.5137454042610083,0.07979709755532839,0.07847036221469891,0.0003265863825203,0.00029867958811988996,0.7,1.0,0.1,45,0.0836953223375732,0.0643116073728263
13,24,0.14691176438041323,0.4925046421299013,0.4903144027165916,0.505192381341082,0.05842444014835651,0.08230844221651523,0.00035168428515735,0.0003757682366201,0.7,1.0,0.1,48,0.0901469668497607,0.0731337331387661
13,25,0.14548666126211166,0.489780029890569,0.4908251513200963,0.5294100798740153,0.06981348521037165,0.0830016174564522,0.00038903973724472,0.00034593895954757004,0.7,1.0,0.1,50,0.0890575301356135,0.0687707305938618
13,26,0.14539379761198515,0.4895583771296028,0.49059617023666136,0.5092710347459074,0.05878900517913855,0.08299576407180871,0.00039102472052236,0.00034687848727574,0.7,1.0,0.1,54,0.0889384858779116,0.068619292820699
13,27,0.13956800458228757,0.4779052224332064,0.47695888509659723,0.48682020560170447,0.09805901353113611,0.0797923033226703,0.0003190538803703,0.00032428582042285,0.7,1.0,0.1,55,0.0885845655097362,0.0704516577867099
13,28,0.13854549337922814,0.4756488554467851,0.4796033028315995,0.5059747636839459,0.06640264862756252,0.08144318807672471,0.00034297111546045,0.00035223831430635,0.7,1.0,0.1,58,0.0791341279084321,0.0604842938190847
13,29,0.1378070157260103,0.47306462347451705,0.47526136171925565,0.5031658966440599,0.06185037563723469,0.08140466461170331,0.00035067023088812,0.00036016367301115,0.7,1.0,0.1,60,0.0790395599738971,0.0588478162038192
13,30,0.13659489289208265,0.46904037437434276,0.4710843850949601,0.5331776769281926,0.08003530078062615,0.08209468752553636,0.00040808393082779,0.00038752565267276,0.7,1.0,0.1,61,0.0790672234574617,0.0585460952905452
13,31,0.1356657783652214,0.4681810654644328,0.4718862542508749,0.51059327151356,0.059036619479791115,0.08139908575132965,0.00035820093283692,0.00037607709410981,0.7,1.0,0.1,64,0.0769782642735386,0.0598631450924529
13,32,0.128949323952213,0.4505666477577472,0.4553548861230987,0.5131842012930752,0.14620680293701152,0.08135985087705967,0.00038427012690652,0.00035428642123844,0.7,1.0,0.1,65,0.072340770282951,0.0685612164478679
13,33,0.12537161371278627,0.43760341464467384,0.44191289233991005,0.5017619488921147,0.06742539892283228,0.08336579472203932,0.00033354868102446997,0.00036001234256199,0.7,1.0,0.1,73,0.0691154379471527,0.0704070121746912
13,34,0.12403068761687598,0.4335114746360767,0.4376836951579142,0.4996477378223243,0.07855048060974594,0.08335689370296048,0.00035069600582921,0.00037916237096324,0.7,1.0,0.1,74,0.0726650984360712,0.0722338765998069
13,35,0.11876684260495056,0.4278781387522229,0.4353531067719306,0.5226681707515284,0.057522392357988464,0.07700629442884967,0.00039377054646613004,0.00036299640019585,0.7,1.0,0.1,78,0.0686394258511803,0.0596371644216585
13,36,0.11939904726858673,0.4304700189350189,0.44302353175181464,0.5712878159098975,0.05628171987314477,0.07806816223641026,0.00037108232358256,0.00030517809190134,0.7,1.0,0.1,79,0.077239765417405,0.0621369760144042
13,37,0.11926152118589438,0.43026946469037125,0.44448060081729823,0.5620495927583719,0.058003533362925866,0.07839771437421289,0.00036787676555273,0.00030225627704329,0.7,1.0,0.1,81,0.0806112759390207,0.0621758921858274
13,38,0.12098367434405957,0.42945314344217045,0.4418784322603753,0.5612952215528128,0.07095202273059965,0.08198719450108312,0.00043456118778027004,0.00041508951435849,0.7,1.0,0.1,82,0.061585363464469,0.0600314506020397
13,39,0.12070785331822567,0.4278627083198132,0.4402234362947316,0.5494409031354675,0.06757387976223392,0.08250758110462512,0.00041586399042959,0.00036128301522497,0.7,1.0,0.1,83,0.0655781656951683,0.0683497011427625
13,40,0.11927593170940767,0.42547321219183726,0.4377870058467885,0.5545785876206638,0.05949685012984218,0.08106419679241887,0.0004381477579863,0.00038324283594301,0.7,1.0,0.1,86,0.0634436255475632,0.0613271437534774
13,41,0.11933819136274668,0.4253265454532405,0.4376301484855504,0.5543987083401907,0.0581152977181914,0.08128813811653765,0.00043936839150430005,0.00038433956744936,0.7,1.0,0.1,88,0.0624744121646393,0.061267087148671
13,42,0.11934977469387333,0.42527971930955033,0.43758048087040813,0.5543423888987378,0.05751962545176418,0.08134852654564777,0.00043511517743808996,0.00038549045392819,0.7,1.0,0.1,92,0.062367012928115,0.0610369692483982
13,43,0.11914449004436381,0.42576711158252106,0.4397627126429175,0.5620216995633478,0.057277237103387904,0.08106030826630015,0.00043695045463978,0.00040659249144665003,0.7,1.0,0.1,94,0.0638086903317941,0.0614641507765063
13,44,0.11851363731324048,0.42471316183799546,0.44201045141193485,0.585920291788242,0.06390148197812139,0.08138277942453566,0.00042263348835385004,0.00036347676005204,0.7,1.0,0.1,96,0.0613860617710332,0.0601169058990051
13,45,0.11712741419681465,0.42240373074231524,0.4479633427801794,0.7043376861645948,0.05976330869002286,0.08192638794570756,0.00064487264790911,0.00033813035364146,0.7,1.0,0.1,114,0.0792920958188878,0.0590045797247599
13,46,0.11662800235546279,0.42014519350617907,0.4439587112418722,0.7085410075756747,0.06532859693208679,0.0819627820957237,0.00057957963818059,0.00033624952238954,0.7,1.0,0.1,115,0.0706819919707967,0.060201908596326
13,47,0.11651090428757642,0.4203927182102028,0.4458853838594418,0.7256041481266574,0.05920682616092003,0.08202483364649053,0.00056734868056962,0.00033490806662276,0.7,1.0,0.1,117,0.0709109939655703,0.0594445268628133
13,48,0.11639389015757742,0.4196880938167119,0.4451526730277893,0.7218291208932734,0.05950670635458231,0.08224456569668108,0.00054895621696669,0.00033428337846624,0.7,1.0,0.1,120,0.0722031164490792,0.0593736131041655
13,49,0.11580998721304851,0.4147869303992129,0.4333981105625751,0.7137147565717139,0.061647897213068625,0.08237091790881232,0.00050273513253667,0.0004520811261385,0.7,1.0,0.1,123,0.0666054998203094,0.0575948332324218
13,50,0.11548450584481687,0.4140973987320894,0.43435317518349603,0.7179653659398944,0.06572669291391321,0.08233191718803137,0.00065592676853785,0.00047384368729555,0.7,1.0,0.1,124,0.0644639355215281,0.0608643075117666
13,51,0.11521700436871048,0.41458802073930245,0.4382037796371595,0.7403905644063147,0.0594723322040422,0.08231639716483644,0.00067644720383523,0.00045889748797542997,0.7,1.0,0.1,128,0.0639322834197203,0.0608391233616403
13,52,0.11483646942654772,0.4121252482392359,0.4339802442594855,0.7473909603027331,0.06168961555134269,0.08262444416201026,0.00065365993020775,0.00046756958864050004,0.7,1.0,0.1,131,0.0636485034550509,0.0604940796013152
13,53,0.11396711653392147,0.41513838713524903,0.4504742023208694,0.8193849543431647,0.05897610123055289,0.0824742091289864,0.00057016740493165,0.00096302723651982,0.7,1.0,0.1,152,0.0667503225787845,0.0585413150138005
13,54,0.11392330889574763,0.4149790378369293,0.45030941074875774,0.819208151372521,0.05879662916560009,0.08247433033247036,0.00057336671780625,0.0009649473847526501,0.7,1.0,0.1,154,0.0669145242140028,0.0590074070605314
13,55,0.11383269043330009,0.41694742260320145,0.45736158401792415,0.8770483747768975,0.058377325158982515,0.08235016679633991,0.00059624024479069,0.00094647923759305,0.7,1.0,0.1,164,0.0657431274567636,0.0586395553334982
13,56,0.11377451072641345,0.41789928843227503,0.46168557228622076,0.9075685666410798,0.05871769761410624,0.08255267997686523,0.00057302358440515,0.0008249061570703899,0.7,1.0,0.1,174,0.066752365180595,0.0573299027103526
13,57,0.11380665979109275,0.4179315923888915,0.4617178859467387,0.9387732029493121,0.05847456396441025,0.08257342354991773,0.0005901051039853301,0.0008304160758862599,0.7,1.0,0.1,182,0.0670758283981665,0.0579859857196088
13,58,0.1138065838537456,0.41793069395358917,0.46171694742042557,0.9450136515291833,0.05847744591938764,0.08257339874020338,0.00059036060884388,0.00083047896077639,0.7,1.0,0.1,184,0.0670772296871362,0.0579813438673275
13,59,0.11365041230729657,0.41776037920408216,0.4615459637664796,0.9510828478494141,0.05842284483472722,0.08237022132894758,0.00058229900431173,0.0008302980306973899,0.7,1.0,0.1,185,0.0660991922838254,0.0584499392165413
13,60,0.11352520746514771,0.41706384225264875,0.4608225548248001,0.9440584828452605,0.06232757978402554,0.08249761814645637,0.00059247136590354,0.0009072554224815,0.7,1.0,0.1,186,0.0662592105036705,0.0584178893118785
14,0,0.9679279842414343,0.9918597184950131,0.9915874891489633,0.9255286434844993,0.0,0.0,0.0,0.0,0.7,1.0,0.1,1,1.0384249968706845,0.9645767992487472
14,1,0.8382739717428005,0.9944005044945571,0.992360738338408,0.9256565008848329,0.18357794799775254,0.0791154499896102,1.742022990444e-05,2.024548545636e-05,0.7,1.0,0.1,3,0.8329586169063633,0.843960761681024
14,2,0.4663876160047843,0.8321859948812352,0.825005719058638,0.748920162737319,0.7924730698050287,0.06664167508854832,0.00024416978879332,0.00022722901206226,0.7,1.0,0.1,4,0.5057610633953823,0.432995200271305
14,3,0.3588210086840886,0.7604382053845165,0.7508622563074129,0.6730080848337863,0.2205413729633498,0.06666775018468692,0.00012903906790332002,0.00016354611616239,0.7,1.0,0.1,6,0.3832235827902521,0.3612431931674074
14,4,0.34476805281152606,0.7506003685558164,0.7422780440493082,0.6658764247932761,0.08153042552049442,0.07039770105605817,0.00018241773252687999,0.00023119906365313001,0.7,1.0,0.1,8,0.3607115558050052,0.3490453457887365
14,5,0.3373323617314034,0.745273359097299,0.7384312414631492,0.6643275184864602,0.06551528764952047,0.07096437869649166,0.00019234988643618002,0.00024470961887457,0.7,1.0,0.1,10,0.3709884181930131,0.3412101497912867
14,6,0.3335288396557083,0.7420049504937213,0.7350711153202276,0.6650144061018194,0.05601416855702239,0.07022280778696055,0.00018780740903343,0.00022400404565787001,0.7,1.0,0.1,12,0.3480202785087626,0.3317594253266618
14,7,0.3103982987818074,0.7209703710509235,0.7117447373879668,0.6427931827479221,0.134017391007829,0.06666384101437466,0.00016854893039668,0.0003419532612668,0.7,1.0,0.1,13,0.3419313324747313,0.2596644444235709
14,8,0.2846677884735911,0.6977881698490458,0.6893279190899314,0.6206990071462388,0.11938423971039301,0.07207246274323037,0.00028506927461823,0.00062175573230293,0.7,1.0,0.1,15,0.3030531007337091,0.2196375237095804
14,9,0.27278049710860075,0.6855165377192174,0.6767806319775351,0.615651387230492,0.06629650855444999,0.06649070458393416,0.00017491375171968,0.00051068749280898,0.7,1.0,0.1,17,0.2777101534309658,0.2029540403103188
14,10,0.2714636065962322,0.6839041557717347,0.6749800978698478,0.610725066995917,0.07800151176398876,0.07211009396369567,0.00025995976908424,0.00047261206069207,0.7,1.0,0.1,18,0.2903070000244187,0.1976773066460894
14,11,0.25334395387367514,0.665698592212878,0.6578505633357093,0.5977685782122407,0.14550844208748093,0.07143176671920119,0.00030695147703856,0.00089619185845406,0.7,1.0,0.1,19,0.2450885157364779,0.1741969174976297
14,12,0.23739691407729238,0.6460194599494976,0.6391852978109865,0.5805017808037913,0.0965364247953334,0.07143176671920119,0.00030695147703856,0.00089619185845406,0.7,1.0,0.1,21,0.2376410601215749,0.1958080672452511
14,13,0.2197564051281157,0.6225626040896732,0.6132196933880419,0.5538375418143425,0.17314848931459556,0.07371462912701035,0.00031166131126826,0.0005643859425495401,0.7,1.0,0.1,22,0.2223998682152026,0.1487149062127783
14,14,0.2037997487903661,0.5996647560479289,0.591227404533351,0.5331184937295732,0.10735341833073822,0.07375370307022801,0.0003069226485663,0.0005456241344478699,0.7,1.0,0.1,24,0.201334662124521,0.1458582706234208
14,15,0.20209021395326773,0.597981832954464,0.5911719267846227,0.5382156541005719,0.056575638524218166,0.07324155641261135,0.00031272881060750003,0.0005467013835367301,0.7,1.0,0.1,26,0.204533765111542,0.1452895482340086
14,16,0.20605637072420296,0.601276597671556,0.5944000621900867,0.54341960120989,0.06177292837459589,0.08053931462055533,0.00048677838627817995,0.00059889966034304,0.7,1.0,0.1,28,0.1843289848507553,0.1471362386453256
14,17,0.1973543450358134,0.5892507221919766,0.58206029566441,0.5325028778849749,0.0997793477627484,0.07690440464452927,0.00039920780235097,0.00052928639027103,0.7,1.0,0.1,29,0.1948066822703233,0.1293737090947186
14,18,0.19211448725986438,0.5823961275473276,0.5766932668253278,0.5301274877539884,0.0680246460899632,0.07499594350470365,0.00039431134521474,0.00052103178738578,0.7,1.0,0.1,31,0.183733231909959,0.1238060778952209
14,19,0.17931561008856536,0.5595421159070454,0.5513768288174801,0.5076957187637186,0.1650159801749497,0.07622514403880841,0.00032557769127606,0.00047215339246862,0.7,1.0,0.1,32,0.1756873318491903,0.1156808875971068
14,20,0.1781325823708203,0.55792699685972,0.551370074798453,0.5110931066197005,0.06034200214577534,0.0766271593577683,0.0003291552768243,0.00047644112533161003,0.7,1.0,0.1,34,0.168807709838297,0.1162857333755474
14,21,0.1761508524612012,0.5560567730164966,0.5511495374695685,0.5144600878991052,0.056184459142034515,0.07490950532282656,0.00032765191980604,0.00046707372002326,0.7,1.0,0.1,36,0.1774679952643933,0.1155930296301894
14,22,0.17488035889086015,0.5545478544778425,0.5496240557777222,0.5219336480712742,0.052544585432657206,0.07342953556238171,0.00034194875285552,0.00054998479958503,0.7,1.0,0.1,39,0.1718312658806195,0.1161747542401819
14,23,0.1764822453611237,0.5556785894867299,0.5507193885492507,0.5278504085689625,0.05655596495460439,0.07655137154930643,0.00034449438830385,0.00056731821286103,0.7,1.0,0.1,41,0.1652369936564775,0.1267064751428219
14,24,0.17572734764942408,0.5514604451152206,0.5429580781779743,0.5245602422438839,0.07780078920404801,0.07906914713723309,0.00032267726307645,0.00058266535007595,0.7,1.0,0.1,42,0.1677500048047076,0.1144049976799525
14,25,0.17510347026872322,0.5510130039192903,0.5441675890605564,0.5387326704475456,0.058517528414392235,0.07906914713723309,0.00032267726307645,0.00058266535007595,0.7,1.0,0.1,44,0.1691590009253683,0.1103104852627286
14,26,0.17521649175163734,0.5507872662278815,0.5439172008345644,0.5452113161531159,0.05695569631118847,0.07980311130207522,0.00031934694661728,0.00059251701250365,0.7,1.0,0.1,49,0.1678048243371411,0.1108254748245717
14,27,0.16551858405713432,0.537706128650256,0.5371801236392594,0.5416425758641621,0.11698477546955219,0.07576673426131737,0.00034340829900764,0.00056475468479324,0.7,1.0,0.1,50,0.1522832427422205,0.1191192169569098
14,28,0.14676252401804923,0.5011042764288824,0.4977788885150974,0.49977200415654693,0.21064974127515207,0.07150828265806566,0.00043737119666463996,0.00059181648276708,0.7,1.0,0.1,51,0.1198714224654506,0.114581789556841
14,29,0.3302253864473996,0.6794661426848515,0.6758348901866288,0.6842783759082568,0.282422268885017,0.1966207888034936,0.00042623616288731006,1.0,0.7,1.0,0.1,52,0.1164132348736235,0.1098410663729444
14,30,0.33319304602842476,0.6803986984755387,0.6766477923168487,0.6824592526581823,0.2599225625435696,0.20304519873846347,0.00043998388753256,1.0,0.7,1.0,0.1,53,0.1176273227985349,0.1122785003505237
14,31,0.13251799125147265,0.46951047447296823,0.47014591166924535,0.5103109360387951,0.0650175474095978,0.07133996982275953,0.00048445695451423,0.00084976009962528,0.7,1.0,0.1,60,0.115263292845794,0.1066298316903353
14,32,0.18563041371714767,0.5190321471743311,0.5194707700507843,0.5616883485448858,0.12018842556527697,0.1488788088214677,0.00048396688708017,0.01215862513820244,0.7,1.0,0.1,62,0.1129587203871788,0.1009187748343931
14,33,0.1303255705129754,0.46392084751306495,0.46602715164903447,0.5256704415874529,0.05194063488156831,0.07192186827202161,0.00050094631936093,0.00084407287374147,0.7,1.0,0.1,66,0.1136150601041764,0.1039532006200027
14,34,0.12241425555682282,0.45013770599827035,0.4502707775931465,0.511704711471809,0.06629594475564742,0.06512002208966641,0.0005009274173896001,0.00073277186430964,0.7,1.0,0.1,68,0.1001682609812806,0.1047966325675618
14,35,0.12222090170063109,0.4505836351665521,0.45240868805199513,0.5160942222193681,0.04617684116847312,0.06491166976193705,0.0004930745990366001,0.0007325912792067,0.7,1.0,0.1,71,0.0991237498886491,0.1048920505841528
14,36,0.13516456766066387,0.45937983336424343,0.4659617453134826,0.6165519612038628,0.06339659076129074,0.08863494831374492,0.00042703296877309,0.0007217925604192,0.7,1.0,0.1,127,0.1027241550435641,0.0747923096852291
14,37,0.13365987419692854,0.45582877494441576,0.46064556167835047,0.6052894423305547,0.07185624333230602,0.08752782785900368,0.00043655900883565995,0.00073814313649505,0.7,1.0,0.1,128,0.1001209221981118,0.0725357094290015
14,38,0.12393149186837883,0.4400331848915896,0.44453869503135657,0.6044611414728888,0.07790206489499409,0.07842999982161246,0.00034448809050982,0.00047416917466334003,0.7,1.0,0.1,130,0.095042486374026,0.0763081150026538
14,39,0.12272079112540032,0.439348263769059,0.44554014307771217,0.6110232996718616,0.05550874380480797,0.07684861611461877,0.00033698337719408,0.00045085922776413,0.7,1.0,0.1,131,0.0930374533673255,0.0743257905782538
14,40,0.12358750345386946,0.439279107302832,0.4437637961994684,0.6036403341385832,0.05684851659507912,0.07824555165949894,0.00034219119808763,0.00047458698758555,0.7,1.0,0.1,132,0.0948500838838109,0.0752398929486264
14,41,0.12261765666562825,0.43950727572329795,0.44737215799762764,0.6242017143895126,0.05509432202891206,0.07703288235837988,0.00033321652324661,0.00046694939369722,0.7,1.0,0.1,134,0.0932517066320245,0.0778496484347082
14,42,0.1230528364692635,0.43780473008979903,0.44556156074973496,0.6224964650405542,0.06366736457831267,0.07912612447988931,0.00038905204666605,0.0005444305097236999,0.7,1.0,0.1,136,0.0948512736654148,0.0793941044189231
14,43,0.1225331153357234,0.4364434574432111,0.44415793902315953,0.6209994304931545,0.057272410462121,0.07900041171193768,0.00038303996480519,0.00053601734027745,0.7,1.0,0.1,140,0.0942559753402921,0.0789028473958774
14,44,0.12250795049721418,0.43614206207240525,0.4438426676593825,0.620653545747663,0.05786331518871531,0.07917809161822513,0.00037385677590749,0.00052001849799279,0.7,1.0,0.1,141,0.0938318894144297,0.0752674463027365
14,45,0.12217414795428459,0.437210693196594,0.4499619751443255,0.6952100978473287,0.056038593922017904,0.0791152094554752,0.00043519419171050004,0.000596645688892,0.7,1.0,0.1,173,0.1031738846702704,0.0768262412991649
14,46,0.12229581467352628,0.43728643328078826,0.45003541552640763,0.7153361856118257,0.056131275931196316,0.07937752628613051,0.00040324880241108,0.00052537169657262,0.7,1.0,0.1,176,0.0919817315075358,0.0755165973109971
15,0,0.9743392209566073,0.9935079409168025,0.9932908682465075,0.9262690071749394,0.0,0.0,0.0,0.0,0.7,1.0,0.1,1,1.0144491988535391,0.9593592859345252
15,1,0.956521011728149,1.0155321914999014,1.0148384465017861,0.9493436254776861,0.07084397194421274,0.05182022399321703,3.9908412584103785e-06,4.797139410495789e-06,0.7,1.0,0.1,3,0.9885660571899156,0.8725770669904476
15,2,0.545075900954355,0.8741811853841419,0.8684085345733229,0.7954289835417643,0.7834392209171201,0.06664825114639508,0.00014661180169159,0.00014781027214769,0.7,1.0,0.1,4,0.4971406828578997,0.5193250564698716
15,3,0.3615641181319293,0.7625392865058487,0.7530341080853203,0.6777039215294585,0.3174724294053745,0.0666388640763381,0.00013779619262007,0.00012448118747589,0.7,1.0,0.1,6,0.3303268771588165,0.3453875316403778
15,4,0.3447984578385044,0.750650107678433,0.7423254129916926,0.6675472007887212,0.0869579725664207,0.07055835887271188,0.00019600371163994997,0.00017756266626259,0.7,1.0,0.1,8,0.3023396198824768,0.3319577149000425
15,5,0.31864038247022713,0.7287933252523913,0.719645346598903,0.6491286874814014,0.11206746935697001,0.074578999627573,0.00014960240501664,0.00013534759746265,0.7,1.0,0.1,10,0.3011165746608183,0.2707512609746553
15,6,0.3011157775086444,0.7133982438541177,0.70536060096034,0.6376273439222288,0.09621552798199463,0.07648670027685046,0.00020987452515917,0.00018935435108264,0.7,1.0,0.1,12,0.2712992490848951,0.2624588381033872
15,7,0.2998835498994955,0.7129194063024633,0.7065376755675705,0.646370456825834,0.05663696325674051,0.07648670027685046,0.00020987452515917,0.00018935435108264,0.7,1.0,0.1,14,0.2712476474418552,0.2548911377073931
15,8,0.28672575481230483,0.7000804966635863,0.6934977826476786,0.6259179034703326,0.07682189910350677,0.06664182390928358,0.00025751786569043,0.00033351661248002,0.7,1.0,0.1,15,0.2703390489149815,0.2653181990937717
15,9,0.239021799603425,0.6475168712627164,0.6406783108612416,0.5714169843703079,0.1931710394935352,0.0735225736815805,0.00049780566247683,0.00064471821315196,0.7,1.0,0.1,17,0.2396933558487197,0.2065487972246405
15,10,0.22857565781217326,0.6357414459066577,0.6302713639479363,0.5671035809789724,0.07304827897635259,0.07005952914975164,0.00026334330337937,0.00022782494795289002,0.7,1.0,0.1,19,0.2104848471289795,0.2101276809598271
15,11,0.21536793467552537,0.6171074399428518,0.6109254066834298,0.5428040132048245,0.1552504373579476,0.07351107865456549,0.00046844648697878,0.00059126520084283,0.7,1.0,0.1,20,0.2000355209466066,0.1679233831266065
15,12,0.15811620438692867,0.5213565218452156,0.511989257909768,0.4456886463852306,0.5134638623091159,0.07281610759772456,0.00046147799633420997,0.00058221483153676,0.7,1.0,0.1,21,0.1342805480166351,0.1040424423221059
15,13,0.15652350981765886,0.5197007530958345,0.513628092179776,0.4542526315234573,0.05410597151620863,0.07248426107391544,0.00050444390186836,0.00064087345542582,0.7,1.0,0.1,26,0.1341236239858611,0.1007452945198567
15,14,0.15305616136378425,0.5146484847400752,0.5101216384219385,0.47556878721120077,0.052229441178759724,0.07092551344352374,0.0003427469253285,0.0003599715836487,0.7,1.0,0.1,36,0.1312303936887217,0.1432713081056893
15,15,0.145389140997086,0.4990236599207165,0.4940025814778887,0.46485675179707664,0.08487246575503994,0.06989073615798198,0.00023739620557728,0.00021283828385124,0.7,1.0,0.1,38,0.1193218801544636,0.1091296494837459
15,16,0.13580875078141366,0.4738535534900039,0.4695781410563976,0.44890038783183683,0.1895822611765118,0.07342074803182892,0.00028946346147375,0.00028560930626331,0.7,1.0,0.1,39,0.1171251133628473,0.1033126285334607
15,17,0.12750982583009426,0.4560960048039168,0.45130093869200205,0.42308762014137136,0.12501492603652586,0.07020746170888606,0.00031945293546888,0.00030893940518094,0.7,1.0,0.1,40,0.0984761655864714,0.0955952843368409
15,18,0.12645577313848594,0.45396066447291944,0.45076612351305195,0.435542116457969,0.056281401016534734,0.07020746170888606,0.00031945293546888,0.00030893940518094,0.7,1.0,0.1,42,0.1023544777591205,0.0946679297491689
15,19,0.12532348297922682,0.4524789991298567,0.450923827172683,0.4354942446888765,0.05101439252483928,0.06948924578118468,0.00031239599347414,0.00032604040892009,0.7,1.0,0.1,46,0.104900513267146,0.0910027243755511
15,20,0.10718636573778571,0.3979922524582216,0.39294792066616957,0.3805482691481192,0.30896285199809687,0.06929467136165715,0.00030813846180177,0.00031996348232125004,0.7,1.0,0.1,47,0.0814596883922609,0.074777513861749
15,21,0.09206586548854923,0.3366755477641434,0.33118858187420924,0.3255048439889666,0.2058240348408153,0.07189594932974938,0.00039838762862209003,0.00041432617407612,0.7,1.0,0.1,49,0.0600700860712907,0.0586959226106571
15,22,0.0924536222225895,0.3375426261133377,0.3337412787618642,0.33261815096500574,0.05194739971933073,0.07255308910611544,0.00039606682715260003,0.00041344367472238,0.7,1.0,0.1,51,0.0603519390397665,0.0587801343610946
15,23,0.09222559120054334,0.33728036492262176,0.33514225694864863,0.3385712349912089,0.053561971274800585,0.0725468209979257,0.0003978541546475,0.00041415052945140997,0.7,1.0,0.1,53,0.0595099668331623,0.0591319938477743
15,24,0.0914982855754396,0.3338644310839316,0.33160918217843305,0.3421447492073513,0.056994117887435775,0.07267151159764497,0.0003981302370519,0.00041116733292306,0.7,1.0,0.1,56,0.0607672704347566,0.0581109756273
15,25,0.08516392562418462,0.3056703120824281,0.30248062649202545,0.32060545791167994,0.18652164280217207,0.07230115340012538,0.00040684454370110997,0.00042511791235731006,0.7,1.0,0.1,57,0.0556925013060706,0.0479548426499654
15,26,0.08275510321267912,0.2948813950406495,0.2930067043585657,0.31764840225889684,0.0785426473004055,0.07213755416617298,0.00040636088110119,0.00042798172799567,0.7,1.0,0.1,59,0.0533130047674613,0.0480413920214686
15,27,0.08260782234934831,0.2967511524438274,0.30162498515825487,0.37510542331832886,0.05126776404225581,0.07226987433324897,0.00036670240805772,0.0004071451632216,0.7,1.0,0.1,77,0.0549397536206318,0.0450604345203506
15,28,0.08257278161614398,0.2945553656804836,0.30267191165740487,0.4156977109996243,0.05421685973185164,0.07338636883344907,0.00041066184520154004,0.00043995269596595004,0.7,1.0,0.1,86,0.0532146366016229,0.0513873226303971
15,29,0.08000706651773938,0.2805517475109113,0.2865306688207926,0.39853212310149133,0.1159628770355295,0.07323152543219671,0.00043883883847853,0.00047612807004284,0.7,1.0,0.1,87,0.052511718762196,0.0474733670990327
15,30,0.07897214996760946,0.2758092091566075,0.28330341794589103,0.4005972034292167,0.06476092189473466,0.07314680400468185,0.00044051398449231,0.00047100957586166,0.7,1.0,0.1,89,0.0513166796274423,0.0468632219689501
15,31,0.07875644635186237,0.27551555777307374,0.28300635503708704,0.3895509133636704,0.052150003222508595,0.07285120893255256,0.00045015704056858996,0.00052739661138739,0.7,1.0,0.1,90,0.0498324533205406,0.0453553105369804
15,32,0.0777575413222612,0.27009665005565336,0.2807420000816786,0.43360554710478094,0.058551887391270124,0.07321607901295993,0.00044227916967248,0.00047456149826452,0.7,1.0,0.1,95,0.0489683979656402,0.0473819717599942
15,33,0.0769594323974805,0.26942393295545025,0.2900763244434226,0.5036146203042728,0.05272885765748586,0.07330793288059566,0.0004317969199627,0.00053972433224316,0.7,1.0,0.1,121,0.0500912618921283,0.0443848578784912
15,34,0.07661193742094427,0.26926157975919,0.29325557167040456,0.5393176994794623,0.053142011302496864,0.07318357463200212,0.00042073057542186,0.00056928006918888,0.7,1.0,0.1,126,0.0507560999249356,0.0427041452413216
15,35,0.0763558037297119,0.27106787351882283,0.30014621519809676,0.618466836168756,0.05147784478349178,0.0728845969079653,0.00039893196531067,0.00043665609966669005,0.7,1.0,0.1,147,0.0504354569616771,0.0370675900450696
15,36,0.07603300158412747,0.26967373957214164,0.29870891486351747,0.6245343174714553,0.05292946079953113,0.07270323010767821,0.00041562336433485997,0.00050713392441205,0.7,1.0,0.1,151,0.0517743038042977,0.0360194066938838
15,37,0.07534610441269277,0.2679125700105971,0.3035732817812016,0.6681078818081008,0.05398113127332199,0.07283611818172843,0.00042647960013672,0.00044714031199059997,0.7,1.0,0.1,160,0.0478436293303186,0.0380436565434797
15,38,0.0752081607441459,0.26776897335333827,0.30509668631468295,0.6766304164813565,0.0535303799013869,0.07283987627748993,0.00042617443108414,0.00045919166554036,0.7,1.0,0.1,162,0.048387587565836,0.0379884290218831
15,39,0.07492230890489704,0.26678475073903807,0.3057517729141566,0.7020822016499264,0.05308138426249065,0.07282349509166385,0.00042770357565729,0.00047077608318173,0.7,1.0,0.1,167,0.0491305505469925,0.0379066400315605
15,40,0.07466192036316274,0.264467417314064,0.3016848892464542,0.7047059520797619,0.0525738417876443,0.07283586416512257,0.00042595912369156,0.00044219898668596,0.7,1.0,0.1,174,0.0500697138529466,0.0366232607772947
15,41,0.07447118714421026,0.26474132280962975,0.3053120141248998,0.7325495647586757,0.053280035773368636,0.07283509351780146,0.00041858969636964004,0.00045925304313098003,0.7,1.0,0.1,177,0.0490071319674724,0.0369452282087169
15,42,0.07450806546252321,0.2661655485300535,0.3101263127644425,0.7579542556209703,0.05151649865625642,0.07288473762509515,0.0004260737679231,0.00045678579266732,0.7,1.0,0.1,183,0.0504538909680453,0.0364425849278638
16,0,0.9608882609455871,0.9893309749264951,0.9873022789221751,0.9267648059273204,0.0,0.0,0.0,0.0,0.7,1.0,0.1,1,1.0682201601225214,0.9601287260699384
16,1,0.8386616339649053,0.9891243216629015,0.9871719914311154,0.9206606218313337,0.16492733652792693,0.06785563626024006,9.142351248304254e-06,1.035039932994e-05,0.7,1.0,0.1,3,0.8687799923480802,0.8422601898575053
16,2,0.47299856701552423,0.8360140049470879,0.828960523712764,0.7531549241682884,0.7868011639833151,0.06664806869476422,0.00027248401963564,0.00025841340351399997,0.7,1.0,0.1,4,0.4803151411292434,0.4251620843705524
16,3,0.47023238283024943,0.8351336562402437,0.829722617914698,0.7557592805317753,0.050807523642043675,0.0666684962017882,0.00026015150266893,0.00025556482464801,0.7,1.0,0.1,6,0.4766141184018251,0.4263258724148528
16,4,0.4347321760993862,0.815524701752171,0.8093035181289094,0.738366888081484,0.11032018197916701,0.07322678561528026,0.0002868914965927,0.00026695583067138,0.7,1.0,0.1,8,0.3941179935955531,0.3553580862269442
16,5,0.42739340571904005,0.8109712025015755,0.8063229619893164,0.7370576998368898,0.05887150875606439,0.07098672842743926,0.00026330387871390003,0.00025655583323646,0.7,1.0,0.1,10,0.4390134576346846,0.4070218788881032
16,6,0.4272785942069248,0.8128187008041986,0.8097900010180529,0.7425300614202011,0.05891832432630254,0.07576346103220384,0.00032773616645051,0.00031462665822451,0.7,1.0,0.1,12,0.3875541674528173,0.3545766245778343
16,7,0.38312089749163086,0.7810584235577359,0.7753861003209285,0.7161655379276503,0.1885106930503598,0.0719187472080707,0.00032263532098236,0.00027500776087396,0.7,1.0,0.1,13,0.3615418357075379,0.2968890426995277
16,8,0.38944229434357835,0.7882782705109413,0.7843020510425396,0.7267039736619276,0.057394579416988716,0.08106390563202395,0.00040708165632492003,0.00037708002212313,0.7,1.0,0.1,16,0.3086558171463436,0.3285652862746937
16,9,0.36690125996762213,0.7714089776055739,0.7668314283514408,0.7204921482559519,0.1444841195590125,0.08253081158824022,0.00048605877397908003,0.00045901595497068,0.7,1.0,0.1,17,0.2838937939678237,0.2917886521984057
16,10,0.35689721951598413,0.7628022569080054,0.7580531031362412,0.7134532199947843,0.07971384033031625,0.07770796519609877,0.00039672992039365004,0.00035995058684293996,0.7,1.0,0.1,18,0.3007511527646891,0.2747608575983705
16,11,0.3607673477159048,0.7673907658321356,0.764336707668672,0.7152193080217862,0.05882010965876097,0.08314412394976481,0.00047612599246925997,0.00046532472369892,0.7,1.0,0.1,19,0.2850900515275056,0.2965565765255458
16,12,0.3457275194203796,0.7545172607249582,0.7529581907151581,0.7064915296472349,0.08019919989205312,0.07269272633527049,0.00023044723362927,0.00026221072690483,0.7,1.0,0.1,20,0.3317846400986609,0.3200957878296367
16,13,0.3519060695626575,0.7607022619404199,0.759143050288173,0.7126794719834262,0.05737332560301307,0.08130299700858154,0.0003815074677047,0.00037285268984811,0.7,1.0,0.1,21,0.284280758542576,0.2832260175577986
16,14,0.30364451055876823,0.7164816962032687,0.7102492581442679,0.6484742905533274,0.23888592744813406,0.07496446812296591,0.00035756978972063,0.00033737260842569997,0.7,1.0,0.1,22,0.3021159158610703,0.278172903993986
16,15,0.3099795827293363,0.725328435630112,0.7225094418915564,0.684161378289909,0.06012403020627562,0.08422956778816268,0.0006079836301801799,0.00062500679204636,0.7,1.0,0.1,26,0.240115430938,0.2454601137721538
16,16,0.3090034061263256,0.724046649674749,0.7228356145836213,0.6868655609569075,0.06767532270360571,0.08543082707690217,0.00042128706922343,0.00041362466951278,0.7,1.0,0.1,27,0.2884428148828867,0.2763747466395244
16,17,0.256902682095871,0.6692372971078364,0.6662041538222386,0.6307664249127666,0.32583917198695544,0.08488192723255658,0.00048073768704073004,0.00046975860608967,0.7,1.0,0.1,28,0.2277223876442038,0.1889460839302203
16,18,0.2351316815505086,0.6421616080365941,0.639860675159701,0.6143047005728274,0.13001797666235987,0.08626764930502948,0.0005320609598928699,0.00053211278103985,0.7,1.0,0.1,30,0.2057651903633008,0.1644549542864003
16,19,0.2351313114356394,0.6421611120776781,0.6398601603561413,0.6166478265864759,0.06097516989559304,0.08626764930502948,0.0005320609598928699,0.00053211278103985,0.7,1.0,0.1,31,0.2057599446800681,0.1644550347005151
16,20,0.2088264877158316,0.6030579013803427,0.5993344362797033,0.5768747494591855,0.27147804105682055,0.09112467876338892,0.00056705856886408,0.00056281819821159,0.7,1.0,0.1,32,0.1733317552652166,0.1516669847943654
16,21,0.19717165038552917,0.5846007744029263,0.5819253761560687,0.5619162919465184,0.11126036458971178,0.09146274742110597,0.00053278739795742,0.00053393875575811,0.7,1.0,0.1,34,0.161871519148278,0.1397029838111769
16,22,0.19098672400598352,0.5780571742586282,0.5769840090555826,0.5623775813221574,0.06369868675825234,0.0854676716277466,0.00029179931892677,0.00031785499192363997,0.7,1.0,0.1,38,0.1712951611390594,0.1432702563090072
16,23,0.1880439995293614,0.57361524409609,0.5724010074987003,0.5492937203178531,0.08262930890758605,0.08521260280428891,0.00025232310012477,0.00026851286023397,0.7,1.0,0.1,39,0.1637459507869809,0.1581532252627663
16,24,0.18391344577374205,0.5668625039624713,0.565463191001604,0.5507273768177672,0.08348517600954881,0.08345131989088625,0.00026722246411458,0.00026040975631836,0.7,1.0,0.1,40,0.1668667111797865,0.1532004306618069
16,25,0.17772578381107546,0.5554882067624171,0.5553543027373004,0.5438045459584634,0.12091272235006273,0.08459753364395159,0.00024788267624771,0.00026455168099415,0.7,1.0,0.1,41,0.1557864889385071,0.1358622034692968
16,26,0.16040962960439678,0.5213090429158695,0.5183906600634982,0.500281231943727,0.11122665393691389,0.08320051741800688,0.00031360798995056004,0.00031441893131061,0.7,1.0,0.1,44,0.1564763231788734,0.1317750205687752
16,27,0.15772250111735686,0.5182139759257648,0.5218749736944275,0.5472436576555216,0.061998320858532505,0.08331542552103097,0.0003693788058577,0.00039437820942018,0.7,1.0,0.1,53,0.1419375309538108,0.127863281727792
16,28,0.15761340670024654,0.5168517092417793,0.5237379463363444,0.5633326816361359,0.06497396589568522,0.08650297019480331,0.00032727275366488,0.00034910795368433,0.7,1.0,0.1,59,0.1357014118384088,0.1218846775598513
16,29,0.14450279755542006,0.48377500060467504,0.4895059427901955,0.5320896932913569,0.10420154237654371,0.08867913841178154,0.00027937580232501003,0.00032950610168409,0.7,1.0,0.1,63,0.1160618687021979,0.1048572200214601
16,30,0.1354333237224329,0.4668445533925611,0.4738055833422922,0.5203073636038147,0.09244944902447208,0.0833556435003169,0.00028779719988558997,0.00034049166981861003,0.7,1.0,0.1,65,0.1065382559755652,0.0922320961469643
16,31,0.13561711800731113,0.46671652284708864,0.47366104843376966,0.5227023106487606,0.06139115706708181,0.08386970905955955,0.00029265704706785,0.00034522461359348,0.7,1.0,0.1,66,0.1071610899050156,0.0921459225229089
16,32,0.1326217309987796,0.4621353566045794,0.4689956013358094,0.5330742614882299,0.06104724749737272,0.08092267045954495,0.00029500698644804,0.00034773870489171997,0.7,1.0,0.1,69,0.1060052852262429,0.0932098185254164
16,33,0.13313219055844672,0.4610035788249883,0.4661187165369278,0.5302857132084846,0.05982879809798192,0.08243787431747315,0.00029339757219311996,0.00032111978436034,0.7,1.0,0.1,73,0.1054196324039123,0.0912091775375857
16,34,0.12433926098683504,0.4396772708133475,0.4441440238034528,0.5145268608414438,0.10311424237916751,0.07963869261727892,0.00031482118913654997,0.00034162333686221,0.7,1.0,0.1,75,0.1030499873528401,0.0862564305804931
16,35,0.12429830374648468,0.4366098953893442,0.4425840555704921,0.5203493521618592,0.07159372439339876,0.08229860231963335,0.00030676791668605,0.00033290232402031,0.7,1.0,0.1,77,0.1025427241417888,0.0817638357054807
16,36,0.12396753423988144,0.43490182299127433,0.44246739234586097,0.4972051932236814,0.06368307142987492,0.08328389318878784,0.00031574377439329,0.00034203270944422,0.7,1.0,0.1,80,0.100166301140344,0.0802694272366014
16,37,0.11759610726924706,0.42630794340997386,0.43874514880401366,0.5481297144144417,0.05826373623175626,0.07712724812134746,0.00032286641232243997,0.00053414826791225,0.7,1.0,0.1,88,0.1046934279157483,0.0987132674596051
16,38,0.11668614590490985,0.4234238024109189,0.4374251010931193,0.5521702164229189,0.06423884271704677,0.07758368073032154,0.00034112143022851,0.00056434926071636,0.7,1.0,0.1,90,0.104734274224834,0.0974501740974453
16,39,0.11752701890049641,0.42335773845201097,0.43565366582079296,0.5684372142318682,0.05599847152987743,0.0789184107241116,0.00034633075424163,0.00051005710130788,0.7,1.0,0.1,94,0.106722931871373,0.0960633113812325
16,40,0.11305149299739321,0.4206025243616382,0.4379656127033183,0.5667025674405177,0.051820004509802925,0.07271980761562392,0.00039698337297452995,0.00047626546710573996,0.7,1.0,0.1,100,0.1080494550132169,0.0987832176623335
16,41,0.11186415851351872,0.41002411823252494,0.43025837084126695,0.5556901364748814,0.1303060250906524,0.07788361448678463,0.00034071711368786,0.00046815397524653003,0.7,1.0,0.1,101,0.0967340132771115,0.0971017435925123
16,42,0.10808449706641088,0.4020390153368081,0.420412076577338,0.5588270337516977,0.07664574041592989,0.07447736575138661,0.00039456224623053,0.00052059942810913,0.7,1.0,0.1,102,0.0915004014270931,0.0988180373165382
16,43,0.10691660919871522,0.40008781423309564,0.41676183863232813,0.5575338799039625,0.051904953777826245,0.07290066739048531,0.00036322676521183,0.00046970071240746,0.7,1.0,0.1,103,0.0924121372606114,0.0960963760930384
16,44,0.10481252995875645,0.39435139202521924,0.41418018281147756,0.5523215479858247,0.08563607395547976,0.07279821738151944,0.00035262018207307997,0.00047620505231001,0.7,1.0,0.1,104,0.0950335724033837,0.0972873527431664
16,45,0.1031574723846099,0.39163466064317753,0.41141404755946775,0.5742835841172704,0.05131375908981643,0.07101480950373537,0.00036070610702256,0.00048542506210518004,0.7,1.0,0.1,110,0.091663581326064,0.0951806195435554
17,0,0.9672550565658004,0.991686089747561,0.9914080746317656,0.925336401333028,0.0,0.0,0.0,0.0,0.7,1.0,0.1,1,1.0411314097369866,0.9666582777344734
17,1,0.6948391424776362,0.9402068146302115,0.9349555034565346,0.8656143430007408,0.28908723076353954,0.0667139781363967,0.00047611900872597,0.00074284409227954,0.7,1.0,0.1,3,0.6715397150385654,0.6528001122932099
17,2,0.48456377744203816,0.8425511560508886,0.8357161095069868,0.7603919003532742,0.5142793656246133,0.06666160406351165,0.00027123023430648,0.00022086883913142002,0.7,1.0,0.1,4,0.4303937026619468,0.4265785662321951
17,3,0.48356345301374776,0.8433274298610727,0.8381425300464149,0.7646771001909785,0.05167821199424028,0.06860126752926032,0.00033653150007377,0.00026941891029478996,0.7,1.0,0.1,6,0.4242612167431818,0.4230733806564452
17,4,0.43575746678825505,0.8144568110766909,0.8066520842060555,0.735102198104066,0.11577642815147045,0.06804410063547592,0.00021322599699887998,0.00016931997780932,0.7,1.0,0.1,8,0.4260298648312497,0.3999212224957764
17,5,0.39103787373015486,0.786529704419116,0.7793024148781023,0.7078640919668431,0.13285978448203115,0.07462870461084685,0.00039455758506489,0.0003126561759559,0.7,1.0,0.1,10,0.3628670391231557,0.3649684114655565
17,6,0.39122994604661304,0.7867985040296821,0.7795648222072111,0.7107380732672,0.05405253681439055,0.0752461164659402,0.00042022970782170006,0.00033299933506281,0.7,1.0,0.1,11,0.3595028178767758,0.3640424469213431
17,7,0.3838239347899151,0.7815288946563965,0.7723500718030004,0.7061874769279652,0.09222733483795893,0.07962719100885911,0.00026510420062355,0.00022922337703762998,0.7,1.0,0.1,12,0.3460446532281568,0.3518986275948639
17,8,0.3743946595181656,0.7762240640877832,0.7684002593737596,0.7036818489497032,0.08492759371797651,0.08549061232972098,0.00032796946703424,0.00027916432485134,0.7,1.0,0.1,14,0.3196068355498205,0.3218610089317584
17,9,0.3188719069437693,0.7291762496526379,0.7199841888838461,0.6528063426434118,0.25244489265979353,0.07682354047813095,0.0002705869272568,0.00022727348462130002,0.7,1.0,0.1,15,0.2542372179992423,0.2755956196437511
17,10,0.3095452005832892,0.719883405217397,0.70873901176266,0.6451157503568404,0.09040895042313468,0.07547720233893097,0.00030080088128485,0.00028598418252879,0.7,1.0,0.1,16,0.2860862722385696,0.2872162795642674
17,11,0.28141072690412283,0.6937974479031697,0.6851090396202091,0.6195414896795174,0.1892580492064055,0.07628242154930298,0.00021412350911465,0.00017925330427923,0.7,1.0,0.1,17,0.2191939609979208,0.2179958381168324
17,12,0.27639975759235036,0.6891936148797471,0.6819783443469426,0.6199736360783303,0.07109941975228506,0.07812968134664089,0.00025825060587142,0.00021619426388991,0.7,1.0,0.1,19,0.2012264651917372,0.2051415746135941
17,13,0.27149807403395876,0.6857796120697177,0.6819303927919079,0.6360768876619363,0.051498748791988326,0.0722739751189054,0.00028056375744231,0.00020057891700335,0.7,1.0,0.1,26,0.2237279815177145,0.2008783285979853
17,14,0.26662860770552804,0.6797195837135324,0.6739719232054728,0.6243740253404709,0.08078067084076264,0.07325659181994529,0.00030575413078385,0.00021655319590929,0.7,1.0,0.1,27,0.211011881487048,0.196017754916639
17,15,0.2650956525198192,0.678716187501842,0.6746029852510032,0.6281606937387229,0.05609782175649891,0.07342365295381507,0.00030483144887735,0.00021747650031458,0.7,1.0,0.1,29,0.2067869009633832,0.1954434110982671
17,16,0.2646515868317612,0.6782246611635508,0.675573853045485,0.6422474238435756,0.07428149771982144,0.08169395551009602,0.00028879576047984,0.0002385269236338,0.7,1.0,0.1,31,0.2258666696807698,0.2060870355133426
17,17,0.255058656572215,0.667946217047805,0.6651093606969917,0.6380797676116693,0.06627606674327767,0.0748596141272263,0.00035557086474257,0.00026706138054935003,0.7,1.0,0.1,33,0.1839759875088224,0.1849716458743042
17,18,0.2548781472944679,0.6684404696296813,0.6672911803782058,0.6441491039549369,0.053390610686483195,0.07491357283474334,0.00034503434542778,0.00026250520534769003,0.7,1.0,0.1,35,0.1838088192711134,0.1834288428429671
17,19,0.26212425128706424,0.6741723042689315,0.6726865090417408,0.6480584106563444,0.11741010285182747,0.0939499256028123,0.00135414410735671,0.0148690144358752,0.7,1.0,0.1,36,0.226965246340567,0.2276119254209912
17,20,0.20832233891692742,0.6017207449031364,0.5979265701401963,0.5704785087865195,0.4002371038641784,0.09209478000196189,0.00061770615804241,0.00104089450411094,0.7,1.0,0.1,37,0.2112226671628232,0.1831811146817354
17,21,0.20072367309953726,0.590017044416734,0.5858629859639066,0.5598705747623701,0.11619003897364472,0.09094748036306263,0.00050704269164457,0.00076470654205669,0.7,1.0,0.1,38,0.1939932574825536,0.1820611592568794
17,22,0.20711650638204723,0.596246940974014,0.5920776989833996,0.5793119208318668,0.07170547062001456,0.10045926025870996,0.00051379965064787,0.0009561956569635801,0.7,1.0,0.1,41,0.1911648873370711,0.184054180597998
17,23,0.20007977577174943,0.5883416758844777,0.5841002099327851,0.5601766228073896,0.07554279601153684,0.09235677081435643,0.00045658180403924,0.00079604154630061,0.7,1.0,0.1,42,0.1908463843321758,0.1811547924993809
17,24,0.21016843779121694,0.5996720062586159,0.602080970114484,0.6155621635863092,0.07910170314441958,0.11000416898193048,0.00052423210966747,0.0010382707806084299,0.7,1.0,0.1,55,0.1864875519100431,0.1808163824335489
17,25,0.20516459007725646,0.5937691793647057,0.5993822543478967,0.6195215548258858,0.0826838026516337,0.1079868065151228,0.00026459253184303,0.0005092390432865,0.7,1.0,0.1,59,0.1540823536648866,0.1728147729215148
17,26,0.20320998843128452,0.5890983904256769,0.5912172522758752,0.6310432703653922,0.08322337068983512,0.10764190108981997,0.00032580131623643,0.00057887936092157,0.7,1.0,0.1,61,0.1391607613749634,0.1466069218703901
17,27,0.2018070754674058,0.5866087032663594,0.5886430500884926,0.6282817651438577,0.08801290927799357,0.1077020571087474,0.00032102953339615,0.00057472135201753,0.7,1.0,0.1,62,0.136772333034566,0.1420503623486004
17,28,0.19729968429940664,0.5815351652535209,0.5884517914528847,0.6123415722819646,0.1043235330764158,0.10622509587072315,0.00027732237959553,0.00054242177520817,0.7,1.0,0.1,63,0.1563788933218734,0.1667484420384346
17,29,0.1950993656463131,0.5755541792815074,0.5821928334209693,0.6158582044977653,0.11734298252648236,0.1087791369833592,0.00035186253901045,0.0052369778469850995,0.7,1.0,0.1,64,0.1627837136779741,0.1651123698349586
17,30,0.184497521471198,0.5652768846853216,0.5735836204572877,0.6142043223440176,0.06884768864506657,0.09471407615551433,0.00039026052666932997,0.00168200543658921,0.7,1.0,0.1,66,0.148316988212428,0.1705268534183623
17,31,0.19194700796703193,0.5689211467913312,0.5769593765939289,0.6297313836147777,0.11746989071057386,0.11075690363868831,0.00040264911093956004,0.00599820620764207,0.7,1.0,0.1,67,0.1558522024428161,0.1624435425458932
17,32,0.18344590854455473,0.5551039504799703,0.5627815232689315,0.5973175261734361,0.12781450829617963,0.10700953247291414,0.00043818345251928997,0.0015614865409057,0.7,1.0,0.1,68,0.1486243608264046,0.1593949628801783
17,33,0.16347577324153534,0.5343472419428313,0.5436218353146661,0.6521295512950329,0.058283878211329694,0.08069185344488625,0.00037466425252712,0.00125969201764483,0.7,1.0,0.1,79,0.1285119481157245,0.1241303934851152
17,34,0.15782280342076632,0.5264601333738467,0.5421906443372536,0.6450809793629079,0.07180424891502121,0.07940955031903732,0.00032442466820463,0.00118385158824476,0.7,1.0,0.1,82,0.136074527219302,0.1535370520177367
17,35,0.15700257631371348,0.5214896624551434,0.5319971497750767,0.644663830170614,0.07846574738493772,0.08026123903324613,0.00038010966620045,0.00693776172178887,0.7,1.0,0.1,83,0.1474970151293437,0.125401852372749
17,36,0.15465535889176912,0.5143783241048956,0.5279062198707404,0.6565906389703963,0.08600669936015003,0.08489567218884278,0.00027066411501762996,0.00120089542333118,0.7,1.0,0.1,85,0.1256743366336467,0.1205659773233688
17,37,0.13886929044998003,0.4840730352647743,0.4951029706101966,0.6057575969661709,0.09299612383608241,0.07690561330435422,0.00027549125218281,0.0010659900811501,0.7,1.0,0.1,88,0.1086914665229252,0.1137183382242268
17,38,0.13796116300620334,0.48170750118639244,0.4926558292615388,0.608451596884189,0.0661212005129214,0.07701441003565937,0.00027439707874472,0.00106237856705965,0.7,1.0,0.1,89,0.1094036576706511,0.1137083668497717
17,39,0.14067585260661672,0.4838814128822911,0.4964558877750527,0.6257184239915148,0.06286614145019236,0.08202940033888163,0.00028973855108096997,0.00123808379026465,0.7,1.0,0.1,91,0.1062513033199874,0.1123262343187869
17,40,0.13616567274071625,0.47841969345414176,0.4909414269398547,0.6093420978561714,0.05649826820531292,0.07654779237141875,0.00026234236711578,0.00103350359662541,0.7,1.0,0.1,94,0.1066965737234382,0.1120935609543733
17,41,0.13845125815337764,0.4820107890790885,0.4995742249810016,0.6538739702568089,0.05748936879600308,0.08052062105842461,0.00027842513711711996,0.00121951368583258,0.7,1.0,0.1,103,0.1061433920294676,0.1150048122403283
17,42,0.13535784608571388,0.4776589302605706,0.49515323335966477,0.6658837504856908,0.0645091363908928,0.0772755216466963,0.00027940341052688,0.00108810981033129,0.7,1.0,0.1,104,0.1046482567323222,0.1106190118322661
17,43,0.13750666478096413,0.4799876611006458,0.499148576894075,0.6812105417477602,0.0611840539880081,0.08080641701099141,0.00028164162418762,0.00122232761533803,0.7,1.0,0.1,105,0.1007935745879491,0.1033895312047609
17,44,0.13628331538463379,0.47687996389373016,0.49593824858553553,0.6778487466448224,0.06436734629235683,0.0807111373284445,0.00030815343833809,0.00123972051452411,0.7,1.0,0.1,107,0.1005048613821712,0.1023605875468685
17,45,0.13629302301883806,0.4771985002424643,0.497930741070085,0.6969677641812614,0.05797049999644893,0.08105005536990431,0.00032254612558687,0.00129762320095788,0.7,1.0,0.1,111,0.0996963936765015,0.1031546432990799
17,46,0.13545591914929966,0.47700941887901144,0.50109119409777,0.7292345125253811,0.057335280868574125,0.08059315167786296,0.00029000298194915,0.00123729841767801,0.7,1.0,0.1,123,0.0989834547455226,0.1029333253045147
17,47,0.13650584582751163,0.4776484468562946,0.501708253628685,0.7126198683429817,0.05875017258448683,0.08244721258395453,0.00028381581707065997,0.00127590228677405,0.7,1.0,0.1,128,0.1052176713384826,0.1094947779474654
17,48,0.1360550967873534,0.47661619392081805,0.5006446689310692,0.7114875733314434,0.06257565397003681,0.08231541459840841,0.0002802939230821,0.0012836152938557502,0.7,1.0,0.1,129,0.1042297046694821,0.1093593740755569
17,49,0.1359272029066432,0.4778675732835566,0.5052853186629521,0.7425063292967048,0.05798894889015312,0.08216284338981064,0.00028014640950558,0.0012820287229679,0.7,1.0,0.1,133,0.1040122949601424,0.1090729363722803
17,50,0.13582323872156438,0.4775125298283579,0.5049167862552449,0.7392825367848511,0.05829715223473156,0.08220785270161056,0.00029518849343562,0.00130353717655206,0.7,1.0,0.1,139,0.1049626447935653,0.1093611363461761
18,0,0.9583687027781425,0.9893821665119957,0.9890270899125958,0.9217009419827998,0.0,0.0,0.0,0.0,0.7,1.0,0.1,1,1.0806573016617746,0.9570983242265644
18,1,0.823322149237188,0.9853501241125984,0.9832178278115995,0.9163095093129603,0.17799726898103282,0.07014092084036036,1.649531101047e-05,1.8883530379879998e-05,0.7,1.0,0.1,3,0.8679778146295718,0.8422830399358577
18,2,0.4736554782146198,0.8363998455068486,0.8293589395567069,0.7535838846841059,0.7589157573289893,0.06666170982967022,0.00027030267383746997,0.00028851988655115,0.7,1.0,0.1,4,0.4754264187741286,0.4259982046873539
18,3,0.4707645995341248,0.8353995184644112,0.8300015041215265,0.7560709488176812,0.050665604212774065,0.06647789386059147,0.00026698658041614,0.00028569701529951,0.7,1.0,0.1,6,0.4767751410487487,0.4247037819498995
18,4,0.3701772108115638,0.7697391398319234,0.7621471077090815,0.6916264434838021,0.20586297287791971,0.06661924484571632,0.00013054293649303,0.00018164106563604,0.7,1.0,0.1,8,0.3431638209340734,0.3625525931425231
18,5,0.3629214817452542,0.7651879461328424,0.7590876375253173,0.6902248593679727,0.06241103955328489,0.06779523255462253,0.00014526854891637,0.00020213069153672,0.7,1.0,0.1,10,0.3328843664106645,0.3556144223741254
18,6,0.35822711007755287,0.7617710050795619,0.7555288079148355,0.6863534365075188,0.06903309627707421,0.06894900988291272,0.00016165525206639,0.00022493160518547,0.7,1.0,0.1,11,0.3254307851308264,0.3512132645981746
18,7,0.3569657856130945,0.761591258855768,0.7570009551797346,0.6900486444882851,0.055201669620059346,0.06953277169127121,0.00017077953935453,0.00023762739180336,0.7,1.0,0.1,12,0.3228728153869322,0.350088928210192
18,8,0.3569476245629405,0.7617419283055477,0.7571317667750789,0.6901360516161166,0.052496373090743856,0.07056715740652668,0.00018851004834004,0.00026229811419491,0.7,1.0,0.1,13,0.3207617267224019,0.3502860071524635
18,9,0.34607806726290985,0.7532694430676381,0.7501411819951098,0.6910137442747375,0.0571519709420963,0.0666658030344923,0.0001376441234727,0.00017781422511771,0.7,1.0,0.1,16,0.3560325588399742,0.3102603694460423
18,10,0.3000717695360594,0.7145174383568379,0.7115481746615849,0.6573020638969607,0.1647681101729613,0.07561525575412206,0.00033012607654306,0.00053112176991123,0.7,1.0,0.1,18,0.2509922453248052,0.264408389189981
18,11,0.2371086665522901,0.6455698839293479,0.6403022864415231,0.582273954455848,0.21972036350399732,0.07515998532461468,0.00041715783831775,0.00071600803586594,0.7,1.0,0.1,20,0.2102433234328861,0.1804809327130495
18,12,0.23282090359068033,0.6409199753320692,0.6371796495577725,0.5819280010539976,0.0649784663186591,0.07477458523287735,0.00037052190250263,0.00063559983401981,0.7,1.0,0.1,22,0.2042272781419129,0.1773830291585996
18,13,0.2321911519829423,0.640871109716126,0.6388073221063097,0.577680617404412,0.05397085476852126,0.07451283153151725,0.00036795887209172,0.00063147495960128,0.7,1.0,0.1,24,0.2022223994203479,0.1779971442889653
18,14,0.2317438266304615,0.6404114558701853,0.6383458142658139,0.5793336192716622,0.05245484732946315,0.07393619884210995,0.00036750158966171,0.00063076523329878,0.7,1.0,0.1,25,0.2020994866996218,0.1783681694227474
18,15,0.22593704221441174,0.6343567152053515,0.6354423216497695,0.592035229464623,0.060601352251929655,0.07351747093019009,0.00036595909793342,0.00062062820823012,0.7,1.0,0.1,29,0.2036572859101242,0.1602212385142513
18,16,0.20816255378459908,0.6096270282608607,0.6080680320121995,0.5885225897371391,0.10651231106691642,0.07972674620806965,0.00037304197479327004,0.0006767482732922901,0.7,1.0,0.1,32,0.2098238455395445,0.1614384572718361
18,17,0.19187439667969336,0.5818299679513245,0.5809686143150804,0.554034471087851,0.19243582403079165,0.08162146684521315,0.00038199436345037004,0.00071844261441463,0.7,1.0,0.1,33,0.1823021625411363,0.1330323113150083
18,18,0.18163404434446057,0.5652006066667036,0.5654876688529914,0.5530196356077864,0.09525690645609979,0.08026880383314486,0.00036258295152572,0.00064973922252813,0.7,1.0,0.1,35,0.1719865029120832,0.1246804455600799
18,19,0.18087242365041256,0.5635772979837658,0.5638095768591322,0.5582263056960574,0.05998033000285857,0.08027097905420422,0.00037271626519553,0.00068075316631151,0.7,1.0,0.1,37,0.1638092313205925,0.1349383230449011
18,20,0.1594712251451526,0.5221456295634781,0.519340184960307,0.49760969735567984,0.25074040160578065,0.07961268526233489,0.00027333403120254003,0.00041895085504475995,0.7,1.0,0.1,38,0.1302165444072128,0.1016492105364315
18,21,0.153588418209048,0.5090303026171306,0.5074244407857815,0.49569951990882954,0.09300495151970199,0.0810570581990144,0.00027226684662936,0.00042454549307958,0.7,1.0,0.1,40,0.1310352589625097,0.1006373019094606
18,22,0.1259028661938634,0.449269365177071,0.4458216803081024,0.43417111352548493,0.14428422112105127,0.07436640395350438,0.00027582481239433,0.00042409470478726996,0.7,1.0,0.1,43,0.1141109613240689,0.0876355274879575
18,23,0.12053007763797272,0.4340224199173886,0.4317451291703084,0.4208199436882093,0.08753544970534086,0.07401142070251573,0.00027611847207783,0.00042308201296206005,0.7,1.0,0.1,45,0.1067941289768061,0.0824719127116217
18,24,0.11526451747489572,0.41939089285801245,0.41831619095853706,0.4135372264988164,0.0856700263463735,0.07316001563615927,0.0002766583249434,0.00042077791793206,0.7,1.0,0.1,47,0.0946276458535645,0.0790481018436299
18,25,0.11219168504617918,0.41042868186181275,0.40740448031934773,0.41083008455469644,0.08767004021077304,0.0722137272264646,0.00027825764098574,0.00041814067547960005,0.7,1.0,0.1,48,0.0992943674747281,0.0801694921007513
18,26,0.10650327555547627,0.3924722765479193,0.39218424102401217,0.40319288985995105,0.07484383439762303,0.07252078045986579,0.0002794411505633,0.00042430214015107997,0.7,1.0,0.1,52,0.0940118646445108,0.082864659838556
18,27,0.10680452550464879,0.39237610790640554,0.3920694601463027,0.40558327734684024,0.054213029022585124,0.07317905292707928,0.00027887096088064,0.00042657882871806996,0.7,1.0,0.1,53,0.0954056364417976,0.0855533130776481
18,28,0.10383642430211677,0.3821230306480535,0.37981357857611026,0.4001477780475072,0.0957433986455746,0.07266732398926995,0.0002798121277904,0.00042006371217747995,0.7,1.0,0.1,54,0.0957913058902281,0.0795439017880198
18,29,0.10359228712174814,0.38212451357076677,0.38148924367335557,0.40645026805757356,0.052672654260372764,0.07257004752969937,0.00028153202005254,0.00042347820502837,0.7,1.0,0.1,56,0.0959818386175877,0.0795776360832592
18,30,0.09951311026969095,0.3693535397697855,0.3716459485501011,0.41033200113497,0.06199985158509235,0.07210954395759238,0.00027891450880999,0.00042152702925376997,0.7,1.0,0.1,62,0.0904393764127069,0.0735181452465912
18,31,0.09913009291925279,0.36841220869001934,0.3723428064064149,0.41575808715342866,0.05502544778520358,0.0722000739198748,0.00028260743971561997,0.0004271066118983,0.7,1.0,0.1,64,0.0898712335733757,0.07329413852326
18,32,0.09641062872546804,0.3571634867148167,0.36570304290928896,0.44474686987421125,0.06168025321950683,0.07348224680873705,0.0002980689105696,0.00047050909146149,0.7,1.0,0.1,71,0.0793402208389049,0.0652130414581759
18,33,0.09326728105544385,0.3437987908358269,0.35355270029813635,0.43672932511924284,0.08699757422576376,0.0738895515529848,0.00032776321966261,0.00051592977506724,0.7,1.0,0.1,73,0.0752986721528898,0.0631457478899637
18,34,0.09184446508357653,0.33899135518322343,0.35026281643844104,0.43892078757835906,0.05707460789251243,0.07362696739923993,0.00032110617099680996,0.00051310759083944,0.7,1.0,0.1,78,0.0743756442486235,0.0630714211666964
18,35,0.09100167438166391,0.3369825363770087,0.3498684469796879,0.45198456661627784,0.057503116372408514,0.07321633711037255,0.00031894640895762,0.00051021829577486,0.7,1.0,0.1,80,0.0738319515767351,0.0618325416631211
18,36,0.091020916606612,0.337839017033422,0.3540911318299134,0.4491028735261902,0.05361472045014824,0.0734770134616338,0.00032370976927442003,0.0005169149763115699,0.7,1.0,0.1,82,0.0736877346107358,0.0618901353991882
18,37,0.09103095612704099,0.3378471665839776,0.35409919879672414,0.46978466395091006,0.05182588418977348,0.07349243489704378,0.00032352936235544,0.0005166311803642099,0.7,1.0,0.1,84,0.0737096950278461,0.0619317131378871
18,38,0.09075470311755406,0.33821329581288034,0.35615810689969657,0.47000955626915064,0.0517634607108711,0.07312814651670926,0.00032144588918337,0.0005126325808967,0.7,1.0,0.1,86,0.0735939379652958,0.0622988450389076
18,39,0.0887346345738825,0.33825910625694255,0.3612881860325201,0.5429639542300944,0.04958722456410346,0.07018555977319012,0.00037011996356777,0.00060050969288751,0.7,1.0,0.1,100,0.0710022428198634,0.0553829674205562
18,40,0.08725146939293661,0.3299462664677369,0.3560124704866366,0.5349875946889551,0.05897327463353763,0.07147623930582837,0.00033381960842673,0.00052731322966725,0.7,1.0,0.1,106,0.0668001373096222,0.0542761437387207
18,41,0.08567551898458649,0.32198619308199433,0.3477810104753251,0.5434725228739992,0.06041462637738294,0.07167823023948365,0.00034758295373527,0.0005350201989247399,0.7,1.0,0.1,110,0.0661035616438792,0.0519318548368353
18,42,0.08531111999323854,0.32185066369773846,0.3509865130749679,0.5472745533043415,0.05415219293716791,0.07160596676657505,0.00034711210305508,0.00053427186792277,0.7,1.0,0.1,112,0.0652219242184934,0.0513125067642067
18,43,0.08250382266312321,0.30607861149416743,0.33300485562622617,0.5506703397144087,0.08811056026048504,0.07200062743683287,0.00037484648193493003,0.0005703465730425401,0.7,1.0,0.1,114,0.0650104057900117,0.0490736715582484
18,44,0.08247069136145103,0.30522452909386877,0.3304504591299151,0.579359657243797,0.05117205776209442,0.07199292808888236,0.00037501672314852,0.00057080716050612,0.7,1.0,0.1,116,0.0649932474690144,0.0490516357372433
18,45,0.08217880202901819,0.3080929095876556,0.3417810998883916,0.5877173354198538,0.05085104454836621,0.071710850835977,0.00037177637778460003,0.00056859972171078,0.7,1.0,0.1,126,0.0641743651340801,0.048517398739554
18,46,0.0821247391119801,0.30940268073757743,0.34647992568430586,0.6051792904900002,0.05068330845853627,0.07164970327401408,0.00037215476370889,0.00057244532054883,0.7,1.0,0.1,129,0.0641355202809227,0.0485862421942271
18,47,0.08230396935073155,0.3071427228893002,0.3424524257820138,0.6091693268074495,0.056404759516890404,0.07244524571972637,0.00040948155781873,0.00062585216277572,0.7,1.0,0.1,131,0.0636685563364925,0.0495505947121698
18,48,0.08272886578891829,0.31075812656682367,0.36619561856373584,0.8356381957411744,0.05351228199178429,0.07486590224724188,0.00039832693536617997,0.00060099159807948,0.7,1.0,0.1,180,0.0639760808050277,0.0608765157918549
18,49,0.08272370461807974,0.31073028775772316,0.3661668455036837,0.8387424541913314,0.052932239676618684,0.07486609678326513,0.00039829191952269003,0.00060126961509157,0.7,1.0,0.1,182,0.0640014076104089,0.0609106995784133
18,50,0.082067522009948,0.3065331225338814,0.3601573962237794,0.8187343973069481,0.06133149702304411,0.07486742236614727,0.00039799930618173,0.00060165834631274,0.7,1.0,0.1,184,0.0634443834116173,0.0607965510789612
18,51,0.08204094637928422,0.3070924362248716,0.3624072864239151,0.8441197571187111,0.0532265064666952,0.0748666249791242,0.00039959047853316,0.0006027710940751201,0.7,1.0,0.1,186,0.0631271243234214,0.0607647499140258
18,52,0.08192827791129352,0.3071982792650704,0.3641886237408135,0.8497248694787286,0.054320618777455955,0.07486696979747136,0.0003986553613361,0.0006020429045774501,0.7,1.0,0.1,188,0.0632856897697268,0.0606859680069625
19,0,0.9952227613157978,0.9988038333484026,0.998763850771519,0.9332171816351987,0.0,0.0,0.0,0.0,0.7,1.0,0.1,1,0.9291483343130342,0.9701968470565784
19,1,0.8546880731108005,0.9966616021779929,0.9948379341040814,0.9286107739626978,0.1805449269691714,0.07311373201986764,1.729993568248e-05,1.97104933498e-05,0.7,1.0,0.1,3,0.7495919763199896,0.8433720393221243
19,2,0.4719205292288488,0.8353848438784608,0.8283111874405698,0.7524601037802723,0.8083611095030632,0.06661410763322737,0.00027076718664319,0.00026075299996245,0.7,1.0,0.1,4,0.4824673062839461,0.4259108609836693
19,3,0.46707431739424604,0.8340970411807375,0.8285881866123842,0.7535635813508058,0.05832091016301277,0.0692559340369103,0.0003295485112516,0.00032856713253287003,0.7,1.0,0.1,6,0.4900643166613936,0.43160493490329
19,4,0.4862736421180685,0.8550677718825326,0.8495242718085624,0.7798732826045549,0.07350231208139446,0.10058328153202264,0.00039541207127430003,0.00045091615964108,0.7,1.0,0.1,9,0.4602960108067581,0.4351892040341946
19,5,0.43746194325633997,0.8154695289652103,0.809405308020164,0.7422520310227891,0.11941013079310962,0.0664205942895447,0.00029701049875277,0.000312062576917,0.7,1.0,0.1,10,0.4290890623175912,0.3644208960951924
19,6,0.417448152596367,0.804875320087438,0.7982522635101281,0.7304937774048844,0.13439878925487547,0.07531852991639014,0.0001966000120561,0.00021202082728483002,0.7,1.0,0.1,11,0.4242467685410217,0.4025333339218994
19,7,0.39826493272740077,0.7963507012815411,0.7875113930044134,0.7213460103026331,0.1507036447720767,0.08598371793888489,0.00042777937714950996,0.0007869648519974201,0.7,1.0,0.1,12,0.3838598849712588,0.3409922339672245
19,8,0.38753020158048157,0.7870997262858441,0.7779669545717809,0.7126561879806982,0.09630782248852153,0.08542669105629731,0.00035735840446017,0.00064377749576454,0.7,1.0,0.1,13,0.3653327666520877,0.3302028817103544
19,9,0.40224867802947484,0.8017585652014211,0.7941710205412591,0.7408465861488035,0.08089729860044712,0.11213790540628385,0.00013850136704892,0.00032314730897906003,0.7,1.0,0.1,19,0.3096935943024055,0.3178691220489518
19,10,0.3448289049602531,0.7510001200659716,0.7426283494168169,0.6927466819280136,0.08927739764686594,0.07315209269565694,0.00014156035452813,0.00014517880500858,0.7,1.0,0.1,22,0.3298204392489877,0.2935430704394416
19,11,0.3340318290689099,0.7432112659723543,0.7361467121327568,0.6922801637184741,0.08264447984337639,0.07762431765872879,0.00012986242244959,0.00014450247192129,0.7,1.0,0.1,24,0.2913567354320854,0.2987787105469513
19,12,0.3305579542176197,0.7408408398734465,0.7336848552104324,0.6973025076448992,0.06017647772575815,0.07806686850221285,0.00017931329821256002,0.00018642607501286,0.7,1.0,0.1,27,0.3039440002955175,0.3459894225074415
19,13,0.3229493912871832,0.737160627374576,0.7343307298746503,0.6969013871243985,0.10764796688365852,0.10163782036599292,0.00056412194032578,0.0007963579809804999,0.7,1.0,0.1,30,0.3247639928124476,0.2643353007234775
19,14,0.28407528654270814,0.6980218669725055,0.6930202044753021,0.6569477380171462,0.08215936106261221,0.06764074469218853,0.00020094656076851,0.000503779820613,0.7,1.0,0.1,32,0.2811232106683528,0.2765086548374887
19,15,0.27575242988741927,0.6895889474350811,0.6843271319425076,0.6476792024253466,0.06579829092068687,0.06672756476477,0.00019092588158009998,0.00046359755801055,0.7,1.0,0.1,34,0.2675502736310373,0.2680490729947659
19,16,0.26898154945759,0.6806356602755884,0.6744506451773149,0.6419625040146054,0.1995435505270582,0.0934813124835492,0.0001321523870292,0.00033371439140322,0.7,1.0,0.1,35,0.2339757182510762,0.2373516376945374
19,17,0.2467816574923391,0.6582440112237513,0.6514979032838364,0.6261095618991911,0.09196964909851306,0.08526270940832495,0.00025198720327772,0.00054773981481494,0.7,1.0,0.1,38,0.2084193597192627,0.2209248192656507
19,18,0.2393713716210947,0.6471894541532986,0.6433756383365319,0.6183557471337537,0.11448303309120456,0.08704442058036561,0.00025394029678626,0.00059062780431734,0.7,1.0,0.1,39,0.2294090269930335,0.2085491371353521
19,19,0.21475090261285448,0.614618487680592,0.6082175711813557,0.5837203966861734,0.1844369032742277,0.07965186037799835,0.00023472731833704,0.00051076683341211,0.7,1.0,0.1,40,0.1881369242187308,0.1864604752369623
19,20,0.22260002771943,0.6192952222114996,0.612557139286645,0.5873197572059372,0.11992299756835298,0.10064360700588362,0.00026977891330942996,0.00081618939188677,0.7,1.0,0.1,41,0.1791035280475482,0.1846867617286966
19,21,0.21788039062126144,0.6127171244918922,0.6074309987243873,0.5856461061430969,0.10550949006941156,0.10064360623593598,0.00026977890859565003,0.00081618936661237,0.7,1.0,0.1,42,0.1723657768788722,0.1799221584354157
19,22,0.21730798792413963,0.6118336065744411,0.6065179349144513,0.5846658413734427,0.07294028265529234,0.10064360700588362,0.00026977891330942996,0.00081618939188677,0.7,1.0,0.1,44,0.1710072301262726,0.1793423901656258
19,23,0.21465763815164618,0.6076366399620605,0.6038069829997957,0.5855660524244993,0.10257708135972984,0.10249075694888354,0.00032385745478815,0.00097979866491031,0.7,1.0,0.1,45,0.179020151256207,0.1763730123129662
19,24,0.18728583590945067,0.5753071028595912,0.5693063440238095,0.5546903713555241,0.1337135118175635,0.07778870399718883,0.00025812160048433,0.00052965573974441,0.7,1.0,0.1,46,0.1751311185143391,0.1580446363458039
19,25,0.1873740217569003,0.5688445141767642,0.5624004027634476,0.5467664753746697,0.11767611998281914,0.08743833006099633,0.00029138234572816,0.00061343560805919,0.7,1.0,0.1,47,0.1562423482294782,0.1535047599224155
19,26,0.17088549781939366,0.5446858877943173,0.5393331481291526,0.5266009491140078,0.14063467368801802,0.07778870399718883,0.00025812160048433,0.00052965573974441,0.7,1.0,0.1,48,0.1592063135520372,0.1418306654921112
19,27,0.16775533031040685,0.5386938205822432,0.5331409701544555,0.5263177484661735,0.06925182642236725,0.07778884999940432,0.00025223460543559,0.00051462521282154,0.7,1.0,0.1,50,0.1504804225474174,0.1350727757898955
19,28,0.17280065504807188,0.5437161129710977,0.5381594145302612,0.5360677737664588,0.06075434785333331,0.08511424276193875,0.00026156097322796,0.0005137106217721099,0.7,1.0,0.1,51,0.1457213775421983,0.1388311017477673
19,29,0.1641072318780587,0.5287529435430318,0.521125102460644,0.5139575344887471,0.11134221233310652,0.08077329690082163,0.00027284699637419,0.00054171358413121,0.7,1.0,0.1,52,0.1369350105392537,0.1318007873736442
19,30,0.1651383892394002,0.5265608583675024,0.5220251355875121,0.541646661551547,0.0729639163930877,0.08840549242543791,0.00027396324178920997,0.00046701272916116997,0.7,1.0,0.1,56,0.1348237155244016,0.135267241737209
19,31,0.1534613788181339,0.5054852404476391,0.5003666913130028,0.5090705461204611,0.08673881530184734,0.08331771552866175,0.00020105398157887997,0.00035513619329626,0.7,1.0,0.1,59,0.1277241639302082,0.1179644868193601
19,32,0.15480833932450586,0.4998152850685784,0.49427610567021785,0.5212194390798406,0.12760598135968068,0.09318272222046639,0.00020244337343043,0.00037627023063203,0.7,1.0,0.1,60,0.1141967681783565,0.1233859718831068
19,33,0.1542802219944285,0.49783248758659737,0.4922132398680993,0.516587060655769,0.06948461741323693,0.09377502333640088,0.00019975924718148002,0.00037360187338012,0.7,1.0,0.1,63,0.1129849247967605,0.1203659933102419
19,34,0.151553306608104,0.4951463863037429,0.48952650371900436,0.5162895991818786,0.06390463896904536,0.0899563277528884,0.0002054135460189,0.00037710460360813,0.7,1.0,0.1,64,0.1103343661560982,0.1190049031700864
19,35,0.1510245714475375,0.4913962405020166,0.4872523224599864,0.518309562812212,0.09622495568311724,0.09297829137846177,0.00020062914095000998,0.00037214295199198,0.7,1.0,0.1,65,0.1095879995992016,0.1148893094114103
19,36,0.13882100467490865,0.4704414359024486,0.46746894663233707,0.5169320810581766,0.07833937821946069,0.08431656074918198,0.00026591075614909,0.00048153188904517997,0.7,1.0,0.1,69,0.09562922825562,0.1024124448013639
19,37,0.13465347304944578,0.4521577311332391,0.4484382277522859,0.4962532075432458,0.11756374508530813,0.09013309063652056,0.0002551742895849,0.0004366284812685,0.7,1.0,0.1,71,0.0859814358030397,0.0975634820296221
19,38,0.13281323767798678,0.4492555683735369,0.4454813446115093,0.4882030321654913,0.06325999059654762,0.08831732989200633,0.00026028192087763,0.00043830639822463004,0.7,1.0,0.1,78,0.0857949330942481,0.0982775429859121
19,39,0.13334417091917597,0.4474677234354748,0.44357465969630006,0.49100787439017335,0.08113109623542018,0.09083571955703015,0.00026246371579837,0.00044918824592948,0.7,1.0,0.1,79,0.0829822885002135,0.0972751248457685
19,40,0.13322855826451474,0.4467174085530378,0.4427919553913058,0.4901544391232458,0.06646146439171782,0.09114209904009464,0.00026572036707559,0.00045489415624799004,0.7,1.0,0.1,81,0.0821875776152917,0.0976146547657641
20,0,0.9613849507947345,0.9901665578827505,0.9898377047092624,0.923653972624797,0.0,0.0,0.0,0.0,0.7,1.0,0.1,1,1.0647740081949262,0.9662726693215172
20,1,0.8331507312942953,0.9918013670219088,0.9897221819198208,0.9229310789652146,0.18090815497763074,0.0770856258957423,1.732747947593e-05,2.039442069083e-05,0.7,1.0,0.1,3,0.8476268368652019,0.8432532141813049
20,2,0.4907047479895756,0.8459303281853495,0.8392101037801222,0.7641395204687372,0.7200218171192437,0.0665954708240006,0.00025809916043734003,0.00027267601789698,0.7,1.0,0.1,4,0.4049764472265275,0.4306588175272232
20,3,0.48980670134934384,0.8466741072996362,0.8416109683808884,0.7684146013902083,0.05087953509673598,0.06822637314327433,0.00029951698256905,0.00031643302504766,0.7,1.0,0.1,6,0.3935858875153123,0.4295214788728929
20,4,0.48972014148185944,0.8473285997849079,0.8439596284442991,0.7723428463957206,0.04818392471748795,0.0682068222923394,0.00030360829546027996,0.00031878279796992,0.7,1.0,0.1,8,0.3923618877715338,0.4280237650144178
20,5,0.4174663595365868,0.8020163878763535,0.7938299625169517,0.7259752424742589,0.15026738058858244,0.06666265434439124,0.00015261505479147,0.00019467568295964002,0.7,1.0,0.1,10,0.3706570524967694,0.4081205268911509
20,6,0.4138226525056634,0.8010981973909125,0.7944769579020851,0.7315751639513983,0.058565771941206046,0.06962456945501988,0.00033659116067882,0.0003577947526748,0.7,1.0,0.1,12,0.3199804468382434,0.3320157682639723
20,7,0.3520301610384913,0.7561399878207365,0.7480487343091468,0.687532941663996,0.15471833256097536,0.06819152452097196,0.00034198630982295,0.00036888887134952,0.7,1.0,0.1,14,0.2724011546379024,0.2726602135122927
20,8,0.35377265263208324,0.7629896702995848,0.7547984793395163,0.6997783238929582,0.0684151631810972,0.08225775797678311,0.00033799471239101,0.00033192986886338,0.7,1.0,0.1,17,0.2522477930717266,0.29073874632447
20,9,0.32636493400824357,0.7370465646689053,0.729676234560789,0.6754319368707791,0.16797111837001116,0.08080993126019477,0.00082485048285395,0.0006975312360753001,0.7,1.0,0.1,18,0.2021646431407725,0.2380105543654366
20,10,0.2869381172164926,0.6997398109165708,0.6912714892450252,0.6365592150673481,0.21307438240044918,0.0749065400013051,0.00050972083296359,0.00045915766296874004,0.7,1.0,0.1,19,0.1898224824177981,0.2035215517788773
20,11,0.2853745934685492,0.6981287586658955,0.6896493886516897,0.6368545801665069,0.053093508335771214,0.07314356592453715,0.00046627630464725,0.00042827916298948,0.7,1.0,0.1,20,0.19274244291435,0.2046747934630851
20,12,0.27556226123680577,0.6884224597227362,0.6812476432520517,0.6286104930915444,0.10852833023054695,0.0749065400013051,0.00050972083296359,0.00045915766296874004,0.7,1.0,0.1,21,0.1888424447943038,0.1813147500746473
20,13,0.26649165898385935,0.6790898260276744,0.6731759785983754,0.6227075183370484,0.08753765240057838,0.07918557954989577,0.00047127781970767005,0.00045612435303955,0.7,1.0,0.1,23,0.1783355901976421,0.1742956362724514
20,14,0.23079902220764373,0.6376317356328391,0.6321084804776615,0.5862372119165403,0.14744579011031644,0.07463132900503754,0.00051937935632168,0.00046885244230427,0.7,1.0,0.1,25,0.1457735919796223,0.1430555831380576
20,15,0.2312031257904539,0.6376870495904704,0.6321031871021793,0.5861068774700932,0.06390781152225572,0.07732756970591795,0.0005022344079758,0.0004446829972274,0.7,1.0,0.1,26,0.1479247594190161,0.1445456203081957
20,16,0.2121543943045928,0.609808795591135,0.6048006551415145,0.5597681630375698,0.22139204352811506,0.08441719199263549,0.00044267318025502,0.0004547144103201,0.7,1.0,0.1,27,0.1231642827338039,0.1331082418110914
20,17,0.19861187356530602,0.5952574818360106,0.5917576534705846,0.5498848035487423,0.059376869961999715,0.07067350334193467,0.00041170941891775,0.00039049802016159,0.7,1.0,0.1,30,0.1568895012545183,0.1436833631574445
20,18,0.19830072801395857,0.5917641175931829,0.5863471529835503,0.5404194834052704,0.06928417764944118,0.07612671203575742,0.00042960510616766,0.0004333948575565,0.7,1.0,0.1,32,0.1458124722542512,0.1549631207333119
20,19,0.19142435987655543,0.5840157333296361,0.5834083880615313,0.546190717036952,0.07255761421193882,0.0739553032636871,0.00037486043163912003,0.00034735687310012,0.7,1.0,0.1,34,0.1462055383867905,0.1361785571331068
20,20,0.17091656411710834,0.5486054269548731,0.5468218417820232,0.5119422219486994,0.10857927477220383,0.07351415549848136,0.00044230398104328,0.00042085019218322995,0.7,1.0,0.1,37,0.1203002308647083,0.1247284029588369
20,21,0.16925343750306357,0.5462058737765089,0.5460138100357059,0.5166753627155068,0.05697766149647825,0.07351485869315648,0.00044689326809508,0.00042419791366208,0.7,1.0,0.1,40,0.1204537759587156,0.1205098956689457
20,22,0.1659732894612605,0.5414818689629115,0.5411867222370677,0.513351542772846,0.055308492684396755,0.07131807619027951,0.00035298588533276,0.00033036987944977,0.7,1.0,0.1,43,0.1239336735347964,0.1093849287978482
20,23,0.16436810511603397,0.53318524649994,0.5324311545402258,0.5123661271062987,0.12225035800335952,0.07881725670479382,0.00051198867048861,0.00052462390441599,0.7,1.0,0.1,44,0.1239096803443896,0.1146855327943846
20,24,0.14998147400612066,0.5045287192212791,0.5061741140739896,0.488646703015348,0.12723827733498053,0.07851124875086894,0.00032890818677611003,0.00035116456006163997,0.7,1.0,0.1,46,0.1056623389526924,0.1038440043225488
20,25,0.14769281174138887,0.4962815730538846,0.4942658847351751,0.47200487374513594,0.09570525346756449,0.08027635863418273,0.00033296466358515,0.00035610469100322,0.7,1.0,0.1,47,0.1009926065226185,0.09457691856135
20,26,0.14648758869623205,0.4951847836019656,0.4948296092220492,0.47426529138327167,0.060891185810295026,0.07921457467258299,0.00032263640714227,0.00034156866710277,0.7,1.0,0.1,48,0.1020324968293247,0.0903162401274702
20,27,0.14701383158173034,0.4947534901540282,0.492688080862314,0.4703173637824278,0.05864959602011842,0.08021636232216432,0.00033398699260202,0.00035689376756614,0.7,1.0,0.1,49,0.0997867975658925,0.0929375079049364
20,28,0.14781777997820353,0.4953621319715488,0.4949396835643502,0.47660899421568864,0.06562255863909862,0.08235236940911436,0.00031496203388965,0.00034149367987661996,0.7,1.0,0.1,50,0.1066128965442181,0.0952120338720851
20,29,0.14477539575667164,0.4895388775847908,0.4873008393924759,0.4622058039131946,0.06517356952968925,0.08015959713618824,0.00032274788535879,0.00034423210994005,0.7,1.0,0.1,52,0.0992088649943369,0.0883255466520201
20,30,0.14569820067731998,0.4916559421331233,0.49445140438625507,0.49159272573487883,0.06191179082905835,0.08242388990414165,0.00032142263748976,0.00038005348499978,0.7,1.0,0.1,54,0.0981359331700565,0.0922471741067143
20,31,0.14566075588339653,0.491020625737683,0.49378185761162896,0.49084741774476004,0.06340642346458501,0.08296617997418634,0.00032887779488296,0.00038901807438882,0.7,1.0,0.1,55,0.0967096372577178,0.0922087105783175
20,32,0.13931007512597016,0.4860138950576543,0.49216227749352626,0.5050801899031248,0.05216652736080325,0.07366713944364871,0.00052909759699035,0.00046492692812463997,0.7,1.0,0.1,79,0.1023318071721181,0.1020709932040721
20,33,0.12218973077579431,0.44487872166196574,0.45801794244437427,0.5063868963198908,0.1238277103767103,0.07338018109229169,0.00052793184233254,0.00048004275474833005,0.7,1.0,0.1,82,0.0801927767597055,0.0758780115865283
20,34,0.12197896270924942,0.4463960216654462,0.46460181688000307,0.5604752180286112,0.05207888966146574,0.07337680092495925,0.00052848033796926,0.00047945832254373,0.7,1.0,0.1,103,0.0801364236518826,0.0757725639961779
20,35,0.12164414556579912,0.4474368078430743,0.4706911808090299,0.6788028865272789,0.052131663507513984,0.07346299810362611,0.00052814789269658,0.00047902983462456,0.7,1.0,0.1,145,0.0797420544144132,0.0753487528403308
20,36,0.12159988733101379,0.4501129952372869,0.4801441612273156,0.7418739943672784,0.05205108679276109,0.07347967565367221,0.00052817287018484,0.00047894965962742,0.7,1.0,0.1,165,0.0797452680765495,0.0753251306814365
20,37,0.12104283634627531,0.4487650828494895,0.477096387704737,0.7207882631573015,0.05156859575158888,0.0727564518453373,0.00052227783242021,0.00047490821993086,0.7,1.0,0.1,174,0.0804613268588308,0.0756463090332177
20,38,0.12139863369574597,0.45190641014457117,0.48701784311074503,0.8014330018586457,0.051898552127454534,0.07328660520405743,0.00052810805353248,0.00047923069583321,0.7,1.0,0.1,188,0.0797019050783221,0.0752747617811141
20,39,0.1211891970872855,0.4508593171567571,0.4842684969983912,0.7683840226332065,0.05187345639274015,0.07308509638313879,0.00052889093644446,0.00047856434197501,0.7,1.0,0.1,195,0.0804122279559074,0.0759042357085637
20,40,0.12109288541089704,0.4501746180777072,0.48521336574157947,0.802464367705246,0.05423488336669489,0.07391741004340094,0.00052839950951265,0.00047956270743772,0.7,1.0,0.1,200,0.0798286240269279,0.0742993418932383
21,0,0.9876674772154347,0.9969006449169419,0.9967970090862464,0.9311099666530754,0.0,0.0,0.0,0.0,0.7,1.0,0.1,1,0.9587867327825598,0.965293877658265
21,1,0.8522436598627084,0.9914011480591649,0.9896195158854277,0.9234847300028446,0.16636150929330626,0.06380313056192466,1.700286104705e-05,1.483214800142e-05,0.7,1.0,0.1,3,0.7332803034402512,0.84256132052939
21,2,0.49161458444019224,0.8464386768942517,0.8397348611818992,0.7647002308256139,0.760816886941249,0.06663482869115359,0.000254513355971,0.00021471691722705,0.7,1.0,0.1,4,0.4052666471075912,0.433792030092772
21,3,0.3683529150233768,0.7676682187140198,0.7583348474738834,0.68186032154454,0.23747609164096675,0.06662840626499401,0.00013702619715757,0.00011207040276131001,0.7,1.0,0.1,6,0.3170486276334393,0.3521299296324057
21,4,0.3599597955883275,0.762725141690735,0.7565700670244633,0.6830755726884541,0.054516156837171655,0.06663554692125614,0.00014076681738684,0.00011131008157203999,0.7,1.0,0.1,10,0.3151752200772708,0.3385340088229884
21,5,0.3443975176952646,0.7519995348496897,0.7470182279167404,0.6744831076834039,0.08882679473156524,0.07243611755285022,0.00024383619317866001,0.00019281125379388,0.7,1.0,0.1,12,0.3068732182135967,0.333478787907765
21,6,0.33801092750355727,0.7467086895874779,0.7416895987205111,0.688458757710658,0.05122594086053911,0.06666398648908058,0.00013387835494745,8.464222308097999e-05,0.7,1.0,0.1,14,0.2823757671116254,0.2855820594906347
21,7,0.3025140023719969,0.716768923929687,0.7124185159542592,0.6599199475426554,0.12214648551333622,0.06661035987975258,0.00022960812744953,0.00013865491674395,0.7,1.0,0.1,16,0.2817729102710147,0.2477366779550761
21,8,0.2717074708620388,0.6897995527619913,0.686112744489001,0.6345010637900642,0.13176262996041022,0.07092255363931788,0.00038768644641337,0.00021363053970292002,0.7,1.0,0.1,18,0.2619044001204907,0.2171510793490524
21,9,0.2349465122387298,0.6439108167873506,0.6403057444380182,0.5908947727944818,0.15936477023923784,0.07323410432515834,0.00043244947217117,0.00026114600657174003,0.7,1.0,0.1,20,0.2285282343484554,0.2055433479999175
21,10,0.2317356615184567,0.6406236463350381,0.6385891064823616,0.5939795178915014,0.06058351617758154,0.07282083804029324,0.00046783990886573,0.00025779826235913003,0.7,1.0,0.1,22,0.2295211601142167,0.1911522446151497
21,11,0.19354576433356122,0.585715255389417,0.5801801319842526,0.5332908810260497,0.313006052192092,0.07257267205259164,0.00041952705992378,0.00026047465880423,0.7,1.0,0.1,23,0.2073223708620263,0.1523322356113307
21,12,0.19080046420204938,0.5821110356256705,0.5781321318142728,0.5344366561838042,0.06117702268311664,0.07238256685669227,0.00041047757450715,0.00024881520912065,0.7,1.0,0.1,25,0.198017338176369,0.1486540933569819
21,13,0.18976863518747916,0.5797646398375423,0.5756703305316586,0.5339865404036328,0.06900037313502785,0.07385815804095278,0.00048018310434854,0.00026899455303948004,0.7,1.0,0.1,26,0.210028455880377,0.1464425536545525
21,14,0.1833348449293052,0.5617520525900368,0.5567345354700123,0.5167540072899601,0.19566890975404197,0.08774143417657708,0.00036008579998727,0.00025092461200323,0.7,1.0,0.1,27,0.1814376200562573,0.1495334043010033
21,15,0.18294318593475506,0.5605303349545111,0.5570949385336096,0.5205554716886434,0.07150611890369239,0.08969193572668893,0.00045215416515813,0.00031508215114831,0.7,1.0,0.1,29,0.1828057658251186,0.1557021124171221
21,16,0.1734022924520145,0.5480217458420312,0.5443729315139993,0.5120466597698131,0.0880527825352649,0.08097049905966267,0.00043561093912661,0.00027071102370744,0.7,1.0,0.1,30,0.1777523089891216,0.149275869662441
21,17,0.17310088048149436,0.5473543426376981,0.5436795325409796,0.5112967167216776,0.0610293209137626,0.08112729066170396,0.00043583868053741003,0.00027112417697862997,0.7,1.0,0.1,31,0.1776061719680128,0.1493982110201533
21,18,0.16634710515449966,0.5309963258961165,0.5283186218946916,0.503007491224152,0.16236077196036255,0.0866289591895541,0.00040544743472127,0.00028736299277447,0.7,1.0,0.1,32,0.1714365936070102,0.1323054937480491
21,19,0.1528617223497322,0.5133491707657123,0.5104026470259072,0.4860758530645725,0.07112498895624941,0.0728970103617164,0.00040886583592873,0.00029417198969741,0.7,1.0,0.1,34,0.1734122931821372,0.1252298773350572
21,20,0.14490909512792377,0.5001695427203047,0.4985513925147171,0.4749582460468681,0.07513238538112935,0.06865883914968136,0.00047372031042593,0.00026521643384275,0.7,1.0,0.1,36,0.1676478804237583,0.1237517420014776
21,21,0.14546648590186403,0.4958635054812955,0.4939536440618352,0.4795273334144485,0.09522346735361276,0.07508599848497773,0.00039649957947551003,0.00022481551960347001,0.7,1.0,0.1,37,0.1577893945987595,0.1074680785703949
21,22,0.1417369963581608,0.4905739898257054,0.49022693500434905,0.47718329937399306,0.07006234111762229,0.07215767101761963,0.00041875232899194,0.00023876569084317,0.7,1.0,0.1,38,0.1595045323284635,0.1142256963644798
21,23,0.13939578276877748,0.4809049076218919,0.4801365246661805,0.47610666257938195,0.11498188277120376,0.0762875588387258,0.00045700468682689994,0.00025726335792785996,0.7,1.0,0.1,39,0.1513577968373105,0.1011583707479282
21,24,0.13937879439092662,0.4822780147437028,0.48489943289866516,0.49467493600018286,0.05393022318261136,0.07628565002611246,0.00045724538299395,0.00025756154697202996,0.7,1.0,0.1,43,0.1512868080711061,0.1009861151846168
21,25,0.13325885403935667,0.47506765913139076,0.47762723871930046,0.48727272463830795,0.051538535942905445,0.06858774880765114,0.00048314108486502,0.00027293983643657,0.7,1.0,0.1,46,0.1569104105432968,0.1023108527054793
21,26,0.13260943471033448,0.4739656275473167,0.4781558354857567,0.49988963471242753,0.053356252637857954,0.06877656193947826,0.00048398640039196996,0.00027401226842556,0.7,1.0,0.1,48,0.1545433212564751,0.1002095348282291
21,27,0.1264738521391453,0.4568291819971051,0.4604183818847453,0.47824200255013005,0.0930408812008512,0.06996556239760363,0.00048700073810068,0.0002881477297713,0.7,1.0,0.1,50,0.1483839467080708,0.0934857049484426
21,28,0.1268865841416764,0.4538074275215842,0.45555591417979685,0.4812502793255527,0.05853979332360262,0.07298465695140628,0.00040658640635400005,0.00022226267751470998,0.7,1.0,0.1,53,0.1377519802069517,0.0942053938760827
21,29,0.11703867055803359,0.42401945218140913,0.4264072340246259,0.45189495052082856,0.20579443459315527,0.07441916289664306,0.0004903922990159,0.00027356065344714996,0.7,1.0,0.1,54,0.1228433958329152,0.0771913846532347
21,30,0.11676735747718052,0.42439443842522695,0.4284747953534344,0.46649453002397623,0.05258560321402128,0.07410154469129471,0.00047153175153729997,0.00026303947743568,0.7,1.0,0.1,56,0.1222940521394206,0.0772400648443217
21,31,0.11697362036114284,0.4252324598727184,0.4310046561804859,0.4738590504545321,0.052879574279933346,0.07441916289664308,0.0004903922990159,0.00027356065344714996,0.7,1.0,0.1,58,0.1226589069143615,0.0770521855196089
21,32,0.11506684541245704,0.41917858363404803,0.4247464907081169,0.48295627340964886,0.06254323979000784,0.07452390134669129,0.00047340406157531,0.00026631837184905,0.7,1.0,0.1,61,0.121662583986729,0.077632543271515
21,33,0.11488847371551668,0.42228338584823444,0.4363168101504443,0.5425512253030563,0.052742122556852046,0.07445298306883781,0.0004627635037793,0.00025116760630318,0.7,1.0,0.1,74,0.1223447364112011,0.0804098243617759
21,34,0.1133486871889797,0.41922176946599643,0.4331807721226031,0.5505302595133018,0.0539327805946598,0.07324597034184518,0.00047122359429016997,0.00025618740773723,0.7,1.0,0.1,79,0.1182366313095868,0.0964897903913052
21,35,0.11385194208713302,0.4174679302631544,0.43131730076875713,0.5457285891308424,0.06123021775109736,0.0754366347019813,0.00046303573265026,0.00025146578657924,0.7,1.0,0.1,81,0.1165335101116143,0.0826888217203048
21,36,0.10900426297689382,0.4058502884988716,0.4210361711879905,0.5483801074337268,0.06906574870918301,0.07316849126906325,0.00046281911412437,0.00026115439447274,0.7,1.0,0.1,84,0.1122028122597558,0.0854267293320047
21,37,0.10886371814174713,0.40700555272398115,0.4255769514777596,0.5589705914912623,0.051818235116589464,0.07303862932598434,0.0004627960749819,0.00026090688606277,0.7,1.0,0.1,88,0.1121105014947243,0.0852139045017675
21,38,0.10687141622845789,0.4042923054259925,0.42282944123180827,0.5698093102494942,0.0515830980948903,0.07062620051217343,0.00046304087992276,0.00025928312309258,0.7,1.0,0.1,91,0.1113886923837535,0.0840503298401921
21,39,0.10700008507204406,0.4050981807084764,0.42532948527082787,0.5864307366078534,0.050169558644419236,0.07082768262001961,0.00046301194241904996,0.00025951348229991003,0.7,1.0,0.1,93,0.1114492055927689,0.0841112975556747
21,40,0.10698187895366422,0.40507005593561424,0.4253008921716282,0.5864010436393794,0.05008822998033476,0.07080790059830319,0.00046284219914093994,0.00025903090943598,0.7,1.0,0.1,95,0.1114591630683987,0.0836539647621903
21,41,0.10706730998500862,0.40636533315642653,0.4299776190245767,0.6225724934119692,0.05040025589959894,0.07105163718140667,0.00046299801705335,0.00025983769440361996,0.7,1.0,0.1,103,0.111363084857582,0.0840450032247042
21,42,0.10817275252641395,0.4061317377016519,0.42801846668874777,0.6483737931920734,0.0520299997739715,0.07301104893321828,0.00046146612937985004,0.00025896531992,0.7,1.0,0.1,113,0.1115786932814981,0.0837726445316106
21,43,0.10822424642092567,0.40713046367290595,0.4323862281552139,0.6679052352441164,0.05344120595778911,0.073355699890759,0.00046660893021118,0.00025099636518672,0.7,1.0,0.1,115,0.1139495962609461,0.0810749223620372
21,44,0.1076645131167905,0.4070421418691512,0.43398232095516,0.658537514473602,0.05218764772104164,0.07269665105213367,0.00046599621208062004,0.00025202983912771,0.7,1.0,0.1,117,0.1141795103268327,0.0833642737067818
21,45,0.1069960472217091,0.4052338134001861,0.43045795376926205,0.6688946038477392,0.05385963727714352,0.07197256221602202,0.00048360067504011,0.00025404517180113,0.7,1.0,0.1,118,0.1150393269555212,0.0818100248347225
21,46,0.10781979851346207,0.40558347887581025,0.43078521849445545,0.6778561282994139,0.05353407245950077,0.07345789505028365,0.00046366994526767,0.00025157290052428,0.7,1.0,0.1,120,0.1142110872617097,0.081607632145654
21,47,0.10533551607273269,0.40368547905155566,0.4322393212724369,0.6743344787858867,0.05259229841861761,0.07037374076518768,0.0004778610002369,0.00025124067984711,0.7,1.0,0.1,122,0.1144758300550123,0.0824112741871323
22,0,0.9655637888507004,0.9912492577597463,0.9909566174675111,0.9237681889334552,0.0,0.0,0.0,0.0,0.7,1.0,0.1,1,1.0498862785433536,0.959278785430292
22,1,0.84856873832616,0.9941985523434679,0.9923198013538682,0.9259707484120638,0.16540272035069664,0.07194833142427735,1.694003598638e-05,1.860766754055e-05,0.7,1.0,0.1,3,0.7713193360179231,0.8422410964752841
22,2,0.4827098418670857,0.8415137680342288,0.8346441600378766,0.7592441171102884,0.7708098556555392,0.06664001923887951,0.00027737531059825,0.00028104086332759,0.7,1.0,0.1,4,0.4367564900265449,0.4277289084473494
22,3,0.48175864680321934,0.8418847150532853,0.8366843134975249,0.762340873891347,0.04931255258074519,0.0672750549448087,0.00028326568473976,0.00028851700897862,0.7,1.0,0.1,6,0.4332823106706077,0.4302262070140981
22,4,0.3654618089804948,0.766211808470612,0.7585004123420732,0.6834474260415503,0.22891859156555563,0.06665988955104038,0.00014766208868968001,0.00015433337661243,0.7,1.0,0.1,8,0.324477406418188,0.3450124498957171
22,5,0.36456052086095,0.7655306464442655,0.7577964689432142,0.6886793876469921,0.048479001665024585,0.06666432453053885,0.00014553629186980001,0.00015171441652392,0.7,1.0,0.1,10,0.3213720380618064,0.3440511414386824
22,6,0.3547385997071649,0.7591047652784996,0.7527645087740908,0.6805803840955904,0.09247096348986926,0.06925313533083687,0.00021519918655958002,0.00022275737534409,0.7,1.0,0.1,11,0.2883864321214976,0.3426409891523886
22,7,0.3302826911932408,0.7395954697169673,0.7343384367341318,0.6669396469117724,0.07644344877863146,0.06663866061736823,0.00014825212061251,0.00014789730131207,0.7,1.0,0.1,14,0.3321879297681679,0.3066731487917397
22,8,0.3052729119416619,0.7182776123890395,0.7139809424643391,0.6526216268588036,0.10004570614901513,0.06657183345786197,0.00015634873038226,0.00015529940773665,0.7,1.0,0.1,16,0.2834201625670361,0.2763209917954244
22,9,0.30369285010208086,0.7168195918280532,0.7124753100043553,0.6510112129701291,0.053645410227984504,0.06650466246364174,0.00016697913867725998,0.00017602644318931999,0.7,1.0,0.1,17,0.289999409692341,0.2743313059909621
22,10,0.2762544343835769,0.6906981946496533,0.6870274380245771,0.6261717913329784,0.1987390630869829,0.07169425011222279,0.00026108536263238,0.00026287136857694,0.7,1.0,0.1,18,0.2392391013789487,0.2513639151084507
22,11,0.2733395280757578,0.6876287689862024,0.683855195505813,0.6281655474732777,0.05790450428658735,0.07171324085947522,0.00025359401426335997,0.00026478973203812,0.7,1.0,0.1,20,0.208016761043329,0.2597849104427893
22,12,0.24387551409353578,0.6545872190074932,0.6497095643228356,0.5959381777137446,0.1307590563999765,0.07167384942275248,0.00025385758960432003,0.00031200214541773,0.7,1.0,0.1,22,0.1977669944692482,0.2228028875006512
22,13,0.23782644060885758,0.6484921137184083,0.6450829307987462,0.5984855591418516,0.0682899370853536,0.07170215281598169,0.00022816410949042,0.00025990306250432,0.7,1.0,0.1,24,0.186437756958174,0.2196187272338173
22,14,0.23610137743206588,0.6450941125138058,0.6399022937912566,0.5932730385961578,0.06022088132021791,0.07154045240589219,0.00025079863660356,0.00029415640601571,0.7,1.0,0.1,25,0.1976313201672854,0.2122598124132833
22,15,0.21770744665943262,0.6218000517603972,0.6175017738775745,0.5769999364395911,0.10855428968158447,0.07153700917789316,0.0002410014345878,0.00025652831078313003,0.7,1.0,0.1,27,0.1697577072906565,0.1782634029511807
22,16,0.21466787727625627,0.6203356576427592,0.622676111974296,0.6062822714906585,0.052604840782393955,0.07153700924813126,0.00024100143855148,0.00025652831723315,0.7,1.0,0.1,36,0.1642163079016911,0.186101210539425
22,17,0.2153013790269377,0.6240399588565191,0.6348057614999999,0.6147154507500088,0.053151274328076516,0.07399454062342684,0.00025955088169646,0.00025755272793886,0.7,1.0,0.1,43,0.1709533024920658,0.1514717132287569
22,18,0.2133954385494004,0.6229228844569302,0.6320305260636363,0.6198460978245486,0.053121028950807836,0.0718759804880035,0.00021382290429215,0.00026013806323366,0.7,1.0,0.1,44,0.1804269369614505,0.1498401078440626
22,19,0.2046487386471338,0.6085666602551056,0.6171857200142397,0.6129501753788497,0.0822460593560601,0.07169189773403373,0.00059228614243415,0.00031586790693742,0.7,1.0,0.1,46,0.174193739983447,0.1734501649150588
22,20,0.19586883621990622,0.5967272366620504,0.6066666210985918,0.5992113757115065,0.10408857178718899,0.07020287643337257,0.00031014335241295,0.00031165551017885,0.7,1.0,0.1,47,0.1502534768157878,0.1240900254822864
22,21,0.18489514205934082,0.5756336822897031,0.5813954514964279,0.5695759235948284,0.16958926571193367,0.07563917468160455,0.00034244680757144,0.00034125633033752,0.7,1.0,0.1,48,0.153198453360512,0.1196332502574434
22,22,0.16390238287668624,0.545190561893991,0.55353398595567,0.551763705514273,0.10318339702769733,0.0646088873310353,0.00041222622106636,0.00036569366663374,0.7,1.0,0.1,50,0.1373243666322424,0.1203535214334601
22,23,0.14519289759453433,0.5018741111337617,0.5102593998981353,0.5194290447557035,0.1711034777682017,0.07247113942037144,0.00033433778683664,0.00042458844940367,0.7,1.0,0.1,52,0.1088261082824535,0.0861238594940039
22,24,0.1451817597462732,0.5018485369044425,0.5102329696643138,0.5168517375845022,0.051228965537546516,0.07247113942037145,0.00033433778683664,0.00042458844940367,0.7,1.0,0.1,53,0.1088096895437742,0.0861077242191492
22,25,0.1367751054242212,0.4817359838962938,0.491096297801315,0.5032279522940356,0.10394607618413193,0.07346273841831606,0.00034336777234508,0.00042863849250223,0.7,1.0,0.1,55,0.1073801436351018,0.0820233559916662
22,26,0.12120462754471627,0.44601733448008324,0.4542891129622123,0.4780742793627683,0.10125552606965803,0.06883790694129721,0.00040871492117926,0.00049202797668279,0.7,1.0,0.1,58,0.094076966693767,0.0757510076887506
22,27,0.1198413014159271,0.444185250360565,0.45409155348325975,0.47871462871977033,0.052356648944869216,0.06784574057529134,0.00039299545049874,0.00045903686282663004,0.7,1.0,0.1,60,0.0941004008593376,0.0818405404250591
22,28,0.11361991341953286,0.42608037552174133,0.4337221488375045,0.4640207874861318,0.13006974092626677,0.06734318355309228,0.00036125085158426,0.00046803468605210996,0.7,1.0,0.1,61,0.0913652074011137,0.0721475322864309
22,29,0.1130394971027217,0.42421963611991526,0.4367784651047139,0.4873344314690416,0.05275411149632875,0.06889730228158021,0.00036672622685076,0.00045062754621667,0.7,1.0,0.1,67,0.0890984618348388,0.0731818386375633
22,30,0.11187136062023255,0.4213894219807137,0.4338663569793092,0.4916205530330601,0.05415470412781433,0.06834897777602467,0.00037371931754743,0.00040760150823594004,0.7,1.0,0.1,69,0.0894120026221162,0.075918650672911
22,31,0.1113694215543747,0.42211704071701267,0.43797601394711433,0.49904102294302066,0.04817455296881663,0.0677733716632096,0.00036391822168464,0.00039191203079509,0.7,1.0,0.1,73,0.0912789886398172,0.0807566852753074
22,32,0.1099106645168579,0.41565842562456756,0.43127251156318436,0.5134895182012204,0.05581471304245706,0.06900227488539183,0.00036299125069189,0.00044718778197819003,0.7,1.0,0.1,78,0.0873730551783206,0.0719935004026454
22,33,0.10895202641336472,0.41525766432496736,0.4342212588024994,0.5119446112823901,0.050154754569575744,0.06819844714219021,0.00035782115709917,0.0004272812894767,0.7,1.0,0.1,81,0.0843202402679251,0.0729238765709732
22,34,0.10649237139398787,0.4103073128890918,0.4291503157556119,0.5224758033830663,0.05263163579928186,0.06628201352135958,0.00035683119249564,0.00040890434841773,0.7,1.0,0.1,84,0.0842173796824053,0.0749250337435467
22,35,0.10766997278187751,0.4081394266930682,0.42017519425291777,0.4715380050439047,0.04911069275509374,0.06827972247460207,0.00036445401028107,0.00041964837237365004,0.7,1.0,0.1,88,0.0849997482938873,0.0728511629187731
22,36,0.11011096718307373,0.4147425791596776,0.4386096525264335,0.5639662819944133,0.05637924333313628,0.07221721402527714,0.00038394173005933997,0.00046792935465308995,0.7,1.0,0.1,89,0.0866027808920808,0.0689798830302407
22,37,0.10927393487942473,0.41447759192863953,0.4400337411068491,0.5742735464931313,0.050439052529002916,0.07111100399527845,0.00038085253585778,0.0004605382218474,0.7,1.0,0.1,93,0.0861109200834912,0.0688453948292285
22,38,0.10831134289509387,0.41261707749531507,0.4397918155534086,0.5840626738394894,0.052729772771307484,0.07072856212349886,0.00038287542446782,0.0004629437455197,0.7,1.0,0.1,97,0.0870706167998701,0.0689181300205038
22,39,0.10773846448745501,0.41136837470059806,0.4401725952038542,0.5957189147926077,0.05235535826727923,0.07074219541858831,0.00039399236523302,0.00046241142494671,0.7,1.0,0.1,101,0.0861481242212693,0.069596245424881
22,40,0.10749616875064412,0.4126721562299188,0.4465356867050031,0.6204327784406626,0.05045781903417974,0.07074339478733314,0.00039516002890485,0.00046295803047505,0.7,1.0,0.1,109,0.0877871570798744,0.0686887464364726
22,41,0.10737471366841833,0.41125381372780934,0.44671765735742136,0.632092157292508,0.05344565679458267,0.07177135735410596,0.00039459317841673,0.0005049695384775501,0.7,1.0,0.1,114,0.0854087763168303,0.0681606458299309
23,0,0.9661155922704917,0.9913918782932346,0.9911040119335116,0.9239260986359915,0.0,0.0,0.0,0.0,0.7,1.0,0.1,1,1.0473230421630455,0.9598162938814014
23,1,0.9512261054049808,1.0121694129520524,1.0114515757807012,0.9459036867459558,0.0648148388779003,0.04804506700229666,3.623769645914415e-06,4.223355781065226e-06,0.7,1.0,0.1,3,1.000494324172153,0.8742056420729176
23,2,0.6786518602199999,0.9326255828508351,0.928810289594289,0.860148470266976,0.4959706380252868,0.06664709906404721,5.9266726322929994e-05,0.00011326137394505999,0.7,1.0,0.1,4,0.5306616526460269,0.6490078038030361
23,3,0.6536131792262946,0.9209855811630367,0.9168740126990055,0.8488174582574138,0.08691274813241136,0.06271564564724416,3.429874252193e-05,8.637422411591e-05,0.7,1.0,0.1,5,0.5255639013152761,0.6280218202000182
23,4,0.36371930559163307,0.7641783970530522,0.7547280961927032,0.6771515786780874,0.8210987808286554,0.06663784796575578,0.00013421517882898,0.0001461508704634,0.7,1.0,0.1,6,0.3674826026611136,0.3626632003121082
23,5,0.3493665314196091,0.7543068250089194,0.7461078900403663,0.6690388140376514,0.0817098299856385,0.07041216280038723,0.00019057994701754,0.00020752813051771999,0.7,1.0,0.1,8,0.346606223393181,0.3513043491258661
23,6,0.34828573415628494,0.7540508615131386,0.7475315865714983,0.6801075817997243,0.049783650098012076,0.06970064631357306,0.00020136999566316998,0.00022237760420382,0.7,1.0,0.1,11,0.3451741595332407,0.3437071370056046
23,7,0.3486828000732209,0.7551721223732708,0.7503460012180732,0.6835521037771265,0.049844686993697374,0.07041216280038722,0.00019057994701754,0.00020752813051771999,0.7,1.0,0.1,12,0.3453921609985712,0.3430084756723996
23,8,0.2901864824370239,0.7040205716898935,0.6992464467267863,0.6325970320221723,0.09447074722141824,0.0666665616762242,0.00011632847610329,0.00010986314443514,0.7,1.0,0.1,17,0.290078287469084,0.2674089827295521
23,9,0.22896872418159067,0.6359538249021403,0.6304568418154292,0.5676859374091718,0.22571939981774417,0.07155157633174823,0.0002373616373077,0.00021435815261394998,0.7,1.0,0.1,19,0.2326534704042759,0.1997034571161271
23,10,0.2141920473937768,0.6164151709707627,0.6119028058362592,0.5451607544890922,0.10291269060015974,0.0729537611715978,0.00026618787668464,0.00026041906004871,0.7,1.0,0.1,21,0.2055460229772883,0.1779376251749365
23,11,0.214183499134367,0.6164031385761926,0.6118903775290443,0.5493846273005257,0.051417892640409614,0.0729537611715978,0.00026618787668464,0.00026041906004871,0.7,1.0,0.1,22,0.2055464377376013,0.1776927002872657
23,12,0.20607945640387504,0.6054563320961314,0.6022486570010462,0.5432625284608177,0.10801719181515296,0.07297453887294444,0.00027589639051606,0.00025874067051843,0.7,1.0,0.1,23,0.1942255269920711,0.1707614012233178
23,13,0.16166802872100916,0.5298766746099308,0.5241373683002687,0.45956898779144884,0.23510750648498663,0.07316844751625795,0.0002700027640982,0.00026486515579608,0.7,1.0,0.1,25,0.133891619709731,0.1086530273305244
23,14,0.11813097546964274,0.43122812885798095,0.42230426969741863,0.35639684627401885,0.27904134799228764,0.06828715878469724,0.00027390970402221,0.00026929252773246,0.7,1.0,0.1,27,0.0933159226206447,0.0892348464785686
23,15,0.11703891146818877,0.42872444443707397,0.4213880363563864,0.36686411702537913,0.05595594945702794,0.06831817388681441,0.00027473464287247997,0.00027027004050012,0.7,1.0,0.1,29,0.0910451234054529,0.086720526224371
23,16,0.1152588890686534,0.4209276161468655,0.4132877884028451,0.3641171478574401,0.07140394310571663,0.07014353351557796,0.00027414424835659,0.00026950750809608,0.7,1.0,0.1,31,0.0903164610502096,0.0840584304710731
23,17,0.08907043459182021,0.3329932317761523,0.3241464180000924,0.2757092027923363,0.2581628743621699,0.06748334049948165,0.00029570652376078,0.00028987071634892,0.7,1.0,0.1,33,0.0591441482537766,0.0570694999860982
23,18,0.08809446428250389,0.32643395677207415,0.3190076084187891,0.2689919472124821,0.06882051580930967,0.06885442570331424,0.00029668157249270003,0.00029094601853889,0.7,1.0,0.1,35,0.0583633898496211,0.0508075600909644
23,19,0.08604905722202441,0.3178017487127374,0.31175867921019335,0.2697994647676137,0.07070887274900642,0.06885442570331424,0.00029668157249270003,0.00029094601853889,0.7,1.0,0.1,37,0.0555157056833977,0.0495244503121727
23,20,0.075191845046162,0.26603909608251114,0.2566216177059575,0.2109146521814097,0.291282296060494,0.06761314106115406,0.00031469093399139,0.00031223494213501003,0.7,1.0,0.1,38,0.0463575409534214,0.0478809952863252
23,21,0.07495313266413667,0.2641609839321038,0.2546767830500135,0.2088201804022688,0.05740847310929272,0.06778156545432543,0.0003141220271904,0.0003113371149405,0.7,1.0,0.1,39,0.0457122459099091,0.0473309170133102
23,22,0.07817520915824318,0.2657072704557659,0.2578218176052037,0.2297115250529261,0.05502319966757718,0.07309874109655914,0.00032747690868903,0.00030558156255872,0.7,1.0,0.1,43,0.0444373216955521,0.0403995012348419
23,23,0.06782201273536201,0.21430190495182294,0.206448508664425,0.17376993109437475,0.16979580977456438,0.0697110653011678,0.00033265051033492,0.00032758509618421004,0.7,1.0,0.1,45,0.0359213837532681,0.0358013343091528
23,24,0.06045309524011146,0.16244054883188538,0.15287374682988616,0.13002341097393844,0.172798057762832,0.06874547364970071,0.00038092143916398,0.0003964479648942,0.7,1.0,0.1,47,0.0312245460044588,0.0334620370154588
23,25,0.056929554949184696,0.13220975641868674,0.1199680052342341,0.09987810930893966,0.19035910401269598,0.06842537256649253,0.0003753979731612,0.00034537804378515,0.7,1.0,0.1,48,0.030417257681907,0.0337395597055966
23,26,0.054603847752816015,0.12072960585304664,0.10981542682270692,0.09504657855632288,0.10062458806534962,0.06677402708755553,0.00035067183974511003,0.00033210828924646,0.7,1.0,0.1,49,0.027129917156722,0.0313748067319967
23,27,0.054347094683813574,0.10435238166740932,0.09284061715732261,0.07326163057224344,0.13530092275362895,0.06886549223261111,0.00037874275222788,0.00035316834225225,0.7,1.0,0.1,50,0.0276672608448373,0.0308653258575369
23,28,0.05398553477381046,0.1004692605530992,0.08882763213204545,0.062128429509898955,0.06730328883780802,0.06886549223261115,0.00037874275222788,0.00035316834225225,0.7,1.0,0.1,51,0.0271598499549364,0.030811667243632
23,29,0.053914903592581484,0.10060827703158107,0.09064388025983867,0.08540024279404186,0.04948614073010671,0.06883702111583298,0.00037899447493501,0.00035347645496225,0.7,1.0,0.1,54,0.0269070783098697,0.0303577591009237
23,30,0.0527555872677762,0.09954840777636843,0.08958727294307577,0.08946619946087002,0.047490394746675615,0.06718867686570673,0.00037575226388697,0.00034943923698256996,0.7,1.0,0.1,56,0.027241046702702,0.0318867494984053
23,31,0.05198594497376892,0.09754243915405035,0.08753594551389825,0.09441511165405035,0.05307766482419855,0.06625973108339664,0.00037644050514207,0.00034996742922694,0.7,1.0,0.1,57,0.0278036688394754,0.0335621199683102
23,32,0.05355958822235838,0.09501535362733862,0.08485809827611708,0.09139282154757822,0.07036704443089421,0.06908266462558282,0.00038156932613288,0.0003553454764403,0.7,1.0,0.1,58,0.0274143340203822,0.0295681570980017
23,33,0.05329784944262659,0.09320681227405511,0.0829926798545073,0.096550257705179,0.056915101200849284,0.0689313618051271,0.00037971232419198,0.00035577800933836,0.7,1.0,0.1,59,0.0267384773906085,0.0289304743525551
23,34,0.05250812437547692,0.09015333526230687,0.08319520084204983,0.09277503126055148,0.05808801417059989,0.06838444988912686,0.0003396829592,0.00032300071018311,0.7,1.0,0.1,61,0.0253426141633492,0.0277447075855618
23,35,0.0524112889884144,0.08976116064632514,0.08446186459577815,0.1040724788695466,0.05087886203128408,0.0683838518639879,0.00033969288890541,0.00032298559683251,0.7,1.0,0.1,63,0.0255917540003349,0.0271412692846467
23,36,0.05221730924888752,0.08542895951454287,0.07496901109071608,0.04824068775260417,0.05091138178025911,0.0683838518628567,0.00033969288892409996,0.00032298559680384,0.7,1.0,0.1,67,0.0252501626733076,0.0271499639919788
23,37,0.051453054420715655,0.08218328406343361,0.08165065298604145,0.14125361346010348,0.05257479403447144,0.06817265681106677,0.00035723960494516,0.00034489111165324,0.7,1.0,0.1,75,0.0254765048201057,0.0274303289766685
23,38,0.051273009423554575,0.07640990334883459,0.07066374880520496,0.11972284650338486,0.06663958012441638,0.0683527619409968,0.00037134590774285,0.00034807307148604003,0.7,1.0,0.1,76,0.0231022133320277,0.0249796763762671
23,39,0.05064021690985605,0.07118240501573776,0.06526869442257971,0.1029335084225757,0.06018606468887343,0.0680415973107705,0.00037270454749193,0.00034826645275976996,0.7,1.0,0.1,78,0.022534354152575,0.0245833159526946
23,40,0.048113523218174935,0.04754159214614675,0.04754159214614675,0.10799918137890603,0.11052154269870335,0.06733058191329314,0.00037464764815016004,0.00035537158691393,0.7,1.0,0.1,80,0.0210006872229798,0.0235997324768777
23,41,0.04711424791852706,0.056858361216878504,0.08228145791305821,0.3363089323516235,0.046592891992747465,0.06593768522007423,0.00037128174511925,0.0003730971447258,0.7,1.0,0.1,133,0.0217390681405048,0.0268232674628898
23,42,0.04709573095706565,0.05753216549854139,0.08465029531328645,0.3480287547548586,0.046585173935281006,0.0659139567385775,0.00037113936480023,0.0003669365551886,0.7,1.0,0.1,135,0.0217187993051148,0.0271044656751434
23,43,0.047050477093870925,0.056312500681579114,0.08171817743684917,0.3504568102559849,0.04715242827483616,0.06590162142634297,0.00037131962552256,0.00037348125857882003,0.7,1.0,0.1,139,0.0216388131960945,0.0270297511814197
23,44,0.04709479538727876,0.05870400158248931,0.09087458465845201,0.3794349981117033,0.046980849030561,0.06601111105316593,0.00037675925095723,0.00037862274401257,0.7,1.0,0.1,146,0.0215723595758377,0.0258614798108774
23,45,0.04682376084158196,0.05774149114853851,0.09322722328752,0.431415500229778,0.047520167921464934,0.06587671705653708,0.00036912913494793,0.00035692018232438003,0.7,1.0,0.1,157,0.0236014757303147,0.0262482184515415
23,46,0.046873470173563164,0.05584154644831332,0.0912569546675866,0.46290254544447795,0.04757153977906702,0.06613244866278215,0.00039099628895093995,0.00037927914229712,0.7,1.0,0.1,169,0.0236513326318546,0.0269301835965704
23,47,0.04655415621903706,0.060253480811505285,0.10753000426415783,0.5212324222318686,0.046521381293640605,0.06573205291787271,0.00037030460394739,0.00036418036090979,0.7,1.0,0.1,180,0.0239963047186535,0.026157089270323
23,48,0.0460642247091572,0.06067445287429575,0.1096538969350095,0.6253509432657381,0.04597211458872021,0.06496102464862837,0.00040120599127736994,0.00039304412935048003,0.7,1.0,0.1,194,0.0246431526255124,0.0270615083305684
23,49,0.04636161136201218,0.05843397621931368,0.10231170716697267,0.6281159766016908,0.046539308564564806,0.06546747690709327,0.00037756740072681,0.00038569519348941,0.7,1.0,0.1,195,0.0236555402202366,0.0264839867810544
23,50,0.04549592000243074,0.058530820454505306,0.1057833935703855,0.6393986204740713,0.047766213209669575,0.06427504267762577,0.0003817098701516,0.00038596763170734,0.7,1.0,0.1,196,0.0241285520361046,0.0273102649031064
23,51,0.04545238586637659,0.059041172883826556,0.10798379465766195,0.6172195874423982,0.04564745988829152,0.06419956832612839,0.00040229033608685005,0.00039225494604291,0.7,1.0,0.1,199,0.0246347388392579,0.0268625838240521
23,52,0.04715732336760567,0.05983129470406982,0.10874094747367301,0.6402697519140974,0.05193620646584529,0.06676147692404497,0.00038584946015311,0.00038440060621082,0.7,1.0,0.1,200,0.022958732024784,0.0274589578121139
24,0,0.987696308970107,0.9969078902298013,0.9968044938188523,0.9311179919518757,0.0,0.0,0.0,0.0,0.7,1.0,0.1,1,0.9590043219271728,0.9685151485067162
24,1,0.8441010013972392,0.9962945457851218,0.9943156480683113,0.9277458183047053,0.19148026760268858,0.07921741314875938,2.0246778039590002e-05,1.9114922686949997e-05,0.7,1.0,0.1,3,0.8164298960612532,0.8483764670132358
24,2,0.4832903168990332,0.8418317394283911,0.8349732741209654,0.759597367155555,0.7546494386648728,0.06666390664331447,0.00025518488466213,0.00018389712380978,0.7,1.0,0.1,4,0.4353601734662666,0.4310476309180626
24,3,0.4411751668557188,0.8199401134052449,0.8138339746774281,0.7455747351615307,0.08674659987866484,0.07466826124367229,0.00026043228312116996,0.00019001819354319002,0.7,1.0,0.1,8,0.358434442607734,0.3641629849118037
24,4,0.4437843104755178,0.8257352372667416,0.8211833267359772,0.7575345278329663,0.06698724780247711,0.08771866151830657,0.00043422745465188995,0.00025280448913627,0.7,1.0,0.1,12,0.3995940348439916,0.3398919705875003
24,5,0.43102977043236884,0.8153410265154105,0.810648319394621,0.7484901304055571,0.07610299350248195,0.07897275996644507,0.00037505468209676,0.00023711655967995998,0.7,1.0,0.1,13,0.3944847076411374,0.3468070946090842
24,6,0.34480928434208447,0.7515836555792355,0.7467188969582101,0.6891454643141052,0.1373584838302846,0.06666471596861827,0.00037178615453505,0.00030437517158803,0.7,1.0,0.1,16,0.3050613325640581,0.3452046570630185
24,7,0.3375631293480463,0.745676586104222,0.740616018798707,0.6846182401448824,0.07542414992437615,0.06663076153196593,0.00034750552362405,0.00027397770462193004,0.7,1.0,0.1,17,0.2977681283251475,0.3293948143635634
24,8,0.3342170561681874,0.7436123073465888,0.7401548892294788,0.6847760139903526,0.060409498116747874,0.06663772466011439,0.00033516463103342,0.00026141351535277,0.7,1.0,0.1,18,0.295952849555804,0.3247322381513567
24,9,0.3336357724231649,0.7431283698790793,0.7396551324256401,0.6883713626452141,0.049305921502546105,0.06666244786975412,0.00030968462966816,0.00024169347413183,0.7,1.0,0.1,19,0.2931935376736564,0.3199029305687128
24,10,0.31158877794367545,0.7260161883313829,0.7217216525982014,0.6686794966399089,0.17993643715863383,0.07604111831753649,0.00116921386255349,0.0004882733930675,0.7,1.0,0.1,20,0.296831107538191,0.2465519847512534
24,11,0.29429785337857783,0.7089787279810499,0.7057671628716573,0.6607611425194522,0.1377434454104414,0.07816892087027386,0.00028072813637549,0.00022754571609397001,0.7,1.0,0.1,21,0.2736359146139295,0.2426468234049679
24,12,0.27957877192618386,0.694144029033467,0.691839741023858,0.6484358714823208,0.12009342369569523,0.08955007141546217,0.00034426246420406,0.00025928697933037,0.7,1.0,0.1,23,0.2679603538300477,0.1992038496396912
24,13,0.2530293433948586,0.6651849527248116,0.6635549759773264,0.6318757189940896,0.14052472829814547,0.09086655910680756,0.00030150355952345,0.0002241380995575,0.7,1.0,0.1,25,0.192624070096454,0.1717583815158533
24,14,0.25299820272511525,0.6651362821479911,0.66350337254767,0.6318176054754066,0.06438699007306521,0.0909232115833874,0.00030097249873578004,0.00022337598150588,0.7,1.0,0.1,26,0.1929517238712794,0.1720977045872081
24,15,0.2302831740232114,0.6347660915620879,0.6337446534818468,0.6033438474224464,0.21745138621611187,0.09276998310675648,0.00034792883868279,0.00025702513890286,0.7,1.0,0.1,27,0.1708710571101276,0.1381598649323553
24,16,0.23027948942177326,0.6347439895058992,0.6337203564599205,0.6033146823488837,0.06567579682948216,0.09283341605237784,0.00034739777789513,0.00025626302085123996,0.7,1.0,0.1,28,0.1713896271564877,0.1384176411925682
24,17,0.21787454042383805,0.6232715445211565,0.6205647390586836,0.5820083721392201,0.06279520116156868,0.07685499714204187,0.00039057339188274,0.00031655044534370004,0.7,1.0,0.1,29,0.1623335996856402,0.1760203814966681
24,18,0.19408319132327656,0.5865957879981871,0.58435635021879,0.5512688316148946,0.13744726364618848,0.07592296067195949,0.00038982077112203,0.00031607783047944,0.7,1.0,0.1,31,0.1436770482593154,0.1449284494509174
24,19,0.1925858052427304,0.5818800404263686,0.5826340327962585,0.5627376800707148,0.08819316605320596,0.08406357911046537,0.00045498437407704003,0.00031854032355385,0.7,1.0,0.1,33,0.1534064752211473,0.1852595395678211
24,20,0.16694932663914994,0.5398553924372917,0.5393788218064202,0.5103988839259992,0.14332212149681547,0.07682548021556429,0.00030399115167689,0.00025451325776740003,0.7,1.0,0.1,35,0.1163732777613845,0.1232505266027341
24,21,0.1465884365964032,0.49685547636249755,0.49659251762370854,0.48210125560716915,0.16218660589268444,0.07762249817125949,0.00035609919004173996,0.00027672701252337003,0.7,1.0,0.1,37,0.1012960757661131,0.1013300280156256
24,22,0.14539827434997793,0.49609511804399886,0.4991653322511497,0.4871029478000972,0.05547985853717787,0.07697789385750944,0.00036492366530614,0.00028743890670439,0.7,1.0,0.1,44,0.1003899196109748,0.1023924822486548
24,23,0.14202425477826927,0.4905142434377835,0.4918010700107601,0.4844019693522317,0.06479364439245205,0.07381300793976622,0.00033466703994636997,0.00026885926475848996,0.7,1.0,0.1,45,0.0986148714724279,0.1066641983435744
24,24,0.14231329660364264,0.4913221223931295,0.49429371132851263,0.4918254530544529,0.05322359628963511,0.07440823549992151,0.00034146018099219,0.00027407902559092,0.7,1.0,0.1,47,0.0985033309326244,0.10523632529516
24,25,0.14242991873890215,0.49127759703789947,0.4942397390704962,0.4966580969440614,0.05338524529119597,0.07474676309022937,0.00034284239831118004,0.00027098218311241,0.7,1.0,0.1,49,0.0989943201656945,0.1058000736474982
24,26,0.13604017884678893,0.482439121697479,0.48691493160713334,0.4953472978432741,0.06176824488720082,0.06882501502785818,0.00037895216545769003,0.00031168648430918,0.7,1.0,0.1,51,0.0980422696294033,0.1131422701915742
24,27,0.13483897180426402,0.4817573303993529,0.4895731166426038,0.5147520387195467,0.049877694144818525,0.06802883650049693,0.00037022359745898,0.00030838370859706,0.7,1.0,0.1,55,0.0973549427910504,0.1112914949436904
24,28,0.14417886510287686,0.4893070444970174,0.4953655794133742,0.5191246564327969,0.06260938733088146,0.08249834132837704,0.00034612560422899,0.00028126191815712,0.7,1.0,0.1,57,0.0993756425847532,0.0997039030079126
24,29,0.14758887025199557,0.48950797910018207,0.4920741465241481,0.49236234501408804,0.067647920490196,0.08913010425713047,0.00034559484034350004,0.00028551002387147,0.7,1.0,0.1,60,0.0972755515101491,0.1054849413747934
24,30,0.1382528334280407,0.4825112619134379,0.49183226851946515,0.5296570866938132,0.05508349666135941,0.07630445009317538,0.00031859854063316,0.00028779759942249,0.7,1.0,0.1,63,0.0919727890475214,0.0986860956321682
24,31,0.14316311119674635,0.4777800711061331,0.484913516023373,0.5078854530650475,0.135815554916316,0.0915506602636046,0.00033709758769926996,0.00027485543400035,0.7,1.0,0.1,64,0.096676089805128,0.0917973335013945
24,32,0.1351312620731855,0.46968272672929706,0.47681264710640126,0.509491064786889,0.056627296697094126,0.08014885871070888,0.00032806777165268004,0.00025834120997021,0.7,1.0,0.1,67,0.0969870182403495,0.0913392201585335
24,33,0.1417780426971236,0.4760901833092549,0.48486459256774594,0.520297974551073,0.06739066113581291,0.09045404074305537,0.00034033227140332,0.00027617790137546,0.7,1.0,0.1,69,0.0965095438079156,0.0918834563614751
24,34,0.14165101472235636,0.47595035000198305,0.48472408898362185,0.5201552679177536,0.06358946084721451,0.09028418725322493,0.00033972017402941003,0.00027391140933380996,0.7,1.0,0.1,73,0.0964824836885193,0.0910006654262777
24,35,0.14146534537677288,0.47545939380203406,0.48421671539016736,0.5196105499458848,0.06475503705945813,0.09028418725322493,0.00033972017402941003,0.00027391140933380996,0.7,1.0,0.1,75,0.0955823681569007,0.0905678984891642
24,36,0.13727177943722665,0.4730659147388507,0.49020805054029876,0.5974676843194383,0.061457548648106916,0.08574836171466144,0.00036431870746304,0.00031256243977700003,0.7,1.0,0.1,88,0.0981127071515162,0.0861848195681682
24,37,0.14814341563968522,0.4823542102546643,0.504386423797666,0.6472136094040938,0.0770323402612337,0.10425105436674317,0.00044960066325734003,0.00041311480261521,0.7,1.0,0.1,96,0.0920001302871831,0.0843430451059664
24,38,0.1400456493607956,0.4725674717439055,0.49451096688673596,0.6447840302987099,0.07919555446269708,0.09420603588749432,0.00035600878320137,0.00033241274642086,0.7,1.0,0.1,97,0.0893792725467145,0.0879462935373496
24,39,0.12877990013437723,0.4551236959914454,0.4717694345264149,0.570094361002891,0.06344140137698945,0.08135255035518227,0.00034567308358484,0.00029879598653214,0.7,1.0,0.1,102,0.086792429505631,0.0860042998046246
24,40,0.1216508609514072,0.4499557632725127,0.47333906381739893,0.6187229315973287,0.0509029145162462,0.07185898644572304,0.00033294089621402,0.00028933160543758,0.7,1.0,0.1,129,0.0855093768189176,0.0856500368673671
24,41,0.12003182766696362,0.4528069611280238,0.488034632239695,0.7235766772605451,0.04959739110141523,0.06991516911355765,0.00033249553076114,0.00028034395987959,0.7,1.0,0.1,141,0.0852559099156802,0.0868030267198078
24,42,0.12041028497266443,0.4531391055867428,0.4883643794650973,0.7239012371618404,0.04987724747995404,0.07049369750075758,0.00033085848632199,0.00028113167988049,0.7,1.0,0.1,143,0.085172575668459,0.0862501714185082
25,0,0.9686627101519844,0.992049174800914,0.9917832970561122,0.9257384100804548,0.0,0.0,0.0,0.0,0.7,1.0,0.1,1,1.0360651475072695,0.969663208208294
25,1,0.6970776871742081,0.9411964215559667,0.9359790812477198,0.866715534229531,0.28784739349102173,0.06679397536631644,0.00043253599706324995,0.00035795552655870004,0.7,1.0,0.1,3,0.6624083612478935,0.6528001122932099
25,2,0.5144695625974299,0.8586616446712113,0.8523688692079281,0.7782412769884115,0.43971944787236283,0.066665566760027,0.00016729976772325,0.00017686859223048,0.7,1.0,0.1,4,0.5055484570097204,0.4914033895213532
25,3,0.381194254817236,0.7816080534816477,0.7710597963450765,0.6937953173621945,0.4432514848864963,0.06665533217396952,0.00035348955220766,0.00047490734172025,0.7,1.0,0.1,5,0.3886941020406653,0.2491603361606535
25,4,0.31894126998702066,0.7277417399837312,0.7170642051081575,0.6376238724019336,0.1669339941301818,0.06665533217396952,0.00035348955220766,0.00047490734172025,0.7,1.0,0.1,7,0.3007103233855442,0.2464809048769448
25,5,0.289673697593527,0.7014722016712119,0.6914716004756116,0.6121970926846543,0.12441184301605258,0.07132085571177552,0.00054718231610108,0.00073513035265957,0.7,1.0,0.1,9,0.2544783239188135,0.1959417573957544
25,6,0.28963989638304105,0.7014393311869519,0.6914362044445392,0.6121560728913098,0.050957797675212885,0.07137769257552397,0.00055023483787331,0.0007392313649563699,0.7,1.0,0.1,10,0.2542014267177315,0.1955610835768274
25,7,0.284321681244555,0.6975244211813424,0.6906872178991826,0.6150227460511226,0.06288190414834269,0.07327625188034606,0.00062730487648419,0.00074331986094665,0.7,1.0,0.1,13,0.2927025050859878,0.2202474008934112
25,8,0.26577361211892814,0.6772537118665326,0.6680640058386808,0.5959854299670357,0.14735589906544344,0.07370066814937008,0.00043898017973851005,0.00047672958431545,0.7,1.0,0.1,14,0.2573724213202435,0.2085856088545281
25,9,0.2597813837221726,0.6708241433243383,0.6614819488490083,0.5920623598234089,0.07232554252076757,0.07111938365808206,0.00038256359912039,0.00041611429091965,0.7,1.0,0.1,15,0.2550350188078357,0.2121241812415734
25,10,0.2544119456230109,0.6652185592380288,0.6573037906031488,0.5879262609673201,0.09082726225115573,0.07361163624534298,0.00034938264522636997,0.00037222250118603003,0.7,1.0,0.1,16,0.241938447753718,0.2064898686452665
25,11,0.22838879440304605,0.6334313366084724,0.6244659446491269,0.5598532816974391,0.12772588371889854,0.0728743838199573,0.00047879931100889,0.0005610981136329001,0.7,1.0,0.1,18,0.2126427207604273,0.189015368939814
25,12,0.22002643419107912,0.6227239527671624,0.6116974784688697,0.545543295722518,0.1126575498253596,0.07419966524518264,0.00048091314698827997,0.00056353901932162,0.7,1.0,0.1,19,0.206662702501048,0.1945070382280541
25,13,0.20269443310501833,0.5969232094131944,0.5866835341861911,0.5199735634777156,0.1788175281912456,0.07514774261516007,0.00048706171791445,0.0005703274536294,0.7,1.0,0.1,20,0.1792084916112552,0.1899294453489682
25,14,0.20193711312297893,0.5959088773670674,0.5856576921130772,0.5202158211984075,0.05311543586795656,0.07419966524518264,0.00048091314698827997,0.00056353901932162,0.7,1.0,0.1,21,0.1719329126975017,0.1713920035882689
25,15,0.1985713937626174,0.5915117506992231,0.5827755736819783,0.5185682449192554,0.07998703336932347,0.07461548183430451,0.00048482628080001,0.00056574482185272,0.7,1.0,0.1,22,0.1773415633753266,0.1922036271315852
25,16,0.19720656687587304,0.5893957826493414,0.5806020309877389,0.5175793444171122,0.05969472581523271,0.07405620617924186,0.00048230977883781,0.00056326487887382,0.7,1.0,0.1,23,0.1695186210545146,0.1743290148894503
25,17,0.17788943133165758,0.5578946979211733,0.5513544188520171,0.4964339673058921,0.09473404182478384,0.07588274610529769,0.00033191397835046003,0.00035883941572843997,0.7,1.0,0.1,27,0.1287555103364638,0.1172039077234232
25,18,0.17681162179095594,0.5560750776974941,0.5494784956520333,0.49802654919088957,0.06151821236374636,0.07568964971914616,0.00033133002398967,0.00035795662281833,0.7,1.0,0.1,28,0.1297344965345645,0.1167101438064197
25,19,0.17102577566738233,0.5501983294587173,0.5518110181770841,0.5711912867942648,0.053412744077972134,0.07367642345650731,0.00034887685716292,0.00047941916754483003,0.7,1.0,0.1,55,0.1618255487428591,0.1514987997291152
25,20,0.1650028299048453,0.5378707668692716,0.5373915899464068,0.5653604088557037,0.10967286800188189,0.07365059466026704,0.00046889180597912,0.00176555556867961,0.7,1.0,0.1,56,0.1570714852663984,0.1483256000357588
25,21,0.16134217612871382,0.531559250459161,0.5325471490938793,0.5553847470287766,0.0851560447045151,0.07370499602381486,0.00035070137747168003,0.00071707546339278,0.7,1.0,0.1,57,0.1555557221321852,0.1469403064095141
25,22,0.1601556041010374,0.529222048883821,0.5301330637481609,0.5624737130273505,0.05755280150980564,0.07369722250598891,0.00035216916895393,0.00037658922712011003,0.7,1.0,0.1,59,0.1531583179862577,0.1569560228195825
25,23,0.15904066925237784,0.5269344465417057,0.5277677852732576,0.5721139824373603,0.05482833038560271,0.07369850904609836,0.00035088314188850997,0.00072801998766331,0.7,1.0,0.1,63,0.1546385411108957,0.1637243247801662
25,24,0.15885603729707665,0.5266026553777315,0.5274263243266792,0.5691754404797145,0.05337670962214998,0.07367993476231144,0.00035714533336568,0.00037670973497477996,0.7,1.0,0.1,64,0.1501803091014418,0.1443069910504757
25,25,0.15690900398820337,0.5224924331228656,0.5231746653980287,0.5919642180350732,0.07261858607909667,0.0736859466573736,0.00045141777854814,0.00058505582305795,0.7,1.0,0.1,65,0.1568424408961965,0.1506193902129258
25,27,0.15293262222737933,0.5161333148475118,0.5216149625835791,0.6366475146157837,0.054404011350110866,0.07367981036460146,0.00055266592844969,0.00072843960334804,0.7,1.0,0.1,79,0.1493420213567924,0.1483455720602835
25,28,0.1525127607319565,0.5144405571320773,0.5181911016631306,0.6379160864634238,0.05485495119154694,0.07368560818983065,0.00059679137412457,0.00101160282282323,0.7,1.0,0.1,81,0.1495154282916173,0.1458398711715977
25,29,0.15095254116420012,0.5125920315697376,0.5196275994695939,0.6441092217547549,0.06759030810911125,0.07367392180356373,0.00057281889963969,0.00044104883781485003,0.7,1.0,0.1,82,0.1502322464810946,0.1404152728881655
25,30,0.14997797238167299,0.5111588744922794,0.5198180835629315,0.6499958610202653,0.05741483067997662,0.07367790682765733,0.00058474163044636,0.00040597302545196997,0.7,1.0,0.1,84,0.1502087309757271,0.1400938363911236
25,31,0.14981536951706095,0.5128365018213523,0.526565262262192,0.7155334005348296,0.05239939303731117,0.07368716385900427,0.00064122083316519,0.00047204975645154,0.7,1.0,0.1,103,0.1487851743549023,0.1407209038576874
25,32,0.14963229757599358,0.5131411539229206,0.5285520321332232,0.7318012489128899,0.05324171040022494,0.07368713955113473,0.00064033065677006,0.00047641718639508,0.7,1.0,0.1,105,0.1489820395323264,0.1405044295711448
25,33,0.14964470533664595,0.5145158841130127,0.5333147391403367,0.7403532278989526,0.05247593970068649,0.07368776547060053,0.00066100057600083,0.00081624987631628,0.7,1.0,0.1,108,0.1483603535877087,0.1430380632190436
25,34,0.1493818818406824,0.5147037787575459,0.5351825135327017,0.7369130727616843,0.0530303015807686,0.07368690290914469,0.00064846272868216,0.00044536302543213003,0.7,1.0,0.1,111,0.1486352018347009,0.1522568915534318
25,35,0.14922516359205498,0.5150650813345665,0.5372278320074475,0.7469131493231738,0.052691985508876445,0.07368675157290985,0.00064815250116162,0.00044711774421418005,0.7,1.0,0.1,115,0.148658701343916,0.1529080848321046
25,36,0.14905320884127643,0.5153982050674578,0.5392441998097757,0.8356124519057959,0.05238007014370669,0.0737000975363977,0.00063166486761976,0.00046704640574263994,0.7,1.0,0.1,131,0.1486696973762063,0.1367143180986451
25,37,0.14867816438459822,0.5166475507317656,0.5455499779521845,0.8580212079797619,0.052700185818583906,0.073700950333677,0.0006398929829705,0.00071123187759346,0.7,1.0,0.1,142,0.1496561852936971,0.1393093415782913
25,38,0.14848433801987812,0.5169538549226902,0.5475392922079092,0.9019998097940298,0.052732344756728854,0.07370073233876044,0.00063977140020966,0.00046789143778242,0.7,1.0,0.1,146,0.148879185449632,0.1388671992010402
25,39,0.14851841473524285,0.5162810244944235,0.5451708592754936,0.9927925461768335,0.05234759695801818,0.0737020878919912,0.00062609395100185,0.00094140325943552,0.7,1.0,0.1,172,0.1470960332060907,0.1305105768901989
25,40,0.14806570487119558,0.5156607681515757,0.5445402542246371,0.9872094660563554,0.05207606248598466,0.07331859999240045,0.00056252853335404,0.0011530460372957498,0.7,1.0,0.1,180,0.1487571551091516,0.1422439688261372
25,41,0.1472545086304922,0.5132091624617062,0.5403365040486402,0.9908461700373129,0.06016401219339119,0.07331900247577845,0.00055890240050241,0.00066643487832579,0.7,1.0,0.1,181,0.1499398648327526,0.1473142570159573
25,42,0.14680208636176184,0.512860419507225,0.5416469797913518,1.0063627517989369,0.05373418805641313,0.07331864492097552,0.00056888636551918,0.0008818998520154,0.7,1.0,0.1,184,0.1478299139846215,0.1446002713272178
26,0,0.9459472826689307,0.9861264334263888,0.9856625017963359,0.9180961881551881,0.0,0.0,0.0,0.0,0.7,1.0,0.1,1,1.129425494963772,0.9586499943915854
26,1,0.9559521663970206,0.9991823193878293,0.9986816997141583,0.9336129943566372,0.016811056247692725,0.0202173484288522,2.2709184231038518e-07,1.544231985285816e-07,0.7,1.0,0.1,3,1.128008365818033,0.9473408104461264
26,2,0.4883867292741128,0.8446711812547559,0.8379073432806183,0.7627400483106112,0.9553391965229374,0.06663269055673163,0.00027546897981351,0.0002928462222318,0.7,1.0,0.1,4,0.4264977614989492,0.4237225350613738
26,3,0.4882619736443858,0.8446027495828072,0.8378365686306083,0.7639233279782189,0.04728709800653209,0.0666566020002502,0.00026148529145635,0.00027791637578118,0.7,1.0,0.1,5,0.4149910660959409,0.4269375084414056
26,4,0.35029190781164793,0.7537726572283753,0.7439757251272794,0.6680015976397365,0.4863223506154912,0.06657019175657575,0.00014115122114692,0.00014926163994888,0.7,1.0,0.1,6,0.382639654258323,0.3458215377751812
26,5,0.3502806558923598,0.7537723814044762,0.7439740936531295,0.6664745888757068,0.04699586402182284,0.06663365476952736,0.00013790601472438,0.00014614464046562,0.7,1.0,0.1,7,0.3769429616856379,0.3453733082095453
26,6,0.33687049279805314,0.74414662224706,0.7356018884911801,0.6603375457354297,0.11378385570073118,0.07063405863897917,0.00021447936057541,0.00022627597823916,0.7,1.0,0.1,8,0.3590109061079142,0.3387344995047566
26,7,0.2737626309091089,0.6865099633337003,0.6792644036547067,0.6017337674354967,0.12905250379281813,0.07517925473320237,0.00050753934412231,0.00059426244612244,0.7,1.0,0.1,12,0.3347216021481865,0.2840984195805236
26,8,0.2639057636748884,0.675991584725236,0.6684571919377601,0.6038079067229423,0.05969198919988999,0.07271678917465456,0.00037264575390129004,0.00038257952303254997,0.7,1.0,0.1,17,0.2472718538060018,0.2383503714772438
26,9,0.2613666244509516,0.6729143544535584,0.6652050378668162,0.602109641608348,0.07879492256437312,0.07573729723821472,0.00040147557226253997,0.00048720904517876004,0.7,1.0,0.1,18,0.222585666583716,0.2210547177133898
26,10,0.26039226759178413,0.6718407349566887,0.6641018237118592,0.6048291397876341,0.057568204966260625,0.07545924269243863,0.00040727606589495,0.00048686675288957997,0.7,1.0,0.1,19,0.227631187486875,0.2269276523409906
26,11,0.23788202885149445,0.6461412358803974,0.6392621500063806,0.5771217648866982,0.17307477776910324,0.07353727578366025,0.00034639141493943,0.00041888734830698005,0.7,1.0,0.1,20,0.224290129108206,0.203426173851424
26,12,0.23531673050175445,0.6437757375049096,0.6385077499371966,0.5812484035013663,0.05744359703655187,0.07278968260371449,0.00032609914717222,0.00039390791164831997,0.7,1.0,0.1,22,0.2320464778760622,0.2038875681982383
26,17,0.15121523641288936,0.5114727931107654,0.5184232148868786,0.5412804421964854,0.0711779434735579,0.0757673528929501,0.0005061883900308401,0.0007309218481643799,0.7,1.0,0.1,54,0.1285000214763516,0.1252318572279819
26,18,0.1443700451966099,0.4972590722908598,0.5070744056364046,0.5408339059285313,0.07280541136359277,0.07584532629727843,0.00056328572460125,0.00070597998791381,0.7,1.0,0.1,58,0.1007225464833434,0.1071535603472905
26,19,0.1433518438260816,0.4947302670584876,0.5044575763464503,0.5431786598974306,0.06659186329153996,0.07600368997421728,0.00055542719141056,0.00070980073397274,0.7,1.0,0.1,59,0.1018541968253562,0.1092550269087256
26,20,0.14319116683914726,0.4949358283696335,0.5063389490858367,0.5446913376492564,0.056781725261565684,0.0761355826926443,0.00055233968136854,0.0007108787961564299,0.7,1.0,0.1,60,0.1034092724702203,0.1091234802319627
26,22,0.13909337389956902,0.4850538347675122,0.49612635050123627,0.5673683066088174,0.08960499300866087,0.07594749593651659,0.0006630584288788101,0.0009712819317227201,0.7,1.0,0.1,70,0.0993736463585605,0.0978019304970752
27,0,0.984158465969228,0.9960118002857974,0.9958784680964915,0.9301258362079621,0.0,0.0,0.0,0.0,0.7,1.0,0.1,1,0.9730212795318036,0.9671153172627166
27,1,0.8491208100690447,0.9989209566103358,0.9969787611534661,0.9304898282277975,0.18817229305323566,0.08140529834963868,1.707340746682e-05,1.66424630658e-05,0.7,1.0,0.1,3,0.7956207100661317,0.8424518669716627
27,2,0.4785234984233369,0.8391271602518136,0.8321800357035016,0.7566081635156663,0.7727749053338508,0.0665979918827441,0.00024613943931543,0.0001953014108509,0.7,1.0,0.1,4,0.4715476888415027,0.4403377517428435
27,3,0.47737862317046464,0.8400628075491479,0.8347510021369743,0.760161058182997,0.05328285839980674,0.06938736286028412,0.0003182785150849,0.00025254076799919,0.7,1.0,0.1,6,0.478374932090278,0.4436681076514392
27,4,0.3599391454381473,0.7620063228062166,0.7541544640997606,0.6813389013567892,0.23102015561300632,0.06665935340226137,0.00014714919126193,0.00011737273699582,0.7,1.0,0.1,8,0.3401140523804605,0.34219430309411
27,5,0.3379216594986424,0.7458092953239095,0.7389759134414683,0.6657035991109275,0.09927070305972502,0.07132170596557968,0.00022294042614466,0.00017950633381815,0.7,1.0,0.1,10,0.3301976026753254,0.3322108163726538
27,6,0.2750706923028064,0.6883185568387851,0.6811697209432326,0.609282723012623,0.12546882562469983,0.07370351793826589,0.00047065860376967005,0.00046260132082999,0.7,1.0,0.1,14,0.2264648218969102,0.2215461056117686
27,7,0.26284997307460617,0.6754379000149477,0.6695302570808359,0.6042671460551949,0.08416896874959083,0.07370351793826589,0.00047065860376967005,0.00046260132082999,0.7,1.0,0.1,16,0.2150512682951953,0.2266610673711525
27,8,0.2369296037550037,0.6458960967035721,0.6407113060349833,0.5836399873842456,0.08623223315324241,0.07247187721877538,0.0002054023531359,0.00014857179343712,0.7,1.0,0.1,20,0.1990440374270324,0.1925266348091274
27,9,0.23604673695977071,0.6455520430630299,0.6420284305833135,0.5880726744639451,0.05352946885935443,0.07243558343319396,0.00020764315382932,0.00015091004390786002,0.7,1.0,0.1,22,0.1984407862548555,0.1877570689096545
27,10,0.23564354856517775,0.6457501556090474,0.6439118806615733,0.5975601740831905,0.051333187749829104,0.0720975937918245,0.00023768241557194997,0.00018979106657497998,0.7,1.0,0.1,24,0.1967271662815658,0.1934632121611596
27,11,0.201529937044261,0.6013674040207728,0.5998296385029336,0.5621599464010113,0.08782045798846341,0.06733371672327647,0.00020276416137679,0.00018772571588268,0.7,1.0,0.1,29,0.1723852853762583,0.1779063759645864
27,12,0.20101337936596983,0.6012792264133444,0.6014081986663191,0.5674028125277344,0.049510649483397555,0.06742825131071793,0.0002031894158384,0.00018820933996512,0.7,1.0,0.1,31,0.1712247247216815,0.1784481165332788
27,13,0.20101337936596983,0.6019858169245851,0.6038103523999521,0.5783024086049042,0.04742182185970713,0.06742825131071793,0.0002031894158384,0.00018820933996512,0.7,1.0,0.1,33,0.1712247247216815,0.1784481165332788
27,14,0.20010081994936113,0.5990195011938976,0.5973871027561087,0.5468194634752046,0.05022888433122471,0.06802439852051755,0.00020124060310571,0.00018922309738979,0.7,1.0,0.1,37,0.1660514194413642,0.182114573984591
27,15,0.17406565936970997,0.5520810329460266,0.5503048754878792,0.5300601552184969,0.14478909164967857,0.07836164243120201,0.00031722761616308,0.00028005394357673004,0.7,1.0,0.1,40,0.1628191534982306,0.1762559029891749
27,16,0.16958069349449698,0.5436889536309747,0.5432834114549177,0.5353634020052388,0.07919962828349317,0.07924809500565382,0.00031529384860149,0.00027946193542243,0.7,1.0,0.1,42,0.1597232980705156,0.1757501238672185
27,17,0.1634749095364691,0.5335837556730091,0.5345643497339316,0.5301760686608737,0.07586508672319234,0.07703640755801434,0.00030541352308583,0.00027195377882573,0.7,1.0,0.1,44,0.1503430977101853,0.1504921906441051
27,18,0.15691841666012074,0.5206984441478479,0.5212646067044852,0.5093168885188343,0.11387504628358998,0.07643574521639918,0.00024238413672298,0.00019670512933709,0.7,1.0,0.1,45,0.1433207895203422,0.1496379361656619
27,19,0.15570852409724267,0.5180636236070173,0.5201898984709108,0.5219979199699226,0.061023646707676085,0.07745278795262774,0.00023960434008268,0.00019562682015340001,0.7,1.0,0.1,48,0.1429046806896651,0.1500692383725075
27,20,0.15493262039052255,0.5168557077259573,0.5189547694083663,0.5300256078607057,0.05605477783255571,0.0768833446822657,0.00024235147644865,0.00021292281226489997,0.7,1.0,0.1,50,0.1420451842208721,0.14868773499244
27,21,0.14670567938580636,0.4986104781127401,0.49844417831801213,0.5056937688835572,0.13629765691030118,0.07617218504223869,0.00024327446744333998,0.00019924787231184,0.7,1.0,0.1,51,0.1358114547087252,0.1215847230750223
27,22,0.14076763292085628,0.48606120796859936,0.4888186360862515,0.5135291326594464,0.08745543660425398,0.07619131537972514,0.00024339220901216997,0.00020917086959567997,0.7,1.0,0.1,53,0.1305474518490812,0.1162190934414058
27,23,0.1404658003754373,0.4853233333926782,0.48805588907673536,0.5178683265973416,0.05540922311128178,0.07620078366901287,0.00024349654698719,0.00020539850838581,0.7,1.0,0.1,55,0.1304091896652398,0.1157784708059115
27,24,0.1403623719595774,0.48543769854608926,0.4898379659998195,0.5294918092999913,0.0558624717257707,0.07654257409073575,0.00024413085439795,0.00020753768547083002,0.7,1.0,0.1,57,0.1305377180849642,0.1169405724215706
27,25,0.13996563504064335,0.48236381445401777,0.4866127241720832,0.5239419155366716,0.07725183162683417,0.07860582429653934,0.00025284924051521,0.00020406918638168,0.7,1.0,0.1,58,0.133967673454061,0.1148584328683964
27,26,0.13868033663005133,0.48006691392082934,0.48591520876683486,0.5304419080482474,0.0621428337887647,0.07841958843901996,0.00025542652106625997,0.0002065084876598,0.7,1.0,0.1,60,0.1329008857121264,0.1141956810398238
27,27,0.1379283600661627,0.47880210071092094,0.48627813205189413,0.5434296180250404,0.06014668048149827,0.07850306908811527,0.00025407422806011,0.00020656496008630002,0.7,1.0,0.1,62,0.1331726644336845,0.1120838487356112
27,28,0.13584261709945045,0.47367221656864866,0.4793236829790898,0.5286297556581865,0.07336958352194217,0.07768324834701568,0.000262244094767,0.00021142706093497002,0.7,1.0,0.1,63,0.1324431900199786,0.1200050933597968
27,29,0.13530826385112718,0.47296868067465087,0.4802676676744284,0.5264912105055093,0.061657051744157455,0.07770942050651589,0.00026850677007236,0.00022751697982475,0.7,1.0,0.1,64,0.133354097566363,0.1166763876247543
27,30,0.1344031268564697,0.4707530580973034,0.47798052265772273,0.5266807824711937,0.06498656997161333,0.0776019146259718,0.00026759831435552996,0.00022437969324391998,0.7,1.0,0.1,65,0.1320155026481272,0.1127111045041671
27,31,0.13437944516778266,0.4698166564109398,0.47533734561123014,0.5316834023146225,0.05634067001209792,0.07775861072192279,0.00026459681256794,0.00021166129157404,0.7,1.0,0.1,66,0.1323700848064343,0.1154778081376511
27,32,0.1341536802906584,0.4692722413011662,0.4747755859391219,0.5315773807124449,0.05721232269756954,0.07773041837495893,0.00025945230379159,0.00020338506847144,0.7,1.0,0.1,67,0.1311644632980929,0.1175049570592014
27,33,0.1340536689777337,0.471282779116858,0.4818722987578131,0.548423147737968,0.05466262655829944,0.07758525449352979,0.00026496466292788,0.00021654645537558001,0.7,1.0,0.1,68,0.1303738154081478,0.1134619284884716
27,34,0.13371646257424108,0.47115720576085346,0.4834154439331342,0.5663096646597665,0.05521515361015995,0.07754221285510106,0.00026613266882835,0.00021236896799844003,0.7,1.0,0.1,74,0.1297487079458366,0.1128970280605223
27,35,0.13345739687733255,0.47119978687434017,0.48513163244292434,0.5677862877150109,0.05774186008947678,0.07753166471801945,0.00026577806659315,0.00021119443067679,0.7,1.0,0.1,75,0.1297731284850256,0.1128727922915577
27,36,0.13344388880792474,0.47116440166064616,0.48509506351152765,0.5704584742526636,0.054730764749484365,0.07753185044192952,0.00026567592852801,0.00021091951184748,0.7,1.0,0.1,76,0.1298055071107345,0.1118140801333597
27,37,0.13337200157324,0.4694786459431161,0.48000734510108073,0.5625424840592339,0.05513610722619936,0.07760289576167023,0.00026695957762317,0.00022182465734393002,0.7,1.0,0.1,79,0.1307785980889604,0.112294343323118
27,38,0.13331554305807014,0.47004227654213304,0.48226185340647915,0.5754156972714219,0.05494684863815144,0.07759793153646953,0.00026727667339268,0.00022197702823203001,0.7,1.0,0.1,81,0.1305634802590227,0.11194846657334
27,39,0.13161482810344913,0.4687521743674962,0.48762398237117166,0.5905735806996729,0.0638048872582624,0.07731190728647483,0.00024069922620046,0.00019832325361217998,0.7,1.0,0.1,83,0.1262696722917204,0.1108995982580111
27,40,0.13123009720167844,0.4658394677630143,0.47960276632563575,0.5964528695100079,0.05503127726450866,0.07710534725272575,0.00024428352276941,0.00021244599724148998,0.7,1.0,0.1,87,0.1256969782526402,0.1111692638453579
27,41,0.13071541548324186,0.46565579556234094,0.48275244958757474,0.6019461322575844,0.0627460133847289,0.07728068123678962,0.00025204786300809,0.00021059390639193999,0.7,1.0,0.1,88,0.1262094549243642,0.1111483634670756
27,42,0.13064444853441348,0.4654632748761424,0.4825534530068641,0.6045363997925978,0.055309564908733753,0.07728763009327427,0.00024854281709158003,0.00020776035495674003,0.7,1.0,0.1,89,0.1261178058761967,0.110667548237625
27,43,0.12998376859004343,0.46295228428521557,0.47828614940873054,0.6255642549639322,0.055642284352047926,0.07728295988714515,0.00026196505331772997,0.0002330851483566,0.7,1.0,0.1,96,0.1272763907394314,0.1056751374901191
27,44,0.12875686057376295,0.46102456755297944,0.4796378962918037,0.6546989757888408,0.05761981344059016,0.07728426340383332,0.0002597171634375,0.00022552392348586998,0.7,1.0,0.1,101,0.1279496803560977,0.1040602488238941
27,45,0.12861262974418392,0.4634369783882237,0.4888183370517291,0.6592229788668971,0.054905766904143595,0.07729480900569444,0.00026237729747634,0.00022733381030353,0.7,1.0,0.1,105,0.128273753684408,0.1035508942388295
27,46,0.1283048332584711,0.4611849963337837,0.4831473558758836,0.6814482646073575,0.055195334580632846,0.07728939357774159,0.0002613567107478,0.00022633962279123,0.7,1.0,0.1,110,0.1275025853189888,0.1039635626049617
27,47,0.1280482238671538,0.4611498497265316,0.48478234145356075,0.7262589968685859,0.05472687303946978,0.07728852711068253,0.00027581897137835,0.00027561762591897,0.7,1.0,0.1,123,0.130005512454333,0.1045147939903453
27,48,0.12633125364960063,0.45838536863434326,0.48196308236855256,0.7261850895121318,0.06072990506715614,0.07567357971745,0.00028136193178341,0.00025732697806251997,0.7,1.0,0.1,124,0.1281012943809952,0.1044383142750284
27,49,0.12613344473858987,0.45850174710927194,0.48541334018555654,0.744116394329125,0.05576927299446252,0.07626018389209774,0.00028693989447673,0.00024639280936173,0.7,1.0,0.1,128,0.1225829583091513,0.1006345721545717
27,50,0.12561849647535148,0.46198502906511296,0.5007162880413913,0.8641646935244379,0.05396656831104598,0.0762714498207521,0.00029056716979141003,0.00021698082680853998,0.7,1.0,0.1,155,0.1224660385684219,0.0982761160021518
27,51,0.12556117177412332,0.4618270091218138,0.5005530432629689,0.8702909351887649,0.053952527161559356,0.07626942475528237,0.00029003663727461,0.00021669987093526,0.7,1.0,0.1,158,0.1222134774016201,0.0980119402919932
27,52,0.1254386338509998,0.4614839375290168,0.5001985491273848,0.8669331493406072,0.05535558078580702,0.07626643303713246,0.0002907670102917,0.00021526973070424998,0.7,1.0,0.1,159,0.122465563114012,0.0980461516029284
27,53,0.1253679822720527,0.4612471680310707,0.4999531760623708,0.8848951241613964,0.05396847897264909,0.07629585353836119,0.00029034656726068,0.00021684356648386002,0.7,1.0,0.1,164,0.1225597622922954,0.0980717069512947
28,0,0.9660256208204395,0.9913686329144773,0.991079987767391,0.9249849125525054,0.0,0.0,0.0,0.0,0.7,1.0,0.1,1,1.047304824209134,0.9712949388201924
28,1,0.8183900837497081,0.9856903946660057,0.9834741388043758,0.9163808296840515,0.19175163373551884,0.07421056165520144,1.841291526262e-05,1.778003275683e-05,0.7,1.0,0.1,3,0.9010247694865916,0.8456428288165688
28,2,0.48212606183672735,0.8411750208879951,0.8342949242567039,0.7588710198647081,0.7233542751514083,0.06666531044394622,0.00024248074375802999,0.00020166205735472,0.7,1.0,0.1,4,0.4455591744695556,0.4349670448183902
28,3,0.35573861707975873,0.7580528018093784,0.7483971750327199,0.6727340648851322,0.24808275071344965,0.06666158862767498,0.0001346435340257,0.00011728770241512001,0.7,1.0,0.1,6,0.3534342187936669,0.3455814410125197
28,4,0.33869600027246555,0.7457517894033661,0.7372432619127678,0.6620588522998616,0.08997804233289777,0.07139120470102195,0.00021112586649792001,0.00018403000919503,0.7,1.0,0.1,8,0.3310080305790882,0.334264060012294
28,5,0.33491297692822936,0.7433034837541178,0.7363851441979453,0.6629262902008374,0.05784786369268407,0.07137526724075219,0.00021874404577985998,0.00019273499524264,0.7,1.0,0.1,10,0.3273160423237206,0.3309213152312171
28,6,0.31061406218297005,0.7220818990645785,0.7144377244464055,0.6428129926280098,0.15594512465971136,0.07197289254910036,0.00027919548851784,0.00025684470721952003,0.7,1.0,0.1,11,0.2979103054364239,0.2575993422046101
28,7,0.29733449841414666,0.7103665472142302,0.7039883435702832,0.6349647395526191,0.08226170040165293,0.07262287057033706,0.00024936870562722,0.00024782738050766,0.7,1.0,0.1,13,0.2838242998398386,0.2439155469743597
28,8,0.28313472941472734,0.6970809129100269,0.6919244863774746,0.6244406202055678,0.08575188218400348,0.07288378379423709,0.00024443434749779,0.00023752350362418002,0.7,1.0,0.1,15,0.2720440227653682,0.2376296456660231
28,9,0.24992368581050722,0.6607414125164044,0.6543573570852925,0.5892949999252024,0.14057681691041596,0.0729225359346839,0.00055929140798819,0.00055282137788404,0.7,1.0,0.1,17,0.241442268670231,0.189380837709014
28,10,0.22713983469637078,0.6325526324433789,0.6252350155636236,0.560120147300958,0.1867903356867161,0.07286151630103956,0.00036112573597277,0.00026310483357827,0.7,1.0,0.1,18,0.1777522729896174,0.1825465526812207
28,11,0.2247104723745974,0.6299795197592497,0.6242398257707077,0.5618125791462615,0.06870542843498141,0.07299424802960355,0.0004937021201781401,0.00039408116823263004,0.7,1.0,0.1,19,0.1861128378603717,0.1662663193240718
28,12,0.22411610981312377,0.6292265326349793,0.6234657350507145,0.5685873542325282,0.05303067408887791,0.07303015882942315,0.00035936356615732,0.00026438600952898,0.7,1.0,0.1,21,0.1680248781790462,0.1747277410485497
28,13,0.19579112054201953,0.5874224121465081,0.5801969317779909,0.5234217559914123,0.2668529420150653,0.07586409929126221,0.00037261573298355,0.00027601233970797,0.7,1.0,0.1,22,0.1270299567849102,0.128494509074757
28,14,0.1811673699217604,0.5636248840976168,0.5556342073814096,0.499320261995589,0.1626643716766048,0.07456390422928924,0.00036958454303098997,0.00027108752779825,0.7,1.0,0.1,23,0.119974772866875,0.1176887531571978
28,15,0.1739174528868252,0.5512021666230437,0.5428146048183922,0.48779323084846227,0.10959320097597945,0.07378385329125238,0.00036263087160817,0.00026475312392109003,0.7,1.0,0.1,24,0.1172297641813613,0.1177465459867257
28,16,0.1719155814848067,0.5485558216724521,0.5417638683185706,0.48766415805718927,0.06616535446030612,0.07325808057866391,0.00036590831795504003,0.00026779223216793,0.7,1.0,0.1,25,0.1132712331997384,0.1105610578095136
28,17,0.15921158708645486,0.5239894450488902,0.5163621006213294,0.4662666486703378,0.17480430766248017,0.07383056675403683,0.0003799267373807,0.00028582331672980996,0.7,1.0,0.1,26,0.1299469940175708,0.1533823480484801
28,18,0.1488203117513705,0.5065190908714273,0.5000854154045816,0.4524022022798708,0.08550718177960649,0.06932475797726644,0.00036833199606732,0.00027085414691512997,0.7,1.0,0.1,28,0.0983007804923993,0.0989679792637209
28,19,0.12957103955088037,0.46242365107949285,0.45620448426398486,0.40883443039710277,0.15485438173648525,0.06859242619908504,0.00036981445286687,0.0002727680445154,0.7,1.0,0.1,30,0.0853329534576126,0.0981958973089483
28,20,0.12463149856670173,0.44976008515495414,0.44478121865887177,0.40010318908608844,0.11467428470413767,0.0688456251944767,0.00043287719568873,0.00031483566834792,0.7,1.0,0.1,31,0.0807705801883529,0.0894127658487536
28,21,0.1223977720463831,0.44343844452716097,0.4382435851513662,0.39402619928153376,0.08021294973365992,0.06913786536177373,0.00036982275365481,0.00027633495279922,0.7,1.0,0.1,32,0.077041348137385,0.0922182212574133
28,22,0.12202340757518114,0.443096060367692,0.4395616830741594,0.40145840649019715,0.05131092609135949,0.06913786536177373,0.00036982275365481,0.00027633495279922,0.7,1.0,0.1,34,0.0766462832062675,0.0921726748496572
28,23,0.1202230596606814,0.43647947321844544,0.4343549255321445,0.3932165424367122,0.09142054774289804,0.07067500311093275,0.00050259317468774,0.00040446553740722,0.7,1.0,0.1,35,0.0938315825310635,0.0910860895976099
28,24,0.11846225670028004,0.4321659758416248,0.43157070324814367,0.40366362010254686,0.06202247058038222,0.07065751192346312,0.00047231747555681006,0.00035556358444047,0.7,1.0,0.1,37,0.0848061877900952,0.0897690517343725
28,25,0.11452980305275252,0.4201954152299877,0.41421570884614045,0.39449217324041047,0.09220929483426764,0.06945376058539933,0.00037675188430517004,0.00028105997279528,0.7,1.0,0.1,38,0.0790293938563496,0.0945319273669223
28,26,0.11307557756379608,0.41623126367748553,0.41012681860193073,0.39258076697106425,0.06687963675880661,0.0691267527283583,0.00037253591421261003,0.00027430901274178,0.7,1.0,0.1,39,0.0783369921692539,0.085731041855214
28,27,0.10845033933525186,0.4029094691996264,0.40136368479229534,0.391172506664412,0.07467161544260985,0.06953041530662571,0.00043443157562968,0.00031616009585111,0.7,1.0,0.1,42,0.0733496494734274,0.0804404087067327
28,28,0.10725255170597765,0.3985934740451449,0.3968982610552232,0.39644746077252613,0.054702507013164814,0.06975114600577098,0.0004326469469818,0.00031742588421587996,0.7,1.0,0.1,46,0.0694628645754351,0.0756982766902342
28,29,0.101106254158221,0.3736936497785265,0.37444783927087494,0.3757038400004658,0.18771805145903683,0.07231965775006857,0.00047912835257381996,0.00036375925162371,0.7,1.0,0.1,47,0.071796645211934,0.0739271585323105
28,30,0.09719015720320259,0.3597356532425064,0.360035198180665,0.3602883775927395,0.1167174406920456,0.07180146026989652,0.00048019025797439995,0.00036510640032253003,0.7,1.0,0.1,48,0.0703178029146994,0.0703840696219202
28,31,0.0961459387768593,0.35600393299760863,0.3578472072308198,0.3596518552821931,0.061899416187190776,0.07194603435329627,0.0004809671415003,0.00036617200546485,0.7,1.0,0.1,50,0.0706107181735466,0.0694585017450778
28,32,0.09596847584336779,0.35564375779667934,0.35747890877173716,0.3618716856580223,0.051932053193915514,0.0717779364416109,0.00048139240590774,0.00036662015353001,0.7,1.0,0.1,51,0.0701669898264515,0.0691554011953701
28,33,0.09455246486141726,0.3495625792059753,0.3528549268524059,0.36916761803747505,0.05974937870829331,0.0722615606957528,0.00048303295724205005,0.00036895685682715,0.7,1.0,0.1,55,0.0721984869501288,0.071020894894216
28,34,0.09458591047052323,0.3495448254426719,0.3528349074251888,0.3796802614866028,0.051236064993248544,0.07233369601915193,0.00048266060356346997,0.0003683654057985,0.7,1.0,0.1,59,0.0721240258445767,0.0709091615033776
28,35,0.09458941083480141,0.35021653523200563,0.35520048043652636,0.3868180019202308,0.051288611040302176,0.0723560910212941,0.00048251963085691005,0.00036814028428724,0.7,1.0,0.1,61,0.0720095168239447,0.0707921543977895
28,36,0.09364930788986775,0.3449878125890834,0.3481185519122432,0.410499475293032,0.0546242669258321,0.07263054289737503,0.00048301497491617,0.00036849765531294,0.7,1.0,0.1,68,0.0701249861144102,0.0692712331747808
28,37,0.09342732503459739,0.3461030005492306,0.3526215005746524,0.42578548418373136,0.051407534985594534,0.0723475565835602,0.00048312039513684,0.00036852896223964,0.7,1.0,0.1,70,0.0703565798105664,0.0687310521740389
28,38,0.0936348334946092,0.3455595984835732,0.3503806056673777,0.44594817357313377,0.05143062309210254,0.07266273545119592,0.00048360727172623,0.00036870197316903996,0.7,1.0,0.1,76,0.0702486587164873,0.0694820893392191
28,39,0.09337764519280707,0.3453503409055704,0.3518380068044857,0.46440983518567197,0.053427889730956246,0.07258710893418248,0.00048447062382176,0.00037187130095429996,0.7,1.0,0.1,78,0.0692757997900798,0.0680850488595863
28,40,0.0926508036950506,0.34429139899507427,0.3507645068616449,0.4958582432417745,0.051237018998842684,0.07169646013233526,0.0004844480350353,0.00037087644176848,0.7,1.0,0.1,82,0.0696376747729898,0.0684291498042668
28,41,0.09289664017909986,0.3468546129764863,0.3600876396152095,0.5000132667157365,0.0527306077299776,0.07227509418698873,0.00048322329055096997,0.00036969594522591996,0.7,1.0,0.1,84,0.0699044679876601,0.068613427203883
28,42,0.09267932259326085,0.34635250187637134,0.35957306149532814,0.505203340716696,0.051886936053852264,0.07208979232460724,0.00048360908989267997,0.00036972596094113,0.7,1.0,0.1,86,0.0693118678495482,0.0681475973848531
28,43,0.09278674079763954,0.34676237034199786,0.36166080287242214,0.5301357288900229,0.05249737077177335,0.07242159483589539,0.00048342356103291996,0.00036909652725241,0.7,1.0,0.1,88,0.0694244340393998,0.0682980332755154
28,44,0.09244801069278491,0.34250930646904093,0.35224270115505324,0.506727777765394,0.054267784319705976,0.07271290917687909,0.00048978928695665,0.00037276512619064,0.7,1.0,0.1,92,0.0688434466091225,0.0661779152580388
28,45,0.09241880900361607,0.34379577567342956,0.356916024453035,0.5535838921296806,0.05150358616850218,0.07271225664244621,0.00049083845839402,0.00037131850560657997,0.7,1.0,0.1,100,0.0686959680362627,0.0660705132451964
28,46,0.09239132675063169,0.3443815585197773,0.3591932945083978,0.6021976901033383,0.051525884908886634,0.07271378031361884,0.00049087804743658,0.00036922032097394997,0.7,1.0,0.1,106,0.0682917236012972,0.0652951352656023
28,47,0.09227167196170588,0.3445951877324025,0.3610861969311037,0.6160553724800575,0.05220783643167333,0.0727001475962735,0.00049262681369823,0.00038376819653945,0.7,1.0,0.1,109,0.0686451191035548,0.0648787738973333
28,48,0.09207107178422669,0.344369056808832,0.36085895607593627,0.6187679395393018,0.051389232418397754,0.07242964566169038,0.00049090116087222,0.00036595277350007,0.7,1.0,0.1,110,0.0672674474455608,0.0635833485886112
28,49,0.09144651014315223,0.3449635196921761,0.36483606613026087,0.6327423152625391,0.05086695875304342,0.07162904842621022,0.00048501440633487,0.00037142568162454,0.7,1.0,0.1,116,0.0674352257680124,0.0658111324531298
28,50,0.09233183471991746,0.3499798979776022,0.3800210375439259,0.6626629575001283,0.05171774692875432,0.07294369972832054,0.00048314128163348,0.00036921726989101,0.7,1.0,0.1,121,0.0670517386529339,0.0653881795135136
28,51,0.09200433974980085,0.34740738339783916,0.37235640447519325,0.6712042607182555,0.05168671377746635,0.07252894469664464,0.00048396826136883005,0.00036807579878192,0.7,1.0,0.1,123,0.0671224014772729,0.0657861624922883
28,52,0.09190972721420086,0.3490129709237825,0.3790303884967656,0.6731215499631124,0.053971841835726564,0.07257304813727175,0.00048504859243545,0.0003687254309558,0.7,1.0,0.1,124,0.067795558191145,0.0663281041162021
28,53,0.09189702007819851,0.3485232919768371,0.3785199634652089,0.6755775118222764,0.05446323493367563,0.07275794296809121,0.00048651066239446003,0.00036814438790724,0.7,1.0,0.1,125,0.0672575898933317,0.0654004606690559
28,54,0.09178292406972426,0.34602547536026207,0.3709240089059205,0.6695037198592808,0.05308316443839255,0.07270826003519834,0.00048641973336804,0.00036820344409949004,0.7,1.0,0.1,126,0.0672522422108614,0.065036058707709
28,55,0.08985576230023222,0.3415368165502976,0.367987347942698,0.69061413072267,0.052690415415927415,0.07143115900289157,0.00047849870822572004,0.00036569401330997,0.7,1.0,0.1,136,0.0672128830214212,0.0663200864705577
29,0,0.9782154836547555,0.9944993412263973,0.994315436863031,0.9284512385860019,0.0,0.0,0.0,0.0,0.7,1.0,0.1,1,0.997363076944648,0.9690355652243152
29,1,0.7111029798131961,0.9469090355362726,0.9418876928511429,0.8730650071972507,0.28069131769626177,0.06659518255151775,0.00041527795992107994,0.00042933168584302004,0.7,1.0,0.1,3,0.6052539242881055,0.6528001122932099
29,2,0.4785854319772748,0.8391724791451101,0.8322261093669284,0.7566557189577536,0.560465026142407,0.06665410249497442,0.00022731326924467,0.00022661837312929002,0.7,1.0,0.1,4,0.4791244244493751,0.4433163387834061
29,3,0.3754770259599284,0.7786168603756489,0.7679691345830874,0.6904961410297519,0.36855865196399096,0.06664964981318139,0.00034695199087734,0.00041488166324595997,0.7,1.0,0.1,5,0.4116804061800664,0.2491603361606535
29,4,0.3084568438445314,0.7183804074341392,0.7073904106766906,0.6272606871572746,0.1795197398079673,0.06664964981318137,0.00034695199087734,0.00041488166324595997,0.7,1.0,0.1,7,0.342876966011525,0.246836936211251
29,5,0.2750171486179279,0.6865542722024781,0.6760482661232148,0.5956599347921085,0.13860436128635056,0.07160558201558091,0.00055260910046225,0.0006608043439811,0.7,1.0,0.1,9,0.314964361600715,0.199626480349205
29,6,0.27431129838196705,0.6865158807183238,0.6776787598072973,0.608518090903079,0.05208460591256573,0.07160442738472048,0.00059508865257715,0.0007770534889254899,0.7,1.0,0.1,12,0.3253457095345872,0.1859208970712055
29,7,0.26431245012083915,0.6737818803712642,0.6609857126979531,0.5914460462317083,0.1390550922334066,0.0801028055853872,0.0003455576270674,0.00041406625609193004,0.7,1.0,0.1,13,0.259676440120517,0.2034647790121464
29,8,0.25781692419807023,0.6678964197307663,0.6582819595404339,0.5893499884535764,0.0855633575275826,0.07813308676105495,0.00065138347673099,0.0007804301451494399,0.7,1.0,0.1,14,0.2830091471442484,0.1952002404401173
29,9,0.2542222283210712,0.6641221135459305,0.6543902767784628,0.595417780516275,0.06453701385252518,0.07820112159253037,0.00036967887648695,0.00048020184252718005,0.7,1.0,0.1,16,0.2192559682377981,0.1801531058629042
29,10,0.24075182483803304,0.6483982995653104,0.6397971127817881,0.5720015149443449,0.1373454691208158,0.078420524742751,0.00065016583041443,0.0007799886410010699,0.7,1.0,0.1,17,0.2828134977671495,0.1583920158569645
29,11,0.20723212820159762,0.6011403633124549,0.5860095318062556,0.5221876396615046,0.15751615073403502,0.07600869551698904,0.00038421558229781,0.00046738536521986,0.7,1.0,0.1,19,0.2023148366461202,0.1865480279159868
29,12,0.20139179662082915,0.5928298248630415,0.5790788638322257,0.5210841244672174,0.06932516317377761,0.07661659402228359,0.00038171556516598,0.00047978015183637,0.7,1.0,0.1,22,0.213690522198169,0.1748422848644972
29,13,0.18329417991541444,0.5642846285334217,0.5527790249743706,0.4941246878935395,0.23761724885754473,0.08248771728763944,0.00055827807774613,0.00067263604402515,0.7,1.0,0.1,23,0.1696360177645267,0.1126686691750048
29,14,0.16595231498019034,0.5311370496619653,0.5218857071866252,0.47149648498627145,0.13464846572204067,0.08167267358335385,0.00056629831836741,0.00067623092155049,0.7,1.0,0.1,25,0.1589716926976418,0.12539538991565
29,15,0.14996784237478905,0.49764396625765733,0.4856514854351708,0.4456696869748855,0.13121098176977286,0.07952638867905935,0.00055226961244404,0.00065870408046541,0.7,1.0,0.1,27,0.1380841802333682,0.108926622291585
29,16,0.13254783436377038,0.4590998662275808,0.4459084436981949,0.397285863164369,0.22755545384476053,0.07570005395695831,0.0005401114711609,0.0006783125371509901,0.7,1.0,0.1,28,0.1144680782742744,0.1192149660717542
29,17,0.13082778127060637,0.44923174398505983,0.4372636743747755,0.39119987265980105,0.09147926076251545,0.08076134844683305,0.00054407532811705,0.00067740623103706,0.7,1.0,0.1,30,0.1066147974550088,0.1149810391408262
29,18,0.12907494770816097,0.44201525753141396,0.4281055150194565,0.3930780117231932,0.06684601842914437,0.08197901175636622,0.00054417665696619,0.0006549560190965799,0.7,1.0,0.1,34,0.1079237860082448,0.091596282150507
29,19,0.1270368309497621,0.4374515341042459,0.4250717310806998,0.4022638197085653,0.06966308161480546,0.08148437215768439,0.0005694000066248899,0.0006892723981442699,0.7,1.0,0.1,36,0.1113495084087682,0.076980516920225
29,20,0.11929487369550003,0.4118135351106303,0.4018627509708526,0.3735204634098103,0.20027350624047296,0.08394809860868944,0.00056665819501174,0.00067848076409861,0.7,1.0,0.1,37,0.1044894896140175,0.0656027483713736
29,21,0.11458134875189596,0.40443247686521394,0.39269564123602774,0.3696898294294323,0.06133753852155521,0.0783993574229296,0.00049140963602177,0.00059260226002879,0.7,1.0,0.1,39,0.1027572616392495,0.0762862834617055
29,22,0.10558861335118175,0.36438569461612486,0.3512063824278278,0.3293065831024532,0.26770475657704607,0.08278105759570888,0.00051349448834149,0.00061407626766296,0.7,1.0,0.1,40,0.0875308412197411,0.0660620369069896
29,23,0.10558261680198036,0.3643658503524128,0.35118591711901664,0.3384987635676936,0.058550382396596136,0.08277921521347086,0.00051354284544723,0.0006141391457958601,0.7,1.0,0.1,43,0.0874298804955809,0.0664450600175609
29,24,0.10564265185770862,0.3633730241952764,0.35014574885671895,0.3419613053873618,0.06237675422559899,0.08338166202479183,0.00051467599050637,0.00061553605538575,0.7,1.0,0.1,45,0.0861664033796801,0.0666497945019949
29,25,0.10565630214192454,0.36335431908778393,0.35012559080084654,0.34424149317239977,0.05917896201049945,0.08341676888181239,0.00051485176474538,0.0006156980104911599,0.7,1.0,0.1,46,0.0861138972775131,0.0665556702867919
29,26,0.1040725222878666,0.35911989781044684,0.3474363651349522,0.3410261717516484,0.08033104439025432,0.08278037184643465,0.0005156587165832699,0.00061657207883847,0.7,1.0,0.1,47,0.0841230794737545,0.0664398949327713
29,27,0.10354474327478312,0.3577947938458891,0.34607568736962996,0.34427356002020437,0.06342093255705394,0.08241342262424879,0.00051173483699784,0.0006121658006159501,0.7,1.0,0.1,48,0.0852195081952272,0.0629014927766127
29,28,0.10333538521990179,0.3575060007603671,0.3474474208076963,0.35019748482803736,0.06000786254538029,0.08248350457034069,0.00051445754089008,0.00061496584241886,0.7,1.0,0.1,51,0.0833655676033175,0.064190429166498
29,29,0.10210656319587048,0.3521767855973664,0.3402719786865839,0.3474351501095265,0.08005067814151899,0.08232012639511313,0.00051223894372218,0.0006152232850990299,0.7,1.0,0.1,52,0.0812886570581767,0.0647152152458703
29,30,0.1013917432082762,0.35065109310948384,0.34037474429591935,0.3544616181424022,0.06283739078166883,0.08199567558432344,0.00051341427208082,0.00061635271719002,0.7,1.0,0.1,54,0.080093052784511,0.0653107738043058
29,31,0.10129325033297316,0.3491449816370657,0.34213542558146104,0.38249522861006036,0.06134934577465573,0.08308140654448783,0.00054813415954975,0.00065362378215956,0.7,1.0,0.1,61,0.0788268199450136,0.0653007730331215
29,32,0.10015490244436218,0.34566588142253835,0.3335599986709603,0.37777910746279564,0.05793053101234437,0.08159694498278107,0.0005207744442000701,0.00061617427103981,0.7,1.0,0.1,67,0.0784824876819852,0.0661994611853417
29,33,0.10205432748676717,0.3525097568865744,0.35227267207450774,0.39267201372394833,0.05960886690457675,0.08426276141095572,0.0005505936302723699,0.0006558184291116899,0.7,1.0,0.1,68,0.0793841188367888,0.0662767467306809
29,34,0.1002040183207369,0.3463864974310628,0.34762703131286893,0.395286664956685,0.07509597245037038,0.0838155259090475,0.0005511343660925801,0.0006573836017325101,0.7,1.0,0.1,70,0.0773677894298762,0.06714094080281
29,35,0.09929562611365553,0.34330210205285977,0.3427828557305089,0.41039062492069783,0.061189008241828845,0.0831613288241392,0.00055180386679114,0.00065921452916913,0.7,1.0,0.1,74,0.0772721136359774,0.0687334841573032
29,36,0.09902945808407744,0.3421398707466123,0.34324665006258176,0.4061032698019332,0.06238891465019911,0.08346751353475249,0.00054874018275286,0.0006517412239262,0.7,1.0,0.1,77,0.075892770412996,0.0663229692629183
29,37,0.09830419260056104,0.3390673810051023,0.3400724007606083,0.4127793926393036,0.06271459349528913,0.08342488456131933,0.0005491984037577201,0.00065227222816476,0.7,1.0,0.1,81,0.0764222232945067,0.0664383653817961
29,38,0.09830457947535291,0.3389531942070273,0.3399533371061717,0.40257530735368996,0.059267032794949076,0.08347080217863213,0.00054877529931258,0.0006519780865652501,0.7,1.0,0.1,84,0.075835356768894,0.0660077284156416
29,39,0.098197371329373,0.33942193419693023,0.34211195281821105,0.42792969195994424,0.059813318051670915,0.08337317225378453,0.00054896349692306,0.0006524736695041899,0.7,1.0,0.1,85,0.0764369219394138,0.06639630647153
29,40,0.09822757834466002,0.338662929645499,0.3396538402521696,0.4022557125821144,0.05915624118438575,0.08345039115686795,0.000548837080274,0.00065214226717415,0.7,1.0,0.1,89,0.0760286370889455,0.0661137591467791
29,41,0.09724356965051305,0.34097502652777767,0.3554288722818454,0.47859928166677845,0.06035010057756716,0.08301312542130128,0.0005487605592696001,0.00065845613264693,0.7,1.0,0.1,98,0.0797213877081758,0.0543420600026954
30,0,0.9675484834828315,0.9917618205176867,0.9914863174706656,0.9243356994067182,0.0,0.0,0.0,0.0,0.7,1.0,0.1,1,1.042541689750868,0.9583663595833904
30,1,0.9545098461722553,1.0170020167472218,1.0162648304558475,0.9506742254231989,0.07252764824156412,0.05577438601762007,4.725021336606414e-06,4.659478732170196e-06,0.7,1.0,0.1,3,1.0075292886188558,0.8703492793231564
30,2,0.47443696441353367,0.8368455264624585,0.8298191785446615,0.7540739273231123,0.9591303043748368,0.06665916873345815,0.0002857003478768,0.00025548363076025,0.7,1.0,0.1,4,0.4921799022868481,0.4230810407161625
30,3,0.3521457708819878,0.7552434327209219,0.7454941865249853,0.6696254073303854,0.2442570121626184,0.06664468460104264,0.0001380303396133,0.00011075988136486002,0.7,1.0,0.1,6,0.3682487020019215,0.3453940831470415
30,4,0.3515685660621139,0.7565001834606577,0.7483027384305458,0.6747267152481636,0.06207710091050534,0.0733788667667966,0.00026283229308702997,0.00021090489006063,0.7,1.0,0.1,8,0.3458457673597905,0.3515577406304904
30,5,0.3397315100339635,0.7464238306311111,0.7379731605775746,0.6655568802502388,0.08586901161095871,0.0698665925868983,0.00022176962254522002,0.0001764177594426,0.7,1.0,0.1,9,0.3488957671242574,0.3447733270491286
30,6,0.3362941141427411,0.7436231591947952,0.7350696999803067,0.6581595815164504,0.05687128037312235,0.07028768534258198,0.00020074925113382002,0.00016445986590677,0.7,1.0,0.1,11,0.3436888821925312,0.333840041099116
30,7,0.31904308710552187,0.7295633576304066,0.722201999262712,0.6534011646954416,0.07405124607862744,0.07069362563254736,0.00020613562348892,0.00017908278233179,0.7,1.0,0.1,14,0.3211595651054204,0.3128346899357477
30,8,0.31620816858748757,0.7271302165991376,0.7196611392792088,0.6562518158436156,0.06613783862824953,0.07183823830233306,0.00019458680836714,0.00017051945694617,0.7,1.0,0.1,15,0.3122329524806089,0.3094212918145912
30,9,0.3108950252141181,0.7223256186833527,0.7146967642219112,0.6509354910453926,0.0736454440141938,0.07181265961275685,0.00018667331717752,0.0001560764360842,0.7,1.0,0.1,16,0.303327325109659,0.3005044523491431
30,10,0.2823460614449385,0.6955500205385666,0.6886998569868076,0.6255597055392301,0.1833970838053787,0.07170425033964442,0.00019798961520476,0.00017832570276650998,0.7,1.0,0.1,17,0.2616442022128045,0.2549606763591288
30,11,0.27796025868821644,0.6930447021443752,0.6861805841331402,0.6250181712955322,0.05969874343387429,0.06875073772405489,0.00017235519459526,0.00022773566232488001,0.7,1.0,0.1,18,0.2911210446674125,0.2200155284687617
30,12,0.26257618511541886,0.6738285541464303,0.6645445614133699,0.6008902527096114,0.1473133139243092,0.07326506387526295,0.00016689462172247998,0.00019244296395382,0.7,1.0,0.1,19,0.2334339759126001,0.2336744494619703
30,13,0.2246089634233839,0.6293333266318082,0.6219203018188767,0.5606081954245887,0.2713147063947872,0.07251572765757867,0.00023163930749081998,0.00031557596530096,0.7,1.0,0.1,20,0.2121076347706882,0.1881230566492773
30,14,0.22124785231348396,0.6248390687945523,0.6172757760835432,0.5556320975971688,0.061919946455849466,0.0725150610127184,0.00023215256281105,0.00030856568364239997,0.7,1.0,0.1,22,0.2070648771923344,0.1844979734480502
30,15,0.2199749123013664,0.6231220472590339,0.6155016989311789,0.5537346537216059,0.055156971492254264,0.07250371200243487,0.00022836155747323002,0.00032100284944668,0.7,1.0,0.1,24,0.2068883534783891,0.1814328248095823
30,16,0.18772244159698495,0.5762743998718932,0.5720554289198893,0.5291372738728293,0.07962345531341448,0.07431655286321685,0.00037058441429474,0.00053418721753005,0.7,1.0,0.1,33,0.1779707894344627,0.1561603314076524
30,17,0.1877098994135028,0.576253267781996,0.5720335918287349,0.5291138289937405,0.05249598502331944,0.07431655302970384,0.00037058437429608,0.00053418717820313,0.7,1.0,0.1,35,0.177951723571974,0.1561634930922301
30,18,0.17300915101358733,0.5466500960338722,0.5396393244286432,0.5106260865640908,0.08809970052102056,0.08008587516067191,0.00023140516987757003,0.00020041223803087,0.7,1.0,0.1,40,0.1365566447997158,0.1594371727257192
30,19,0.16611616022736264,0.5356746833724249,0.5300268534668434,0.4978713414675973,0.06659061326769736,0.0774634978566247,0.00030825877014171,0.00044361231606642,0.7,1.0,0.1,44,0.1385461874716256,0.1475727172788923
30,20,0.15550784979079144,0.5118133333531119,0.5036527461902544,0.4720926165120052,0.11509936644994394,0.07935285701774267,0.00027838565647524,0.00035342135749301,0.7,1.0,0.1,46,0.1290876153512128,0.1481729303645874
30,21,0.1502036899308664,0.5019443913957985,0.49680884116874174,0.47221858319756355,0.08207611282643168,0.07882238446582737,0.00031138726297915,0.00039658116685507,0.7,1.0,0.1,48,0.1293097669009175,0.1334499144273139
30,22,0.14629812213856502,0.4911580754611497,0.48230709933879806,0.4492280951466198,0.07938949781987847,0.07931365881128541,0.00029428854514540004,0.00038195700627657,0.7,1.0,0.1,50,0.1233406983581864,0.1351138427080356
30,23,0.1431183942627555,0.48519889249483084,0.47949663446261703,0.45904956079693526,0.09088712441913514,0.07908246296177807,0.0003308079807841,0.00040030978097437,0.7,1.0,0.1,51,0.118487343622643,0.1260629660087343
30,24,0.1402667630026309,0.47883462200350047,0.4729326815670379,0.4466584438536383,0.08436965322684103,0.07852679057284392,0.00032466884477917003,0.00042495967920896,0.7,1.0,0.1,52,0.1220879427679162,0.1232057095257888
30,25,0.13980351462869975,0.4776736373201839,0.4717328433291735,0.44536965575441834,0.058115879662276194,0.07853396813027165,0.00032115859739198,0.00041921164756425,0.7,1.0,0.1,54,0.1216492834515168,0.123367789352736
30,26,0.13992255098376388,0.4781687295471979,0.47390515115418574,0.4481413798283772,0.05829215157036261,0.07898528339452623,0.00033974212147905,0.00044395323950494,0.7,1.0,0.1,55,0.1203164893303767,0.127295702767704
30,27,0.13992130989202417,0.4781656459765465,0.4739019637534225,0.4498556273605201,0.05568834359987811,0.07898528339452625,0.00033974212147905,0.00044395323950494,0.7,1.0,0.1,56,0.1203168467846983,0.1272907748911987
30,28,0.139523962382499,0.4771930918040101,0.4728971747641589,0.46009200738386735,0.058007504521726476,0.07896760531143517,0.00034255337959404,0.00045343831514715,0.7,1.0,0.1,58,0.1196402593439216,0.1216708180613623
30,29,0.13949213715841433,0.47884460108381066,0.4796110251605782,0.478418711559766,0.05768290028524441,0.07930055512545234,0.00036245790332509,0.00051479061183757,0.7,1.0,0.1,60,0.1157656019389903,0.1236678961789195
30,30,0.13927702827361288,0.478400179683175,0.4791538159375464,0.4779335452459435,0.05678971806877111,0.07923283861936695,0.00035114667299966,0.00048165551062459,0.7,1.0,0.1,62,0.1172869994108741,0.1246605388357917
30,31,0.13550535071068887,0.4686238577199576,0.4690470734701344,0.47200498153769166,0.07993056735959478,0.07924502815848614,0.00043591850708537004,0.00060002954750098,0.7,1.0,0.1,64,0.1101263469336061,0.1227447491857414
30,32,0.13376578291098118,0.46404394407285016,0.46431366681802894,0.4718382162533551,0.0671071101524565,0.07924659624468978,0.00044486693013342,0.00060326280727779,0.7,1.0,0.1,66,0.1070626409428579,0.1198246108900919
30,33,0.13323265704749931,0.46251815894642956,0.4627346344144472,0.4750475759589584,0.06376727671049064,0.07928776526526599,0.00048198537646665,0.00061074564175535,0.7,1.0,0.1,67,0.1058408086988519,0.1176782044285135
30,34,0.13299430711494206,0.46348198221520065,0.4670782595116017,0.4791125022222177,0.05756996818539647,0.07918280014012244,0.00044452007879589,0.00060362590650393,0.7,1.0,0.1,68,0.1052097232835749,0.1177034971831649
30,35,0.13062066808709824,0.4555620434719097,0.45720614036101553,0.4806438138860548,0.06880229285512798,0.0797477414306125,0.00051822759675487,0.00052769035086383,0.7,1.0,0.1,71,0.1021345898564037,0.1150926562307807
30,36,0.13044082542852026,0.45572514702847317,0.4590456773717243,0.492630738701725,0.05734677647796232,0.07978370625905272,0.00051829986440388,0.0005550848463728899,0.7,1.0,0.1,74,0.1022830080802842,0.1181419895452996
30,37,0.13034256407750544,0.4554320449858184,0.45874237127689427,0.49193309556348336,0.057912188508395,0.07976346196878134,0.00054041960682683,0.00059828232685274,0.7,1.0,0.1,75,0.1119736236841161,0.1122780543076078
