Run,Equation_Index,Hybrid_MSE_Train,Hybrid_AIC_Train,Hybrid_BIC_Train,Hybrid_MDL_Train,Hybrid_PSM_Train,Extrapolation_Divergence,Sensitivity_Interpolation,Sensitivity_Extrapolation,Lambda1,Lambda2,Lambda3,Complexity,MSE_Test_Interpolation,MSE_Test_Extrapolation
1,0,0.6431445611099564,0.9015169278652524,0.8356772624440771,0.0037126713552783843,0.0,0.0,0.0,0.0,0.5,1.0,0.8,1,6328.096169968375,6994.644494371916
1,1,0.6660161159086211,0.9325235824970102,0.8659338586362273,0.04209259121099054,0.050680064675847514,0.07039654402387599,7.806692045648e-05,0.00013697358343827,0.5,1.0,0.8,3,5988.334115031348,7123.986898293119
1,2,0.6901141007883076,0.9693307396553698,0.9015230767588043,0.08767931652968092,0.12901335166403427,0.09060127439829212,0.0091878115898059,0.0310215930538905,0.5,1.0,0.8,4,5541.561691482352,7255.523004847028
1,3,0.5880399563448303,0.9690869833846472,0.9029884207536313,0.13867498017958219,0.594249520566302,0.08608014532280392,0.037754940592171035,0.06624354432282525,0.5,1.0,0.8,5,3183.3390862262377,5428.108192069795
1,4,0.49300009489448327,0.9235511500818183,0.846557383296284,0.1555388902681692,0.3740415314991611,0.08715372352446393,0.03578175785990424,0.09064373180715052,0.5,1.0,0.8,7,2916.637912065059,4295.217858363379
1,5,0.4423989150052013,0.8837946219033304,0.8027679523419282,0.14229574154324445,0.2179543696658393,0.08522860632137344,0.03237754745738189,0.0758421823322363,0.5,1.0,0.8,9,3479.8286901760102,5252.9572115475
1,6,0.4103977114507418,0.8545792757083279,0.7722187701865281,0.12566630556776007,0.14138254591765156,0.08686426714277859,0.02421155478876639,0.058243792536460746,0.5,1.0,0.8,11,1969.510719611833,14168.621696157705
1,7,0.49366863417564893,0.9633660187750502,0.9052749389261696,0.2478680726782333,0.24604231264971727,0.06961382854085116,0.07961248014655367,0.1203867853968057,0.5,1.0,0.8,13,6025.922933094537,2837.234247564664
1,8,0.4254800745776648,0.9025022576228244,0.834576085869647,0.2460482167284715,0.40788131599973154,0.08778278626872223,0.06816162640984876,0.11905124568726648,0.5,1.0,0.8,15,6104.772428213506,2931.9946852391963
1,9,0.3641709645252076,0.839150975613249,0.7663422688979644,0.21565051114328,0.2719776283665865,0.09448723930713147,0.05267517347891999,0.09066753724761331,0.5,1.0,0.8,17,4136.610689480518,2444.241596441336
1,10,0.34206553242097354,0.8168680049536745,0.743828338090682,0.20183417471285017,0.15622915202894927,0.09429890356130172,0.0439067459915396,0.07557799468644245,0.5,1.0,0.8,19,4022.337182298674,2484.484196781635
1,11,0.3419988102618925,0.8167438592416981,0.7436315387561361,0.2106646229739829,0.15477802029997306,0.09464086037260197,0.044004581112847704,0.07561678649543188,0.5,1.0,0.8,20,4098.875606357978,2602.981852046018
1,12,0.31314172852118954,0.7955737518432424,0.7319266318722446,0.19588907087729457,0.2850345652937476,0.06694121964413095,0.04789383163483514,0.07340421343075873,0.5,1.0,0.8,21,8243.15895072625,2891.007060490753
1,13,0.30456153963475013,0.7822849417774778,0.7153934095261172,0.20562386726418197,0.21155311441421626,0.06452042684996505,0.05053354115424685,0.0786871066013645,0.5,1.0,0.8,23,5804.317986028517,2561.1076596304165
1,14,0.29625774854063547,0.7791002742364503,0.7218067783338031,0.21694500263795896,0.2206881953542874,0.06725936895691631,0.05307042461009097,0.08065266642590944,0.5,1.0,0.8,25,8550.443150440198,2987.713378159697
1,15,0.2712296718399938,0.754698020474459,0.6974704359575672,0.19700179447074628,0.12896646532597025,0.060032704332071564,0.04498105583043374,0.06429631857883497,0.5,1.0,0.8,26,8506.460303215252,2599.891414294479
1,16,0.277184298971069,0.7635003647617721,0.7156142304584946,0.22180251782628863,0.21728090579333575,0.06737390496356062,0.050302563321812446,0.07676158457758693,0.5,1.0,0.8,28,7899.006476560658,3458.1028734563743
1,17,0.2593900205150982,0.7311271883760505,0.6688221318930142,0.21124433257375508,0.19037522649544014,0.06046706269023414,0.0455651295012439,0.07089253276310303,0.5,1.0,0.8,29,7307.2914297927155,3450.47873264765
1,18,0.2523232430473471,0.7334386940516899,0.6833969332899009,0.21287839655640428,0.1579729900026957,0.06317868308554267,0.04327296166906976,0.06632718810440483,0.5,1.0,0.8,30,7444.055630945647,2903.1022254951195
1,19,0.2323589889345886,0.7080936071354128,0.6559794380227213,0.20663075191522298,0.15693983022780497,0.059957544601741644,0.03804820873790406,0.05831673333570808,0.5,1.0,0.8,32,7690.131884198636,2902.542296279419
1,20,0.23596333189223592,0.6991677547556223,0.6335613427583585,0.21475191896589002,0.1399257376844342,0.06146520355142734,0.03848626016783568,0.06326398096829186,0.5,1.0,0.8,33,6782.236656136689,3256.3461289250727
1,21,1.083023207311096,1.5523086491878706,1.4978718618316893,1.0677901411555215,1.0470829570325053,0.22240865263609472,0.07456081609656842,0.9833654893288228,0.5,1.0,0.8,34,10116.158741711388,9425.6006087327
1,22,0.6940478867064224,1.1699627877054413,1.1269283108848673,0.6910395673907586,0.6216002624943353,0.1963333460057572,0.06085074162586753,0.5365285964307359,0.5,1.0,0.8,36,8498.607852504074,6007.443138355504
1,23,1.4679670984568407,1.917928844721508,1.8477593254520523,1.4770851468269155,1.3875916746841277,1.0,0.06523617060562044,1.0,0.5,1.0,0.8,38,8595.839919872722,3256.0590994238555
1,24,0.27119034594057434,0.7604301642414657,0.7501118844241241,0.3167016924007109,0.21180865196675144,0.08233903764238659,0.08001992589021881,0.07575837822468653,0.5,1.0,0.8,45,9570.20142699098,3727.4786944710913
1,25,0.2710121053989336,0.75914015045266,0.7484977250158488,0.32384388104725204,0.18901011763011827,0.08248298454782312,0.08033144730423707,0.0760324314315203,0.5,1.0,0.8,47,9561.31839213575,3748.201384023275
1,26,0.2552829620815006,0.7430014194282046,0.7322401307667737,0.32058154361192087,0.16937722497468255,0.082925847906852,0.07142012837977599,0.06758902303055792,0.5,1.0,0.8,49,9705.557712532089,3583.84311730946
1,27,0.25388928128921573,0.7501894407779528,0.7516730161260196,0.3295365004191654,0.18275953144191734,0.08360309937819582,0.07145233453696716,0.06762018453558188,0.5,1.0,0.8,51,9633.119897299764,3832.613140724848
1,28,0.4777404813108025,0.9229038287821107,0.8805661579444224,0.5854481664680375,0.4345807953543989,0.07960217787318763,0.0762951440958279,0.3571557527165796,0.5,1.0,0.8,57,11337.079588677689,2807.411987883761
1,29,0.7900864326919481,1.2155903488246274,1.1682134430471836,0.9280181236419722,0.7650346751112556,0.08106124930614911,0.3941157483763453,0.3616075932949225,0.5,1.0,0.8,62,10611.275908947067,3156.212082844278
1,30,1.2109995140829994,1.6340476278737954,1.5860580519097058,1.377494312694341,1.1496025900798479,0.04868662016451417,1.0,0.15203045976979565,0.5,1.0,0.8,69,15390.119064109016,5234.998447289922
1,31,1.2102186642335888,1.6426346765213997,1.607197310904752,1.3870118601112893,1.1549430456228313,0.04868662016451417,1.0,0.15203045976979568,0.5,1.0,0.8,71,15325.56946086114,5317.958188428599
1,32,1.2078685168343646,1.6314837773644904,1.593913054917698,1.3878076952817582,1.234180364582881,0.048223615806930534,1.0,0.15395268687471766,0.5,1.0,0.8,72,14354.33883738282,5603.154041790418
1,33,1.2023106398121954,1.6314003038988962,1.605464172154825,1.392941196985434,1.199831780053968,0.04682894195388049,1.0,0.1506839648550253,0.5,1.0,0.8,73,14033.516645459458,5768.7992379947145
1,34,1.204279239752541,1.6051279488887964,1.5518226532186212,1.3807511484410626,1.2036910387441173,0.04985681517443951,1.0,0.15394823923374373,0.5,1.0,0.8,74,14199.007979697251,5958.761703516523
1,35,1.2033837646258492,1.5921337292499325,1.5360408871897218,1.3988080872280682,1.2082148958802712,0.05259758585790013,1.0,0.1563385755862911,0.5,1.0,0.8,76,13608.983603749535,10557.362024724212
1,36,1.2146233161554192,1.6086609182000435,1.5642297458990508,1.4217403280712189,1.1918089060000656,0.05531690885933398,1.0,0.171064896628484,0.5,1.0,0.8,78,15295.48919162837,10769.357200950337
1,37,1.2017551393574488,1.593497678022059,1.5485511159321175,1.4193237250655881,1.1628672389221928,0.05432870342182962,1.0,0.15649034136385828,0.5,1.0,0.8,80,14951.993003528318,10700.82117029474
1,38,1.2028085681866894,1.5957636319069306,1.5615911532556297,1.4322691005214445,1.2023004893422713,0.05797600404662551,1.0,0.15928862967679264,0.5,1.0,0.8,82,16003.337898775764,10502.06654939472
1,39,1.7886130561577693,2.176106876709345,2.1407433791463237,2.0331835004916905,1.7556188713277232,0.05571669957406722,1.0,0.8948226695707007,0.5,1.0,0.8,86,15231.715914005686,10844.247982604322
1,40,0.7818068291045087,1.202555584158861,1.20611563460422,1.1413302626581852,0.7371471254425862,0.0661805909372731,0.5654521921967686,0.17308266905381714,0.5,1.0,0.8,109,8794.23912938791,6105.388259922191
1,41,0.8259491891200093,1.2375878181909403,1.24977993586769,1.1920213907893218,0.8754879675414138,0.06430040164345995,0.606978443581796,0.184019977407528,0.5,1.0,0.8,111,7629.1723900761235,4026.613259309728
1,42,0.770337249606915,1.1615581283835366,1.1694773752517116,1.1533003328689133,0.8223332335759721,0.06452051292783784,0.565477679868593,0.1719090751502868,0.5,1.0,0.8,113,8002.092321554922,5975.318973310629
1,43,0.8186208670888526,1.1935494395682564,1.1981287297195298,1.206798994898019,0.8548633443591285,0.06408639203656533,0.6075460840007654,0.1839619043273429,0.5,1.0,0.8,115,7821.334746314828,5828.936375085071
1,44,0.8037827061188362,1.1753638312927086,1.1792634232780086,1.2106827439716479,0.7864426592814346,0.07182533387814435,0.5969167829397948,0.1746410799449818,0.5,1.0,0.8,117,7785.010282005525,5780.627814053751
1,45,0.766130085642426,1.126314192537456,1.1171745575795349,1.165654519634402,0.7364285444604027,0.0630730899135597,0.5655597693154502,0.1722834061548893,0.5,1.0,0.8,118,7717.383181209467,6380.580817986641
1,46,0.8032258299942294,1.1832375087154925,1.1995767223532103,1.2178224615717683,0.7937751146965141,0.07167941566676861,0.5969077681291042,0.17467417396276264,0.5,1.0,0.8,119,7759.938739131021,5795.820228316348
1,47,0.8015913411374099,1.1772501171099792,1.1927115185797805,1.2202107477076933,0.7895283586545857,0.07057650009246734,0.5969537311790373,0.1742293496052767,0.5,1.0,0.8,121,7632.205486952586,5949.759447132623
1,48,0.7964983173671754,1.1344190011651611,1.1208148491378094,1.2082542709163568,0.8316075559168488,0.06650794194549045,0.5984506958869104,0.1717405068295211,0.5,1.0,0.8,123,7984.945537069683,4988.933585259872
1,49,0.7918768404365725,1.118353305554401,1.1132917040565198,1.2159518042022328,0.9496562610460316,0.06767943010790248,0.5973551027114148,0.17082892334064634,0.5,1.0,0.8,124,7757.031193723972,4877.755047992804
1,50,0.7918704657636917,1.1114675068200395,1.1050665869825613,1.2346243308823495,0.7824418061611379,0.06843061272326284,0.5973402701262337,0.17154670707745423,0.5,1.0,0.8,128,7674.260760413978,4803.362045408829
1,51,0.791080813630934,1.1075562316653103,1.1005494578901662,1.2413102449730877,0.780782754387978,0.06836212322771083,0.5973720569695685,0.1710822624681979,0.5,1.0,0.8,130,7676.614758570559,4894.02812137863
1,52,0.7917727063269153,1.089623059220761,1.0681808228116672,1.2416456651227494,0.8286102750890294,0.06757676996377623,0.5978491951800959,0.17303938638336755,0.5,1.0,0.8,131,7554.579755984851,5012.347098535693
1,53,0.7841116427859084,1.0828359936784988,1.0724079520047956,1.245805916423702,0.8446646087892105,0.06557378478572251,0.5961867258248132,0.16837809919516125,0.5,1.0,0.8,132,7246.870320325116,4989.657187308454
1,54,0.7425971321660496,1.058625197106975,1.0732208259703082,1.258097733367208,0.7277704411516932,0.06700763818009595,0.5577370410165782,0.164404895095601,0.5,1.0,0.8,140,7171.091917643597,5046.858925735816
1,55,0.7414609772276285,1.0264580269422334,1.0351734305702684,1.2646438340619308,0.8447231137409869,0.06981466081407822,0.5586691363829134,0.16419435708826774,0.5,1.0,0.8,142,7368.542247943496,5114.297166473772
1,56,0.7397627508893537,1.0225366830735416,1.0308343673693434,1.2704859056534838,0.731969738021378,0.06373557476289321,0.559158200952006,0.16552993240248756,0.5,1.0,0.8,144,7183.940876443232,5121.394111190539
1,57,0.7317159486959299,0.9987486001838211,0.993194587334105,1.2618025129570742,0.7505544642218813,0.059778380357397506,0.5568741736711248,0.16134140579055078,0.5,1.0,0.8,145,7074.605981784121,5348.290620038972
1,58,0.7399090008289424,1.0248113353918413,1.0444087088923792,1.3052290647604738,0.741780152121121,0.0628984920850703,0.5608189202220781,0.16523055281343818,0.5,1.0,0.8,147,7091.73830598036,4486.718238857771
1,59,0.7390654182709789,1.0060654452533164,1.0114114716295843,1.280991861325171,0.7752415200836071,0.06509234962337605,0.5602527897794756,0.16427028911079003,0.5,1.0,0.8,148,7247.753862140467,4587.507250188146
1,60,0.7389079453998575,1.0057727994342731,1.0110936277972609,1.2997056368334354,0.7251161342682929,0.06239528460180134,0.5607519325587306,0.16515043356563539,0.5,1.0,0.8,149,7046.621428978373,4463.946306758511
1,61,0.7389079454049816,1.0169771480693717,1.035298393293022,1.3231672702712016,0.7240706654794655,0.06239528459094292,0.56075193253733,0.1651504335674591,0.5,1.0,0.8,151,7046.6214272483685,4463.946310591512
1,62,0.6936985931732196,0.9592271655562286,0.9642988331863429,1.27793893849273,0.6840433181794148,0.06252262354588475,0.5243136451882573,0.1542544467504888,0.5,1.0,0.8,153,7013.100858046007,4577.646807804758
1,63,0.7410221763616978,1.0287675842631452,1.0598046114623667,1.3220845972019895,0.7266095373717806,0.07149701034810027,0.5588388335367125,0.16466455631100713,0.5,1.0,0.8,158,7273.6438554753795,5096.966572995997
1,64,0.7383506222813421,1.0577902497865999,1.1274712926436328,1.3783051392582237,0.727470744106739,0.0633292284215678,0.5608512037057181,0.16412533188139117,0.5,1.0,0.8,162,7100.963396002274,4761.276312501997
1,65,1.486867579701423,1.763073915878545,1.8028924901284313,2.114246785664251,1.6317730656801248,0.06353044549611919,0.6422909157839187,1.0,0.5,1.0,0.8,163,7590.362047498338,5064.942779711408
1,66,1.4148040633731738,1.6842248864784306,1.7227925563474433,2.0458666149826588,1.4532471958271334,0.07393627437993688,0.56554292981959,1.0,0.5,1.0,0.8,164,7203.502157687723,12532.060298691727
1,67,1.482295496469009,1.7485698337824047,1.7974995710492672,2.125284255431689,1.579773087338074,0.056604684733787644,0.6427559865534859,1.0,0.5,1.0,0.8,165,7494.16673011415,5050.91683520646
1,68,1.480118835686905,1.6895414597230487,1.7171655241994745,2.120764867195792,1.640538375296548,0.05840662177725566,0.6425263528620948,1.0,0.5,1.0,0.8,167,7345.127736500493,5182.024878802625
1,69,1.4800871251548946,1.7001423026649594,1.7406634758697326,2.140788137476535,1.4738279157599052,0.05840662177725566,0.6425263528620948,1.0,0.5,1.0,0.8,169,7353.495522995616,5132.485865631728
1,70,1.4781323264753494,1.6948436009913967,1.734760554506745,2.0456980418900583,1.4781724672615513,0.059529730686696036,0.640194297162677,1.0,0.5,1.0,0.8,172,7264.301896217085,5222.239452338032
1,71,1.2585166641014986,1.4494637030759963,1.4957337630050263,1.9511812167314524,1.2860782148775844,0.06331077092664164,1.0,0.2756690075721508,0.5,1.0,0.8,180,7199.769859332659,4715.554768224953
1,72,1.182007498624416,1.3636033830894982,1.4082008556111703,1.8857425215895336,1.1897413599348565,0.0645127687429058,1.0,0.17980202333715273,0.5,1.0,0.8,185,7331.818470948148,5279.939057356641
1,73,1.2594866573512786,1.4622825266246888,1.5326649360403466,2.0003248338321216,1.2565768442950302,0.0657561735794989,1.0,0.2759396758836284,0.5,1.0,0.8,188,7319.36226005884,4791.621246208718
1,74,1.2594498014624622,1.4725929858660411,1.5558227351852667,2.0208574620667847,1.2598435778491481,0.06575617357949884,1.0,0.2759396758836278,0.5,1.0,0.8,189,7322.175100045131,4779.686534309889
1,75,1.1820674056655958,1.3711887630335875,1.4281294827056508,1.9138515957624664,1.1802319591892847,0.06395193725961305,1.0,0.18042589049851077,0.5,1.0,0.8,192,7393.492532911425,5193.092420886734
1,76,1.256395745377553,1.5002869872581377,1.6220068289820724,2.053983955117843,1.2522169427975274,0.0630318728275549,1.0,0.2739780703095213,0.5,1.0,0.8,198,7226.576534675088,4578.492355489445
2,0,0.6561914119546178,0.9059938119293248,0.8409208212321314,0.004125318391028411,0.0,0.0,0.0,0.0,0.5,1.0,0.8,1,5838.701153768161,7738.23237532027
2,1,0.6866859747483133,0.9461060165815032,0.8801710137856561,0.052203454334745956,0.06272274525287265,0.08987579566720164,7.440955467995e-05,0.00016658966063781,0.5,1.0,0.8,3,5679.354008972681,7642.945016623757
2,2,0.7825170196567117,1.0562224825424187,0.9889499629839742,0.17173083048394733,0.21762806228058018,0.10800611807934957,0.022430491372228557,0.10829834911869689,0.5,1.0,0.8,4,5822.3512821982295,7059.985935587387
2,3,0.6018438070885473,0.9951121525295364,0.9268930391368836,0.1759429026513297,0.7409870991212679,0.11081320709110401,0.04184456055100686,0.09368247359772808,0.5,1.0,0.8,5,3265.6686866489363,5723.367621327269
2,4,0.45855138905229126,0.897491025995653,0.8175031844179932,0.14535990191616072,0.3833016999156869,0.09269950465145495,0.03491076470718154,0.07754371104476394,0.5,1.0,0.8,7,3422.9398909841925,4470.444789811565
2,5,0.4708845643160338,0.9119172126490596,0.8310456744329071,0.16447157652241995,0.19891561884967915,0.092769407207143,0.0419514928690593,0.0931825603999336,0.5,1.0,0.8,8,3308.572999901912,4317.147880922094
2,6,0.40401140330770285,0.8516119418322154,0.7674263076491694,0.1268794546937217,0.257922923114896,0.0798262452495069,0.0328695968936798,0.06143262660387955,0.5,1.0,0.8,9,3711.3224161299695,5367.1042281542495
2,7,0.35745209756767626,0.8106078771647158,0.7214027098256199,0.11798800362266063,0.21214770380188233,0.08140792003490817,0.028115865725021637,0.0517682769669779,0.5,1.0,0.8,11,2222.7458937491347,3841.525569583164
2,8,0.34117393788325967,0.8067675678747861,0.7280166698614308,0.1338463222145479,0.1620183384100237,0.08356045644473827,0.03034528820543342,0.04741677862079054,0.5,1.0,0.8,13,3977.2989680676897,5390.264802338143
2,9,0.33898681512265133,0.8270348951368172,0.7741256960721785,0.13191787435212443,0.1153732074662579,0.08325758661285053,0.029453739040174842,0.0472065704456409,0.5,1.0,0.8,14,3951.22130659503,5383.738381026376
2,10,0.3083943270265611,0.7739713922283532,0.6916618001483852,0.12651596739585794,0.2365778674749325,0.07944906618529561,0.02475854469882726,0.04194886091518832,0.5,1.0,0.8,15,2412.391741205386,3719.8436869287216
2,11,0.2961354544450991,0.7726328882568089,0.7024404064580292,0.12547667229805323,0.10870822038716571,0.08368912747922702,0.02132141304278981,0.03436524966466427,0.5,1.0,0.8,17,2404.84210360047,3605.822586671703
2,12,0.2842908098454306,0.7490449960228039,0.6647323705036788,0.12014014605977782,0.10761231871561,0.08199535994495186,0.01986185168006531,0.029941421117550587,0.5,1.0,0.8,19,2507.9352284913634,3524.590880666465
2,13,0.28051941718589957,0.7447890058377228,0.6596770008948768,0.1254074261031247,0.10152310117280486,0.08261733854372025,0.01990023747078736,0.03001888807762073,0.5,1.0,0.8,21,2471.6344169475096,3488.071957367991
2,14,0.2882697499820731,0.7515793593639474,0.6651643042021343,0.1435892722942918,0.15288162591286475,0.08237214244063953,0.0214333902407528,0.04625483542241652,0.5,1.0,0.8,22,2476.5015324475303,3379.5327743978405
2,15,0.8174225610219622,1.2910428494408217,1.2160430264464157,0.6931702998489107,0.7068070080160116,0.1320589724752152,0.0810839325675772,0.6125322126889996,0.5,1.0,0.8,23,3163.516237224464,2497.270088632175
2,16,0.3515851067113369,0.8180352433689341,0.7380990138275111,0.2510025501506934,0.3892300446559158,0.08826810372169766,0.04270944040299811,0.1326405159449147,0.5,1.0,0.8,24,2841.904738382148,2637.568694535067
2,17,0.2814889102993426,0.7581163496756823,0.690454396282298,0.20102596753176605,0.13390995957178314,0.07088899543081147,0.03332864267124035,0.0716253799557961,0.5,1.0,0.8,28,2713.028640665136,2485.992274421532
2,18,0.5672402432237797,1.0427805319783001,0.9745948917771295,0.4925472337007009,0.4186783443921276,0.07744859021080816,0.14794174441594587,0.28391118815258076,0.5,1.0,0.8,32,4030.9493324238647,33556.47141927933
2,19,0.5177885728455509,0.9920731410815444,0.9231853657572744,0.45357944206022555,0.3815074878293185,0.07792902309167173,0.12946452386307233,0.24844872916011637,0.5,1.0,0.8,34,3973.5001121817086,33517.26489323686
2,20,0.5068243379743369,0.9695265447506781,0.8874323436363415,0.44200925469120245,0.36544849632646353,0.08619253934124506,0.1369955520648769,0.22119564460451252,0.5,1.0,0.8,35,4223.553397680983,34281.40490846838
2,21,0.5953715204934618,1.0697090176008899,1.0084684548220948,0.5463557695002341,0.675394716034595,0.07339309762582356,0.17098026574386338,0.3215019910296924,0.5,1.0,0.8,36,4675.282416450754,34915.3529570833
2,22,0.2355658673753398,0.7314398623684963,0.6958530487481543,0.20653332722509624,0.11980245614401773,0.06746812598937284,0.04840956622166859,0.03010699230265128,0.5,1.0,0.8,37,2685.5275428844543,73938.55654988304
2,23,0.5911256755200951,1.0613369437560398,0.9983944572615293,0.561896363214795,0.5222976792435235,0.07443937401030509,0.17135293000975224,0.3223392337893022,0.5,1.0,0.8,38,4577.232328521272,35064.89364758703
2,24,0.21371287316605195,0.695399547821195,0.6636215945515125,0.2177163578298378,0.4316627583617996,0.05691542163697971,0.052422314753055435,0.03972045813071266,0.5,1.0,0.8,39,2594.7879216299057,72572.1165400867
2,25,0.2102187355610194,0.6933134822048523,0.6714950161513373,0.24745662901765603,0.15846303717543744,0.06410946614361326,0.052243810058718976,0.04103086609025301,0.5,1.0,0.8,42,2488.113016332871,71590.6655486162
2,26,0.2085134767790145,0.6992034924413416,0.6893108906815194,0.26328623512617644,0.13999650854327184,0.06410379348965356,0.05320289645669242,0.04103606775288829,0.5,1.0,0.8,44,2487.602592966964,71614.78090974892
2,27,0.19865383004487883,0.6876540156006904,0.6772657138032664,0.2632554955419678,0.11953666559742593,0.0658660730664199,0.04730040249332413,0.03649417055427445,0.5,1.0,0.8,46,2480.6247901608804,71594.91460552523
2,28,0.48173167614068974,0.9477145384093019,0.9111468594406305,0.5221242760762969,0.3966037284463078,0.05773641577870061,0.2574454627565056,0.13328230308917743,0.5,1.0,0.8,48,2849.525556613854,73658.33500605848
2,29,0.7110283053464775,1.1678183209121715,1.1385876435639433,0.7666762187369572,0.750577784604846,0.08268866846146775,0.2320519320932765,0.4518913554558395,0.5,1.0,0.8,50,9096.307823044408,73754.23964648621
2,30,0.6964409711606259,1.1344003036174373,1.0901773857047485,0.7582372344583852,0.7051410397252599,0.0881255107827065,0.22417907946596075,0.44510508644552466,0.5,1.0,0.8,51,8874.280145222074,69589.23079450181
2,31,0.5366515366688551,0.976919343421413,0.943431842128849,0.6202986176374261,0.5150524511992509,0.07088121166298945,0.3072872054606763,0.15767370270638265,0.5,1.0,0.8,53,3344.211042149912,68579.50942928165
2,32,0.44738557730744843,0.8987977394092268,0.8782956193577076,0.5527007168733062,0.3797833162061453,0.07003436249479085,0.23978845328400133,0.13102904140189128,0.5,1.0,0.8,57,3292.935022500229,68550.63127579037
2,33,0.48086444916495263,0.9318517094412179,0.9214800634218797,0.5871838493558303,0.4475021941091394,0.07243324711309519,0.24437171633234178,0.17206271212825802,0.5,1.0,0.8,61,3394.26992006475,66401.96876135639
2,34,0.44473323696856026,0.9058672540289683,0.9082357061675275,0.5828940411617288,0.3853229417966827,0.07720424027281844,0.23447365950898905,0.13686810842559738,0.5,1.0,0.8,65,3701.081801660081,73355.38597299662
2,35,0.4438498415692102,0.9139865430487331,0.9288270729264558,0.6025117572542413,0.40378888295857174,0.07720424014589602,0.23447365954974103,0.1368681085105356,0.5,1.0,0.8,66,3701.42957399811,73129.19939039978
2,36,0.4425277324893588,0.9008916337410302,0.9025952680368337,0.5978740484117202,0.38701334010294114,0.07763748650227417,0.2343593426403457,0.13537332219550188,0.5,1.0,0.8,67,3506.7603616884016,73137.97690208197
2,37,0.44282752051459623,0.9001537762975631,0.9016081084144671,0.6088656171703115,0.39237092741112917,0.07678996675843446,0.23406979221801122,0.13716213106628344,0.5,1.0,0.8,68,3674.472907995848,73140.01507713055
2,38,0.43986502870961786,0.9052500079017773,0.918951252400155,0.6059819906187236,0.41143726171444334,0.07518777296758442,0.23431216780402675,0.13572575117885274,0.5,1.0,0.8,69,3554.980852301948,73064.86697364012
2,39,0.5950931714411473,1.0474510547686784,1.0477213293049017,0.7802159678142272,0.5421749150382968,0.07624333949170745,0.3591362805458259,0.17393474476878096,0.5,1.0,0.8,72,4112.44290661466,74179.25608750251
2,40,1.7907108765137227,2.224951788769747,2.231412519655585,2.018534296725157,1.8864931384157593,0.45540941550988867,0.7147626377424169,1.0,0.5,1.0,0.8,74,5212.475070874376,75893.58212431768
2,41,1.2039176114569774,1.633297762276444,1.6387538451940857,1.4429376367558915,1.16180376592865,0.08374335955588665,1.0,0.14350994270151798,0.5,1.0,0.8,80,2439.830679658377,75489.43024457147
2,42,1.5792717371770266,1.996476119900665,2.0311371475138404,1.8540010953599861,1.9428789121664722,0.08263337249093297,1.0,0.6276652802262669,0.5,1.0,0.8,81,6681637.407857104,74893.45208641599
2,43,1.8798740661009308,2.283634662752398,2.304828788758323,2.159469961773959,1.8639519167272036,0.08907020024615815,1.0,1.0,0.5,1.0,0.8,82,950661.1128519996,75152.64498545209
2,44,1.5778561247845522,1.9894608589669107,2.022963016798344,1.8642929470156187,1.571065407220868,0.08176978402385375,1.0,0.6278959259163595,0.5,1.0,0.8,83,6680877.475840451,74746.83405837962
2,45,1.2059650719330697,1.602060049481745,1.6216724506843718,1.4907091744938359,1.2090332006815723,0.08560391106275891,1.0,0.16174320290261585,0.5,1.0,0.8,84,2681.695823903238,75105.95861204722
2,46,1.7534518227909743,2.148641308070826,2.16807042382926,2.0478069743345966,1.7267747432818978,0.07716415396103565,1.0,0.8515824238311481,0.5,1.0,0.8,85,9676251.350520618,75125.36271415232
2,47,1.8749703171180196,2.2451076388024465,2.2487148165384863,2.175532081254639,1.9591354454578829,0.08798709346042459,1.0,1.0,0.5,1.0,0.8,86,950056.7976171154,74666.09980230831
2,48,1.874099676831624,2.2412937043665453,2.2443057359140024,2.1822029426688507,1.85584412851162,0.08730962727482103,1.0,1.0,0.5,1.0,0.8,88,949804.4181689952,74526.30189070952
2,49,1.1868217698475139,1.568446788065393,1.5958564269881879,1.5083445055449325,1.1904168703783764,0.08019910969262015,1.0,0.14707816505788399,0.5,1.0,0.8,90,2699.4078550967006,74879.80795714425
2,50,1.2358800750847947,1.5720778989122115,1.558132037534219,1.5387634329847542,1.2279250848122154,0.08569534343359007,1.0,0.20737953556276567,0.5,1.0,0.8,95,2513.367836625521,75113.4723738186
2,51,1.3882487015516198,1.7590194338358276,1.795051938893522,1.7446530183637803,1.404031774066893,0.09704409568884134,1.0,0.39271395367666895,0.5,1.0,0.8,97,5609.320492903253,77463.21046028374
2,52,1.232302491375782,1.5518719930920248,1.5346498965648845,1.5502124398843047,1.2331473001795805,0.08423569374000756,1.0,0.20694685250196948,0.5,1.0,0.8,99,2614.774086191652,74712.69217940285
2,53,1.23060755584616,1.5496413539463119,1.54313105850879,1.5632335327819544,1.2387131469186283,0.08565620848377595,1.0,0.20597133446312652,0.5,1.0,0.8,102,2382.768261466481,74874.91915818918
2,54,1.2285302543181151,1.540816718473852,1.5329992243079444,1.5722386486273212,1.2330721883507259,0.08429698309130476,1.0,0.20533117366663078,0.5,1.0,0.8,104,2398.275584458532,74528.18212124801
2,55,1.2295013857489168,1.5406144330359324,1.5325701133813605,1.5768761130979114,1.2168135090952226,0.08440333887997012,1.0,0.20666742481352268,0.5,1.0,0.8,105,2438.267900826192,80794.21457298148
2,56,1.2285211853833617,1.535626313258235,1.5268088890536855,1.583248497773217,1.2385591762751778,0.08503804740867524,1.0,0.20567827524708707,0.5,1.0,0.8,106,2372.464547872782,74356.2972457294
2,57,1.2355934162467368,1.5502106698043452,1.5536828679602528,1.6086701251601476,1.224286497446585,0.08412140097994113,1.0,0.21566454317137618,0.5,1.0,0.8,109,2968.076084815394,74585.50985456108
2,58,1.1616724994702952,1.5226764183718242,1.600170682254837,1.6054118138517008,1.2242034307294043,0.0681909851643322,1.0,0.13622886852498078,0.5,1.0,0.8,111,4843.193891814075,75563.95482756609
2,59,1.1535960965501457,1.5095763210079445,1.586117996716329,1.6085504731799782,1.1549748211181532,0.06857072665789023,1.0,0.12657146986345935,0.5,1.0,0.8,113,4865.931158309728,75239.47402128117
2,60,1.1534154925558855,1.5082584090154239,1.584584691700762,1.6160267922242553,1.139874069049358,0.0684916277522367,1.0,0.12654553795857165,0.5,1.0,0.8,115,4916.585579188118,75237.69238983572
2,61,1.1653651098387576,1.502259275690364,1.5643102935244493,1.6050347165084369,1.2001138787512489,0.08744067090634529,1.0,0.1305121680623278,0.5,1.0,0.8,116,5057.915012398112,75787.74298328624
2,62,1.1803556110904538,1.487628009359054,1.5223195718038538,1.5979704088586058,1.2192711858368588,0.08306603707212976,1.0,0.15288341980975845,0.5,1.0,0.8,117,2964.970808526802,75260.6515654718
2,63,1.164775128404014,1.4999756635519181,1.5726014186658368,1.615511210707306,1.1923023768155392,0.08777896017866735,1.0,0.13114632762208728,0.5,1.0,0.8,118,4971.4795044300645,75466.68633406424
2,64,1.1807680423598637,1.4885046957115535,1.5341827267669101,1.6095981252499125,1.203899773318099,0.08202992560946495,1.0,0.15532181929725114,0.5,1.0,0.8,119,2535.717940033686,74631.80297629799
2,65,1.2305834557524244,1.5106115270120686,1.540212743988358,1.6627086523758043,1.341999355092168,0.0891014062169059,1.0,0.21499477993027466,0.5,1.0,0.8,120,2960.972868992433,74789.27918339072
2,66,1.1784146625445462,1.464060340633603,1.5056253242724558,1.6252268267441,1.1789832678683558,0.08325327044099964,1.0,0.15402277513253898,0.5,1.0,0.8,123,2921.0930000625776,75058.3916193453
2,67,1.1708751516193192,1.4665777621338678,1.5209308828104178,1.6905163546274349,1.1581772164808706,0.08259401532381629,1.0,0.14512680130115335,0.5,1.0,0.8,134,4808.860118395226,74418.82903341699
2,68,1.1711373636020685,1.4628676526934659,1.5164852708104493,1.6945338432796866,1.1880191130827544,0.0837385858673733,1.0,0.14514124758065813,0.5,1.0,0.8,135,4808.82696008037,74417.38900435601
2,69,1.2045264099946311,1.4995306016951606,1.564684363576146,1.7393969688705588,1.2516102409936474,0.08729643196644912,1.0,0.18542934933468297,0.5,1.0,0.8,136,4859.9261495022565,74317.78085059187
2,70,1.2050438967231232,1.5104014300562438,1.5883989901044782,1.7437983072042211,1.1989767536661384,0.08769238962400001,1.0,0.1859102258302013,0.5,1.0,0.8,137,4892.818809504688,74324.21658328906
2,71,1.1764164421852936,1.469498374487132,1.5342968685316822,1.6909201136430938,1.1726292245334515,0.08269520055642912,1.0,0.15335794345059445,0.5,1.0,0.8,138,4899.507087976309,75262.6170854931
2,72,1.1760352321763798,1.4733781478808419,1.5499001955782898,1.6941053619679793,1.215895717640807,0.08216446683249924,1.0,0.15385600197762012,0.5,1.0,0.8,139,4866.736872625312,75391.30036775631
2,73,1.17471949734993,1.4450480172621243,1.5056715078023415,1.6960838957415783,1.282013507533206,0.08227631708942333,1.0,0.1535319145195044,0.5,1.0,0.8,140,4424.52551157184,74681.05185426943
2,74,1.1745574252283504,1.464022998124648,1.5500495722558705,1.7157819961157565,1.1762084965653088,0.08281583154627345,1.0,0.15326644874699036,0.5,1.0,0.8,142,4361.071410090803,74810.32237773904
2,75,1.1735128164968749,1.4531322085359837,1.53736315582506,1.7220125889861744,1.2002348370806697,0.08172498982328011,1.0,0.15344111255951876,0.5,1.0,0.8,144,4299.472567426103,74551.85827211376
2,76,1.153624031091849,1.4877195767632163,1.647636352298907,1.8513392943367195,1.1550092255429352,0.08649403143453543,1.0,0.12657645865796002,0.5,1.0,0.8,153,87668.50809929523,74483.38474204946
2,77,1.1532088756663532,1.4798027269944773,1.6383599629341796,1.8584745871589203,1.1722554803496323,0.08624337103123446,1.0,0.12676049689076704,0.5,1.0,0.8,155,87553.6134098535,74257.50187585162
2,78,1.2581551150029406,1.5713985673116437,1.7165666752875972,1.9449701972809392,1.2656043441789402,0.07850351678331675,1.0,0.2629348753421751,0.5,1.0,0.8,156,5713.832377413076,86091.90680029233
2,79,1.2602629738809308,1.5721051227296874,1.727996761003304,1.9504532631707567,1.2987495472020008,0.0839021328889337,1.0,0.26305798623052123,0.5,1.0,0.8,158,5507.253432457396,78137.2680493107
2,80,1.2561994285937317,1.5075092145067366,1.6195595508489484,1.9451056914966434,1.3483701620883393,0.08020124987193272,1.0,0.2619661372711139,0.5,1.0,0.8,160,4301.421858717869,85719.85042942077
2,81,1.2567196475569942,1.516262001980938,1.6407806612479474,1.9616440669422974,1.2611826765058602,0.08063950896517318,1.0,0.26251401730117535,0.5,1.0,0.8,162,4313.521618375065,78157.9831265019
2,82,1.256199179119718,1.5233834317163046,1.6602647690577184,1.9811849482232766,1.2564739193911107,0.07978286713502376,1.0,0.2626013548023795,0.5,1.0,0.8,166,4386.398301477983,78026.41992714076
2,83,1.2681049691764785,1.6002653531152236,1.8257456881462129,2.0536086064836665,1.2869825286230931,0.0850240500141063,1.0,0.2749418532185759,0.5,1.0,0.8,170,7663.065375645594,76415.4268733229
2,84,1.259555162543422,1.5672605431338444,1.7773782167630108,2.036119776524262,1.3508669809805196,0.08874656030454742,1.0,0.26260607957708604,0.5,1.0,0.8,171,7177.41031571683,85531.16282224187
2,85,1.8422707073309759,2.1081045764318063,2.31079364157611,2.636714389634482,2.1422998763937473,0.07735838674900565,1.0,1.0,0.5,1.0,0.8,172,23742.30133654205,88029.83868927864
2,86,1.8424032882302317,2.0721809847330466,2.2464590103832647,2.6402454116806675,1.9368388586944467,0.07847384797167212,1.0,1.0,0.5,1.0,0.8,173,24545.09939767473,88196.63904454604
2,87,1.8439064966352783,2.09291745956213,2.292636256276162,2.6415394706598576,1.8522351822756369,0.08167137078417858,1.0,1.0,0.5,1.0,0.8,175,23564.705222598488,86814.54918698111
2,88,1.8416924328950977,2.053067980573821,2.224102826100541,2.6465860633786114,1.948527268122844,0.07812303791895456,1.0,1.0,0.5,1.0,0.8,176,23623.16459507788,87987.01748783805
2,89,1.8416577298819092,2.05737453055754,2.2402023786610705,2.666718504952323,1.8638109322600476,0.07842930053417567,1.0,1.0,0.5,1.0,0.8,178,24577.35861494053,88112.49141598037
2,90,1.8414400993736066,2.0432363780626606,2.2125860732724574,2.6663246455030727,1.858543695548283,0.07813959019501344,1.0,1.0,0.5,1.0,0.8,179,24549.481663603925,88145.43097679442
2,91,1.8436642914674972,2.0669586976596106,2.262149235869903,2.6808794256342887,1.8446152786584373,0.08263684765060422,1.0,1.0,0.5,1.0,0.8,181,23377.72562407559,87061.42957441324
2,92,1.8405565642267634,2.050267007174549,2.2320388120710586,2.685926899222954,1.855350080049619,0.07654697006109488,1.0,1.0,0.5,1.0,0.8,182,24419.5362179787,87789.57680215336
2,93,1.840784359860687,2.044117290331985,2.2247687471832105,2.6857429185294146,1.8843426396944418,0.07733181389798757,1.0,1.0,0.5,1.0,0.8,183,24583.964621701285,87868.41856461414
2,94,1.2521833728715699,1.4889621282096765,1.7085857515835594,2.105333491885439,1.2504535435073336,0.08195835358312459,1.0,0.26136228597011585,0.5,1.0,0.8,186,7344.8965911845635,89415.42609056638
2,95,1.5982909177993991,1.842338822773855,2.085307193330142,2.457413567087456,1.6055757159917032,0.07888295512030821,1.0,0.6963832031550716,0.5,1.0,0.8,198,7120.288914890235,80994.04581608498
3,0,0.8893577374420154,0.9738199903148445,0.9203627086272101,0.010360729544651427,0.0,0.0,0.0,0.0,0.5,1.0,0.8,1,2476.329664230657,8284.225276350258
3,1,0.8867413261711958,0.9879939641100154,0.9335565197832864,0.03312734933117706,0.039883624124636155,0.03945945654403858,0.00011592375110809001,6.442396946943e-05,0.5,1.0,0.8,3,2402.9189792846782,8069.217531638076
3,2,0.8494619570418389,0.9810416371533139,0.9247434449310618,0.038359165537575395,0.09970114689377958,0.016395304085963,0.015089625713914251,0.00065428106980675,0.5,1.0,0.8,4,2451.6920959042045,8220.79690507463
3,3,0.6660572337749066,1.0018439581324423,0.9421143058598026,0.13768060955094735,0.8000019027088326,0.04826697799299396,0.07283991919410687,0.04048037339596096,0.5,1.0,0.8,5,1667.5946985626713,5060.923192823444
3,4,0.5247497038383135,0.9291072480984313,0.8587291639206021,0.12913577654716196,0.3356859214071847,0.05131948196576874,0.05949224622562268,0.04205835282661573,0.5,1.0,0.8,7,1579.145554223645,2960.6955991132586
3,5,0.393153105109513,0.8396654639192127,0.7560385645400778,0.11532541604422794,0.3768731049014591,0.04539132189242688,0.052240778273876354,0.03972880074749221,0.5,1.0,0.8,9,2066.5858980363205,5497.135804918017
3,6,0.37579784666839683,0.8242924705946609,0.7395938314701772,0.115082462461632,0.11265068302711162,0.044260472248677366,0.04750159220523592,0.034966244211163476,0.5,1.0,0.8,12,2023.990361402436,4557.827077960729
3,7,0.5600249095783698,1.0098211650183886,0.9240149580343937,0.31267381748701356,0.33338064679506085,0.04748334750579869,0.10651070772048907,0.1991854910382636,0.5,1.0,0.8,13,1990.6139585552971,67056.10707435153
3,8,0.36807894254023416,0.8181635781796232,0.7322023692640461,0.12275232167963616,0.10226603770322369,0.04422969924174576,0.04847653616247213,0.03532111161866755,0.5,1.0,0.8,15,2028.9361429187984,5267.271714492339
3,9,0.4177556993094289,0.8920183295541021,0.8303872997611762,0.19402375016462253,0.19385070609781552,0.04586401598252714,0.09917638975637591,0.04742882884207239,0.5,1.0,0.8,17,2286.5281196982523,7675.806478987511
3,10,0.37961095062335276,0.8443185409419713,0.7675843919679847,0.1713986535833766,0.2216083702524755,0.046940166272249936,0.08078752575158868,0.0394700970144315,0.5,1.0,0.8,18,2246.051334429314,15603.408010590285
3,11,0.3544493555791014,0.8304941953906811,0.7665247593173609,0.1517558532359635,0.12176735849867737,0.0433128966171592,0.0641757194423333,0.03293679131019197,0.5,1.0,0.8,19,2122.097385900641,14929.78865965272
3,12,0.3541408219632371,0.8303276470369373,0.7660960509507437,0.16134893178232879,0.11889255591337157,0.04349299968904289,0.0649535480453534,0.03355749284363474,0.5,1.0,0.8,21,2129.641470316505,14822.6461384105
3,13,0.33578534890655315,0.8120851378202487,0.7476281295813888,0.1486873886337075,0.10581414224904562,0.04227731017401065,0.053496290026669446,0.02748127092365487,0.5,1.0,0.8,22,2119.400204441511,14823.373453791944
3,14,0.3148457532882597,0.7805620608820971,0.7020176894528151,0.1390166580162234,0.0978484246861547,0.03218526420367795,0.04820798910880686,0.02293353184092472,0.5,1.0,0.8,25,2428.063246077634,6784.975289129061
3,15,0.3034945015347602,0.7804627097140434,0.7120727504726079,0.15093255017947482,0.14536589833656835,0.0328433852257176,0.051110605302252275,0.0255378157349613,0.5,1.0,0.8,27,2207.786253911245,16525.04519221182
3,16,0.2772846548867649,0.7534880953070455,0.6826489944326584,0.14465408742442257,0.12522417293453866,0.03278170259479485,0.042279321643147585,0.020773710090819488,0.5,1.0,0.8,29,2249.529749178163,14603.868505488086
3,17,0.28514196835203826,0.7607241467778164,0.6887804720446735,0.16844240003661953,0.13401997436086932,0.03301326870901842,0.05229058120035253,0.02522202967152278,0.5,1.0,0.8,30,2494.210245452184,16877.597932133394
3,18,0.2861990909463688,0.7496652734231688,0.663240159398627,0.18369760687334732,0.1183884761361971,0.026883616201933108,0.06851028741925,0.01976973657742322,0.5,1.0,0.8,33,2421.162239466227,6269.204461456907
3,19,0.2682267332879499,0.7394059324854694,0.6627875194462481,0.19024379238539046,0.15935233807243668,0.0264393741981535,0.06490577820357091,0.021034675554963488,0.5,1.0,0.8,35,2199.964141176953,4719.377414485475
3,20,0.25046648655825243,0.7179751947252285,0.6387157608475991,0.1910479951053811,0.14279304447727376,0.03690565875853976,0.05624646234015129,0.01780610554504871,0.5,1.0,0.8,37,2044.671297985052,15484.553342412975
3,21,0.24339964394712124,0.7195221426504681,0.6516708760782719,0.19909570304858862,0.12106675989058949,0.0289833048769028,0.058440168420345426,0.0195658798158468,0.5,1.0,0.8,39,2105.2073883426137,12673.19365748101
3,22,0.24455920348846152,0.7188458242785299,0.6499592413780154,0.21238916763102797,0.11505118417129404,0.03252937892186722,0.060477488516405706,0.021514393000179217,0.5,1.0,0.8,41,2021.5681629667656,10973.073542589747
3,23,0.24398259687915666,0.7162849320014197,0.646340880525529,0.22719838517127414,0.14073396268913504,0.031176510193874678,0.06464597866837826,0.02166684090143432,0.5,1.0,0.8,42,2232.679624821994,14753.64330029218
3,24,0.7370708060160258,1.2254575764337392,1.1784798070952078,0.7355289825522604,0.6268097659664227,0.31133900036317547,0.06721931935044363,0.47395395484249236,0.5,1.0,0.8,47,1830.9226575411008,9663.86951539729
3,25,0.7428371351833474,1.2288925973202458,1.1808935619111263,0.7476055597114928,0.6530509533174417,0.3283498009609596,0.06777451208194255,0.4743758409224127,0.5,1.0,0.8,48,1656.3940302225262,7847.258205646275
3,26,0.7427594044173261,1.2399671837029842,1.2049466236053703,0.7563773830286653,0.611901234211466,0.3283498009609593,0.06777451208194171,0.47437584092241203,0.5,1.0,0.8,50,1655.6632093648072,7832.352679861297
3,27,0.7261487859732565,1.2030818661006555,1.1514107714478954,0.7697038184561915,0.6443491664569148,0.34212583163169524,0.05492445450530059,0.4763679850896098,0.5,1.0,0.8,54,2200.613211351103,9831.234576221425
3,28,1.1990702496499677,1.6574334757245315,1.5900523569753156,1.275341463977148,1.2003859224598719,0.30369470838206575,0.13661093151681675,1.0,0.5,1.0,0.8,55,2024.481268609208,424673110.7253392
3,29,1.1977282767212751,1.6515918523383888,1.5826987978213551,1.2747267352077958,1.1217273792465878,0.30740970638741694,0.1377406019926118,1.0,0.5,1.0,0.8,57,1961.481460722239,424621513.0206232
3,30,1.1891267576585693,1.6324229449037722,1.5601190178264424,1.280195724517248,1.1618830091738355,0.311197077845027,0.13659455236558823,1.0,0.5,1.0,0.8,59,2042.66591470277,424597967.63064766
3,31,1.1809214956642191,1.6212711155435295,1.5480448250091905,1.2801212555514598,1.1249367698030601,0.30837776784203447,0.13223845283898653,1.0,0.5,1.0,0.8,60,2011.5520550440065,424615968.6254064
3,32,1.1637677977022807,1.600625782442866,1.5262963831512368,1.2748477657238602,1.1200842032522946,0.31185772720049254,0.11629440959235607,1.0,0.5,1.0,0.8,61,1960.3210034172268,424862060.7240087
3,33,1.1658820465866189,1.6196792360879613,1.5698270988583878,1.31583255913066,1.1353175851980364,0.3091487391626825,0.12319237740028241,1.0,0.5,1.0,0.8,62,1910.61824368768,425066424.1673599
3,34,1.1592105241934834,1.605849792289133,1.5539614750961785,1.2894315093259527,1.158874771950213,0.3124466210247149,0.11960339725562877,1.0,0.5,1.0,0.8,63,1889.2647665064585,425128374.0264574
3,35,1.1677688437296356,1.5890909361920889,1.5103934063654134,1.2964900018585657,1.11915740765733,0.31968757248789303,0.12635087813463758,1.0,0.5,1.0,0.8,64,1860.8786723619207,424851602.8006171
3,36,1.1776265601315175,1.598281201584022,1.519390639861243,1.3037321158546087,1.1050095153447461,0.31969299410835833,0.1366661164895995,1.0,0.5,1.0,0.8,65,1884.3820772648503,424579520.4649898
3,37,1.158351053442098,1.573134740871559,1.492657981392886,1.2966795124281336,1.1446822318510472,0.3204402178126811,0.12040771964493976,1.0,0.5,1.0,0.8,66,1829.5586502714648,424837598.57187855
3,38,1.1592546504712187,1.5687283144962518,1.4868399989971641,1.3031174852927112,1.1420677151409748,0.3203617579511091,0.12428341972013102,1.0,0.5,1.0,0.8,67,1842.5260841215852,424855216.2396029
3,39,1.2866079286448429,1.708639179864918,1.650204306363012,1.4419766690191294,1.3207528176114358,0.328305863060717,0.762341646929096,0.3629354871610309,0.5,1.0,0.8,68,4276.132193751399,6558.139248318703
3,40,1.2843529835720402,1.6991621119374662,1.63891132472118,1.4526341082132932,1.242637672354425,0.3295496228091247,0.7626456813090918,0.3631855912892378,0.5,1.0,0.8,71,4200.428031652251,6638.930342242695
3,41,1.2665187931015132,1.6719085777256013,1.6093455176566391,1.4446496876611148,1.2985221644169933,0.3013860666411387,0.7624557152744567,0.36383642542917977,0.5,1.0,0.8,72,4233.600804165255,4405.797286395549
3,42,1.3507774565254045,1.7519433215799922,1.6883620412066636,1.5586541840693124,1.3005785110740473,0.2973643464733502,0.8251918116092577,0.3954047220642566,0.5,1.0,0.8,76,4854.954155018302,7485.878046546997
3,43,1.3492605342700221,1.7412036177741201,1.6754346430965357,1.562955364090713,1.3815631621176585,0.29317696814816613,0.8276701574020201,0.3974673831660516,0.5,1.0,0.8,77,4698.216062307592,7580.157797666638
3,44,1.4964307477761105,1.86253471918188,1.7803867143225562,1.7202612070726313,1.582159104226144,0.30615486984415835,1.0,0.364271242302384,0.5,1.0,0.8,78,4038.514634392762,18422.244433482407
3,45,1.2480335040743997,1.6148730750150373,1.5538871335076798,1.486056732522269,1.2422982640007303,0.29924213893996265,0.7543320176856744,0.3734094352237075,0.5,1.0,0.8,83,4533.729660251171,19702.908056007967
3,46,1.2388023353099755,1.5847869405912927,1.5087080164138031,1.4818699589840807,1.2383237543451704,0.28330164863707724,0.7554718615896104,0.3736183443431422,0.5,1.0,0.8,85,4638.2638238878,22590.0440026166
3,47,1.2474792798783483,1.601640613325693,1.5379104981440124,1.5083753039097845,1.2187564844284,0.3022260539253747,0.7552239513102565,0.3739192293390226,0.5,1.0,0.8,87,4666.090895862029,20300.961061240632
3,48,1.4880455164877147,1.8168753770226593,1.7371389753643034,1.750696656257148,1.5107604773461478,0.3007261539712195,1.0,0.3738745534301219,0.5,1.0,0.8,89,4629.453256637964,19977.941918864584
3,49,1.4763675772237153,1.8031625867438907,1.7336576582327043,1.7615528924971358,1.553825075293616,0.27521755085677635,1.0,0.37888246450656704,0.5,1.0,0.8,90,4680.985106649243,20365.290578306725
3,50,1.4771973205600823,1.7891360073813467,1.7273009095518954,1.7717270982872968,1.555211755274027,0.30395760991667453,1.0,0.3682892214031601,0.5,1.0,0.8,92,4612.444370782816,15533.339086652846
3,51,1.4759069779499532,1.7783517636208843,1.7146080343125103,1.7816756981420494,1.4858911115508184,0.30472035077618437,1.0,0.36826326980611046,0.5,1.0,0.8,94,4589.55807685291,15443.911244123468
3,52,1.4941759055550023,1.787245468270529,1.7216293238383957,1.807597463773842,1.5439908488076663,0.31263319307418336,1.0,0.38810158601178296,0.5,1.0,0.8,95,4664.62549502296,15718.838052745288
3,53,1.49907838294787,1.7907143225938846,1.7248165234270398,1.8266954348229427,1.4755027119675275,0.318599291688189,1.0,0.3907651213275396,0.5,1.0,0.8,98,4611.558095311942,14991.289932059011
3,54,1.493380201577896,1.8036779202946023,1.7630395473902567,1.8287146263245349,1.4969624440285862,0.3126331930741833,1.0,0.3881015860117826,0.5,1.0,0.8,99,4635.0093419950645,15537.24477160545
3,55,1.4821800386662622,1.7623319577231236,1.6832490549477832,1.813690935393391,1.4669928478329046,0.28705273104758444,1.0,0.3903564040322606,0.5,1.0,0.8,100,4332.081671239404,17544.299801874666
3,56,1.4811136948992194,1.750791317936357,1.680575226873249,1.8132041433543338,1.5919131456852014,0.29117676376682844,1.0,0.38951887353778936,0.5,1.0,0.8,101,4278.78127864771,16903.11749491593
3,57,1.4793412070243672,1.747437675939811,1.6768856961988137,1.8293896676161645,1.4777309091244142,0.2870527310475845,1.0,0.39035640403226574,0.5,1.0,0.8,102,4292.173951979631,17294.442344276846
3,58,1.4781969085332631,1.7404210607528132,1.668753956518396,1.817612650054897,1.4928544761953169,0.2877112066023546,1.0,0.3893135079056615,0.5,1.0,0.8,103,4292.070516237803,16975.223111594805
3,59,1.5082417821642187,1.7430979574943393,1.6444700883702343,1.8442751176161933,1.495693081378177,0.2992610507415981,1.0,0.4204567028694187,0.5,1.0,0.8,107,1904.590590755856,9799.013346539305
3,60,1.4693931909924762,1.6990260201411935,1.610237504936682,1.8297327566976849,1.5781092259560667,0.27918807190193584,1.0,0.38698057926849705,0.5,1.0,0.8,108,4307.430186800394,12231.439305024707
3,61,1.4985598291669953,1.6911344419963945,1.5844307879240425,1.8419212684823951,1.6816062578154445,0.2868220852432141,1.0,0.42222168948659144,0.5,1.0,0.8,109,2056.2974031606173,10449.884748160292
3,62,1.4963523237070986,1.6833896920060873,1.5756417377851346,1.843117791749729,1.5222422537035118,0.28511069225362073,1.0,0.4212321967858975,0.5,1.0,0.8,110,1889.1863185841853,7971.760150989711
3,63,1.4944913804458912,1.6768930125110675,1.5682734688863267,1.8446371424340553,1.5136517238841867,0.2819623081972904,1.0,0.42144175592210464,0.5,1.0,0.8,111,1845.8937034670284,9923.544776986037
3,64,1.493348959450302,1.6651505026820348,1.5545446574658044,1.8468187760087393,1.5589474623095103,0.2823112939937098,1.0,0.4210431032358907,0.5,1.0,0.8,112,1888.582197775265,10068.436821594714
3,65,1.493508017305322,1.6643108948029675,1.5535183542000364,1.8503632205500269,1.4858379503144725,0.28262515117211096,1.0,0.42115959463713243,0.5,1.0,0.8,113,1900.255912742081,10024.882615400897
3,66,1.4932493379521365,1.6751594655112962,1.5773494433803397,1.865269319514812,1.4787087068918314,0.2823112939937098,1.0,0.42104310323588995,0.5,1.0,0.8,114,1884.9520427153036,10025.62012224621
3,67,1.4925396473844532,1.6595271161399303,1.5480223556684383,1.8561447408483052,1.5059306696233423,0.2817704141038652,1.0,0.42091312132481906,0.5,1.0,0.8,115,1907.2130976819549,10071.017203934043
3,68,1.4652780705242132,1.636199248979855,1.5472624822375016,1.8604576980259027,1.4799263337780346,0.2843383428507911,1.0,0.3871955562303734,0.5,1.0,0.8,120,5091.212756598155,10844.604811753648
3,69,1.465039326689935,1.6558155904615846,1.5924070829795427,1.8835692206025019,1.4712528252692065,0.2842195705569225,1.0,0.3872294136335884,0.5,1.0,0.8,121,5475.0382965678855,10908.709210365803
3,70,1.4657357016439538,1.6440505625664377,1.567409250889652,1.8878062568094087,1.4620936725389124,0.28625025895500494,1.0,0.38695492767396317,0.5,1.0,0.8,122,5542.566542073389,10967.908040662474
3,71,1.4646150194533838,1.6442814892167956,1.5897637370567028,1.89505977605673,1.6113252119710346,0.283796935347571,1.0,0.38906840821326816,0.5,1.0,0.8,123,6485.359578346075,30489.791414921965
3,72,1.4646456228737432,1.6377037210898244,1.5819727995889696,1.9022070228215855,1.5044903131786969,0.2845005265018159,1.0,0.3892622161438275,0.5,1.0,0.8,124,6471.518764106872,31348.62857767003
3,73,1.4638977505304769,1.6300372871246713,1.5730434972722809,1.904845564141585,1.5035648053526538,0.28395530463739377,1.0,0.38923729045008343,0.5,1.0,0.8,125,6519.503953566226,31263.860910806798
3,74,1.4379966036342497,1.5967979952400082,1.538465157907713,1.890366977318187,1.455328885645225,0.2811399900624814,1.0,0.3592209495835756,0.5,1.0,0.8,127,6494.790684749456,31111.67164832568
3,75,1.438190037996427,1.593204577893038,1.534181971499683,1.9042090348023994,1.435446591052565,0.2825967261344088,1.0,0.3588540584146382,0.5,1.0,0.8,131,6173.481265730336,31525.32442414585
3,76,1.463336188122114,1.593274052756974,1.5077643827428586,1.9197748602150406,1.4637342266263083,0.2852466904482145,1.0,0.38884156945811704,0.5,1.0,0.8,133,6204.425346011896,31716.78711544182
3,77,1.4359412448415534,1.5650932098042871,1.4794414871911394,1.9043557255479142,1.4315738067234847,0.28127664382120243,1.0,0.35713369637742953,0.5,1.0,0.8,134,5485.474219775022,30927.76074886076
3,78,1.4364399637753424,1.553655386743139,1.454870045440878,1.8999386211470113,1.4322408916697948,0.28184714432531005,1.0,0.3574561568785866,0.5,1.0,0.8,135,5077.316550760034,30164.23765984744
3,79,1.4347288697152587,1.541441759985363,1.4407498494265303,1.901415058344298,1.5037082708345677,0.28013439863597034,1.0,0.3571763373265292,0.5,1.0,0.8,136,4236.70283987531,30967.283787639517
3,80,1.4377117130518557,1.5701936027140118,1.5070832245656327,1.9403660392455564,1.4485184649151406,0.28417122950895785,1.0,0.3589424093519901,0.5,1.0,0.8,139,6216.364231630072,31445.26604560951
3,81,1.4367062045691716,1.5798835011943613,1.5296816780903226,1.9587720117662373,1.4291846724411557,0.28182212989902805,1.0,0.359188784400749,0.5,1.0,0.8,143,6241.072743205893,31543.155591524952
3,82,1.435620893888809,1.5776573725853504,1.5272487502195293,1.965042063817877,1.4360299755255341,0.27977663323726387,1.0,0.35919375076146665,0.5,1.0,0.8,144,6193.595306186884,31799.81530268407
3,83,1.435389871306414,1.5684851040617227,1.5164623387209486,1.9644126115812792,1.492968531952721,0.2801508435857272,1.0,0.3592763586284681,0.5,1.0,0.8,145,6165.468892671036,31605.88952215412
3,84,1.6568722986170816,1.7882852411628818,1.7359591088468065,2.232253112800106,1.6501482110371724,0.2824135927780581,1.0,0.634826733238359,0.5,1.0,0.8,154,6777.740033249494,34038.238280293226
3,85,1.6568682215545758,1.7994083815467778,1.7600688626286116,2.246896320380555,1.6492801528324823,0.28241359277805833,1.0,0.6348267332383626,0.5,1.0,0.8,156,6777.490426020997,34079.08031525767
3,86,1.6564939575807376,1.7920855482809666,1.7514942449689892,2.2552788493117966,1.6994677089552113,0.28274609734212286,1.0,0.6346025896543699,0.5,1.0,0.8,157,6759.460065075135,31637.77987710398
3,87,1.6148657199617769,1.750736860295209,1.721182188675748,2.2221032891673396,1.692454904101231,0.2838376321883867,1.0,0.5825629865014113,0.5,1.0,0.8,158,6802.059900997071,34490.37596136312
3,88,1.5129856271725624,1.6581918340657307,1.641300279111062,2.1648163602422756,1.509082278810821,0.2885335895927351,1.0,0.4524044697634209,0.5,1.0,0.8,163,6802.152709653429,33728.907357804695
3,89,1.5121609668754132,1.6548583502396075,1.6375154894220116,2.1676042031864844,1.5248703730593482,0.28647927756235586,1.0,0.4528149830269165,0.5,1.0,0.8,164,6925.461707249999,34051.984616527174
3,90,1.5121718784844997,1.6533921058238603,1.6357851022372574,2.1712538171817446,1.5157570512338725,0.2865774746876273,1.0,0.45284928716664086,0.5,1.0,0.8,165,6909.210455295708,34107.17259220297
3,91,1.5116770407254219,1.6529842693106533,1.646389147243951,2.19440708922423,1.5451020847576888,0.2865774746876273,1.0,0.4528492871666413,0.5,1.0,0.8,167,6907.741281556046,34404.05970312928
3,92,1.5172595046000104,1.6583384753166417,1.651702568245443,2.1999781856094303,1.5115762085133388,0.2865001212928332,1.0,0.4598884035503099,0.5,1.0,0.8,171,6779.13453303198,33423.26323702989
3,93,1.4920144382552494,1.631562025365582,1.6246517216331375,2.191510542383484,1.4898802011064378,0.29016410645876733,1.0,0.4261307029303443,0.5,1.0,0.8,174,6732.997726297375,33324.0321590911
3,94,1.4899377972709014,1.6215728475618403,1.6132492421956108,2.1927699507224654,1.5413971811178921,0.28571515961152494,1.0,0.42673987637535216,0.5,1.0,0.8,175,6824.894903924498,34009.20130659267
3,95,1.5174343531381447,1.6636556507280185,1.6799376901719532,2.232921106480215,1.5689836396853898,0.2879543410911059,1.0,0.46011856834678105,0.5,1.0,0.8,176,6777.021239890208,26189.64017354471
4,0,0.8021607911716064,0.9507901779016893,0.8933888889545047,0.00824319303519446,0.0,0.0,0.0,0.0,0.5,1.0,0.8,1,3753.92073634071,7410.693878293279
4,1,0.8387108795622894,0.9949557454935456,0.9370482179064531,0.05849294564958615,0.05745827226165722,0.09369478138847172,8.747159149222001e-05,0.00023335821689445002,0.5,1.0,0.8,3,3958.795927546421,6862.047535684059
4,2,2.3279655824390546,2.6095550113556913,2.5423507122003297,1.7248198786758195,2.116837886969379,0.3971463261430096,0.7174334184462141,1.0,0.5,1.0,0.8,4,3659.968685104716,376024.5898549557
4,3,0.6621251568470701,1.0064413016270648,0.9456602981942261,0.14951410813368218,0.38733922275728117,0.04541492374557134,0.09177382814576324,0.03201574149782202,0.5,1.0,0.8,5,1959.498479403781,4287.403531135229
4,4,0.6640674727826954,1.0085181964598782,0.9477197845922694,0.15650184983071552,0.14297525883324072,0.04541811344422379,0.093475712718907,0.032609452119399966,0.5,1.0,0.8,6,1948.0924863103749,4271.230351113555
4,5,0.5336086236214925,0.9507715273474349,0.8779665193995546,0.16373908617503702,0.6513038260260644,0.05442966673582496,0.07356605804857061,0.06731730233911792,0.5,1.0,0.8,7,3947.291066152824,7433.902147918459
4,6,0.45045221012295417,0.8864564946374344,0.8077573285778353,0.13602610577401691,0.24209476104941782,0.0587937070883255,0.058398111373494446,0.04617643150357698,0.5,1.0,0.8,9,2048.005418912624,4903.349108828619
4,7,0.46931561875977895,0.9123857144809535,0.8307342018823587,0.1810835620816468,0.28796457590896063,0.0756797654800475,0.06700638273837349,0.07882351532660252,0.5,1.0,0.8,10,3190.539218605925,9185.377117421192
4,8,0.3948098485931708,0.8560029006401094,0.783498225694269,0.13847206058494987,0.28166836099394177,0.04938585679095679,0.05784333644410241,0.05035654147465474,0.5,1.0,0.8,11,2764.677099233155,4646.19599991217
4,9,0.40299035920115345,0.8554198549962717,0.7671540574575779,0.1650911940950816,0.25874110716649995,0.08465541605905151,0.05393848056666567,0.06661853896833163,0.5,1.0,0.8,12,3195.395150471015,16834.465079709753
4,10,0.4029825925491186,0.8554131873693529,0.7671463147882126,0.1713076647191742,0.149608572346827,0.08465541605905152,0.05393848056666576,0.06661853896833178,0.5,1.0,0.8,13,3196.7646859563847,16826.15211410814
4,11,0.35898139904988496,0.8132866482140714,0.721786964964963,0.14632273134879942,0.25815313122572525,0.08562853741472844,0.04078099313194062,0.05339515675961951,0.5,1.0,0.8,14,2415.4888598473817,17812.982704310234
4,12,0.33027822162188897,0.78487713935792,0.6908863550961456,0.13758573127488713,0.16324440256829909,0.08625619847034516,0.03339097335356339,0.044910826672147505,0.5,1.0,0.8,16,2426.921770601072,18110.10299437986
4,13,0.31679806179503056,0.7708700500534332,0.6746571428588641,0.14204756162092033,0.1567258721011596,0.07077768057112986,0.04001993599447679,0.04500862420168773,0.5,1.0,0.8,18,3025.51291845904,16575.15249574486
4,14,0.2858754359292849,0.7489723262522189,0.6623236395671022,0.14493124978270477,0.16845593613351603,0.058112684437242566,0.0374497987593161,0.03984242732681016,0.5,1.0,0.8,20,1986.112450380556,23745.6693255165
4,15,0.3573902139220923,0.8172579607107602,0.7275539696802422,0.2597112319639001,0.22604303225943928,0.0451657412189842,0.048699280982104395,0.14153117323476136,0.5,1.0,0.8,23,2039.9315248873595,1069781.469080275
4,16,0.3790129235381622,0.8384953818828298,0.7484834455754649,0.28556204222188997,0.2138321798062523,0.04445444771936965,0.0531759677086273,0.16517291340026083,0.5,1.0,0.8,25,2047.002898703468,1134928.7359745137
4,17,0.3693564298570266,0.8287248149299855,0.7386268495114077,0.2821993250780779,0.20175580792068165,0.04472575022978572,0.051361813459837424,0.15568634277068727,0.5,1.0,0.8,26,2045.98873251691,1109174.4238603646
4,18,0.3760643799844459,0.8346900691425196,0.744027444716346,0.29116413928223334,0.23061424273025236,0.04438084447368666,0.05319240910328314,0.16519176582186226,0.5,1.0,0.8,27,1999.9140462537675,1135149.892113844
4,19,0.24121935203921988,0.7088348553497781,0.6296195706698644,0.1623505518964993,0.14320702898151522,0.04770783668455325,0.03136748086394617,0.030405778332819388,0.5,1.0,0.8,28,1914.6063490520323,23079.62560387315
4,20,1.5225462644832435,1.9882099389984729,1.9077981271449056,1.4735700351494683,1.3820647001935396,1.0,0.06590792370823681,1.0,0.5,1.0,0.8,31,2035.361584859696,3820713.45034074
4,21,1.5312861227394945,2.0157264467111577,1.9592737562888847,1.4963271695552325,1.4245555392680398,1.0,0.08293864778455984,1.0,0.5,1.0,0.8,33,1853.63948384959,3933914.822233501
4,22,1.5188983300695726,2.001189864850213,1.9436298395130305,1.4955416479447017,1.3974467962181687,1.0,0.07486778342224659,1.0,0.5,1.0,0.8,35,1929.8539355982996,3816882.982311548
4,23,2.430081016546219,2.8928512781541613,2.8184774867452713,2.42176438234648,2.4555201730960947,1.0,1.0,1.0,0.5,1.0,0.8,36,2088.488881605953,3829310.19698544
4,24,2.4264106703351627,2.8866059342734403,2.8111625670544695,2.427463977250916,2.3218123867919944,1.0,1.0,1.0,0.5,1.0,0.8,38,2039.88817098712,3831894.262602876
4,25,2.41808554734492,2.8941979678269902,2.8422181514153797,2.4428121051921377,2.351852415150397,1.0,1.0,1.0,0.5,1.0,0.8,40,2208.6702968462696,3931025.389646505
4,26,2.4070452926985224,2.8715886519880582,2.806476540542773,2.4276973411647687,2.294587765876228,1.0,0.9893647163186902,1.0,0.5,1.0,0.8,41,2034.9717897283008,2378070.5668767085
4,27,2.4155935443500063,2.9007264294045774,2.860946553140761,2.4554653144907626,2.3272049324188133,1.0,1.0,1.0,0.5,1.0,0.8,42,2322.6285244559253,3946567.494137041
4,28,2.4040795801790917,2.8779296420039984,2.834245695371104,2.4590825062013817,2.3796091583787513,1.0,1.0,1.0,0.5,1.0,0.8,44,2377.749640216291,3945583.4282342033
4,29,2.3951038574660304,2.8421471492515327,2.7710380651521653,2.443311701531422,2.3239765590784036,1.0,0.994940735336366,1.0,0.5,1.0,0.8,46,1847.459325632736,2391378.151319665
4,30,2.393077689075133,2.8375437351105166,2.765621078065656,2.4496536571187724,2.3116757719494205,1.0,0.9950875779630983,1.0,0.5,1.0,0.8,48,1873.7948003043089,2391365.4445237587
4,31,2.2540706777859327,2.6983959915820357,2.6263906100195187,2.329081890227501,2.161716148092612,1.0,0.85642298093905,1.0,0.5,1.0,0.8,49,1574.432393680012,2400528.986474728
4,32,2.3945504089434193,2.8571369039045367,2.8098920475042943,2.4796571793943833,2.3487030636941544,1.0,1.0,1.0,0.5,1.0,0.8,50,1300.002794704195,2542752.8012107625
4,33,2.3882952926744823,2.8199547969087853,2.7441787002840243,2.4682328337880817,2.4032342320381215,1.0,1.0,1.0,0.5,1.0,0.8,51,1716.1067394280774,2397112.532457625
4,34,2.386256494477098,2.837321058631093,2.786682608691658,2.493906102982355,2.311726117714178,1.0,1.0,1.0,0.5,1.0,0.8,54,1293.9813519858722,2544879.9088555174
4,35,2.2013710169945355,2.638569878617412,2.574175584743782,2.31375926163459,2.1476685498354984,1.0,0.8168626925825,1.0,0.5,1.0,0.8,55,1410.0229053892467,2544187.73725194
4,36,2.3814947832982125,2.8250926308617954,2.7723599826826666,2.505623063423303,2.327283264217666,1.0,1.0,1.0,0.5,1.0,0.8,57,1889.9810893110807,2544207.1056169835
4,37,2.380320824375132,2.821973720146876,2.768706951906606,2.5156351573554065,2.310890731014341,1.0,1.0,1.0,0.5,1.0,0.8,59,1897.1708492158969,2544235.7388616446
4,38,1.6712909651503451,2.083983506981901,2.013024028240044,1.8181515389620204,1.7919927703668104,1.0,0.30061107257574937,1.0,0.5,1.0,0.8,60,4463.669496306078,1635890.625375397
4,39,1.6717420230540845,2.083765664653469,2.012634826522988,1.8289144045181576,1.6049073553457962,1.0,0.30139422910911884,1.0,0.5,1.0,0.8,62,4500.120916002398,1645658.7574115372
4,40,1.6002248164392123,2.003264057438851,1.9401135492612398,1.7871302985728383,1.5734404733489435,1.0,0.23900292239504345,1.0,0.5,1.0,0.8,68,3731.4984560590287,3426912.4032042176
4,41,1.5248818998284648,1.9194955190573266,1.8543556773723788,1.7072958482379081,1.546045566803806,1.0,0.16685075782461908,1.0,0.5,1.0,0.8,69,3929.4767894525817,3396172.0353880017
4,42,1.6201045066962314,1.990523661021897,1.9198192392764502,1.8180169752490498,1.6838518315570787,1.0,0.2703714425186338,1.0,0.5,1.0,0.8,71,3838.9735223870985,3398711.527530843
4,43,1.5934922296788847,1.9384411122099454,1.8410485188410397,1.788610784994221,1.5729198074640154,1.0,0.2447089379609188,1.0,0.5,1.0,0.8,72,3357.626092919268,3414170.252584096
4,44,1.6181228494572086,1.9790532377377021,1.906235393890417,1.821151391981285,1.6292931622167117,1.0,0.271241257978224,1.0,0.5,1.0,0.8,73,3927.873213810272,3407090.731504731
4,45,1.5245290884340688,1.8691522267576062,1.782206499558916,1.7420295234381407,1.502485647903907,1.0,0.17912725307549895,1.0,0.5,1.0,0.8,75,6280.903664175449,1167223.3475022423
4,46,1.51995794358548,1.8475116061510042,1.7568808685581068,1.7500886041029695,1.553718228953128,1.0,0.17900374839542146,1.0,0.5,1.0,0.8,77,6570.749417049793,1215471.813222005
4,47,1.5144824838526125,1.8274970185346004,1.7337907156068018,1.7531778198406514,1.5396815229339604,1.0,0.17694832840273098,1.0,0.5,1.0,0.8,79,6029.914324081407,1151230.5943041672
4,48,1.5148029452639926,1.8166063299018178,1.7205645111634469,1.7648669928492076,1.5752248129630728,1.0,0.1796949883966526,1.0,0.5,1.0,0.8,80,5762.279451450012,1223296.4614282218
4,49,1.5197921730205637,1.8155161698170565,1.7182226304826995,1.7670040304936165,1.5366447057527275,1.0,0.18591374416857637,1.0,0.5,1.0,0.8,81,4409.128491521768,1467479.3846082026
4,50,1.514325433000876,1.7933452982796159,1.692648715696581,1.7696667863338713,1.553005908656347,1.0,0.1836137685678581,1.0,0.5,1.0,0.8,83,4124.6487681198505,1482995.143336656
4,51,1.5129341116534332,1.7464837419302004,1.6151743217076109,1.7749270099552867,1.5331144351238108,1.0,0.1860899159817625,1.0,0.5,1.0,0.8,87,4103.120164659695,1483602.7730313437
4,52,1.513969627915351,1.742932401765468,1.6107164320055074,1.782813806541594,1.5001540586794302,1.0,0.1878323296610665,1.0,0.5,1.0,0.8,90,4022.7929571131695,1523598.669681966
4,53,1.513876819568618,1.7538171226949415,1.6345569426763675,1.7971253540539278,1.4886894861221376,1.0,0.18777410709825085,1.0,0.5,1.0,0.8,92,3994.763514793934,1523268.708945687
4,54,1.515958401937382,1.743565778589287,1.6110816331141922,1.79814386688592,1.4993576619246898,1.0,0.1900312310924893,1.0,0.5,1.0,0.8,93,4309.874139910491,1475030.7593211543
4,55,1.5137580799644348,1.7518404093283626,1.6322139690142037,1.8038024784531745,1.4935386353254427,1.0,0.1879358213599244,1.0,0.5,1.0,0.8,94,4040.3068576429528,1522856.2344914218
4,56,1.4957653801955582,1.71676696504038,1.593796731910719,1.7908216487898436,1.6088994986457434,1.0,0.17238741123284446,1.0,0.5,1.0,0.8,95,3858.1538771947767,1475779.847151424
4,57,2.3233324848613286,2.5887944973271795,2.5177576547113287,2.676094580839828,2.3002953393060963,1.0,1.0,1.0,0.5,1.0,0.8,104,3155.322135305011,2406316.3013460687
4,58,2.31887912115766,2.536824790578814,2.4458059469212454,2.671452733709332,2.442363865860937,1.0,1.0,1.0,0.5,1.0,0.8,106,101181.10617842074,2774800.267840656
4,59,2.3167367812085127,2.5254250291601825,2.443535638785314,2.6886483984478904,2.3526445080807417,1.0,1.0,1.0,0.5,1.0,0.8,109,99272.61334041094,2772889.814104682
4,60,2.3164870266610276,2.5226502705731555,2.4402856861271442,2.6954731920623543,2.309746144826291,1.0,1.0,1.0,0.5,1.0,0.8,111,99866.18827607646,2771901.16180439
4,61,2.3153444735559567,2.509392805716037,2.424757828330847,2.704855774298454,2.3924116012474808,1.0,1.0,1.0,0.5,1.0,0.8,112,101043.45342740792,2773491.0536507363
4,62,2.3146108512772976,2.5116709115800013,2.4385077592701734,2.7111120244345335,2.3311744632256617,1.0,1.0,1.0,0.5,1.0,0.8,114,100521.96156015983,2773179.931695689
4,63,2.3142415075064235,2.5294468049458407,2.481491450715088,2.741057778446964,2.316178645699204,1.0,1.0,1.0,0.5,1.0,0.8,116,102045.04250528544,2772181.1085495087
4,64,2.3135461547355116,2.5092645821214425,2.446770959110701,2.7474435348372728,2.3313953748984684,1.0,1.0,1.0,0.5,1.0,0.8,118,104709.61290246509,2834415.942678672
4,65,2.3135156997819655,2.520062889399029,2.4705004690876553,2.76636499750252,2.301404009622064,1.0,1.0,1.0,0.5,1.0,0.8,120,104695.94232163456,2834355.7376468563
4,66,2.3123240684742274,2.548551436681266,2.5481948753764874,2.8235248552686274,2.3228084241025053,1.0,1.0,1.0,0.5,1.0,0.8,125,4360.468471249218,2460494.6135838185
4,67,2.312267122747553,2.4805059104665927,2.402005535089974,2.7733901258079676,2.3028306299174126,1.0,1.0,1.0,0.5,1.0,0.8,127,2400.004320938659,2488604.120507246
4,68,2.308651860617653,2.4667582895485376,2.430230452023599,2.790905126164368,2.709383013479546,1.0,1.0,1.0,0.5,1.0,0.8,128,2100.496940796485,2515553.485489846
4,69,2.308086183598536,2.4559745142783385,2.4175998617342973,2.801060161187804,2.3249938147057554,1.0,1.0,1.0,0.5,1.0,0.8,131,2013.7145966490684,2519633.956654028
4,70,2.3079353314826268,2.4530219523068064,2.4141417100092113,2.8045078724588093,2.310309440747506,1.0,1.0,1.0,0.5,1.0,0.8,133,2025.9012195576167,2519683.836157494
4,71,2.307868105011968,2.4628973916328976,2.436790067756231,2.820447396782412,2.3092655443512715,1.0,1.0,1.0,0.5,1.0,0.8,134,2035.0538598611445,2519479.41683828
4,72,2.307705960543176,2.4484606116350944,2.4087992681471437,2.8181182299754273,2.303229730781601,1.0,1.0,1.0,0.5,1.0,0.8,141,1292.7812247813656,2521030.012709008
4,73,2.3063517523624113,2.453126924689581,2.4475098591083517,2.8710600304139318,2.4013632153003384,1.0,1.0,1.0,0.5,1.0,0.8,143,7025.958714562157,2500894.803972333
4,74,2.305588721225446,2.4460771059763733,2.450334358646482,2.9597123814285586,2.3057700261298013,1.0,1.0,1.0,0.5,1.0,0.8,165,7126.705970870593,2687140.15905576
4,75,2.3051948643951317,2.4360832735312736,2.4386290829621773,2.9699535496204206,2.3698244972814626,1.0,1.0,1.0,0.5,1.0,0.8,166,7072.474399752074,2686971.7278645234
4,76,2.3049716991027003,2.4302091796981022,2.43174893384099,2.976849140519599,2.3204966697075986,1.0,1.0,1.0,0.5,1.0,0.8,168,6965.437521418309,2685929.826542914
4,77,2.3049679913186303,2.4301205344530388,2.431645195194663,2.984286486049651,2.3003451738873766,1.0,1.0,1.0,0.5,1.0,0.8,170,6982.20181945884,2687319.425475452
4,78,2.304497300518677,2.450814454902266,2.4891281504954454,3.0149193693579255,2.345094838849543,1.0,1.0,1.0,0.5,1.0,0.8,172,6992.765177201351,2686123.9670664435
4,79,2.304489016437427,2.4617844108318163,2.513058641796688,3.035567497193849,2.3008141226219694,1.0,1.0,1.0,0.5,1.0,0.8,174,7030.280215869703,2685752.2768933857
4,80,2.304331714621343,2.4572943624786987,2.507799663285745,3.0428052125393625,2.3156738284753686,1.0,1.0,1.0,0.5,1.0,0.8,176,7054.994078478512,2688456.2390108537
5,0,0.6082461388547634,0.8890836842741882,0.8211147449164453,0.0025701283600943494,0.0,0.0,0.0,0.0,0.5,1.0,0.8,1,6548.559839128705,7949.630026841793
5,1,0.6248164247320444,0.9147569028690857,0.8458694620356679,0.03650873144226854,0.049765565944491434,0.06174640415969551,9.799641766906e-05,8.14820591139e-05,0.5,1.0,0.8,3,6385.956396009149,7831.4716797377405
5,2,0.6007620238077663,0.9052875316047543,0.8348550241476865,0.03755797734243142,0.09371214259950043,0.03033653889744859,0.01410778814344465,0.00164181407894401,0.5,1.0,0.8,4,6189.284138990312,8153.5815942592335
5,3,0.9501081410420491,1.279379722987129,1.206064694123622,0.4311756137158633,0.5392755355180936,0.01540158793765382,0.3930626752851636,0.02593650242472741,0.5,1.0,0.8,5,5802.47726154762,8040.831517271692
5,4,0.538427470604471,0.9235090502096704,0.8715646993872871,0.10145154395375572,0.2590042471832524,0.06842259628360924,0.02314442352358241,0.01614564529266829,0.5,1.0,0.8,6,4595.335725600586,7040.523422620817
5,5,0.49577837967989985,0.9270640181634954,0.8817366438460915,0.138766608334359,0.23007741078568666,0.08571629142617408,0.02015942514690423,0.04609942918994017,0.5,1.0,0.8,8,3930.247297800598,6197.821778566593
5,6,0.49139538491717066,0.9226655004387196,0.877328871441341,0.13440519715977345,0.0957043057084264,0.0856144563010399,0.01857299143228788,0.04271571592959386,0.5,1.0,0.8,9,4019.6013737543135,5852.2448163395175
5,7,0.5330750471283091,0.9780712581984153,0.9294097737195944,0.20744266420479396,0.30598308169349964,0.08570646895054898,0.04385992133901272,0.10457455405883014,0.5,1.0,0.8,10,3266.4287321377674,5441.664564452776
5,8,0.4489043318679956,0.9127511320889491,0.8748597655365015,0.1591100108015695,0.1978213942912577,0.04285031606140585,0.06259155951126333,0.02856984453649829,0.5,1.0,0.8,11,2570.0123315067003,9362.792035819928
5,9,0.4431121684432159,0.9128127224978131,0.8729252025530148,0.16513353744872633,0.19999154824125007,0.060174150792315015,0.03599054218363401,0.06563989973011772,0.5,1.0,0.8,12,2610.373195706202,4445.656210761883
5,10,0.3871847406379688,0.8578579495536334,0.7991502580705558,0.14563629707773162,0.34622841164767315,0.04081843000958058,0.058720932489299896,0.03711390569391669,0.5,1.0,0.8,13,4555.215402175225,131116.28977856174
5,11,0.38111943500074497,0.8545753414574738,0.7937503400084908,0.17134805019008592,0.14672316588136064,0.04751927066085871,0.0492174604008366,0.05615610901576233,0.5,1.0,0.8,16,4350.684023844607,131344.20659696238
5,12,0.3746244480708255,0.8715999102002365,0.8367970803225421,0.18442570805924915,0.11819852520971408,0.06335829088008524,0.0517646145921999,0.03618810848533498,0.5,1.0,0.8,17,4287.113675752175,150739.5684221392
5,13,0.33085463381541247,0.8274331853476349,0.7919303842821092,0.15454311374225832,0.08326210710260357,0.06455415123884875,0.025065652688351682,0.01871527490777905,0.5,1.0,0.8,19,4095.100934444104,80889.20857713198
5,14,0.3382171760222981,0.8487805912733455,0.8212742031220025,0.18937944723399838,0.21362351852052272,0.049334140827198905,0.053798645224726785,0.04151442583443419,0.5,1.0,0.8,21,3832.400646130841,117678.87760347864
5,15,0.337645402689005,0.8482217073657059,0.8206196850972654,0.19528149153573449,0.11557327552412366,0.049334140827198905,0.05379864522472687,0.041514425834434224,0.5,1.0,0.8,22,3867.389860235413,116585.6381323506
5,16,0.8589510063365152,1.3462541098342644,1.2882067473335574,0.7452423019970074,0.8393161108219455,0.08498363876985607,0.4374322901750398,0.2226814542477705,0.5,1.0,0.8,23,4398.821504038895,7714.384329694129
5,17,0.658716854526934,1.160978507973846,1.1214814032777118,0.5994914101756993,0.6458270583666299,0.09921029496487944,0.3145373299974918,0.1621868072525206,0.5,1.0,0.8,25,3676.6380233576433,8490.33696926804
5,18,0.5809897347421829,1.0747486005258562,1.0303181609316607,0.5446715543305103,0.5370936128719254,0.08522554577504202,0.27623850621631607,0.1470211707467088,0.5,1.0,0.8,27,3659.8675349963696,6907.499380738474
5,19,0.535921834761797,1.0292912631209006,0.9846663265291363,0.5086744566692909,0.39610544466884257,0.08393483230027782,0.2455815862980391,0.13074742112022325,0.5,1.0,0.8,29,3602.7315901820307,7015.434637508418
5,20,0.8816300945136919,1.404239395100222,1.3965406486683738,0.8682614539252826,0.7879002875512402,0.058927464957926834,0.3764531284620142,0.42460564579098614,0.5,1.0,0.8,31,2957.6952957454296,11974.083405349404
5,21,0.6556941401750143,1.1767345227633266,1.168334457423491,0.6489763615063247,0.5364974843982849,0.10273142622999198,0.34339172621106173,0.1592931594027061,0.5,1.0,0.8,33,3222.101368186577,14321.050167364596
5,22,0.40578765446098397,0.9426375281853685,0.957484404141375,0.41676264807937347,0.39408467496631006,0.06596952261560567,0.16762489159005484,0.10144867272487727,0.5,1.0,0.8,34,2994.381103713759,15212.76589277737
5,23,0.40490136877389526,0.9408920031502083,0.9553993577555585,0.42004637085914653,0.2889240447619542,0.06470006409141857,0.16818472217638275,0.1018370285052288,0.5,1.0,0.8,36,2888.4215755843243,15105.104868880366
5,24,0.36082979447706487,0.9068910210482217,0.9339573041731104,0.39159876537936256,0.24838748710167985,0.06380765429081674,0.13980416658618494,0.08458863906933602,0.5,1.0,0.8,38,2974.5804315151554,14971.967237120338
5,25,0.46404598224586413,0.9914385603951402,1.0027379399875331,0.5005283027534126,0.4641258630742706,0.03023400778780886,0.2197233594634663,0.14555312425121586,0.5,1.0,0.8,39,3381.8501036321272,13449.210110959555
5,26,0.40446755085677283,0.9260880680435412,0.9447718410678415,0.4692992339231678,0.4220299472418056,0.04851232077355283,0.1838584780138264,0.12426002607997708,0.5,1.0,0.8,41,3122.716227208226,14588.358496725788
5,27,0.3651698905020221,0.8737920870585071,0.8789220734161246,0.43768987565771744,0.2771832366937527,0.04962748933331003,0.15860549026647658,0.10780335582635839,0.5,1.0,0.8,44,3068.0262124023475,14787.182840545458
5,28,0.36159161691097724,0.890608437014196,0.9211250977403116,0.45054140334679094,0.27601884852576397,0.04823262701579911,0.15821093170368433,0.10666210158069508,0.5,1.0,0.8,47,3123.6034708311017,14151.650597323776
5,29,0.3614307011495843,0.856622858749291,0.8480739965161945,0.3960352219264479,0.27024449889905633,0.04823262701579905,0.1582109317036841,0.10666210158069397,0.5,1.0,0.8,48,3123.5832867032573,14189.802676128074
5,30,0.5066976559277993,1.0291325676216676,1.05769095144157,0.6296641677607446,0.43697116895059585,0.052740339648012766,0.2747647346174266,0.1456009885981748,0.5,1.0,0.8,52,3541.8065943305146,23980.23915854096
5,31,0.5056425072568163,1.025894537438491,1.0538192376649607,0.6364998401397859,0.43101406450362345,0.052949329691947836,0.27500640187681025,0.1457455593685513,0.5,1.0,0.8,54,3533.2193595547105,23978.38187382776
5,32,0.24660125072810882,0.7142093237597703,0.6879208564396083,0.3469481946467433,0.2540790674467933,0.09001363717931987,0.037780986004415665,0.10166494373108788,0.5,1.0,0.8,55,3559.691657407281,22861463.89607367
5,33,0.25043233832337336,0.7061739604985082,0.6766709468933685,0.3601441905019661,0.30595714139088326,0.08547294838530417,0.042223963555857016,0.11236815637435335,0.5,1.0,0.8,56,2916.276697790075,22860666.032216765
5,34,0.23661342695401294,0.6902816618495201,0.6602323312679756,0.3531489604352731,0.1732930458647377,0.0864560908710221,0.03801202245285265,0.10114121288618341,0.5,1.0,0.8,58,3016.9958006730485,22858231.66116668
5,35,0.27489175677441907,0.7260119597277971,0.6952964497329653,0.3924151029395758,0.22896388634055748,0.09514187290341594,0.04104181945016766,0.14145046392416716,0.5,1.0,0.8,59,3013.51575976648,22869643.05064789
5,36,0.24385089277146338,0.6876865131843912,0.6550996251931551,0.38098662158975105,0.2506764218052935,0.09069384139092894,0.04807857770628894,0.10118695974024436,0.5,1.0,0.8,60,2953.583139657777,22859475.19945782
5,37,0.24296069304637888,0.6840917750531641,0.6508211956829362,0.384412540378832,0.1887133662635412,0.09101103974579364,0.04821927605390463,0.10130945005954,0.5,1.0,0.8,62,2939.821029950609,22866500.02378117
5,38,0.24602571198983386,0.6864889479021663,0.6530504431505397,0.39109476099420704,0.18499462465603123,0.09185110416677772,0.0484748539197987,0.10468700738364371,0.5,1.0,0.8,63,2939.0492084148614,22867552.64378643
5,39,0.2747883678880455,0.7241179949292414,0.7030947817973311,0.43029808523694,0.23185857562225393,0.09867906626500472,0.0507454910470041,0.13488366296943044,0.5,1.0,0.8,64,2934.7477410782026,22876160.726402137
5,40,0.24260549885941585,0.6894380798826633,0.6677941583726038,0.4160746380265931,0.18537542121140554,0.09094490453828746,0.04861039944767279,0.1035666243365975,0.5,1.0,0.8,67,2918.728365884042,22866069.619954266
5,41,0.21755339844572047,0.6720049440215698,0.6624780810272325,0.40779787612898877,0.1624716677253385,0.09064692904512525,0.04057031441394891,0.08445511535016126,0.5,1.0,0.8,71,2857.2301181043813,22801866.859390013
5,42,0.22580335751088537,0.6901141860773718,0.6932584382062208,0.42412685378710663,0.16902654335442316,0.08968196976589603,0.04439856894341515,0.0913092744106158,0.5,1.0,0.8,73,2864.5523218951,22797285.00787735
5,43,0.22536850701184305,0.6884768645038871,0.6913274064287867,0.43105706526599474,0.1683791134064071,0.0897251422826548,0.04450621421840937,0.09124498152866464,0.5,1.0,0.8,75,2854.774213817626,22804854.42302589
5,44,0.2160136043531286,0.6653827730780013,0.6546173717648289,0.432512196192487,0.1624386516842597,0.09192672347501152,0.04049494204309777,0.08451150903450506,0.5,1.0,0.8,78,2717.930975053957,22798776.35794572
5,45,0.23022024859441775,0.6658977956835812,0.6415336404728811,0.4446104324880028,0.19353314697257212,0.09283056306227712,0.04691860251994839,0.09493226117490869,0.5,1.0,0.8,79,3013.6138456593035,22809752.90192647
5,46,0.4017213613549768,0.8367090401803122,0.8121793721364743,0.6403097877092324,0.34202335901295555,0.11040167640224881,0.03720192309805992,0.3108191550267369,0.5,1.0,0.8,86,3332.4228538271864,110916982.91564412
5,47,0.3935452886390357,0.8011361278803022,0.749416082519225,0.619850633998842,0.3833470088760268,0.11173521841862974,0.03823584337590134,0.30091875954941305,0.5,1.0,0.8,87,3318.7788527761345,110820108.61814617
5,48,0.36869070096422524,0.7978642574554117,0.7719498120691966,0.6119790044431237,0.3182639841278512,0.1109206017715407,0.03479274574777474,0.2750577585025712,0.5,1.0,0.8,88,3238.4595210467,110787426.37888391
5,49,0.3709355624715611,0.7867853513722272,0.7473702764020436,0.6115849136614987,0.33374087457801954,0.11142427429133558,0.03515268712375627,0.27809993800545507,0.5,1.0,0.8,89,3350.1537987390234,110940878.42673048
5,50,0.3708219980447248,0.7975718620791107,0.7710858102046348,0.6218585416552147,0.31480218701885143,0.11142427429133565,0.03515268712375606,0.27809993800545485,0.5,1.0,0.8,91,3350.314330284696,110935427.2493574
5,51,0.3809543625704413,0.7960117109308049,0.7564103565156733,0.6359486545962625,0.32599913361314903,0.11233099935702928,0.0348366584873646,0.29082103130378417,0.5,1.0,0.8,93,3325.929359067998,110823350.68980904
5,52,0.7044609537105417,1.1530031133706735,1.1523732543451466,0.9771020519419469,0.6484620976872698,0.11217906576768133,0.053086124633074404,0.6725478609767582,0.5,1.0,0.8,94,3418.765235414948,110856651.32001242
5,53,1.2099551033358802,1.6843733451953053,1.7209433964038363,1.534042201205205,1.2289551202083724,0.08984854262405811,1.0,0.13820833307455396,0.5,1.0,0.8,95,4537.889149272063,841080029.337857
5,54,0.38507866737733054,0.790297973660663,0.7484101655917381,0.6565089745960504,0.3498305649564235,0.11377880446669657,0.039786631777108825,0.2932752431588543,0.5,1.0,0.8,96,2934.1653784188265,110780236.87215474
5,55,1.200465833902715,1.6711020973657298,1.7277752523666525,1.5370195281694123,1.2652546212643612,0.08703376989614761,1.0,0.13841763794653922,0.5,1.0,0.8,98,4651.557587614108,841027448.550568
5,56,1.1999447046573137,1.680477130044606,1.7498632006159944,1.5660575407484072,1.1560552714324346,0.0870614816813586,1.0,0.13821226593532174,0.5,1.0,0.8,104,4703.202610073893,841010571.3207535
5,57,1.2001716487123169,1.6795694795102138,1.748706767375389,1.5739087943814076,1.159718063545267,0.08824545055516833,1.0,0.13815400943863315,0.5,1.0,0.8,106,4781.548665314648,841011085.1845518
5,58,1.198292605622757,1.6841052848359312,1.7651974470419636,1.591384057327448,1.175405762881256,0.08728991859720893,1.0,0.13804761980018043,0.5,1.0,0.8,108,4688.804156014713,841014530.8183553
5,59,1.198234695738068,1.6693978964262361,1.7367421632090185,1.591839338551829,1.170187541744324,0.08670622921252198,1.0,0.1394891125170957,0.5,1.0,0.8,110,4698.466488126129,840984807.618557
5,60,1.1903136410861077,1.6475434364158807,1.701297712209175,1.6103622846928893,1.1717943910799977,0.0899491194097984,1.0,0.12845199596707163,0.5,1.0,0.8,111,4680.934170039189,840961369.8954703
5,61,1.1864203656407706,1.6681577390652222,1.7589638844920321,1.6491859442259538,1.1620212103799965,0.0890407090276347,1.0,0.12700200523093166,0.5,1.0,0.8,116,4663.642787003328,841029449.0462215
5,62,1.1849415946230224,1.6512916328869136,1.7282093591907315,1.644427715258448,1.1577319625732034,0.08731786194566343,1.0,0.12748243564265851,0.5,1.0,0.8,119,4565.104807176854,841010563.8068736
5,63,1.1836242008105002,1.6697860410815608,1.772156470520941,1.6662238659751165,1.1560818792620007,0.08777682073411226,1.0,0.12630458337931064,0.5,1.0,0.8,121,4691.761698062006,841014956.6231589
5,64,1.183452859524994,1.6470760399852034,1.7234180630568088,1.6618355214156053,1.1459057548705842,0.08751566285513328,1.0,0.12629120614196696,0.5,1.0,0.8,122,4688.466618960776,841024056.500603
5,65,1.1831315190796265,1.6554497046028207,1.744263741615765,1.6696533538956733,1.1666284000309597,0.08739469760832402,1.0,0.12668584750504547,0.5,1.0,0.8,123,4560.904990765925,841006269.9181144
5,66,1.4506115100166599,1.8964120589793512,1.9904642849744245,1.943965718957192,1.736667381034614,0.12083450892476093,1.0,0.4496407774969029,0.5,1.0,0.8,124,3816.36328182084,146890859.06153852
5,67,1.4741729583178487,1.9240312286421357,2.029646613659883,1.997226930507599,1.4566660117852077,0.11498413676115371,1.0,0.484308323097728,0.5,1.0,0.8,129,3845.073477894325,146883365.26506147
5,68,1.44735746839485,1.8941075545311798,1.9991006763887544,1.9938437241397924,1.4271044580162435,0.11956261293760077,1.0,0.4485840762752855,0.5,1.0,0.8,132,3672.172338267895,146891274.87456733
5,69,1.4455755094848879,1.8914090944343975,1.996219034378713,1.9996106304824697,1.4207533422976137,0.11736342092930611,1.0,0.4479224408391316,0.5,1.0,0.8,134,3760.711609459637,146884952.4868696
5,70,1.445177511968258,1.901441572121093,2.019097512083017,2.011382963213817,1.4230578162433867,0.11726999639422624,1.0,0.44764414638278066,0.5,1.0,0.8,135,3774.5357091899846,146882549.8311124
5,71,1.693751027720305,2.1358845584765653,2.239956391919578,2.259245283875087,1.68961575144433,0.15137610934869572,1.0,0.7376461549566155,0.5,1.0,0.8,136,3708.802363571637,66195637.28817078
5,72,1.8993972760154672,2.5075433075529876,2.6998836745219075,2.5207557041069597,1.8510582543561815,0.09117714609270341,1.0,1.0,0.5,1.0,0.8,150,5337.960769404832,840947674.72892
5,73,1.8951603752856423,2.4841958271463387,2.672279979324167,2.5277017014894136,1.9228508947986935,0.09418780527681483,1.0,1.0,0.5,1.0,0.8,151,5149.020297161855,841094467.5818121
5,74,1.8892048512220965,2.4567794250609136,2.6401676720474927,2.5330034640531762,1.9191436778475222,0.09419571961969923,1.0,1.0,0.5,1.0,0.8,152,5035.690743929325,840960301.6135005
5,75,1.8889924578204818,2.450795889452615,2.6329523782722646,2.537439256372742,1.8854150256425373,0.09661396799827382,1.0,1.0,0.5,1.0,0.8,153,4955.755170091802,840954502.3299211
5,76,1.8920179185878236,2.4792479524492794,2.6774638071801187,2.5468000683021623,1.893746267927496,0.09538630321660704,1.0,1.0,0.5,1.0,0.8,155,5467.2895395669175,841000627.4698942
5,77,1.8920875091265386,2.4785445796010253,2.6765932354850195,2.558746577426647,1.8502774421210626,0.09593265931296394,1.0,1.0,0.5,1.0,0.8,157,5469.059414467341,841002548.1535137
5,78,1.8898250340459781,2.479069804813009,2.6883006843447257,2.5610138928074697,1.8696407430927364,0.09580892354003093,1.0,1.0,0.5,1.0,0.8,159,5433.628007140162,840954650.9373952
5,79,1.8909610017413512,2.497196982704658,2.7206772783699775,2.5776146441887553,1.8520992017574536,0.09506923359964921,1.0,1.0,0.5,1.0,0.8,163,5469.897454326581,841002225.3190068
5,80,1.890332304539669,2.4932057686060123,2.715960220301134,2.5898653797369136,1.8734073032248775,0.09556358175861099,1.0,1.0,0.5,1.0,0.8,165,5470.219638830355,841000621.8468442
5,81,1.8905982574246332,2.495056198530074,2.718150557998836,2.6017508943569685,1.8490227557125518,0.09529498104767016,1.0,1.0,0.5,1.0,0.8,167,5483.641493559744,840994178.3182288
5,82,1.8957746932125508,2.5254809230344177,2.7436939041071513,2.5933087659219716,1.8802793143935608,0.08373468557606253,1.0,1.0,0.5,1.0,0.8,169,5900.442847630609,1813971830.0815637
5,83,1.8939343309647267,2.532275791282021,2.7628957549232753,2.616698336031449,1.8903689619874688,0.08184697937973742,1.0,1.0,0.5,1.0,0.8,170,5936.967371123899,1813974664.575254
5,84,1.8927083380020127,2.5254507791837844,2.7547980106402825,2.6247183614183838,1.8645809420852242,0.08306029233908438,1.0,1.0,0.5,1.0,0.8,172,5876.962020987418,1813982369.5828
5,85,1.8917524789535891,2.5300829249566634,2.7711690960115876,2.636971724235549,1.8575218114645073,0.0846513420547169,1.0,1.0,0.5,1.0,0.8,174,5838.269550367737,1814042426.517012
5,86,1.893234314923909,2.5223618754179054,2.750888172324511,2.650446663835531,1.8803579133562847,0.08646984845756213,1.0,1.0,0.5,1.0,0.8,176,5798.984410338582,1813876119.93422
5,87,1.8928947970611831,2.5320878915150953,2.7733614670048636,2.670787705034748,1.8433397506393117,0.08646984845756214,1.0,1.0,0.5,1.0,0.8,178,5800.8820104547,1813882620.4021611
5,88,1.8936146074332332,2.5690812414029125,2.8394943735505764,2.721029417372847,1.839513916214251,0.07898874710115265,1.0,1.0,0.5,1.0,0.8,190,4495.70035082023,14820.40469252616
5,89,1.89358848808716,2.5661668880082624,2.835900943175556,2.717678157599126,1.8592580233190492,0.08109007126075476,1.0,1.0,0.5,1.0,0.8,191,4456.353126187021,15044.331420684755
5,90,1.894081175454633,2.565334439966854,2.8347860362166823,2.7223750876945108,1.8873746518725982,0.08272411181966732,1.0,1.0,0.5,1.0,0.8,192,4479.263640473443,15154.16205954157
6,0,0.9646302106311722,0.9919586709709902,0.9416077403596876,0.012028603597799217,0.0,0.0,0.0,0.0,0.5,1.0,0.8,1,1347.1691016899426,8216.98775085299
6,1,0.9688452723470953,1.0131833230650724,0.9619417086015035,0.041372168091797536,0.04458914941430289,0.052450937713635196,0.00010509115076175,0.00011897876605684,0.5,1.0,0.8,3,1341.80318662831,8239.858363615698
6,2,0.9084687223614427,1.1043371249887652,1.0574493142493713,0.18382221637840032,0.5095073686158533,0.11395097522842364,0.0399646599349393,0.07490589158956878,0.5,1.0,0.8,4,1248.596089582216,44668.34011157035
6,3,0.8165899729573323,1.11991842323986,1.0640781042771241,0.23518342821138816,0.596738062462633,0.06433498715060723,0.10104030911537949,0.1143926126358524,0.5,1.0,0.8,5,1282.749269164623,6439.282240658859
6,4,0.6883191494657145,1.052607116134951,0.989087927029299,0.2296540000419581,0.355370987250107,0.0991296743248014,0.10336417275848912,0.061649571444215054,0.5,1.0,0.8,7,1416.1717732584932,5393.393186140242
6,5,0.608542967875582,1.0145817752414399,0.9590738571264882,0.20914512619854422,0.3856406772977553,0.07186239832136733,0.07050248502550975,0.09464925459488768,0.5,1.0,0.8,8,1058.5915193191315,40953.47374054111
6,6,0.5599662486692771,0.9705095865559334,0.914141328505661,0.17352603096279895,0.17818872068959452,0.09571200201340246,0.03853333744660907,0.07089398774338844,0.5,1.0,0.8,9,1086.6891100351525,6502.772056229416
6,7,0.5205431032608131,0.9339481858234132,0.877011263520168,0.15047754047583464,0.12146008230537883,0.09260924265559932,0.025720351207119557,0.04729850568874539,0.5,1.0,0.8,11,1065.566741399091,6388.428698502228
6,8,0.5143977507498809,0.9326448493021301,0.8747014515709549,0.1559933730129766,0.15548217928244418,0.08696471036130063,0.02838869443355827,0.05320809583433632,0.5,1.0,0.8,12,1071.570150236836,6176.258820247997
6,9,0.5361069330712364,0.9556320356533692,0.8974128020422167,0.18572805695578193,0.15028197158952555,0.06995760092255811,0.05294512727623292,0.06388909155439126,0.5,1.0,0.8,13,1223.2886564473993,39506.07846953344
6,10,0.48043405005547646,0.9066805859083544,0.8469310486154605,0.14913703554433394,0.16143197933903386,0.09534098497651872,0.022108500536870877,0.03655071879472752,0.5,1.0,0.8,14,1066.364886908645,6250.726604149906
6,11,0.4256751433811923,0.885177426948838,0.8319546108920918,0.16342658602663915,0.23639105371984767,0.08276675388173126,0.033339912111045686,0.03673785478631824,0.5,1.0,0.8,16,1150.643899190881,39491.374763334985
6,12,1.981704975203198,2.430225206349524,2.363881450076521,1.7286751811839298,1.6618130391163786,0.16236488277083566,0.7798866087142526,1.0,0.5,1.0,0.8,22,790.2778639420325,103420985.57414784
6,13,1.9617165395485812,2.427276580777765,2.3714319141612714,1.7343122249114404,1.7634925533466892,0.1626302158678379,0.7802070030761914,1.0,0.5,1.0,0.8,23,734.5705906724946,103421554.15532738
6,14,1.9864850454663712,2.4414388262145543,2.3722962981477655,1.7603010236769023,1.700704255606996,0.16241078504233517,0.8074196310218056,1.0,0.5,1.0,0.8,24,775.0268846860771,104662693.81425647
6,15,1.9585339986224957,2.4250687503646713,2.3687435108287693,1.740490970628966,1.6696533533441524,0.16329336718545548,0.7804739840779827,1.0,0.5,1.0,0.8,25,725.6404905409217,103425372.38743392
6,16,1.9643438208126514,2.4309259032032977,2.3745711221151877,1.7452919581957989,1.6692960915407697,0.1626270069182662,0.7868364785965463,1.0,0.5,1.0,0.8,26,725.9415131381295,103486917.3576418
6,17,1.9701871334456424,2.4386082375117946,2.38126953533419,1.771073323094618,1.70164066395602,0.14606122767709695,0.8085471453522229,1.0,0.5,1.0,0.8,28,710.7283711661908,103552724.2299913
6,18,0.40335345151464563,0.8905538586667835,0.8396704941747123,0.26780873862533794,0.2495115859856717,0.05575142356565958,0.07175142030787598,0.07613735283733439,0.5,1.0,0.8,31,858.0976470199382,332361.6680819966
6,19,0.5246520330534008,1.0232942195853143,0.9849742150142524,0.3978379524242568,0.29057236478438075,0.03813245723582317,0.18855130862914468,0.096260846983933,0.5,1.0,0.8,34,783.0691003809536,2760680.2840503408
6,20,0.42769852446888507,0.9269119719842023,0.8870996298980944,0.32088795388589264,0.22738646495913722,0.03990282110135577,0.12481112006451149,0.06524439013318818,0.5,1.0,0.8,36,765.1876352719921,389565.653495873
6,21,0.4582798323643411,0.9796362979516621,0.9615763439456155,0.3844107522916348,0.42536613674421897,0.04080822047350498,0.16407571827451276,0.08450446215989574,0.5,1.0,0.8,37,747.8226056313441,2893852.0613173167
6,22,0.4547797317106659,0.964447048150819,0.9323144661955083,0.3893388774379044,0.2980692325347992,0.04060178251645326,0.1655721113028316,0.08560543079637786,0.5,1.0,0.8,38,796.4340646310869,2767895.360539624
6,23,0.45244183829218215,0.9504044715536232,0.9043418355387826,0.37969340353902264,0.2952389956274502,0.04178433718011375,0.16626450962625156,0.08723757540239843,0.5,1.0,0.8,39,875.0759250824531,2769448.190060781
6,24,0.4778531969329871,0.986677989113915,0.9531417442476333,0.41682682676143334,0.2911876305874823,0.0790007928710914,0.12070561674686904,0.15572333634364308,0.5,1.0,0.8,42,957.9203357111772,273881.85192823235
6,25,0.39590273357993366,0.9201413244511314,0.9063522805048276,0.3772977573056687,0.48715226909367937,0.04134940021861787,0.14948852823667352,0.07774292829120064,0.5,1.0,0.8,43,712.4274290733512,2882794.9491026704
6,26,0.39111722347200306,0.9035118446432512,0.8762992699873938,0.37743180565995005,0.2466508819114844,0.04061750958051521,0.1477605128996047,0.076666161922944,0.5,1.0,0.8,44,816.0983096468162,2767367.562689167
6,27,0.3774152638858829,0.9034262204777616,0.8972988293936817,0.3831248864613207,0.4366948915009167,0.04497127863080585,0.1511428692664161,0.07748044483735302,0.5,1.0,0.8,45,691.9119551855094,2887790.844251926
6,28,0.3726689879568681,0.8737421272952502,0.8404259792917966,0.38667378379639583,0.2834866667444703,0.04071609563501052,0.15119878117845437,0.07964478301726206,0.5,1.0,0.8,46,997.375241368352,2765698.0863983296
6,29,0.3467988283280566,0.8564430760728432,0.8349393874529459,0.3700110329418331,0.2622864276173229,0.04399314728050353,0.1349729983218919,0.07092157986436058,0.5,1.0,0.8,47,803.2334682985136,2888568.1661403514
6,30,0.34345215383794503,0.8495016104464992,0.8264863086839439,0.37659961771224837,0.2767382446274319,0.04359976831665771,0.13621191389922035,0.07197475070307505,0.5,1.0,0.8,48,964.1255044669304,2764482.0188059374
6,31,0.3427323564870224,0.8484722316521935,0.8253133483913164,0.3775288441754936,0.22172216292794122,0.04576718810179165,0.13507658763307068,0.07180098926897391,0.5,1.0,0.8,49,807.1280111320631,2888243.53941772
6,32,0.3425962337214041,0.8478094509269387,0.8244505347058093,0.3835199602894832,0.2235988520580175,0.04358381866342944,0.13634255514170174,0.07221448550005229,0.5,1.0,0.8,50,968.2987771513478,2764399.6134127597
6,33,0.3383469342227721,0.8293585530286052,0.7917992828306526,0.38709855895211626,0.24015344403490418,0.04217963523268783,0.1362975446967194,0.07284806186996624,0.5,1.0,0.8,52,968.1487177106944,2770025.203261249
6,34,0.40112832826453515,0.9112455364724233,0.8984182454607664,0.4734476352670469,0.29550682199424616,0.0821836477004872,0.11165652482895791,0.16225713162742458,0.5,1.0,0.8,56,766.010228125396,283003.58731923613
6,35,0.4837385036641384,0.9869107362961396,0.9808384312280262,0.5803745970602315,0.5107929606649682,0.09602385686058544,0.12117700847553323,0.2678685126484769,0.5,1.0,0.8,58,864.917538907602,384376.5183987196
6,36,0.4315587851945523,0.9121336557895796,0.8895606601618795,0.5653780553659089,0.41177032899198457,0.08202744185463172,0.12370317623790442,0.21954034391563257,0.5,1.0,0.8,60,813.5026310199794,405411.31774480006
6,37,0.6225391656769494,1.080015390584597,1.0509727424928497,0.7579180700974315,0.8097559845168254,0.11085943985798026,0.12988875530666208,0.4508622978266835,0.5,1.0,0.8,61,981.3770336264892,403126.8284782436
6,38,0.5684866614849754,1.025341051967953,0.9961329807236267,0.7075174973823275,0.49567622905299846,0.10398178765833772,0.12872577193384277,0.3894792889517699,0.5,1.0,0.8,63,945.777663589898,403779.8452371492
6,39,0.5682148139281792,1.0357777687087828,1.0194387435924352,0.7171199473384433,0.4949764339254931,0.10398178765833772,0.12872577193384277,0.3894792889517699,0.5,1.0,0.8,65,954.5375491090967,404087.0017411215
6,40,0.581856452190896,1.0333827109618812,1.0027642881532537,0.7443448910711699,0.5614373006178193,0.12239583137947443,0.0991457866740444,0.43529178452925466,0.5,1.0,0.8,66,1079.3383049601794,403074.0899065568
6,41,0.5635096221128884,1.034262007137813,1.0288261169611213,0.7350228933358005,0.5082861602587205,0.11559456951587796,0.17001154168893923,0.3300227789722783,0.5,1.0,0.8,68,971.9047132690214,369789.7220210833
6,42,0.5635096216388142,1.0454663553098835,1.0530311444572231,0.7483722303745433,0.49182721880076363,0.11559457036157653,0.1700115408582629,0.33002277887156334,0.5,1.0,0.8,70,971.9047112516556,369789.7069027673
6,43,0.5213985634504363,1.0109373018751504,1.0305624115481973,0.728240376702491,0.47127616585511417,0.11748580014677781,0.15551629565941144,0.29665473609411325,0.5,1.0,0.8,72,1192.1940579894913,354718.92173399945
6,44,0.5604353194066014,1.05827337051264,1.090176385370458,0.7646130338439563,0.5061030591108392,0.1163189769468466,0.16916721824184455,0.3307592611949616,0.5,1.0,0.8,74,1012.0895872763838,346706.8756090183
6,45,0.4610133855392067,0.9323205316516774,0.9371707645070854,0.6674705163279441,0.4390969416075892,0.12100072246829949,0.13920797577750008,0.24352943412580724,0.5,1.0,0.8,75,956.7748994366968,373609.5668769524
6,46,1.564029054148927,2.011512589239127,1.9900302824837968,1.7714762969041125,1.5097587106659691,0.11664212294425365,1.0,0.549683624003715,0.5,1.0,0.8,76,999.0095363669012,405372.09642297926
6,47,0.45810830393570046,0.9225895360051762,0.9257698750755212,0.6739037884463794,0.44973941052136823,0.12093234460820376,0.13923090185720954,0.243568275620785,0.5,1.0,0.8,77,940.1031131230042,374115.79028886737
6,48,0.4567670624103158,0.9069323008019303,0.9066832838347623,0.6874069818391335,0.44538060783508693,0.12004407615344057,0.1433575742809182,0.24442451418411398,0.5,1.0,0.8,80,945.9903619197028,391478.4959149016
6,49,0.4546961410416992,0.9101330082444236,0.9214963382343426,0.700470160105104,0.42726160415071723,0.11995750302899819,0.143419116476998,0.2445285167402222,0.5,1.0,0.8,82,924.7483757833144,392250.4792587569
6,50,0.4422525237893509,0.866756476056321,0.8501533837617515,0.6880260773234795,0.4296252675435326,0.1186711727746802,0.13681192984870444,0.24172774602580976,0.5,1.0,0.8,84,980.8776414844126,394135.9043760836
6,51,0.46970218169070155,0.9140400818714497,0.9228512865392781,0.7371607364124126,0.42978545374641586,0.11681768424488033,0.14333700300347757,0.2701061385906654,0.5,1.0,0.8,86,953.7683113432548,122574.32218604696
6,52,0.6764246101532734,1.0833707054243946,1.0523239810726879,0.9462827609608576,0.6606877408684274,0.11731581977150014,0.2466466232269743,0.400586128701676,0.5,1.0,0.8,87,1001.8611640814712,67159.37994071424
6,53,0.4475097705899027,0.8701031967842339,0.8635404231479133,0.7206789873349508,0.4608771392365234,0.11306276456157975,0.14776144761165794,0.24333017214078317,0.5,1.0,0.8,88,967.649571090404,131982.92390529433
6,54,0.5809382464273567,0.9683364441992517,0.9224128826177462,0.8665863582737479,0.5484755297223403,0.1183686315017746,0.20693289837345183,0.3334788762819476,0.5,1.0,0.8,89,965.4428082983662,66334.91494532344
6,55,0.5751422419407359,0.9549648361882002,0.9179358780596025,0.8602212038481085,0.6987970261318388,0.1182111115029699,0.20614618056326722,0.3338096236451631,0.5,1.0,0.8,90,1044.5826287978252,66891.99806718824
6,56,0.575646645624247,0.9517395119182583,0.9139076747428738,0.8718656907764006,0.5665013328103528,0.11784754808130674,0.20707091643065967,0.3347090938850084,0.5,1.0,0.8,91,1046.3606798518774,67348.98089795609
6,57,0.5733919882170988,0.9453770939514524,0.9066658639433947,0.8701687712515993,0.5684352720766134,0.11792860385565851,0.20630713709816567,0.3340796499965276,0.5,1.0,0.8,92,1047.2368556944634,66805.78553955979
6,58,0.6421422972300341,1.0082727570484646,0.9683168971891281,0.9111267227414694,0.653439494605164,0.12990988283214325,0.20900343837132546,0.410925194593068,0.5,1.0,0.8,93,1153.4510419895964,66635.26528476637
6,59,0.556934592870699,0.9058417767855289,0.8622764626567339,0.8635431444762536,0.6686577973065067,0.11658908643872037,0.20606786043340158,0.3212260454721094,0.5,1.0,0.8,94,1023.2030448526288,106874.4848429965
6,60,0.5562021424946764,0.9050325128145413,0.861451281235174,0.8592479029043594,0.5212767237613447,0.11649876071569634,0.20557939803219058,0.3209977531458776,0.5,1.0,0.8,95,1023.356118418005,115068.40228352044
6,61,0.554909602837764,0.8944851871062316,0.8489946372464974,0.8695364169927644,0.5601727896519813,0.11752136233490515,0.20563551257271637,0.3210405219073336,0.5,1.0,0.8,97,1022.6388075690433,114901.68929350744
6,62,0.608758527669361,0.9766379271726036,0.9690590571946787,0.9708069533929005,0.5874212331900499,0.13398061423556706,0.18985222508099878,0.399113276778876,0.5,1.0,0.8,101,1185.556558561669,73684.37754787007
6,63,0.6076988010213678,0.9810349706784423,0.9852909073606408,0.9661618741022526,0.5994706201657349,0.13398061423556704,0.1898522250809988,0.3991132767788761,0.5,1.0,0.8,103,1166.415128944635,74070.06127992574
6,64,0.6076124243039229,0.9916845385862989,1.0088458791976653,0.9769007319531674,0.5780664728325239,0.13398061423556706,0.18985222508099878,0.399113276778876,0.5,1.0,0.8,105,1154.9872163680036,74353.79078155819
6,65,0.44222749713016773,0.7698366054406675,0.7219057147711126,0.7866717632202199,0.41448299847363707,0.12179277865727962,0.14876597704128305,0.25145904597530466,0.5,1.0,0.8,106,1113.9216927403247,73669.42270699341
6,66,0.4534738821667547,0.8040296110686611,0.7929292108260823,0.8240661128939792,0.5171807431665358,0.12083658080056725,0.1569333786227422,0.25842016239107785,0.5,1.0,0.8,107,1109.4698498224118,73585.90135739624
6,67,0.43393894598936034,0.7408299873022375,0.6995189154780507,0.8058265333487458,0.5750310252205914,0.11660001477350176,0.14878579907780493,0.2509902662110061,0.5,1.0,0.8,108,1081.7685230989491,73721.18444285894
6,68,0.4593641982492514,0.7848160875432666,0.7687482241525477,0.8460190966203534,0.4647956064765355,0.11957627030040056,0.16353591432025386,0.26319535456257526,0.5,1.0,0.8,109,1089.830912735733,74307.8284376035
6,69,0.43171995877603164,0.7313608469990696,0.7102641042737501,0.8192305428603339,0.6149176529166784,0.11858659466366968,0.14921184636121196,0.2516050085867489,0.5,1.0,0.8,110,1148.007769365306,74118.66128861136
6,70,0.43015857221090725,0.7122641577357282,0.6877993318953135,0.8217132508680264,0.47904566353997025,0.11965838708700505,0.14923767705239316,0.2516160844646439,0.5,1.0,0.8,112,1151.92920212484,73987.22814767889
6,71,0.43020407727985666,0.6961298186135292,0.6577153663435468,0.8255809460905207,0.4302898328699941,0.11977762590111614,0.14945552312952196,0.25203447164220727,0.5,1.0,0.8,114,1152.9806767589116,73837.68815614707
6,72,0.4298735604024445,0.6828283010095842,0.6419507206467456,0.8142735520331041,0.5126727221935201,0.12234182019939273,0.14940048340037787,0.251852196766384,0.5,1.0,0.8,115,1145.3990056562066,75544.69110253561
6,73,0.42674332291468664,0.6660706713848336,0.6226235415967419,0.8185205658509631,0.46265861848685474,0.12110350231725212,0.1494597515451502,0.25035921988221627,0.5,1.0,0.8,117,1104.5078524893904,74416.45815517347
6,74,0.4260970201850176,0.657367408856312,0.6124091474831567,0.825212020132679,0.4412174194808968,0.1212854848851227,0.1494784769111274,0.25037343063417467,0.5,1.0,0.8,119,1119.0665764458274,75188.37865773466
6,75,0.42524474306403737,0.6483598269947062,0.601877574384496,0.8353535448598366,0.47239984322941353,0.12198843416748859,0.14931493709316468,0.2500026453152152,0.5,1.0,0.8,120,1132.4305201422776,75896.56060158683
6,76,0.5205350929486954,0.6716332704363466,0.633838300487161,0.9504820145134819,1.2184503453856927,0.12562106743989795,0.20235034941166616,0.30889139007335126,0.5,1.0,0.8,121,8655.067421216248,78380.6566283319
6,77,0.5202215310207544,0.6612677530857358,0.6216586451164371,0.9609799720236086,0.5865430025705787,0.12551798807154937,0.20249562585354547,0.30905811822777757,0.5,1.0,0.8,122,8689.172447851011,78113.8819199951
6,78,0.519398062901844,0.6601846199677144,0.6205288226567885,0.9601423158608567,0.5126140553486775,0.12476174896904288,0.2029666265232477,0.30792917519381124,0.5,1.0,0.8,124,8555.055741430027,78364.75686409659
6,79,0.5200758787793482,0.6695091109223138,0.6423932512133829,0.9757932533274414,0.5312132488485298,0.12551798807154937,0.2024956258535462,0.30905811822777757,0.5,1.0,0.8,125,8635.885759295388,78311.96542801347
6,80,0.5203354660054784,0.6580742481503695,0.6178689568651322,0.9684491673710652,0.5167882472578506,0.12537319677656153,0.20272593615724732,0.3092203251268687,0.5,1.0,0.8,126,8682.90056807857,79106.3898532933
6,81,0.55359975284481,0.6770472705782027,0.634273158220283,1.011980738288044,0.6511590283180357,0.12612426970242924,0.2175279971722562,0.3327149562577921,0.5,1.0,0.8,127,8511.991630918725,79211.96314502535
6,82,0.5531825891360471,0.6832360805062831,0.6526374331813984,1.0153845117768268,0.5634393404388833,0.12626311812791863,0.2173117868395015,0.3326510366124544,0.5,1.0,0.8,129,8419.804871539774,77313.53517033267
6,83,1.3156364141144303,1.4487459056692646,1.4296883168854624,1.8003914209058782,1.3688124969545448,0.12462470573619885,1.0,0.3088505083036705,0.5,1.0,0.8,130,8502.933031533217,77290.72629089514
6,84,0.5186249217196086,0.6394324795892873,0.6071777955255768,0.9993844192015742,0.5204425709198242,0.1274460124445352,0.20180895748845762,0.30862340146956213,0.5,1.0,0.8,131,8510.634919230937,79332.99210515509
6,85,1.315535183231726,1.4295820581032928,1.3961182936085763,1.8110517776565997,1.3343681043031066,0.12590388835888486,1.0,0.3083609221891237,0.5,1.0,0.8,133,8442.421475351022,76175.3791655753
6,86,1.298787939976668,1.4298442855369418,1.4214174436704172,1.8173923470569133,1.3322958950735981,0.12512562787571035,1.0,0.28820169276832464,0.5,1.0,0.8,134,8535.757193331141,81328.70076035468
6,87,1.3164834734575208,1.4273153294181995,1.4042790639675113,1.8418573890121344,1.333062924003461,0.1276760388739458,1.0,0.30919432280557424,0.5,1.0,0.8,137,8476.924832951674,77762.42092590309
6,88,1.2673507614859727,1.3820548540035864,1.381722200856911,1.811492631771079,1.3300208421911668,0.11954090801304648,1.0,0.2537614851745363,0.5,1.0,0.8,139,8315.89444617992,77463.85394504984
6,89,1.2672037538691705,1.3891079671465656,1.401064747347018,1.8227921016569129,1.2772793644638998,0.11978216334986383,1.0,0.25361075821241075,0.5,1.0,0.8,141,8302.591895385378,77079.50720721099
6,90,1.2670166001663274,1.368860193984029,1.366245856878582,1.8220203831789097,1.3269588480485104,0.1198963574117752,1.0,0.25369968474183147,0.5,1.0,0.8,142,8262.239277191293,76966.50525422285
6,91,1.2669066661582367,1.3755022415340208,1.3850996116995051,1.8372920521925853,1.2709944511876983,0.12009436768208148,1.0,0.2536305050380816,0.5,1.0,0.8,146,8401.47960803878,77871.58243925034
6,92,1.2659925679855073,1.3592848801373516,1.3551559677874045,1.851473730670442,1.2695738550044784,0.1189495339794839,1.0,0.25337657002166325,0.5,1.0,0.8,150,8329.465366621906,81724.2143204876
6,93,1.2468071438849964,1.3281372866465857,1.3218931385854424,1.7843006811807134,1.2865173958492007,0.11120565687646733,1.0,0.2347211906667368,0.5,1.0,0.8,152,8281.91520166061,76139.75073291003
6,94,1.2463924555592245,1.2871201144915432,1.251664731297482,1.8435188128031856,1.308974170973578,0.11123862527539416,1.0,0.23487114413901442,0.5,1.0,0.8,154,8311.808037393615,76344.0965241031
6,95,1.2446778067327622,1.2786414364349712,1.2419947056878509,1.8527601140599153,1.2541419649266574,0.10990150695293646,1.0,0.2338049402642282,0.5,1.0,0.8,158,8300.641497869636,77541.90839982513
6,96,1.2724547069032646,1.2972440267612577,1.303123395065313,1.9110024261775171,1.3677250446611267,0.11770000556778201,1.0,0.265326821277764,0.5,1.0,0.8,162,8391.643824326673,82762.58911073356
6,97,1.2716945625551932,1.2878999148333206,1.3033204954515496,1.9288300128609972,1.306034432358959,0.11709954639235505,1.0,0.2652673913044224,0.5,1.0,0.8,166,8440.757043295187,82520.17584271505
6,98,1.2704390695961252,1.2811964395546236,1.2956655611862833,1.9350625978141853,1.289023501082162,0.11578840704060875,1.0,0.26465135121316796,0.5,1.0,0.8,168,8357.963034132456,82581.66109200066
6,99,1.2713484692297383,1.2709369269242048,1.2945044970029085,1.9425497509367888,1.3107163424266983,0.1178129384647553,1.0,0.2650380721147839,0.5,1.0,0.8,172,8447.695505826265,82461.06815743093
6,100,1.2710224012688398,1.2816124860068354,1.3181452100540134,1.9623909819531822,1.2709026390369047,0.11734230380628481,1.0,0.26492906808216,0.5,1.0,0.8,177,8459.706670439507,82667.54161849954
6,101,1.2714530639989907,1.2803141990461842,1.3165457080209708,1.9706677764666263,1.2833752147888777,0.11728971329819242,1.0,0.26553789939021033,0.5,1.0,0.8,178,8390.01967818335,80939.05475991135
6,102,1.2723666733190622,1.2773225315875205,1.312873693509981,1.983253069497919,1.2998597873123428,0.11826914036716034,1.0,0.26615184555544297,0.5,1.0,0.8,179,8346.664559339259,80826.62296134446
6,103,1.272338580081485,1.2756278430789614,1.3108888799029348,1.9751151927567863,1.2838226076837493,0.11826914036716034,1.0,0.2661518455554422,0.5,1.0,0.8,180,8358.346248916405,80775.23275847916
6,104,1.2728123466975707,1.2865606042808018,1.3346922480309569,1.9878439765355,1.2778519160262196,0.11908977897678823,1.0,0.26624692761219726,0.5,1.0,0.8,181,8349.327565392234,80728.32515957323
6,105,1.272685065099284,1.2860536586233915,1.3341191164920647,1.98768707298563,1.275115610054723,0.118949325517099,1.0,0.26618357708039764,0.5,1.0,0.8,182,8356.871628315703,80501.27513195692
6,106,1.2693284448017148,1.2778413509803244,1.325061617716441,2.018826808886841,1.280635517856603,0.11963561424394986,1.0,0.26165970200316097,0.5,1.0,0.8,185,8392.828087850825,80375.59941801775
6,107,1.2711176949219587,1.2716103093261983,1.317434635295995,2.0318974698532384,1.299532320288969,0.11905710438756903,1.0,0.2644196194802919,0.5,1.0,0.8,187,8382.022702126416,80093.053538111
6,108,1.2664953548022004,1.3000740452106925,1.384808412468542,2.0678535434246794,1.2667894621413252,0.11981827446538915,1.0,0.25817636401830435,0.5,1.0,0.8,198,8300.200060855956,79841.61448143396
6,109,1.2612610030060905,1.2919648265909396,1.3761992893381396,2.0743599861833046,1.271461641832599,0.11871492321870378,1.0,0.252379426745923,0.5,1.0,0.8,200,8312.343057931404,80077.51503604407
7,0,0.7080529351620791,0.9229536903391642,0.8607852300314258,0.005684717174335176,0.0,0.0,0.0,0.0,0.5,1.0,0.8,1,5272.118751306345,8587.343653980564
7,1,0.7158802612437025,0.9419662856701705,0.8789023459324112,0.03284267915876884,0.04250710727482348,0.0481506145590692,0.00010521765220967,7.671314551957001e-05,0.5,1.0,0.8,3,5205.5116331844665,8599.742662838558
7,2,0.745204802576945,1.0766565630329084,1.0174776471057847,0.2213398960128422,0.5739359801974734,0.12977108852196678,0.04142382783169663,0.11830551012944332,0.5,1.0,0.8,4,4410.455193163619,43614.71142003719
7,3,0.5820388163158033,0.956436464288846,0.8914139193262652,0.12033230915475471,0.3522081199421624,0.05883971727207192,0.05396188451206363,0.03934307421000492,0.5,1.0,0.8,5,3229.0901160406984,6597.545714095783
7,4,0.6534321021881384,1.0294256229450602,0.9641902907191867,0.19446346686579108,0.19855607667198943,0.05900207381978345,0.10079562491570429,0.07348908932592457,0.5,1.0,0.8,6,2735.000803502143,6063.407108942711
7,5,0.5703053342618856,0.9626963181476869,0.9095966332637024,0.1436541637576918,0.1508606232949168,0.07237457647515629,0.04130030053043442,0.04839730732943004,0.5,1.0,0.8,7,3020.450130362157,6215.3022336109925
7,6,0.5126747469918783,0.9477433260658918,0.8857622040983606,0.17664657040331477,0.5153630125783673,0.08472121870891339,0.04769285668472093,0.07882429594544291,0.5,1.0,0.8,8,2377.9462815708507,40880.13710417795
7,7,0.5058428148529728,0.9546246589758023,0.9049036575496291,0.1824983853987539,0.1679815012053476,0.08472121870891337,0.04769285668472093,0.07882429594544291,0.5,1.0,0.8,10,2437.045289628796,41639.3222603148
7,8,0.4630919674169331,0.9030694140946154,0.8396434740191526,0.149931507666265,0.14576174505310513,0.08509661208506637,0.03204515891555504,0.05285265687014209,0.5,1.0,0.8,11,2389.3375110356947,41567.26905435579
7,9,0.44149102609550445,0.8893230468377914,0.823238301280507,0.1552187037222605,0.22696751413117644,0.08803513803575753,0.03203368807621789,0.053254098670995634,0.5,1.0,0.8,12,1845.7618210558423,37616.00346218917
7,10,0.409151688002304,0.8642066262658513,0.7950358405691851,0.153294548179902,0.1745697313171667,0.10320397727358036,0.025638030535244348,0.0428972318091006,0.5,1.0,0.8,14,1696.9409155823807,38388.12133837413
7,11,0.37636512025285446,0.836282674751599,0.7642642122187842,0.14483441337650543,0.15822330823567737,0.10129941621457783,0.02143995942010992,0.03521591777383852,0.5,1.0,0.8,16,1304.1913146371433,33449.802124298345
7,12,0.36948014184602884,0.8294751670864532,0.7574241172352081,0.14260645032767735,0.09514533814228804,0.10727992544797191,0.01478223140630074,0.03152851600077839,0.5,1.0,0.8,17,1605.8639860952833,33541.52080556502
7,13,0.38735776688418216,0.8609727922871916,0.7999746936704113,0.18209092644162095,0.20454877697220786,0.08078974583277293,0.042062359571956844,0.053566181425301874,0.5,1.0,0.8,18,2513.7106098504155,1070370.658746797
7,14,0.390808535224694,0.8781598497523748,0.8270051361832973,0.21052771326781514,0.21410782521071145,0.0746329392768169,0.05341826350443102,0.07374182232762558,0.5,1.0,0.8,20,3133.8759782460884,1089788.085262251
7,15,0.36600548755995754,0.8535940128901282,0.801959904975022,0.19602852580172636,0.1377392818532564,0.07678849154020971,0.043324219244386855,0.05780365589475615,0.5,1.0,0.8,22,3125.731158600967,1068898.3369256645
7,16,0.3608011914468161,0.8489304459083542,0.7957716599547485,0.20712401727428062,0.15301227668248538,0.08497535958310984,0.04759820611779794,0.05264366052981956,0.5,1.0,0.8,25,1977.505586981784,1060444.2362632882
7,17,0.3573227419760572,0.8455474131132709,0.791554470599512,0.21898540476142592,0.15061799370324314,0.06403265674998064,0.05571114707309312,0.05745115258989462,0.5,1.0,0.8,27,2641.691969690072,2496431.379878114
7,18,0.3544140601024789,0.8426474069596446,0.7881202547041858,0.21702023655665134,0.15562135653086642,0.08503530866570647,0.04791306357784567,0.054347012449187736,0.5,1.0,0.8,28,1943.9966535780688,1059414.9636438803
7,19,0.32358985878370145,0.8089215749565836,0.7480234898535063,0.2280812380826085,0.3975647095601444,0.05791355329006866,0.061571606453232675,0.058568568658608364,0.5,1.0,0.8,29,2075.7882624454214,2496178.015657014
7,20,0.31295414477889916,0.806809321609118,0.7564109232834361,0.2361384771423004,0.18947837569543216,0.06726117305389433,0.0579465516745204,0.05886556949018582,0.5,1.0,0.8,31,2136.778475991747,2495939.332399483
7,21,0.3070926011465318,0.7840495605319575,0.7166938645836953,0.2495672168516215,0.2308961971486727,0.06252791153507968,0.06539637984598598,0.0669473211207831,0.5,1.0,0.8,33,2086.8252613284835,2527315.103871404
7,22,0.27228053407343983,0.7560918196647496,0.6993068298682119,0.23379196721170467,0.17480351229326963,0.05478261489149686,0.05666436632974335,0.05148556928909124,0.5,1.0,0.8,35,2031.620515951045,2472934.8788446924
7,23,0.2793063664297589,0.7572705544038402,0.6976479207511491,0.2531491068620622,0.20084350112751292,0.050670119156962165,0.05748901733361768,0.07521108214503551,0.5,1.0,0.8,37,4190.463463365615,2474902.0380896046
7,24,0.264211638138088,0.7307382628123633,0.6663763253699777,0.2611560451245948,0.24077358177889913,0.051162254859219734,0.05924225641075927,0.07413810422711142,0.5,1.0,0.8,39,4163.060816212885,2474797.674482484
7,25,0.2585926079573268,0.7203302544001745,0.6541907077036568,0.2664455993440814,0.18035364501418835,0.04758869688186359,0.060581469784495745,0.07466249626758052,0.5,1.0,0.8,41,3913.7712532256073,2473355.977969396
7,26,0.2576820081503793,0.7191440629168929,0.6529050183039266,0.2751966273234855,0.14552920620535847,0.04747299997915757,0.06041458204411258,0.0741868501105363,0.5,1.0,0.8,43,3912.1132958360017,2472811.596904972
7,27,2.044700635758279,2.5256730625868133,2.4936495535562733,2.103585948395353,2.0423611722932122,0.2887275771177744,1.0,1.0,0.5,1.0,0.8,45,2680.77640377047,28703634887.94477
7,28,2.079608607263647,2.516852727640276,2.462382315598912,2.1658771706512434,2.1944509442277633,0.40381439832064003,1.0,1.0,0.5,1.0,0.8,47,2632.2548883681693,6017745080.622872
7,29,2.019216123626544,2.465971187219285,2.4240547750700046,2.1126958825093562,1.9512916554319133,0.2848570463378991,1.0,1.0,0.5,1.0,0.8,49,2748.0494670338526,28703714863.84209
7,30,2.0163345541153728,2.440169277658935,2.382194678171846,2.1175786781972596,2.0702552317540452,0.2913703150200154,1.0,1.0,0.5,1.0,0.8,50,2763.090779317235,28702755311.04349
7,31,1.516092926807579,1.93702814512019,1.878314505535377,1.6310411881597158,1.451172597458188,0.08174909845932195,1.0,0.5074807838896154,0.5,1.0,0.8,57,2243.079564945845,382193715096670.9
7,32,1.6265674138597328,2.05796163149399,2.012058942112644,1.7545959084774578,1.5655060258235554,0.08556109898188059,1.0,0.6436436657023374,0.5,1.0,0.8,58,3556.397238294571,382233678015830.4
7,33,1.5156561178032741,1.932452187200987,1.872695947331656,1.6386272927905507,1.4831115388732803,0.08182150515881823,1.0,0.5093260800545985,0.5,1.0,0.8,59,2222.2232294662376,382193765027499.8
7,34,1.6272863117650571,2.02495181803081,1.960534903963505,1.7491999310260526,1.7580527325698072,0.08448136708919479,1.0,0.6573063519433221,0.5,1.0,0.8,60,2693.320885757425,382233616881124.9
7,35,1.6251279003822274,2.0158069681390844,1.9497424419474423,1.762305419927997,1.6021792148378695,0.08385742853324657,1.0,0.6582909147011792,0.5,1.0,0.8,62,2405.816959292845,382233627783337.06
7,36,1.6226055907032197,2.0098392874023405,1.9429713645092423,1.7671492536917008,1.5837043639516146,0.08216162836593047,1.0,0.6577552812776151,0.5,1.0,0.8,64,2470.56733790719,382233548929068.1
7,37,1.6202727598965838,1.9966953456376368,1.9273463408614933,1.7769428343289295,1.6697308686660124,0.08546176599313374,1.0,0.6573715726133389,0.5,1.0,0.8,65,2599.653399998219,382233646748292.4
7,38,1.615068829829153,1.9817030275323964,1.9101516949237556,1.7703892255258278,1.6563061410067723,0.08631296396282628,1.0,0.6541745683050562,0.5,1.0,0.8,66,3667.5480913634287,382233601456425.25
7,39,2.337661775425712,2.7072672859296403,2.6786831320436146,2.5250021573810306,2.422825409518765,1.0,1.0,1.0,0.5,1.0,0.8,69,2196.1948309282807,277590728324564.6
7,40,2.3369778409626054,2.7035082830305046,2.6742803090401175,2.5379923366031134,2.3065654540588336,1.0,1.0,1.0,0.5,1.0,0.8,73,2216.201656046393,277590708448557.6
7,41,2.330385807436662,2.618865152801921,2.5308146823583018,2.53832110787791,2.5786562455948827,1.0,1.0,1.0,0.5,1.0,0.8,74,3586.5871227386683,382194085903401.9
7,42,2.3289669880008557,2.63159502030848,2.5678879612121133,2.554430242732124,2.3335292175423774,1.0,1.0,1.0,0.5,1.0,0.8,76,3520.2378136230536,411328227339716.9
7,43,2.327050700327601,2.6179357881882988,2.551889506596426,2.55660500706177,2.347697742181939,1.0,1.0,1.0,0.5,1.0,0.8,78,3527.793338762492,382194103504174.1
7,44,2.326496611200869,2.6138261364991457,2.547076125269041,2.5630931680893965,2.314350680280725,1.0,1.0,1.0,0.5,1.0,0.8,80,3479.2542658934026,382194113995829.6
7,45,2.3258956987066757,2.6204870957911464,2.5659594459975716,2.5730127252832053,2.315867854202739,1.0,1.0,1.0,0.5,1.0,0.8,82,3517.2473846261337,411328249555448.3
7,46,2.325338942603025,2.61619365694974,2.560930713476483,2.5830254431522013,2.3149952428025893,1.0,1.0,1.0,0.5,1.0,0.8,84,3481.7317912790904,411328320491752.6
7,47,2.3244633490137616,2.6316835800711473,2.601236950485367,2.592858203416749,2.3241776930781834,1.0,1.0,1.0,0.5,1.0,0.8,86,2467.4371090243267,382194120378967.2
7,48,2.323717753959354,2.6144164779286587,2.569930779223557,2.595807197940656,2.342388787664653,1.0,1.0,1.0,0.5,1.0,0.8,87,2425.8772273772165,382194071157387.6
7,49,2.3233302445027695,2.6111917400070013,2.566153931353493,2.6060301134743895,2.3112466199796,1.0,1.0,1.0,0.5,1.0,0.8,89,2407.935793100598,382194084792827.4
7,50,2.322829169649326,2.6069533518288743,2.561189830436853,2.6091758672001695,2.329571614436521,1.0,1.0,1.0,0.5,1.0,0.8,90,2407.895641805625,382194084791961.0
7,51,2.322060763574589,2.5890936857145666,2.5291897060292166,2.6085169836997713,2.3464607230984695,1.0,1.0,1.0,0.5,1.0,0.8,91,2379.437017051706,382194108204549.3
7,52,1.2267150926395527,1.5175301698391859,1.494734059210454,1.6547497620396772,1.2083737334672169,0.06812789590642221,1.0,0.21477293476475312,0.5,1.0,0.8,122,2087.0899332414147,34399834056770.555
7,53,1.2260103181556654,1.5148033236298328,1.491619033403059,1.6467549343714496,1.2212518848181473,0.06733839130138743,1.0,0.21469070399778536,0.5,1.0,0.8,123,2084.6281589790333,34399826612001.867
7,54,1.2247352507617615,1.517188481329745,1.5055606975693903,1.6492554029953848,1.2639212672598457,0.06730469494829246,1.0,0.21422711387547683,0.5,1.0,0.8,124,2114.807695496813,34399834017888.805
7,55,1.2218150368895382,1.5244024775994256,1.5255708792826124,1.6651489220328362,1.210569594444016,0.06665177794706192,1.0,0.2111384869178951,0.5,1.0,0.8,125,2139.180609235291,34399779832308.883
7,56,1.2218551142415148,1.5116230692500099,1.4994828379359941,1.672964380920899,1.2150284262646982,0.06707057584804528,1.0,0.21115695546778684,0.5,1.0,0.8,126,2153.940034813561,34399782633561.945
7,57,1.2241944845442323,1.512250985762072,1.499784600189719,1.659752114092003,1.2182933415266373,0.06721648423655989,1.0,0.21423155681067393,0.5,1.0,0.8,127,2119.962609242129,34399834298733.105
7,58,1.2243623459259125,1.523594917355675,1.5241236612942946,1.6751164224187043,1.205385588668566,0.06733462457737947,1.0,0.2143715196664211,0.5,1.0,0.8,128,2079.103890172395,34399836360647.797
7,59,1.2242631812980271,1.5212615425484493,1.5213649190223508,1.6861148639885102,1.2139911105817338,0.06761330496160929,1.0,0.2143853465543625,0.5,1.0,0.8,130,2117.800689499346,34399833793867.08
7,60,1.1826108928214312,1.442743460210483,1.424996392713828,1.6408278373823144,1.3641239949246737,0.07137829704425472,1.0,0.1632896019895356,0.5,1.0,0.8,131,2175.6005349943525,34399804619646.824
7,61,1.1833770956829706,1.4403447715324758,1.4220032964141485,1.6415900448190464,1.1918439271696455,0.07324272564676769,1.0,0.16346441858856384,0.5,1.0,0.8,132,2231.04228156734,34399803322490.133
7,62,1.1823348663316495,1.431098765817191,1.4112218928789237,1.647868667038672,1.229727881092373,0.07295996553667881,1.0,0.16329059238682295,0.5,1.0,0.8,133,2234.8740626232798,34399803603550.75
7,63,1.1823348665947226,1.4310987657415775,1.4112218928033105,1.6478686670770926,1.1671139135372504,0.0729599654823051,1.0,0.1632905923262898,0.5,1.0,0.8,134,2234.874062572294,34399803603550.75
7,64,1.1809613980773412,1.4103799602102083,1.3759847050908254,1.6457352193520338,1.2282118832075788,0.07334140628212885,1.0,0.16223785301674015,0.5,1.0,0.8,135,2238.0143685606963,34399803538194.586
7,65,1.180722813801671,1.4170412823152627,1.3948460431738587,1.6534804364271933,1.199212384520729,0.07158179234219421,1.0,0.16350197774060676,0.5,1.0,0.8,136,2186.1387633019326,34399800194347.52
7,66,1.1821953447186415,1.4470982600450177,1.4629709469062275,1.678281646408032,1.181225236124795,0.07324010582771853,1.0,0.1648359579622723,0.5,1.0,0.8,139,2242.612561774098,34399795944421.773
7,67,1.181484805956159,1.4402967492358132,1.455040882531476,1.6849638344325977,1.1913820561602757,0.07264408068321378,1.0,0.16494388258883091,0.5,1.0,0.8,141,2240.040114669334,34399794832059.05
7,68,1.1792670913336791,1.4500939548266967,1.4889206354114273,1.694608719393972,1.2447665489170743,0.07112546137264601,1.0,0.1641313126430706,0.5,1.0,0.8,142,2297.375448693136,34399793702993.2
7,69,1.1791276950229777,1.4444588171042612,1.4822736951782627,1.7019423534966012,1.2084553621467014,0.07149925097677726,1.0,0.164239237330102,0.5,1.0,0.8,143,2295.23520233587,34399792590633.32
7,70,1.1791952194910942,1.43093198727552,1.455306678622484,1.7015576926816325,1.185466526753453,0.07151881977049294,1.0,0.16453291453441138,0.5,1.0,0.8,144,2303.238107886308,34399792517297.3
7,71,1.176839771709199,1.4350490552842994,1.4715558010334944,1.6990630636736395,1.200566950872317,0.06855975945848566,1.0,0.1638619598135876,0.5,1.0,0.8,145,2296.061053857919,34399797332058.92
7,72,1.1786024909454702,1.4320647608258923,1.4677012251583463,1.7086991404819012,1.2030160108880348,0.07102579438504994,1.0,0.16494273049368377,0.5,1.0,0.8,146,2287.5715472081297,34399803100307.73
7,73,1.1680759736704704,1.421012372934552,1.4565526319117559,1.7133514337070492,1.1608474219286686,0.0689822096266488,1.0,0.15310672398990569,0.5,1.0,0.8,147,2212.7539942043904,34399794043357.074
7,74,1.16762704336856,1.404847710160184,1.4265617944483264,1.7159928719179585,1.1736932799510331,0.0692175923952328,1.0,0.152785726063114,0.5,1.0,0.8,149,2269.0329230067177,34399792202737.52
7,75,1.1675388258481656,1.4146533958508156,1.4491284604719579,1.7278419476923557,1.1617046492967846,0.06921759239523284,1.0,0.152785726063114,0.5,1.0,0.8,151,2275.332076343183,34399795111549.35
7,76,1.1754238823509304,1.418433750492708,1.4521588084397101,1.7311709253869794,1.1956405822020373,0.06805393177176527,1.0,0.1637121088023995,0.5,1.0,0.8,152,2327.7461653933656,34399776372090.84
7,77,1.219249888730809,1.4265541002093096,1.4428224158961056,1.777891948410459,1.3011792909472533,0.07619268474200086,1.0,0.21530774040815506,0.5,1.0,0.8,154,2045.721483759347,39714835152924.23
7,78,1.2185684309912386,1.415397519968913,1.429769998212935,1.791884410234105,1.2875802572552086,0.07622138394356247,1.0,0.2151819684353332,0.5,1.0,0.8,155,2095.080695131814,39714835268790.37
7,79,1.237486951165086,1.4250738827267764,1.4377778269382504,1.8132221584997983,1.2977341227673322,0.07843109430827039,1.0,0.23807417509535198,0.5,1.0,0.8,156,2225.737135586466,39714896969197.92
7,80,1.2371532206210352,1.4222589620826818,1.434515776641398,1.820271400278687,1.238587212824302,0.07798760112573008,1.0,0.23809706654170873,0.5,1.0,0.8,158,2254.616556046293,39714897357492.36
7,81,1.2181177086063342,1.4137048519463757,1.438831905056826,1.8182621492843094,1.2157778119023732,0.07637489347515967,1.0,0.2153577132812648,0.5,1.0,0.8,159,2137.154146227356,39714836845795.14
7,82,1.23669294015512,1.4307349881327822,1.4555836652193441,1.843375924957059,1.2405273851381482,0.07849607641359478,1.0,0.23735156074009386,0.5,1.0,0.8,160,2214.933630338909,39714917303774.29
7,83,1.2308821432614585,1.4018352407448456,1.4115459300153395,1.833242580476342,1.3111408614060236,0.07965710448793498,1.0,0.23010806195060468,0.5,1.0,0.8,161,2084.040370611224,39716980843193.05
7,84,1.2294562134676066,1.3638328229852898,1.3670001828921876,1.833706358795196,1.4909266741893545,0.07958808406890476,1.0,0.2304078334976977,0.5,1.0,0.8,162,2152.896478738828,39716978783012.92
7,85,1.2294006527975387,1.373607564048426,1.3895305633551498,1.8459698103440672,1.2290905895844055,0.07958808406890476,1.0,0.23040783349769764,0.5,1.0,0.8,164,2155.996414456129,39716979930625.945
7,86,1.2288204373940794,1.3661596760956431,1.3808596921758358,1.8526060630129644,1.2487489754531658,0.0781954419664863,1.0,0.2308948741144255,0.5,1.0,0.8,166,2139.472953049542,39716983312540.22
7,87,1.260891663909129,1.407703243151301,1.4350956050376757,1.897013385760426,1.2685003995682698,0.08172366750277486,1.0,0.26886322540940205,0.5,1.0,0.8,167,2113.09147491935,39716980222070.08
7,88,1.260335551899888,1.3943014346532017,1.408401288054813,1.89533100830938,1.2673710454389546,0.08075264897236303,1.0,0.2688543633360344,0.5,1.0,0.8,168,2147.399834945535,39716961395619.24
7,89,1.2743434154305815,1.4558188436931399,1.5444212797776353,1.8625835017745553,1.3415857670005853,0.08237413908882234,1.0,0.2862571557314755,0.5,1.0,0.8,170,2112.9605516629936,39716980222069.484
7,90,1.2577188057198556,1.3215677840713373,1.3232663940535478,1.8655723505037518,1.345886224419887,0.07946493442815847,1.0,0.2692587901250112,0.5,1.0,0.8,174,2042.3372939070389,34401825393685.168
7,91,1.2576459271636515,1.3212340388406765,1.3228869009118767,1.8729260427245376,1.2560195236561784,0.07919690097304496,1.0,0.2693443273430004,0.5,1.0,0.8,176,2017.5821000750725,34401833474710.76
7,92,1.258064847239371,1.3074228150090152,1.295542581757288,1.8714445640992625,1.277322061789979,0.0804745924105284,1.0,0.26917309911776843,0.5,1.0,0.8,177,2046.4546542517155,34401830619843.1
7,93,1.23584046662402,1.3133710967501013,1.3395356958233127,1.8911066476624998,1.2530217380893705,0.07828744068621987,1.0,0.24294227745967625,0.5,1.0,0.8,179,2042.499158884662,34401825393685.04
7,94,1.257134958897712,1.3087167330744842,1.3082580263863135,1.9125355019089696,1.2634254699610725,0.08067981603895083,1.0,0.2681824944653767,0.5,1.0,0.8,182,2062.021538561083,34401837666007.125
7,95,1.2335395216500966,1.3537047081922,1.4425207396815065,1.8808066964400703,1.301731271558138,0.07807594631284057,1.0,0.24062755901919286,0.5,1.0,0.8,183,2082.752139791519,34401837384527.8
7,96,1.244261615220931,1.2936625419966505,1.3038542382601754,1.9192625529285507,1.2676774606022647,0.07875832219052839,1.0,0.2537128305496776,0.5,1.0,0.8,184,2078.68870854242,34401835167443.625
7,97,1.261156608629515,1.3429835592091857,1.3919688262178502,1.9811625620064115,1.2602165642484207,0.0815532111091719,1.0,0.27312097287535714,0.5,1.0,0.8,193,2055.4097142985347,34401791907860.96
7,98,1.2617011958953455,1.3411022489146383,1.389661855914321,1.975939369943866,1.265705296736529,0.08235067626619844,1.0,0.27337724271608127,0.5,1.0,0.8,196,2025.6031657902445,34401790871813.117
7,99,1.2668622743795404,1.323280723234189,1.3567756051936177,1.9782515690756957,1.3493701022875866,0.08252398113698535,1.0,0.28006436937970397,0.5,1.0,0.8,197,2076.1706170274374,34401851051443.77
7,100,1.2613286132244248,1.339481421503493,1.3988590781423813,1.987884130705978,1.2646072475494918,0.08221270805913772,1.0,0.2733610062064725,0.5,1.0,0.8,198,1993.6809179691604,34401812485043.312
7,101,1.229596312652665,1.2963757648141985,1.3427234907409664,1.9655774377789865,1.229282441079338,0.08041316376627314,1.0,0.23482514311037384,0.5,1.0,0.8,199,2074.6445785808564,34401851376061.24
8,0,0.9715185392425278,0.9935479596847923,0.9434691961836249,0.012176214320389107,0.0,0.0,0.0,0.0,0.5,1.0,0.8,1,1198.4437216261465,7671.279404044189
8,1,0.9901801885179948,1.029519424785625,0.9785423810651739,0.05630589615723188,0.05953293360878064,0.0819237728721522,9.158662429444001e-05,0.00020398985418201002,0.5,1.0,0.8,3,1364.070827993687,7012.180407012359
8,2,1.7580242552583387,2.034078745130057,1.9806445195277367,1.148274728064674,1.7552439850225579,0.10118013589516975,0.37137507466127034,0.8785835543492599,0.5,1.0,0.8,4,4006.501595852733,3135.569295109509
8,3,0.8210216996523951,1.1540956994395375,1.0946732123257077,0.2899471581468741,0.5240580802695307,0.10036314098789148,0.08254789338033316,0.1838579908737494,0.5,1.0,0.8,5,1254.860433665775,4662.49042929165
8,4,0.6626985674803505,1.0429283185455696,0.9770510334081767,0.21912571563264932,0.3388585465889921,0.09131061849941949,0.06856872534619066,0.11514374671615904,0.5,1.0,0.8,7,1307.059635101676,5297.274420616968
8,5,0.5309761409886343,0.959526904134885,0.8831555539879067,0.19671491853375372,0.3972850974314623,0.10451849422972914,0.045401145274397384,0.10819196422214365,0.5,1.0,0.8,9,1326.601567652399,1862.882493045617
8,6,0.4905980150539288,0.9217361864940316,0.8445539745102641,0.16896474130052613,0.16769512794411734,0.1042998558317368,0.03407473188510876,0.08116746144490239,0.5,1.0,0.8,11,1352.5658947886398,1850.877489662988
8,7,0.48873507130054306,0.9220249093497026,0.8441290503110007,0.17671427212333524,0.18472538346768008,0.10407012073037711,0.03608105548939664,0.08437270106590493,0.5,1.0,0.8,12,1410.6791391449185,1809.296752902996
8,8,0.4838721565069996,0.9173037820365982,0.8393589264569589,0.17536692365903078,0.1531712513768716,0.10408564745051237,0.03414635067304042,0.08123792627979529,0.5,1.0,0.8,13,1380.1295981219826,1840.784957439478
8,9,0.4539672349472368,0.8910804369732988,0.8118070087182356,0.16176209526370294,0.18690625934052818,0.10444148404658216,0.02846343531627558,0.06503754173327334,0.5,1.0,0.8,14,1302.8677062778163,4139.0100282831045
8,10,0.4356926862251324,0.9130124123939586,0.869892004132991,0.18982395629556276,0.1957491480721756,0.09792226779500252,0.03547750452934431,0.06653501044873616,0.5,1.0,0.8,16,1888.7567707503915,30332.83537367561
8,11,0.3820545179073324,0.867061639888365,0.8188877772831364,0.17791161276276404,0.2242726891105572,0.0942073270613274,0.030260099225688508,0.054825366037927536,0.5,1.0,0.8,18,1666.9625745967492,31235.592108908902
8,12,0.36787541698575277,0.8532628904252979,0.8047138631704192,0.1764203005319687,0.117266950531626,0.09563345668537107,0.02522936733728694,0.04571244162312665,0.5,1.0,0.8,20,1680.9591941480612,30954.30087956924
8,13,0.3482158975635924,0.8475328097349878,0.8072712757737714,0.19375171422488416,0.18427346739871084,0.09072007863487348,0.032700454426904904,0.05267666072401404,0.5,1.0,0.8,23,1682.8709288726125,40978.85955574019
8,14,0.5969135965068233,1.073887306269116,1.005556649226323,0.46755289595276156,0.42320717793012097,0.13128403977878342,0.07403876278066171,0.30170020085336746,0.5,1.0,0.8,25,1537.692568184592,57156.13808189639
8,15,0.5459495361693535,1.022047877385643,0.9509867724830794,0.4382722453462101,0.4008464858406694,0.13343005812339856,0.06598519145619203,0.2655559833350859,0.5,1.0,0.8,27,1032.1208469875014,50277.89969599218
8,16,0.5439247666603061,1.0198095869533985,0.9483584888434353,0.4440566765670092,0.35313215031201317,0.1335591498870853,0.06597154426176247,0.26554127444150477,0.5,1.0,0.8,29,1013.4415670239076,50314.54722010674
8,17,0.5428293952327135,1.0186505339899907,0.9470392362793135,0.44901731477469764,0.3517239536266199,0.13351439617120736,0.06586272086817527,0.2654258577343556,0.5,1.0,0.8,30,986.1722235731736,51060.92990276196
8,18,0.5416872596103031,1.0171290831991884,0.9449647401256673,0.4540903347461966,0.3689822099625185,0.13234140145422446,0.0669838188991456,0.2668922721630921,0.5,1.0,0.8,31,942.87170514742,48324.63778806567
8,19,0.5184814580508597,0.9937176424224083,0.9212576063888044,0.43464026453594207,0.3370281570551078,0.12940266007832274,0.061796418667218654,0.24810757905696468,0.5,1.0,0.8,32,1055.2995237039058,47569.15234907328
8,20,0.5443466458441157,1.0298021079859612,0.969096588889785,0.46612519722019996,0.40794357979850293,0.13226471299864634,0.07182198826965777,0.2739810248481986,0.5,1.0,0.8,33,2263.6123687900026,58272.46052412357
8,21,0.5082392247096301,0.9935291827059705,0.9326368008943353,0.4392864752859301,0.3257670764281873,0.1373748976470126,0.06192133641874895,0.23918590299711334,0.5,1.0,0.8,35,1462.7997227809683,54347.44035176147
8,22,0.4771019815226165,1.0057214931915852,0.9953298668507176,0.4508851144084828,0.3287158056920291,0.13374429452472314,0.05540154574620966,0.21978247001789902,0.5,1.0,0.8,37,1139.4518914240812,49487.71621408224
8,23,1.509571936162603,2.01161398547489,1.9719672059299722,1.4980957535031083,1.411752517473087,1.0,0.0454012018389557,1.0,0.5,1.0,0.8,39,1177.0845528993948,44484.83691142061
8,24,1.490870990908076,1.9889887503102428,1.9469008655058602,1.4962240578790496,1.4365856621553768,1.0,0.03703015627340913,1.0,0.5,1.0,0.8,40,1430.0985436625035,45261.530516503095
8,25,1.489099085169794,1.9704898992961553,1.9124836502018858,1.5103745263949964,1.386439173180455,1.0,0.04677332131035114,1.0,0.5,1.0,0.8,43,1120.6142083019952,45047.53280817807
8,26,1.476544380362789,1.9547517848137812,1.8952400556604236,1.5076874024785218,1.4012271075386042,1.0,0.03982655840296892,1.0,0.5,1.0,0.8,44,1244.337810341229,45480.08747512072
8,27,1.470383401502139,1.956796362052329,1.9089521473956572,1.5146921879090955,1.3656294454789577,1.0,0.03844995917293986,1.0,0.5,1.0,0.8,46,1347.7731539273173,45945.6670140355
8,28,1.4630166011737984,1.9474695455627158,1.8987910966976909,1.5189507481552005,1.351006259559048,1.0,0.03399427155957942,1.0,0.5,1.0,0.8,48,1267.8799253049017,47239.80075077758
8,29,1.4588029638456734,1.936559221298295,1.885207514602341,1.5264786693475256,1.3932052857296742,1.0,0.038693887701105725,1.0,0.5,1.0,0.8,50,1342.9996623924349,48442.74827816962
8,30,1.4542754647648213,1.9309521525650555,1.8791909561218467,1.5323603117048794,1.3438254427898642,1.0,0.035477419665488306,1.0,0.5,1.0,0.8,52,1351.2151807303112,48200.65351066611
8,31,1.4521664251585968,1.9388865120659229,1.8996915419488283,1.5442030794075599,1.3406523679743776,1.0,0.034744718995724226,1.0,0.5,1.0,0.8,55,1411.4687993908676,48485.53757552736
8,32,1.4464711107632309,1.9286787985451215,1.887846573726861,1.548676451598942,1.4008694678185847,1.0,0.034097356687896554,1.0,0.5,1.0,0.8,56,2515.8730140991474,48317.02288666236
8,33,1.4471210901786717,1.9397763103022854,1.9116773138094578,1.6079310643608078,1.336641404841767,1.0,0.035551257377996345,1.0,0.5,1.0,0.8,66,1393.929796683027,47513.41717113858
8,34,1.4468152989889387,1.9390735549983553,1.9108350599007822,1.615045113349237,1.3385115886315893,1.0,0.03566332027651699,1.0,0.5,1.0,0.8,68,1395.655329010891,47462.048925699135
8,35,1.4456276003824848,1.9365076596476865,1.9077893422299748,1.6195249979806885,1.3554567338586274,1.0,0.035898854020550916,1.0,0.5,1.0,0.8,69,1306.0086489612254,46086.09563811584
8,36,1.4467290034737248,1.9480023862809575,1.9320050485079487,1.6315624230912993,1.3435232462048001,1.0,0.0378217747997311,1.0,0.5,1.0,0.8,71,1292.1713451347964,46743.30080892908
8,37,1.9831780370241008,2.4778859892845926,2.459695524775578,2.1423857323832607,1.9252309263193672,0.16102196542626634,1.0,1.0,0.5,1.0,0.8,73,2239.393837525449,54118.87940931972
8,38,1.9826404189904736,2.476561200466647,2.458111725241915,2.145840979354113,1.8914315732575582,0.16139709690446655,1.0,1.0,0.5,1.0,0.8,74,2134.728059041496,54680.014450774375
8,39,1.9784139871339101,2.469062962352746,2.449553283379217,2.1439138081859195,1.9233557830401056,0.1587822329003042,1.0,1.0,0.5,1.0,0.8,75,2177.704915693292,56065.48620217674
8,40,1.9755080766338113,2.461027698182688,2.4399383168951028,2.1544952707018377,1.9124974778292867,0.16116051535046066,1.0,1.0,0.5,1.0,0.8,77,2122.5673551602317,55128.48135612482
8,41,1.9771325853905601,2.461540976692463,2.4401039757009273,2.1602567505691552,1.897809815998968,0.1662471442692552,1.0,1.0,0.5,1.0,0.8,78,1947.169948903,55103.85610243592
8,42,1.9738671095475833,2.456924351669951,2.4350875435852455,2.1646315150218447,1.8967074314920522,0.16168191692664508,1.0,1.0,0.5,1.0,0.8,79,2119.062762551884,54906.85546537508
8,43,1.9691511402032997,2.447609478248112,2.424402786994621,2.1694516804662047,1.9356868230038076,0.15905071346293234,1.0,1.0,0.5,1.0,0.8,80,2134.530968711721,54970.6965549374
8,44,1.9491765956581184,2.4251071352528726,2.4110218988236873,2.1701418113709092,2.0261284920798586,0.13693821322741068,1.0,1.0,0.5,1.0,0.8,81,1926.8730594192195,56576.157802773385
8,45,1.9480532533894375,2.4102692917486808,2.3925246329975867,2.17470748775753,1.9496211717800902,0.14999859547344443,1.0,1.0,0.5,1.0,0.8,83,2332.352140065591,56727.373195504304
8,46,1.9441398019738272,2.4038323644315867,2.3854354609616437,2.1751940964782364,1.885629484547532,0.1447419062173485,1.0,1.0,0.5,1.0,0.8,85,2316.9124293059467,57223.8168584103
8,47,1.9443732695486364,2.403114979033578,2.3844732066042225,2.1792447379656927,1.8830802416641148,0.14616669254558304,1.0,1.0,0.5,1.0,0.8,86,2131.0209784988087,56975.1127639202
8,48,1.9432984164364235,2.4011968117066607,2.382339062983748,2.1819385231785953,1.8812006035582238,0.14485243051502855,1.0,1.0,0.5,1.0,0.8,87,2278.701533281629,57690.38593566336
8,49,1.9435997934643814,2.4051902227768354,2.3974152931017887,2.209552359114953,1.9560471357035825,0.15282831090863788,1.0,1.0,0.5,1.0,0.8,88,1900.671707839712,62460.25816794429
8,50,1.939511444755387,2.406034324981455,2.4097188940528405,2.2073435517371944,1.9366719990905263,0.1501049398046525,1.0,1.0,0.5,1.0,0.8,89,2280.226104408946,58473.399652272186
8,51,1.9340769414845478,2.3755628412604715,2.362908563835566,2.2057783350031546,2.011490374548025,0.1505550875249971,1.0,1.0,0.5,1.0,0.8,90,2155.844457523446,72637.50810806386
8,52,1.9323516848122235,2.3809686222587176,2.3803564304952958,2.21922571056312,1.894475577126163,0.15015238490303834,1.0,1.0,0.5,1.0,0.8,92,2274.654521361186,69997.14009824317
8,53,1.9313882275770156,2.365898670731794,2.351606284475519,2.22253826771808,1.889049533344404,0.15035873256991394,1.0,1.0,0.5,1.0,0.8,94,2106.866589703538,72547.87430752422
8,54,1.930742222719782,2.3641500905979225,2.3496005830654707,2.225719865518877,1.8801597467847515,0.14986132055651388,1.0,1.0,0.5,1.0,0.8,96,2228.3376506997447,65177.98316081306
8,55,1.928552517898903,2.4035772859778417,2.440286979055161,2.296789129593395,1.8769162372501655,0.14775909491475891,1.0,1.0,0.5,1.0,0.8,106,2294.015623889401,62500.56061583587
8,56,1.926145208058032,2.3826781460298507,2.4047154144736265,2.306940734801814,1.9420669642943493,0.14789471746541188,1.0,1.0,0.5,1.0,0.8,107,2126.9488379448057,66229.60556119129
8,57,1.9261301146672243,2.3826172825636167,2.4046440244374443,2.3069349287720504,1.8743727433376056,0.14789471746541188,1.0,1.0,0.5,1.0,0.8,108,2143.980083195529,66098.6867076385
8,58,1.9247423649065223,2.376787619741486,2.3978068887931374,2.321324929455315,1.8945452598480002,0.14800187272032234,1.0,1.0,0.5,1.0,0.8,110,2077.217636107371,66429.1826923996
8,59,2.1108581431880578,2.5619640985679446,2.5827616362691295,2.4925509312036063,2.0707735730910244,0.5209442631248795,1.0,1.0,0.5,1.0,0.8,111,1995.9048915843089,67798.52934830527
8,60,2.114148566506141,2.55519606014483,2.573754623866228,2.508533374886156,2.0968482145961356,0.5335548578292123,1.0,1.0,0.5,1.0,0.8,114,2086.697699109057,66561.00663360443
8,61,2.1065884415899907,2.54522430113409,2.563250884664897,2.512274972926343,2.0671007253142366,0.5198252261665786,1.0,1.0,0.5,1.0,0.8,117,2023.2910839610076,66566.53786838625
8,62,1.918092367604465,2.3658034468762104,2.396361826286576,2.342905437617321,1.891126720869633,0.14404877106552033,1.0,1.0,0.5,1.0,0.8,118,2309.3276830888176,66990.18452553819
8,63,2.105488080468872,2.5586092400864295,2.6008974320108953,2.550148476371116,2.087176473470925,0.5220920880386065,1.0,1.0,0.5,1.0,0.8,120,1968.305072391005,68062.45404538795
8,64,2.1146581386861163,2.532568509157772,2.567376165853508,2.5753180661405692,2.231011026086419,0.5573708998617322,1.0,1.0,0.5,1.0,0.8,122,3086.63192884523,65934.93163503305
8,65,2.174980335934188,2.589044931823894,2.6230551142038427,2.655077305467299,2.147944197667443,0.6796358555278154,1.0,1.0,0.5,1.0,0.8,126,2598.2366554999835,53349.66919073276
8,66,2.1088067492697418,2.520528606401494,2.5647571073522117,2.6013526519134187,2.1898251364228267,0.5526884178098633,1.0,1.0,0.5,1.0,0.8,127,3129.9368231011176,66586.28242219656
8,67,2.102096450314312,2.485073288233938,2.5020124177552603,2.6076448975679396,2.088335647395082,0.5416387101640535,1.0,1.0,0.5,1.0,0.8,130,2650.5761640575406,58744.07679164061
8,68,2.1032441665093806,2.4663026197511764,2.49002276329481,2.6124809344883717,2.3308047820111297,0.554322384236445,1.0,1.0,0.5,1.0,0.8,131,2443.5827016095463,67506.04825756924
8,69,2.096618280635922,2.455898132236441,2.4788741553945277,2.6208987639506898,2.086265408634583,0.5422038915542183,1.0,1.0,0.5,1.0,0.8,133,2583.9362839992405,64476.08521963992
8,70,2.09308994006967,2.450056799507344,2.4833882291107012,2.629882452832197,2.177395568571722,0.5390051829735745,1.0,1.0,0.5,1.0,0.8,134,2376.5029389020738,66203.1957953927
8,71,2.0900700410901907,2.428020197200639,2.4576716328997854,2.6385982714827407,2.143987532766289,0.5379077402540774,1.0,1.0,0.5,1.0,0.8,136,2499.263448239241,66402.9455434338
8,72,2.0895757903689125,2.411851335685771,2.4276436729018918,2.629822407915979,2.1040109899721116,0.5380057996425793,1.0,1.0,0.5,1.0,0.8,137,2524.086281374984,66921.43481051116
8,73,2.088904739632314,2.4098816814759507,2.4254247664606217,2.6477778785981894,2.071886793722193,0.5369752862075149,1.0,1.0,0.5,1.0,0.8,140,2490.0325254716645,65840.75360373236
8,74,2.090429949341031,2.40336754715734,2.4173734604458224,2.6568579746275125,2.0814060754966954,0.5419007143206386,1.0,1.0,0.5,1.0,0.8,146,2531.366962695534,288373.6026961028
8,75,2.0873049253122975,2.370189087071691,2.378507695093721,2.6649889629897725,2.302855940608509,0.5419629322901751,1.0,1.0,0.5,1.0,0.8,147,2689.203803732299,289502.31267743144
8,76,2.0854778538069576,2.357129257752936,2.3524415589896757,2.676602800021313,2.0694372204220732,0.5383159118061076,1.0,1.0,0.5,1.0,0.8,148,2405.2429474766623,289398.34125679487
8,77,2.0860397426377046,2.367304864431955,2.375319522208173,2.67115562967576,2.081992223468534,0.5397443999682533,1.0,1.0,0.5,1.0,0.8,149,2428.8540798990507,291331.9169868759
8,78,2.082505553591841,2.359556405340953,2.3667805344640307,2.675043359924572,2.0990110096945287,0.5334765032307897,1.0,1.0,0.5,1.0,0.8,150,2392.1011242195736,289953.31440924096
8,79,2.0824364426841173,2.3582419051512353,2.3652328186927614,2.6824061365059304,2.071546942476603,0.5335713139301305,1.0,1.0,0.5,1.0,0.8,152,2398.671009766861,290347.5249651809
8,80,2.082506742611967,2.366086021877548,2.3854360380402286,2.6800018242447345,2.093282125275424,0.5343435530707533,1.0,1.0,0.5,1.0,0.8,153,2565.346906310484,291121.39435386576
8,81,2.0775381356147866,2.3194043173527916,2.320087113718783,2.6956211224799063,2.296058940314418,0.5295648675476637,1.0,1.0,0.5,1.0,0.8,154,3188.595958980321,65728.27395680209
8,82,2.0781408836296977,2.3067385996276935,2.30497829412771,2.7070576511271147,2.1161090995215552,0.5327647205779014,1.0,1.0,0.5,1.0,0.8,156,3181.9258582285324,65414.67561178552
9,0,1.0,1.0,0.9510262383316989,0.012767904366277633,0.0,0.0,0.0,0.0,0.5,1.0,0.8,1,781.8546428463583,8001.541735541956
9,1,1.0062695139579045,1.0244797600248488,0.9745954556061579,0.045470844746751345,0.048362677446644804,0.05922232646947889,0.00010725661360837,9.750412846396e-05,0.5,1.0,0.8,3,750.5536819822771,7868.089025500393
9,2,1.6296296531281402,1.7722517179718633,1.71531604397267,0.8438882285043152,1.1084430469272217,0.0727610151370449,0.44975293536534294,0.41576155504565593,0.5,1.0,0.8,4,2050.2562396800377,3963.041035090403
9,3,0.8406261962607091,1.154332597355811,1.0971441832950632,0.27669759398258825,0.8060516962524009,0.07263612672476423,0.13355810384718295,0.12141411216340567,0.5,1.0,0.8,5,779.0753984461219,5405.576237134425
9,4,0.6746609381506554,1.0686804570389474,1.0003237501494826,0.25487500497390897,0.473978118160857,0.09575475663982565,0.09888130241575435,0.12476287659326413,0.5,1.0,0.8,7,1247.6255921705292,7399.780792509689
9,5,0.6181157037116675,1.0262398501371957,0.9552971984503461,0.23131862785362783,0.27406553649062654,0.09905172431749666,0.08421166883728574,0.1068634956769243,0.5,1.0,0.8,9,1721.7920019007738,7319.256854731728
9,6,1.5719552037557878,2.0078425867263534,1.961462487645861,1.2517225592404164,1.1958967922115946,0.1006942089437162,0.3364756174278088,1.0,0.5,1.0,0.8,15,2213.304288933668,35492.74537043269
9,7,2.2014681610370292,2.6578540833760265,2.605723124790086,1.9347896883439828,1.9876877175614243,0.14082922051064908,1.0,1.0,0.5,1.0,0.8,17,612.4299927960712,39691.16904283609
9,8,2.1963532656822844,2.6545713661466848,2.6017871913303834,1.9426511777385853,1.8842697327895466,0.14189291896555264,1.0,1.0,0.5,1.0,0.8,19,628.8954259616494,39685.89636065059
9,9,2.1963533651595433,2.6321626689166133,2.553377266683934,1.9274310868516953,1.8709465887695103,0.14189291914728755,1.0,1.0,0.5,1.0,0.8,21,628.8963216463865,39685.87603044779
9,10,2.1956723985826754,2.676512295084474,2.649649808561124,1.9610953781993972,1.8741620812853033,0.14188332751701815,1.0,1.0,0.5,1.0,0.8,22,598.1921676945465,40780.10540076605
9,11,2.188047005114204,2.625960166426542,2.5463817507983117,1.9375823137285864,1.8985402167363854,0.13874976085190246,1.0,1.0,0.5,1.0,0.8,23,884.7040492976181,39617.12219789638
9,12,0.9571099841552155,1.434329600682845,1.391276582759473,0.7458680711529126,0.7091479399992426,0.10187279076606318,0.26907665662715446,0.42322152763940746,0.5,1.0,0.8,25,288.87565812600644,38486.023624619
9,13,1.7180243433269835,2.2090222414870277,2.1775926027130015,1.534688933926462,1.4581239104203734,1.0,0.130119895294435,1.0,0.5,1.0,0.8,27,1468.9327005439336,95715.08846857928
9,14,1.7066706354004486,2.191048342547831,2.1434468129654167,1.5457560304354936,1.5065210227093457,1.0,0.14186890944143885,1.0,0.5,1.0,0.8,29,2258.2451985872062,246025.01732873885
9,15,1.6625965289027094,2.181101050030591,2.172116641864659,1.531553978632814,1.4086471140067798,0.09839956959311368,0.5513544086995678,1.0,0.5,1.0,0.8,31,179.8677083804359,39259.59280760762
9,16,1.4617827839466373,1.9803308959740789,1.9712344685332577,1.3308147663880943,1.2045531806358039,0.11258809017590996,0.34414410564888215,1.0,0.5,1.0,0.8,32,184.24386023021844,41182.9776050631
9,17,1.5633104173588275,2.084548086048202,2.071853314178381,1.4633708478383856,1.4724325191134393,0.09463154048284587,0.4783509726389812,1.0,0.5,1.0,0.8,33,209.22173926909716,34388.48376289515
9,18,1.6606555986672942,2.182446592175727,2.1677682021223696,1.571781365325969,1.5159821483600384,0.09214180225188587,0.589076870664113,1.0,0.5,1.0,0.8,34,208.4242762044392,35321.190570928295
9,19,1.5114665285810895,1.9881342408967266,1.9184380424060594,1.4090286838479182,1.3647567768471802,0.10368342906792852,0.4514197904174574,1.0,0.5,1.0,0.8,36,238.91099429427783,35742.16817602085
9,20,1.510026675380033,2.0202316739619697,1.9893124961100384,1.4441249240596261,1.3076364487248833,0.10368116064695505,0.451216098778121,1.0,0.5,1.0,0.8,38,246.56569455937296,35999.38182481952
9,21,1.534996711796224,2.055267674873505,2.035066962699806,1.4979141377532739,1.4336086484258788,0.10766958599746153,0.48638041491692585,1.0,0.5,1.0,0.8,39,227.32650730652125,35869.989470396315
9,22,1.4820507193691044,2.0085569084092203,1.9963926495711097,1.475332240720336,1.41235230996955,0.10456079859651064,0.45900523542753235,1.0,0.5,1.0,0.8,41,230.3155448191388,36613.0646568298
9,23,1.5119456454139644,2.0489052853313154,2.0491790536304904,1.516548373351212,1.3551783741558592,0.10568809147699668,0.490870021883258,1.0,0.5,1.0,0.8,43,268.96763980974475,36230.49752363672
9,24,1.506057789974641,2.0308720318895066,2.0174758595880666,1.517096992452351,1.3544433138893104,0.10747981713175421,0.48705453522654024,1.0,0.5,1.0,0.8,45,265.4136241079358,36827.49497585967
9,25,1.4982318097205505,2.027229736477733,2.022641800224437,1.5337466024795765,1.435913301176389,0.10994946602771882,0.49545231863276784,1.0,0.5,1.0,0.8,47,269.53553610799787,36866.29359112364
9,26,1.3849331966733796,1.9060791211374577,1.8977256018752062,1.4479095701127513,1.3280504372129927,0.09866183133260432,0.40193330264113225,1.0,0.5,1.0,0.8,49,422.6372309469958,36844.33976536013
9,27,1.3797197553095844,1.8935705190201992,1.8821825498868991,1.4582029616386172,1.3183481746290022,0.11696675300932544,0.3979910308105599,1.0,0.5,1.0,0.8,51,770.4420601709969,31948.17691396044
9,28,1.974119941741026,2.5246495195568626,2.562210926825993,2.1105480076692764,1.8813153603929578,0.12112536623861395,1.0,1.0,0.5,1.0,0.8,57,2841.1238373882984,48131.41445083877
9,29,1.9687313993173585,2.5153030612870575,2.5514734166842166,2.1154405045819047,1.8876994588701461,0.11867684045100632,1.0,1.0,0.5,1.0,0.8,59,2684.244576294727,47047.545935067705
9,30,1.9622979210488214,2.5146099014458754,2.5619391358199435,2.1232880932231883,1.8957666521051304,0.11638919438103797,1.0,1.0,0.5,1.0,0.8,61,2774.2942231530324,46925.325588080486
9,31,1.9446757769775056,2.4900863235242756,2.5448137668253623,2.1202684427615663,1.9694162678933205,0.1103591739116084,1.0,1.0,0.5,1.0,0.8,63,4037.055503330332,46860.01822274733
9,32,1.9462113427600447,2.4770318066031836,2.5177771396872055,2.14067721402236,1.8790666811592491,0.11812202674712076,1.0,1.0,0.5,1.0,0.8,65,2727.740137011022,46691.95558137919
9,33,1.9460024848263378,2.4877171061527346,2.5413740400473186,2.1578530793601907,1.860868175420271,0.11812202674712076,1.0,1.0,0.5,1.0,0.8,67,2710.9800526044087,46576.06781481984
9,34,1.9448596465472727,2.472132831541814,2.511867580421596,2.155614897763936,1.8976538881764708,0.1201264601300398,1.0,1.0,0.5,1.0,0.8,68,2816.085783935734,43657.70370889078
9,35,1.9315779011367267,2.435035092956582,2.4683647530379167,2.152165618868822,2.122009344324069,0.12073081524311424,1.0,1.0,0.5,1.0,0.8,69,2689.467832806901,47679.44561921786
9,36,1.9241735344003,2.4320283721496017,2.4766331427899786,2.1506325870831944,1.8912603723939057,0.11245824485719,1.0,1.0,0.5,1.0,0.8,71,4075.8162910839615,50207.27943857327
9,37,1.9240700893286853,2.4429037845487382,2.500453005781475,2.167990139025508,1.8573636158451567,0.11245824485719,1.0,1.0,0.5,1.0,0.8,73,4070.63787622316,50170.87823295129
9,38,1.9237989718754744,2.423153064463115,2.465648471830513,2.177470542665744,1.901533278060079,0.1193422884073172,1.0,1.0,0.5,1.0,0.8,75,2663.478856278071,46336.96618482115
9,39,1.910602600288597,2.3753180404032834,2.3785618680967806,2.1613554344213384,1.8483518640561,0.09381875284095724,1.0,1.0,0.5,1.0,0.8,82,1658.7707364957955,30204.628482876546
9,40,1.9060831422269797,2.407127017789275,2.460320251818745,2.201718040376817,1.9296094862484814,0.09177323385624946,1.0,1.0,0.5,1.0,0.8,83,1752.2384893266972,27363.18878273406
9,41,1.905998320929407,2.4062421143737796,2.459244104233771,2.2054185781530675,1.8500220112591137,0.09223691107830431,1.0,1.0,0.5,1.0,0.8,85,1764.120179531657,27257.4036425749
9,42,1.9054327924499328,2.405418006032286,2.4583582311979235,2.219311389942958,1.8469189614650385,0.09131016582090248,1.0,1.0,0.5,1.0,0.8,87,1724.2937733683757,27162.80126524375
9,43,1.9043526218659474,2.40155667696043,2.453835765085512,2.2189541622776607,1.872602450529549,0.09130827771971466,1.0,1.0,0.5,1.0,0.8,88,1742.945567697109,27214.42942461906
9,44,1.8977615524703253,2.369957159141544,2.406015113122324,2.2084312335970138,1.8769007726956255,0.08813019381729846,1.0,1.0,0.5,1.0,0.8,92,1757.2383140840527,22093.53043541829
9,45,1.8979211326647487,2.3859364580514995,2.446490908170822,2.235193326494306,1.907776852694317,0.09284247453940604,1.0,1.0,0.5,1.0,0.8,93,1825.9735118836008,28324.162681465405
9,46,1.8950600918942448,2.3983444329680346,2.4832909563180294,2.266584985771508,1.9114336730264323,0.09163211203604084,1.0,1.0,0.5,1.0,0.8,94,1819.058522721229,24318.32825009354
9,47,1.8828431479632453,2.294157774959404,2.3169252131864986,2.1994976449053025,2.2609094544847625,0.09174249644914154,1.0,1.0,0.5,1.0,0.8,95,1301.9791651945868,28427.208528089715
9,48,1.8828394431044813,2.2927508794273255,2.3152254375159576,2.2104505939621273,1.8521487636559992,0.09234971088876835,1.0,1.0,0.5,1.0,0.8,97,1276.8178526945733,28158.443035344942
9,49,1.8826544841493458,2.2889511010936134,2.3106731900123942,2.2214731002778203,1.8621106972835169,0.09353706071172377,1.0,1.0,0.5,1.0,0.8,99,1328.7103373054583,28498.394361177467
9,50,1.8826654194880426,2.307260498124029,2.364830219390379,2.2555894026749073,1.9141993378039672,0.0997648112761198,1.0,1.0,0.5,1.0,0.8,101,1462.9310291694856,33584.1991856969
9,51,1.8826248559675034,2.305060784981556,2.3621898425182186,2.2705066558052325,1.8592407963314646,0.10051074139506573,1.0,1.0,0.5,1.0,0.8,103,1482.797862781928,33616.17258400573
9,52,1.8775728194042829,2.249553177612019,2.2642755131013628,2.237173914737543,1.9871118873897635,0.09648768749283004,1.0,1.0,0.5,1.0,0.8,104,1517.3993287115634,30555.562226817136
9,53,1.8774684919331235,2.2485657260146663,2.263110919357728,2.2482052267869737,1.851902859849208,0.0965807744317472,1.0,1.0,0.5,1.0,0.8,106,1510.481641855537,29755.29614690703
9,54,1.8770957925969534,2.224474760018345,2.2127565418674386,2.2260306807808155,1.8588487833085732,0.09628026809741433,1.0,1.0,0.5,1.0,0.8,107,1514.389797097038,29699.185392702253
9,55,1.8666732886586594,2.254775583017562,2.3266264876454024,2.276220840394551,2.1466197560131914,0.0868461867282755,1.0,1.0,0.5,1.0,0.8,108,1530.8279851984466,27328.319436105
9,56,1.867641244150914,2.266572578182784,2.351351001071758,2.306673302418999,1.8450373263166728,0.08888356826505919,1.0,1.0,0.5,1.0,0.8,113,1473.974269064633,33325.56396917159
9,57,1.8652009914306116,2.2505920525921423,2.332750740727204,2.304586202116267,1.9506182191104082,0.08751940219073391,1.0,1.0,0.5,1.0,0.8,114,1480.3783178893416,25691.763528223863
9,58,1.8642597053434895,2.2471252801267116,2.339650506794202,2.315588465866738,1.8981723387882152,0.08893748738780143,1.0,1.0,0.5,1.0,0.8,116,1650.4291354285026,25771.472743782284
9,59,1.8624611591198839,2.212967976637059,2.2775955930899787,2.3322450993524764,1.8567170205111168,0.08758637044958276,1.0,1.0,0.5,1.0,0.8,122,1536.058902817048,21971.072467647664
9,60,1.8594258875279168,2.205578868392415,2.2911580422505846,2.337290547647302,2.0492100069513848,0.08696232915561106,1.0,1.0,0.5,1.0,0.8,123,1732.9328645976752,21666.740121345483
9,61,1.8621322125874995,2.1821839871893056,2.2519791235759365,2.343366534724526,1.9043031812966922,0.0950874839831998,1.0,1.0,0.5,1.0,0.8,125,1680.3810120509977,25318.86239617235
9,62,1.8621292469556252,2.193351407454532,2.2761408451046647,2.354952227754743,1.847672536360518,0.0950874839831998,1.0,1.0,0.5,1.0,0.8,127,1679.8117709813723,25313.523418244917
9,63,1.8611566508866215,2.1801119938784286,2.2497030938774474,2.3652904793255196,1.8547334913861937,0.0933277723617338,1.0,1.0,0.5,1.0,0.8,128,1776.3204555740783,24195.60407568353
9,64,1.8602141780039891,2.1952557385862117,2.2896724571001323,2.3721255737035962,1.894197830737736,0.09252463034875684,1.0,1.0,0.5,1.0,0.8,129,1764.661069736737,26306.40860249359
9,65,1.856145644651559,2.145528764671418,2.2205899473966957,2.3509692194070775,2.1040258894097854,0.08969622218022294,1.0,1.0,0.5,1.0,0.8,130,1650.1459428726769,21448.92130341125
9,66,1.854279236957468,2.124553927954076,2.196123133999266,2.3645188075199988,1.9154711694837414,0.08852712269999294,1.0,1.0,0.5,1.0,0.8,132,1693.835702332644,21493.070742006887
9,67,1.8546647626852477,2.12055414984784,2.1913248583002636,2.3723015816973323,1.8612072898944712,0.08985232821602714,1.0,1.0,0.5,1.0,0.8,134,1719.129359940449,21629.97250837749
9,68,1.8531933999683432,2.100367337395655,2.1677416274549053,2.3814561675547194,1.913898016930006,0.08914424488751543,1.0,1.0,0.5,1.0,0.8,136,1855.182788122504,21228.2441752682
9,69,1.8532242426987378,2.099539924938762,2.1667588488901455,2.393302339593597,1.847796896401938,0.08930267256609115,1.0,1.0,0.5,1.0,0.8,138,1931.9448302988724,21346.822955102027
9,70,1.8528790484932713,2.0904967195764685,2.156143549613171,2.3963919154795823,1.8768155589130975,0.08957582900993742,1.0,1.0,0.5,1.0,0.8,140,1931.9534190271224,21550.08037223653
9,71,1.8530802602125738,2.093865735085454,2.1710635235935336,2.419590608403892,1.865111479495029,0.0908327287709708,1.0,1.0,0.5,1.0,0.8,143,1817.330856107924,21141.94553220977
9,72,1.8527420269930832,2.092628644964691,2.1696645755591,2.4306890608115888,1.8484283566980435,0.09024976106731984,1.0,1.0,0.5,1.0,0.8,145,1854.2636525082803,21416.6574865333
9,73,1.8523824220924634,2.088864491747063,2.165287270597232,2.426350835326521,1.869944747917556,0.0898811182246408,1.0,1.0,0.5,1.0,0.8,146,1931.0064842342128,21288.223184948387
9,74,1.8522118689953138,2.0835238754059846,2.159016682399768,2.4374199987756775,1.8829734275061683,0.09006127882861051,1.0,1.0,0.5,1.0,0.8,147,1912.9639582248376,21617.98546923052
9,75,1.852452495886642,2.081211732187788,2.156245587004177,2.4490261278986063,1.8548296645778948,0.09079708057585753,1.0,1.0,0.5,1.0,0.8,149,1928.8859697326172,21790.63481877153
9,76,1.8527834339463511,2.092557373750684,2.1805578933863012,2.4730339594430575,1.8461438904361445,0.09147527891123408,1.0,1.0,0.5,1.0,0.8,152,1988.9933359568024,19802.57258311497
9,77,1.8520670324096082,2.11195480794965,2.2365353095592133,2.534241393518096,1.8522467058882564,0.0913250513701358,1.0,1.0,0.5,1.0,0.8,167,1877.035231738068,21929.956060611992
9,78,1.8520670324269883,2.1343633343217743,2.284944840617455,2.563169881415745,1.8456625688554236,0.09132505140209111,1.0,1.0,0.5,1.0,0.8,171,1877.035234448506,21929.956082318407
9,79,1.8520282960180523,2.1320865631516295,2.28226727881027,2.554400202111748,1.8621018513921788,0.09145252508846871,1.0,1.0,0.5,1.0,0.8,172,1906.8841380986544,22834.07885859636
9,80,1.8517867462044835,2.1297700187124895,2.2795793022891475,2.575179879671688,1.8606992546136465,0.09115681300334226,1.0,1.0,0.5,1.0,0.8,173,1805.5910168494927,21791.193223623264
9,81,1.8520227615950546,2.124458047108459,2.2732751083786225,2.5704672809553406,1.8865580819102554,0.0921217182747422,1.0,1.0,0.5,1.0,0.8,174,1927.3827113916925,22840.53604776848
9,82,1.8519739105057234,2.1344906885774755,2.296107452962784,2.5829085183841936,1.8501364620520708,0.09212171830664674,1.0,1.0,0.5,1.0,0.8,176,1920.2744061580056,22797.09254099238
9,83,1.8517815386232634,2.131828674618916,2.2930041799716676,2.5904761461828727,1.854977235881191,0.09195091117388857,1.0,1.0,0.5,1.0,0.8,178,1977.214613328185,23050.09189781844
10,0,0.7922326238700641,0.9480128548427701,0.890135917967599,0.007990598170689141,0.0,0.0,0.0,0.0,0.5,1.0,0.8,1,4142.118626963242,8787.441425597292
10,1,0.8027112809108959,0.969589434286768,0.9109593173755843,0.03696127410728658,0.041366253254558026,0.05157062828531409,0.00010196117805215999,0.00010985789032766,0.5,1.0,0.8,3,4167.72697989299,8929.762531177656
10,2,0.8009203342366312,0.9749755775415101,0.9159027744113968,0.0470396500167685,0.05365149659234436,0.033029202424883594,0.01469684997786569,0.00341769688157765,0.5,1.0,0.8,4,4442.534521102825,9643.839795151038
10,3,0.6884123564042723,1.0535945626773522,0.9901173449837729,0.20933461554738733,0.9148705521532912,0.06323992110201436,0.09203802457461996,0.09916620622521369,0.5,1.0,0.8,5,2976.852578017777,6589.6696206581255
10,4,0.5316331776115222,0.9346788827577683,0.8646014701149283,0.1300145829443918,0.25560299408500675,0.0555236481013322,0.05036297094845639,0.055612553297022096,0.5,1.0,0.8,7,2260.7626319686265,15966.85785334931
10,5,0.5328596055763444,0.9480934032994469,0.8752975206178746,0.16151595448314765,0.2070421878951545,0.059095396424664035,0.06339484693189723,0.0737009038502612,0.5,1.0,0.8,9,1783.9079778738628,35210.97798208216
10,6,1.8098431697061899,2.241849562971018,2.1807322805618736,1.4629578751213375,1.4972358975468807,1.0,0.14217499445409917,1.0,0.5,1.0,0.8,10,3015.461226495648,6696.251669074087
10,7,0.4136034481090864,0.8452076310358415,0.7678905209955736,0.09316444082978184,0.20497131022729653,0.04009005778823767,0.032733741758117066,0.028298458352595517,0.5,1.0,0.8,11,2208.075488472858,15887.647316322826
10,8,0.4213535756614525,0.8579234788733064,0.7788755145363764,0.12495073966124368,0.16886313942059092,0.03478215073562269,0.05843769454929069,0.02801463984375095,0.5,1.0,0.8,12,2695.081068168636,15858.19841336781
10,9,0.3803617867562597,0.8209046584635449,0.7402449480315305,0.09262338054264185,0.13612966281210734,0.04507014923787312,0.028047164456442442,0.025062937863793773,0.5,1.0,0.8,13,2206.5335649196654,15839.769050270226
10,10,0.7346795327616044,1.1766050022605699,1.0953367304182202,0.4618630333259969,0.4547534267875587,0.15986237926895377,0.048733434213417894,0.3765276930791608,0.5,1.0,0.8,14,2625.6700285959405,15987.887213973016
10,11,0.38039343096437445,0.8249993625655266,0.7424209756422361,0.1116315435414967,0.1392838398170324,0.053287597201573535,0.03165859773321174,0.034535916125610626,0.5,1.0,0.8,15,2214.141045561318,15794.605591607466
10,12,0.7989199674191876,1.245221537655135,1.161717196153194,0.5408061568946537,0.5304430199075651,0.25177342644914413,0.028240233939682457,0.4467913984148916,0.5,1.0,0.8,17,2106.6785225797485,15418.788587569585
10,13,0.3533421491268177,0.8126026287495803,0.7410370388940741,0.1092645898037766,0.11735068676869975,0.04381608033966499,0.03202465620276515,0.025006256240176623,0.5,1.0,0.8,18,1053.2507789206943,12445.873326741748
10,14,1.6137089987190634,2.0733854758551216,2.0015316581748657,1.381516957950975,1.348060326567934,1.0,0.03640335492573933,1.0,0.5,1.0,0.8,19,1406.498804345208,12493.53675784094
10,15,2.04462381678509,2.5316550831632982,2.4731127989250092,1.8902379413142796,2.3638678738268997,0.09272115414834632,1.0,1.0,0.5,1.0,0.8,20,1108.0781251996086,14412.438778360116
10,16,2.039789242443815,2.5373327458027966,2.4907340846188806,1.8975570995699995,1.8685576821235033,0.0940104143572878,1.0,1.0,0.5,1.0,0.8,22,1147.853852601444,14179.867499483847
10,17,2.016655572945311,2.5106547808333524,2.460368413814917,1.9053849918054568,1.8794821373161217,0.08372085765249389,1.0,1.0,0.5,1.0,0.8,26,1438.9318500907684,13141.12975234572
10,18,2.016658070257069,2.5092254454133496,2.4578092288746785,1.9169928134243837,1.8700445101012013,0.0940572495202375,1.0,1.0,0.5,1.0,0.8,28,1428.7956721939504,15564.37120637729
10,19,2.015863916753937,2.5193937474294943,2.4808005606282446,1.9326942446215827,1.8506272224809275,0.0940572495202375,1.0,1.0,0.5,1.0,0.8,30,1411.0526339617998,15413.093830635862
10,20,2.0092856276172175,2.511755480962412,2.472382865134139,1.9311031013257682,1.8546236155924885,0.08788390794311743,1.0,1.0,0.5,1.0,0.8,33,945.0187170327396,22546.7740781618
10,21,2.0122321798110105,2.513977425784379,2.4728670202111367,1.9601312491050866,1.9012629685649578,0.1126223442803151,1.0,1.0,0.5,1.0,0.8,35,1198.675804292189,23488.15645190256
10,22,1.9898088276928834,2.488436653459476,2.454034092449324,1.9649733336376818,1.9749793543105905,0.11262234428031506,1.0,1.0,0.5,1.0,0.8,37,1040.326297874571,21191.56361337016
10,23,1.9905553912108942,2.4846943761650966,2.4483847264256866,1.9915755583635928,1.8896634741525953,0.1274097151782617,1.0,1.0,0.5,1.0,0.8,40,1459.3267558175453,22829.40716065246
10,24,1.9801811179326647,2.4776185353413016,2.4512354092909865,2.0048833236077206,1.9261470228165114,0.12674818147078115,1.0,1.0,0.5,1.0,0.8,42,1458.6875188015788,20267.30435372835
10,25,1.979830738812263,2.4653895043021627,2.425764564354088,2.0127633089905466,1.866954172203986,0.12751597456908212,1.0,1.0,0.5,1.0,0.8,45,1440.1587954754525,22208.65182241906
10,26,1.9778209858800269,2.461951377589067,2.421806473186531,2.0186304773244803,1.8739582016881002,0.1267130744420623,1.0,1.0,0.5,1.0,0.8,47,1408.7764237605877,22309.24499686132
10,27,1.9891524060272006,2.4805685533479442,2.4520312918233156,2.0347797226916153,1.9073914922480193,0.15780500288435634,1.0,1.0,0.5,1.0,0.8,49,1362.6956398422235,11835.778634584223
10,28,1.9899787019931972,2.4812576193169917,2.4526759100342046,2.03787656046244,1.8815347780821903,0.15970184200378482,1.0,1.0,0.5,1.0,0.8,50,1368.3144723241828,11829.265906300709
10,29,1.9794188157515813,2.4600205333607326,2.4278934694029006,2.0422309456958305,2.0239504589317407,0.15863192360982886,1.0,1.0,0.5,1.0,0.8,51,1312.064686749596,7684.871781936677
10,30,1.9794188152035568,2.4600205333023535,2.4278934693445215,2.0422309456360876,1.879316659291443,0.15863192349307087,1.0,1.0,0.5,1.0,0.8,52,1312.06467516168,7684.871649779394
10,31,1.9756220288717519,2.451064277039439,2.4173219294483657,2.050881060962544,1.9457430986898068,0.15958366620399994,1.0,1.0,0.5,1.0,0.8,53,1304.1553844874825,7593.89501504797
10,32,1.9756220284874857,2.4510642769825672,2.417321929391494,2.05651914352919,1.8797919614393135,0.15958366609025693,1.0,1.0,0.5,1.0,0.8,54,1304.155374347698,7593.894885805523
10,33,1.9745792711601102,2.4493259369132687,2.4153690522473696,2.057147837349751,1.8881157571252587,0.1586126459548311,1.0,1.0,0.5,1.0,0.8,55,1313.9017685372723,7537.790033167461
10,34,1.9737180856873513,2.4460961272807173,2.411421058809463,2.063433657279732,1.9094722354192386,0.16053987556497198,1.0,1.0,0.5,1.0,0.8,56,1291.9523094398992,7651.808604537798
10,35,1.9683744840148962,2.4629285361817113,2.454185993166158,2.0709291994769874,1.877801212518667,0.1501874139553519,1.0,1.0,0.5,1.0,0.8,57,1452.3927512651694,5872.037571292622
10,36,2.000277201688281,2.491398489482271,2.4816331376464644,2.1118224075639453,1.9511697608916567,0.2190712629105628,1.0,1.0,0.5,1.0,0.8,58,1396.1861922633657,7858.721366964548
10,37,1.9992712824209036,2.4877861794655356,2.4772561495122556,2.1157721497715576,1.9415942779877344,0.2207775017230027,1.0,1.0,0.5,1.0,0.8,59,1423.1829438457048,7699.969487224122
10,38,1.9542552895082137,2.42458492399932,2.408949668254312,2.0820099332832434,2.0876295577941386,0.15399554298120724,1.0,1.0,0.5,1.0,0.8,60,1471.083865490257,6122.57052330877
10,39,1.985573999502397,2.4529626170199954,2.43657734256849,2.114322769020382,1.923832429422011,0.21950979728692022,1.0,1.0,0.5,1.0,0.8,62,1409.2478284092954,7536.849521164813
10,40,1.9851984851923654,2.4523331672892694,2.435880631913835,2.1198772126499463,1.9122594438206406,0.21903631008355823,1.0,1.0,0.5,1.0,0.8,63,1406.856825892357,7532.547016201586
10,41,1.9827778407016254,2.44670220346429,2.4294048176299956,2.1199732755844503,1.943273854018355,0.2176404186960863,1.0,1.0,0.5,1.0,0.8,64,1424.0205914913945,7179.304864943301
10,42,1.9750329593709544,2.438415575016199,2.4311024085221513,2.1402369368452137,1.9686259043183705,0.21388439231558123,1.0,1.0,0.5,1.0,0.8,66,1535.0669468843512,6426.211444164961
10,43,1.9405450985649844,2.4025862059714087,2.4051785413633437,2.1156425355525275,1.9409148917201644,0.1559640430452454,1.0,1.0,0.5,1.0,0.8,68,1338.4906429949406,5881.6736924444
10,44,1.9388187129664416,2.394635700102853,2.3957286848832364,2.122850898901425,1.9093793426903076,0.15757256152680263,1.0,1.0,0.5,1.0,0.8,70,1345.5213943597212,6208.501006678477
10,45,1.9333615665429342,2.3456423760746903,2.3053887649083507,2.1470961074096238,1.8858109788094575,0.15419748787243145,1.0,1.0,0.5,1.0,0.8,81,1186.3660147089054,14515.041302549083
10,46,1.9323436104776555,2.3529596692062227,2.3250407096109935,2.160741201777921,1.890555740250473,0.1541974878724315,1.0,1.0,0.5,1.0,0.8,83,1145.4298542947377,14199.952763892008
10,47,1.9503800031144352,2.3656299385157533,2.3364729739247507,2.1866919263061497,1.9475052121481986,0.1939972028771516,1.0,1.0,0.5,1.0,0.8,84,1258.527292439072,14188.693759016403
10,48,1.9292037242367885,2.3323171608878006,2.2899459411951124,2.162180664984461,1.8848645577602434,0.15227677284654562,1.0,1.0,0.5,1.0,0.8,85,1178.3932660712835,14587.304934028343
10,49,1.9295080726067178,2.3316982046822936,2.2891158560392704,2.1562185416740816,1.8853361807233977,0.1535038308180184,1.0,1.0,0.5,1.0,0.8,86,1090.560506978727,11989.9076675146
10,50,1.9283947402996593,2.3285107008791646,2.285455232419708,2.1658306969781815,1.8859756834785186,0.15265440531482416,1.0,1.0,0.5,1.0,0.8,88,1067.3194136379504,12104.25333755689
10,51,1.9496327799609656,2.347795114018948,2.304295651353515,2.19425280048102,1.91632682428897,0.19640825183021154,1.0,1.0,0.5,1.0,0.8,89,1229.4176447688217,12001.050968678954
10,52,1.9268966324703263,2.323821223241751,2.2800415053272287,2.171989446047337,1.8872836717167563,0.15173376219862847,1.0,1.0,0.5,1.0,0.8,90,1071.4581081288682,11908.780284936774
10,53,1.9268924031205803,2.3192844529737044,2.274483494871327,2.183380169448398,1.8981177513370047,0.1545860417485899,1.0,1.0,0.5,1.0,0.8,92,1126.4872651267106,11824.824238655468
10,54,1.924589597523318,2.319180986003934,2.2853760756352655,2.2106293640206607,1.9185700767605216,0.15537925184688678,1.0,1.0,0.5,1.0,0.8,94,1205.4803828083204,12954.515513092225
10,55,1.9220817926035534,2.3116219245022767,2.276705920768298,2.216166531977832,1.8992779764381316,0.1532370146869615,1.0,1.0,0.5,1.0,0.8,96,1235.1267197666384,13108.300704294084
10,56,1.9213653782979758,2.3085142348336873,2.2730753882077845,2.2230355182614465,1.8872274175086254,0.15312781388917135,1.0,1.0,0.5,1.0,0.8,98,1235.084719145342,13064.236798803602
10,57,1.9196931317122887,2.3049992580755427,2.269158713098912,2.2217355417612916,1.8917923834220491,0.15078913428711604,1.0,1.0,0.5,1.0,0.8,99,1271.0724395350912,12687.859192246313
10,58,1.9198422110219537,2.304576297418051,2.2686113671044934,2.2290923042052873,1.8807624133367773,0.15139572985170088,1.0,1.0,0.5,1.0,0.8,100,1243.5809688850743,12725.271893826935
10,59,1.9181605380780329,2.290210513636241,2.2409238456965292,2.231030475583119,1.8787738458068042,0.1488245110220643,1.0,1.0,0.5,1.0,0.8,103,1078.3538216913153,12848.229631834614
10,60,1.9185693907715369,2.2862669087633365,2.236038977947648,2.2356178662075132,1.9143604833068542,0.15192965359366212,1.0,1.0,0.5,1.0,0.8,104,1198.3098577388937,13447.233959914618
10,61,1.9181701245405869,2.2844080683372816,2.2338656486734747,2.242504548634111,1.882372744997925,0.151884638420328,1.0,1.0,0.5,1.0,0.8,106,1228.720172217239,12887.70421521797
10,62,1.910901766022174,2.2535604406674956,2.198026201940114,2.2416576483489257,2.0777599325451166,0.1484859839160042,1.0,1.0,0.5,1.0,0.8,107,1197.7074973786318,14841.590935361408
10,63,1.8819295196734092,2.338961211619316,2.4245912671764698,2.2722620409426053,1.8501561528936383,0.0942992262226518,1.0,1.0,0.5,1.0,0.8,132,1285.9855852533467,30442.613433755207
10,64,1.87907686453196,2.3407929783129653,2.4703036060798356,2.397134582808409,1.8847090566595925,0.10317445035344538,1.0,1.0,0.5,1.0,0.8,142,1300.9484856138104,55207.08423779606
10,65,1.8765071682875136,2.340617672635573,2.4813845910087333,2.4104814173974685,1.8859779089491626,0.10078559673898475,1.0,1.0,0.5,1.0,0.8,144,1352.6117064873863,46869.87174969306
10,66,1.8763461896509874,2.338245101130049,2.4785760616707195,2.4219722533529637,1.8564948116737336,0.10113144332772228,1.0,1.0,0.5,1.0,0.8,147,1342.389019660237,46530.4682839577
10,67,1.875746125777675,2.3348335117169166,2.4746115442760512,2.4291912443658843,1.8616360033438941,0.10076594665482683,1.0,1.0,0.5,1.0,0.8,149,1349.2524865169908,47033.27087106968
10,68,1.8753365682951113,2.3510174269386157,2.515656000231144,2.440793230708344,1.8974198977215553,0.10163727525159168,1.0,1.0,0.5,1.0,0.8,150,1232.7680850718702,48334.6622169061
10,69,1.8743191453671337,2.3157459782082466,2.452075482633191,2.435745980099347,1.8984382525357433,0.10286334622776154,1.0,1.0,0.5,1.0,0.8,152,1245.6752658457203,49721.37501850864
10,70,1.8734229491013854,2.3119172401483983,2.4585166895095183,2.4473546434444557,1.9636992307862076,0.10468620979801065,1.0,1.0,0.5,1.0,0.8,153,1240.0185984468349,57934.7556989497
10,71,1.869205315116414,2.2657720810493336,2.3826387104252085,2.4546865856652893,1.9264801330206522,0.1007952892909169,1.0,1.0,0.5,1.0,0.8,155,1233.5149234429148,51388.13390481493
10,72,1.869184468365755,2.276765972049875,2.406597022843492,2.458884488597227,1.8511313791081958,0.10079528929091697,1.0,1.0,0.5,1.0,0.8,157,1236.161330388452,51400.28792090497
10,73,1.8631623133656228,2.2608729246656933,2.3888323645183047,2.4761634708124376,1.8836044090722177,0.09086704328111343,1.0,1.0,0.5,1.0,0.8,159,2716.220411190975,47950.71652081631
10,74,1.86315788852328,2.2720304289729376,2.412982537658827,2.4960160809805627,1.8455969052526335,0.09086704328111356,1.0,1.0,0.5,1.0,0.8,161,2708.936254753485,47929.27608528753
10,75,1.864157855486088,2.2859900112572333,2.4620574887088402,2.5051517645320542,1.874888357804676,0.09694374592249572,1.0,1.0,0.5,1.0,0.8,167,1235.6096248136316,48653.917412749695
10,76,1.8650980070071244,2.29416739953753,2.4824932218362283,2.533914690559337,1.8649116127401622,0.09955671436798949,1.0,1.0,0.5,1.0,0.8,169,1348.1114816279728,51666.31168236321
10,77,1.865452163284727,2.280089926892291,2.454812538009259,2.5259913289058504,1.8627035267339955,0.10084977077690085,1.0,1.0,0.5,1.0,0.8,171,1339.2318389324562,51942.748053054114
10,78,1.864765579347248,2.2844542467721354,2.471030367120669,2.5492560949847736,1.8736853446785666,0.10056412087179552,1.0,1.0,0.5,1.0,0.8,173,1338.4559920813676,51509.03299692814
10,79,1.8649055620707387,2.283372646558397,2.469721501411798,2.565597735578967,1.8551740416475309,0.10105566174680616,1.0,1.0,0.5,1.0,0.8,175,1348.3833277222427,51146.14778445404
10,80,1.8631184838635297,2.2843243667227298,2.4821013236098706,2.551781833958521,1.8708231892533915,0.09891202350048012,1.0,1.0,0.5,1.0,0.8,178,1241.488703518961,49760.59108435125
10,81,1.8622865245352027,2.2922072299972793,2.5025236206821218,2.5786716113354684,1.8551051427820267,0.09765683720871297,1.0,1.0,0.5,1.0,0.8,181,1241.751641816023,49112.2343498663
10,82,1.8612712641081388,2.2961287171266185,2.5182861354176955,2.5898951871845868,1.8719743705342091,0.09663220959481375,1.0,1.0,0.5,1.0,0.8,183,1227.4595885395595,49164.16358640449
10,83,1.8612940062110326,2.281164602555018,2.489623096081049,2.592726573038618,1.8628679152137544,0.09726906610711053,1.0,1.0,0.5,1.0,0.8,185,1266.867961008324,49576.706960224
10,84,1.860375153374565,2.2765043069083353,2.484272874258889,2.5996158960921125,1.8620807710636567,0.09600536163889994,1.0,1.0,0.5,1.0,0.8,187,1253.1185470482692,48250.93694905691
10,85,1.8608522324480974,2.2762957376027924,2.483937885094818,2.640411091791445,1.8492806299103026,0.09706501690795796,1.0,1.0,0.5,1.0,0.8,194,1274.0273939498252,49752.72872791114
10,86,1.8602310497782515,2.273298048341866,2.480502514072601,2.643702001581132,1.857027811349408,0.0961808018314386,1.0,1.0,0.5,1.0,0.8,196,1270.4558394724947,49573.32937380108
11,0,0.9479124776397997,0.9880552028219449,0.9370358909469955,0.011670124676483594,0.0,0.0,0.0,0.0,0.5,1.0,0.8,1,1594.1202572244688,7447.518020471225
11,1,0.9541408103471812,1.007832218638446,0.9560894994062765,0.0386808849276184,0.0387584518195638,0.04763842942806326,9.836315272015e-05,0.00010433135660194,0.5,1.0,0.8,3,1581.351922312843,7112.236651167639
11,2,0.9217656940303659,1.0081620050250006,0.9545934685121229,0.0510057913608179,0.10943392713685897,0.034426236360832155,0.01449090885411963,0.00410935365430019,0.5,1.0,0.8,4,1479.0671787135002,7243.502654430772
11,3,0.8607895784674003,1.1400482248792698,1.0866850981174951,0.2421910609799205,0.7619858772084998,0.05840500879488052,0.10883419048372797,0.11543772666723182,0.5,1.0,0.8,5,672.148991959103,6258.860415249133
11,4,0.69676520046426,1.0551683140037544,0.9928095651302598,0.20962856501357435,0.38025618094260455,0.07628838735027345,0.08522596353488758,0.09332939771587208,0.5,1.0,0.8,7,587.2918940694009,8454.806955516327
11,5,0.7198220694464681,1.1027841751179164,1.0511564253134522,0.2643617826129362,0.29030079511687623,0.08756204184205296,0.07867975926983078,0.15654699797856997,0.5,1.0,0.8,9,779.6410640237222,3943.817064781512
11,6,0.5425153400416213,0.9381687747647426,0.8845037958371839,0.12210592306790882,0.13652070543427539,0.08117765517137598,0.02127513368164307,0.04139364775065588,0.5,1.0,0.8,11,680.9375057650906,2672.2040780504717
11,7,0.47764545619444926,0.9014720635939822,0.8422919550037059,0.12087403724801563,0.20296236895726283,0.08456215928048373,0.01980745879785971,0.03549655261077299,0.5,1.0,0.8,13,773.416488488858,3215.931495577045
11,8,0.47592333099846046,0.9228860877504536,0.8895366736173859,0.12014258620393743,0.09740109952659247,0.08456215928048379,0.019807458797860188,0.035496552610773655,0.5,1.0,0.8,14,732.7921917939135,3330.1892671335445
11,9,0.5651689594794909,0.9850264235146586,0.9110827254903022,0.22350338086646507,0.26048584070854924,0.0753792649040716,0.08492960531539176,0.09114922930509864,0.5,1.0,0.8,15,636.6334115305863,5390.0281675922215
11,10,0.5064157833156993,0.9367197298737796,0.8598154659397903,0.1973177834100367,0.22496798038022744,0.07814081861147916,0.06938848889141155,0.070075167995901,0.5,1.0,0.8,17,851.9340343496588,7069.618665881288
11,11,1.5798953922414736,2.019057394396185,1.9389856238447554,1.2989199912192397,1.394507303841256,0.2053076010850922,0.3626987226820217,1.0,0.5,1.0,0.8,18,627.4293184772005,47562.53098732099
11,12,1.4931545252437752,1.940435986919166,1.8563548791749243,1.2482872009839774,1.291859200512505,0.21056092987270567,0.3048617147122785,1.0,0.5,1.0,0.8,20,605.4024863590231,49390.38200016271
11,13,0.3825967763415823,0.8436751701956847,0.7708044558665017,0.17287470630672339,0.130870697089439,0.04951217419578925,0.05395851930149832,0.04239570376872826,0.5,1.0,0.8,24,543.1205893418369,10271.718242655374
11,14,0.9900524687372774,1.464418687740689,1.4026782305822532,0.7961800804099967,0.8093580504505481,0.1056886919025239,0.1896107039500239,0.6132943669655905,0.5,1.0,0.8,25,1071.3535542447246,3869992.941665076
11,15,0.5337575999661656,0.9988018995615767,0.9214513460152605,0.3562988230236257,0.40035377477268785,0.08534166304386652,0.06557122790719142,0.23209267063451683,0.5,1.0,0.8,26,633.8941476988996,26464.90021971913
11,16,0.5345017954479481,0.9995507099582565,0.9221940648794966,0.3616490155881168,0.2949612600744477,0.08959238389143913,0.06428147763935763,0.23202904919353418,0.5,1.0,0.8,27,632.1862403119899,26489.486300143188
11,17,1.18742594659185,1.650772638318094,1.5643794627256296,1.062065546510666,1.3674748380403514,0.10449463740482404,0.14644123742093848,1.0,0.5,1.0,0.8,28,641.879047698956,155778.7618623991
11,18,1.186859790893752,1.6613044114837168,1.5877965756784462,1.0696644601391005,1.000997493731743,0.10449463740482397,0.1464412374209386,1.0,0.5,1.0,0.8,30,649.2224304520522,155649.475532883
11,19,0.7088291251862671,1.1832139715304943,1.1096635810426403,0.6198424483333107,0.5211551905225558,0.10060956018208007,0.11876150196929292,0.4397255211481452,0.5,1.0,0.8,35,1166.095828818201,322624.2541850255
11,20,0.6577756500004164,1.1314802098145353,1.0571738902668733,0.580350160343539,0.4889423050563162,0.10003828527637412,0.10689575563584881,0.3957652237174647,0.5,1.0,0.8,37,1127.202178650296,322355.4438068168
11,21,0.7565027110054108,1.239546938700717,1.1764794874741997,0.6959651025012411,0.6166013574110802,0.09812326114855487,0.11925731588251612,0.515446187131114,0.5,1.0,0.8,39,1152.5400773160943,376587.9482567275
11,22,0.6365214755440008,1.1081257437549143,1.0318421184684026,0.5685164327409782,0.46619848344219994,0.09847851856974445,0.10537791612571996,0.38387628770584736,0.5,1.0,0.8,41,1256.1580795642178,361918.66553262086
11,23,0.6316060596986537,1.1019054987407613,1.0245843534575545,0.5739696906050948,0.48270923856840203,0.09812227991080533,0.10539038090172823,0.3838809351267403,0.5,1.0,0.8,43,1219.306413777992,361597.2595590004
11,24,0.6294157124860632,1.0981159942832504,1.0196532166882792,0.5793089336077828,0.5108243939127833,0.0980098812269118,0.10732460043410663,0.3851293533175334,0.5,1.0,0.8,44,1132.5004276603954,361305.7267668289
11,25,0.6790581711250594,1.1569770611514032,1.0902119487585713,0.6455450742982267,0.5462635297848204,0.0983080336589236,0.1145591335884508,0.4449800148453275,0.5,1.0,0.8,46,1126.6595279331962,384584.9622242687
11,26,0.7062594034295625,1.1945483625491957,1.1401620407108486,0.6971994876803789,0.563252339136,0.1007037197555671,0.16200502763472735,0.42167229482341845,0.5,1.0,0.8,48,1163.8737145436617,17102721.68370723
11,27,0.6514501027582396,1.1375675454688179,1.0819558158233198,0.6525312420389539,0.5246297997293241,0.10005868070609687,0.14611410022779028,0.37965689156650073,0.5,1.0,0.8,50,1123.9870173268716,17103007.860682648
11,28,0.6911082044157562,1.196924029682806,1.165917447059358,0.7058902141372392,0.6008953317460515,0.10948377471719697,0.15279749134258724,0.42178663159481244,0.5,1.0,0.8,51,762.306487318625,17119586.58858426
11,29,0.7914678444605721,1.27880052947778,1.2313573263703914,0.8049651436780988,0.7979399464897865,0.11149810159197937,0.16988997042194504,0.5405919644729573,0.5,1.0,0.8,52,1211.1591782536966,5261091.01627739
11,30,0.6810391640862774,1.1634020160283125,1.1138591960998565,0.7154595203446938,0.5978290862319271,0.10185244538183096,0.21069155374428944,0.36669523525350034,0.5,1.0,0.8,54,1220.8644154498909,83615208.59166361
11,31,0.666648240389178,1.1528872555137717,1.1135139129115474,0.7178168158617939,0.665171748036429,0.10276183255141061,0.2058939345793621,0.3656403750887399,0.5,1.0,0.8,55,1185.1719224929243,83613919.92197384
11,32,0.6647333489891032,1.1491921820651965,1.1091669571023914,0.7242100318105537,0.5631902327425831,0.10261457826373199,0.2060171081213292,0.3657173367577944,0.5,1.0,0.8,57,1218.7942781408012,83609298.04632679
11,33,0.6641092468666167,1.1332042192130785,1.0787010786466567,0.721378077814121,0.6139872309058955,0.1045231033874688,0.2079396930863951,0.3669242953850174,0.5,1.0,0.8,58,964.3726240034764,83615563.28465873
11,34,0.6607924005012469,1.1274022073432386,1.0720438847775187,0.7233843433657171,0.5878048092580916,0.10384947096573276,0.2081876144750491,0.3660241825423776,0.5,1.0,0.8,59,972.2135584773284,83610994.03797017
11,35,0.5521951687689932,1.0161736177017484,0.9599296795392267,0.6201281089471431,0.48300823704324536,0.10380007258745765,0.1367787771805447,0.3227447586165539,0.5,1.0,0.8,60,984.4235874866464,16793698.777908858
11,36,1.4745731165562992,1.9745072925051872,1.9674143961355726,1.5827962957537514,1.4933136103943787,0.09697553971190198,1.0,0.410690030156095,0.5,1.0,0.8,61,1130.503924478109,17163981.758465976
11,37,1.474869672200755,1.974321852566168,1.9670788533736598,1.5902726567370753,1.380790946147585,0.09718757766234169,1.0,0.4114209497171254,0.5,1.0,0.8,63,1140.6865666694289,17174824.089557577
11,38,1.429594006250126,1.885772934317371,1.8563808252115646,1.5614502120139246,1.7272641443462453,0.11013074399424665,1.0,0.3734261875432901,0.5,1.0,0.8,64,926.9816482469312,19547579.13792851
11,39,1.4118597358069485,1.8310385712391066,1.7923740723631991,1.5627825993901239,1.5440221812552357,0.1085177454864618,1.0,0.3736955491677413,0.5,1.0,0.8,66,1035.5646343412986,17172379.401118387
11,40,1.4097515200911768,1.8340892670017035,1.807028911380638,1.578558079587757,1.3802497207897626,0.1085177454864618,1.0,0.3736955491677436,0.5,1.0,0.8,68,1051.2160491320044,17168953.91195851
11,41,1.358704498532629,1.7563193166742368,1.7126936412121425,1.5246295113481712,1.4521816573243553,0.10690446767740018,1.0,0.3175164049417803,0.5,1.0,0.8,69,1026.041027686358,17127792.135511693
11,42,1.3577002107497018,1.7633297280027056,1.731986404795245,1.5408893098365701,1.3219721605658494,0.10690446767740018,1.0,0.3175164049417797,0.5,1.0,0.8,71,1057.411664614679,17122855.85911023
11,43,1.3604924269564265,1.7392592812505074,1.6809158654161322,1.5147954041971272,1.3523802256079076,0.10646874280720624,1.0,0.3230031946091903,0.5,1.0,0.8,72,1052.0229165633814,17125809.092684265
11,44,1.3562605453857945,1.7525889721118615,1.7191621824785062,1.5623221610555826,1.3179073190952733,0.10783883209666374,1.0,0.31871315951713225,0.5,1.0,0.8,77,1873.3523301662092,17125987.8408131
11,45,1.3526205568171017,1.740152918447242,1.7047961354202845,1.5669736933427452,1.3467739397132192,0.10774232624587284,1.0,0.31731526640125646,0.5,1.0,0.8,79,1791.3569363396405,17125184.66658543
11,46,1.4279059761031903,1.8193635528349004,1.7954224058847434,1.6362435017161472,1.4503121964115369,0.09658879117988328,1.0,0.4208632705047757,0.5,1.0,0.8,80,1440.153940295835,5206200.73206474
11,47,1.4263521542995388,1.822793619472702,1.8105215953847382,1.6630686139086786,1.4116620850245396,0.09658879117988328,1.0,0.4208632705047748,0.5,1.0,0.8,82,1374.543763011066,5210753.572491505
11,48,1.4316255290794482,1.836565690974448,1.8367056918277358,1.6790426426466742,1.4167167277814956,0.10224500375360143,1.0,0.4248330679107254,0.5,1.0,0.8,83,3410.585436256584,5210149.575754503
11,49,1.457477868171669,1.8714786979928637,1.8841731008296114,1.7046516201341277,1.433770697670049,0.09803919634405957,1.0,0.4603537586738516,0.5,1.0,0.8,84,3349.2648347400805,5205266.2657558825
11,50,1.4270796877122518,1.8208527919568867,1.818633323175544,1.6829079907406705,1.4681307263204506,0.10082915834941467,1.0,0.42329855850639175,0.5,1.0,0.8,85,3393.3655280098915,5209847.463759988
11,51,1.4197605079694553,1.771288141060206,1.7496648387830853,1.6751616907407134,1.5181302556100273,0.09860095051615045,1.0,0.42347852454264273,0.5,1.0,0.8,87,3159.8040973118527,5206056.506999488
11,52,1.4195113353177446,1.7672817612217382,1.7448968524761002,1.682201749939464,1.4040545264047934,0.09889169285264916,1.0,0.4238479697278953,0.5,1.0,0.8,89,3118.751830848315,5205347.410529341
11,53,1.465432688527343,1.8295912194841195,1.8319925238679553,1.7280514250060137,1.4602909632762922,0.0949969371994238,1.0,0.4850248047541812,0.5,1.0,0.8,91,1532.809042820418,5213503.859273693
11,54,1.4355486344019273,1.7872721023508518,1.77642539777355,1.7053910407880268,1.4159473652013588,0.08700575780032267,1.0,0.45293228802946855,0.5,1.0,0.8,92,1566.0109427340035,5211670.025420465
11,55,1.425806341179119,1.753070431878468,1.7481627434193476,1.697693217582235,1.6896626918500737,0.08818944318780415,1.0,0.4469769990654201,0.5,1.0,0.8,93,1543.2502394003682,5213216.779378878
11,56,1.4002976369735143,1.7074450250896207,1.6878015786702045,1.6897915753073551,1.4128044033569647,0.08937782405520908,1.0,0.4158734376248928,0.5,1.0,0.8,95,1512.2149212203483,5215512.339547252
11,57,1.422885873650205,1.7256861234772074,1.705200016416933,1.719915910119133,1.4349418311499107,0.0971335675129803,1.0,0.4399772882510174,0.5,1.0,0.8,96,3203.29747838801,5210376.071584813
11,58,1.4008949079796438,1.6976251513222027,1.686814750723208,1.7158637125267155,1.4485259812268758,0.09282542265159832,1.0,0.41785646640098684,0.5,1.0,0.8,98,3388.109450522368,5214551.187381242
11,59,1.3900058059563865,1.684124571712585,1.6728150491011236,1.7052192122942884,1.3903145167868474,0.08874528555457063,1.0,0.4071740873090219,0.5,1.0,0.8,99,3278.8874463340208,5209570.816560088
11,60,1.3860216093766897,1.651631131754188,1.6349130940238976,1.715730870570557,1.590130221717881,0.08932772583360755,1.0,0.4056698876664508,0.5,1.0,0.8,100,3157.4241816049007,5209710.261254503
11,61,1.395035659622796,1.6464736532335382,1.627095876425005,1.7137812711636338,1.4339056539151216,0.08988823471257297,1.0,0.4182859873938993,0.5,1.0,0.8,102,3162.845988148419,5215330.630390702
11,62,1.391503717061421,1.6410155044743462,1.6212778971962236,1.7211273507324045,1.3907637989422845,0.08967364791637844,1.0,0.4142238648218105,0.5,1.0,0.8,103,3157.94337796042,5214056.167164346
11,63,1.393689858383765,1.6347333428882587,1.6134162024428562,1.7304868878205233,1.4435980828880342,0.0894157245299845,1.0,0.4180620168756538,0.5,1.0,0.8,104,3094.2661616407004,5214972.040492254
11,64,1.39362438988189,1.6002842790700889,1.539822130125532,1.669840291168023,1.3848688259330735,0.08941572452998474,1.0,0.4180620168756475,0.5,1.0,0.8,105,3095.015655186676,5210913.089538195
11,65,1.393268397766645,1.6405560618011943,1.631317713326357,1.7480889149463656,1.4105827859857372,0.08941572452998443,1.0,0.41806201687565103,0.5,1.0,0.8,106,3093.2681608339367,5212698.420471912
11,66,1.3867393954558058,1.5933645069063527,1.576628967185302,1.7296665098148125,1.528641405852791,0.08926568736465826,1.0,0.41388832995056807,0.5,1.0,0.8,108,3330.7004460768426,5269311.265202606
11,67,1.4160530711536166,1.6251611681644396,1.6198321789869903,1.773363235601195,1.4381538468195436,0.0890321104216816,1.0,0.4514107837904196,0.5,1.0,0.8,110,3141.6135143916435,5272707.8591283085
11,68,1.3860244910231998,1.579901341308859,1.5608369744305657,1.7432031003570923,1.390864073763725,0.0884089861593426,1.0,0.41459277202445727,0.5,1.0,0.8,112,3279.3358489080592,5269950.98853896
11,69,1.4158444800685814,1.5687277447214774,1.5093176972969915,1.708115341620021,1.46101608588936,0.08966217961251476,1.0,0.4516694387871823,0.5,1.0,0.8,113,3353.1583522503047,5279933.812161548
11,70,1.3859486661002325,1.5541625387012425,1.5194674520873015,1.746262985478758,1.4290764430279428,0.0891122138242085,1.0,0.415183037588678,0.5,1.0,0.8,114,3327.72656375992,5280792.8878641
11,71,1.3850703361476657,1.54531099917175,1.5091701090879894,1.7523423137247387,1.4057734587664024,0.08864483918188135,1.0,0.4149635241634025,0.5,1.0,0.8,116,3259.266537444285,5280433.89128164
11,72,1.3787545141035726,1.5601308701002676,1.5497604386786525,1.7717947920625186,1.372399924018226,0.08771934472717918,1.0,0.4077386461801279,0.5,1.0,0.8,120,3205.0235356284597,5267875.547974998
11,73,1.359406274830911,1.5292526145147554,1.5058227487439029,1.756125119642161,1.3531244681481662,0.08800492768473968,1.0,0.38339817704120505,0.5,1.0,0.8,121,3249.081436756963,5273937.6771456525
11,74,1.3792805651319588,1.5489682035334873,1.5364848075029118,1.782912043514,1.4550095545016164,0.08905044899338951,1.0,0.4083776027050473,0.5,1.0,0.8,122,3221.107788817165,5273415.397024152
11,75,1.3849005906869805,1.5317821324977057,1.5042067096401188,1.7878221179200293,1.4200993588033883,0.08956279749733784,1.0,0.41584439603346307,0.5,1.0,0.8,124,3274.5500688878697,5281838.6361514665
11,76,1.3804167642302465,1.5206421933594834,1.4918696341749988,1.794017672113341,1.3977219201559439,0.08906696519078149,1.0,0.41096737786192356,0.5,1.0,0.8,126,3244.082082560781,5280840.835815891
11,77,1.3787667610433387,1.53016232770173,1.5143843563088324,1.803725563947364,1.3717850112116934,0.08881855466099725,1.0,0.4090622448033683,0.5,1.0,0.8,128,3239.847214717115,5280663.812545579
11,78,1.9683029505075011,2.14705598446191,2.1691560925697537,2.4497168734701145,1.9672264142386988,0.32299920610285027,1.0,1.0,0.5,1.0,0.8,136,3196.666677257444,5196931.261493864
11,79,1.9676096179022797,2.13651977860141,2.1568554079668054,2.4485356733013175,1.9972476861085624,0.32253318085716615,1.0,1.0,0.5,1.0,0.8,138,3158.747459034676,5196186.597263126
11,80,1.9671866360460328,2.1268005808673687,2.1454731086319656,2.455182627436116,1.9951715307802877,0.32251706970951866,1.0,1.0,0.5,1.0,0.8,140,3166.654083872846,5202196.588518609
11,81,1.9659060467647165,2.1229095766116854,2.1411156334800703,2.461315404870091,1.979122981758338,0.3201823414261169,1.0,1.0,0.5,1.0,0.8,141,3179.7614134514524,5205794.60373487
11,82,1.9658873642262187,2.1170426719601165,2.13420462370941,2.460983218537212,2.0028941977447987,0.3206417411449612,1.0,1.0,0.5,1.0,0.8,142,3182.4404825034103,5203227.583221254
11,83,1.3875403698895261,1.5709079120640599,1.6268216166248046,1.9632344293232964,1.3829577935166282,0.08960038524127312,1.0,0.4215401775790779,0.5,1.0,0.8,153,3252.7596131216574,5269073.9431008
11,84,1.385753807695866,1.5474322492753159,1.5994849118729635,1.9564095386658675,1.4598483223596093,0.08953707658358352,1.0,0.4204173240071564,0.5,1.0,0.8,155,3198.138805356507,5235010.956917767
11,85,1.385870841633737,1.5497110049898244,1.613158736280134,1.9795419739819533,1.4142775503186473,0.08892271718289027,1.0,0.4213619137891714,0.5,1.0,0.8,157,3214.3417912544446,5234530.125662112
11,86,1.3859412206926605,1.5484705212062935,1.611685835081626,1.9872337042845405,1.3864125151308175,0.08914578463734502,1.0,0.4213690380281786,0.5,1.0,0.8,159,3213.387941880753,5235011.995796753
11,87,1.3852255554059267,1.5646781808437518,1.6529219192827502,1.9948249478155784,1.4209100147269413,0.08868956551924716,1.0,0.4210015497753871,0.5,1.0,0.8,160,3227.8740315383584,5235988.840499097
11,88,1.360384364501706,1.511541735485801,1.5727419147034516,1.9777146979905016,1.399030977893146,0.08948848787715276,1.0,0.3897027154476168,0.5,1.0,0.8,161,3211.8781701291955,5235756.740560631
11,89,1.3604282757572708,1.5211905176949034,1.595108163083816,2.0054148583909717,1.3623229589590267,0.08909526980091827,1.0,0.39006991449596484,0.5,1.0,0.8,163,3222.359890044684,5237139.738994184
11,90,1.3607324315561544,1.5183210268787088,1.591676973543851,2.00946731526431,1.3684604635526552,0.08909786596575746,1.0,0.3905804161329,0.5,1.0,0.8,165,3226.987839251023,5235757.328385701
11,91,1.3606851815489476,1.5135570204490187,1.5860788960364045,2.0170147195465393,1.374127979896678,0.08928604302234014,1.0,0.3905961742657618,0.5,1.0,0.8,167,3225.246383088636,5232508.60486632
11,92,1.3376563438119107,1.4725255386915996,1.5418689212185739,1.9891130321882005,1.4642731105139704,0.08886989787027078,1.0,0.36276630090603784,0.5,1.0,0.8,168,3614.2365990158055,5234342.971552664
11,93,1.3321014261982056,1.4773899493943856,1.5595955419338041,2.0115137417852846,1.3302447494972869,0.08831544725422188,1.0,0.35619820516637396,0.5,1.0,0.8,173,6012.050300007582,5234422.202789898
11,94,1.3370920372605606,1.4932818406263912,1.5884345117646235,2.0165959815997434,1.3362918409008229,0.08854614442268807,1.0,0.36230346108406153,0.5,1.0,0.8,174,6180.30857434988,5235663.368184437
11,95,1.3368634165823106,1.4697725270646573,1.5387703123769234,2.019535436828522,1.335189853928407,0.08864629280128349,1.0,0.3619878024701167,0.5,1.0,0.8,179,3515.380873088196,5242033.507427296
11,96,1.3367859550290417,1.4782265651034696,1.559753799362875,2.0350503103112896,1.3434610915269827,0.08864629280128346,1.0,0.36198780247011775,0.5,1.0,0.8,181,3524.969087719221,5243085.474567154
11,97,1.3365947459937444,1.4769450115658886,1.5582800939421275,2.0426759612761325,1.3376809124097448,0.08843180724977316,1.0,0.3619222527307184,0.5,1.0,0.8,183,6165.686937585022,5242610.327336657
11,98,1.3374586955637975,1.4958605415243902,1.60242941214338,2.1112136088974105,1.3375863757663866,0.08809172992112257,1.0,0.36337021699992583,0.5,1.0,0.8,194,6087.542760087578,5235496.595368184
11,99,1.3358189920679644,1.4812282464684048,1.585510974026403,2.124575133818206,1.364559393366668,0.08790200630417097,1.0,0.3618845892171172,0.5,1.0,0.8,197,6168.9960428159375,5234536.967848124
11,100,1.3363630395142632,1.4688167546479654,1.5597911140522744,2.1161078334904886,1.3402925842406685,0.08740617855578905,1.0,0.3629321368401861,0.5,1.0,0.8,199,6165.084996108472,5235202.778415684
12,0,0.8836262484414701,0.97237807325243,0.9186738224679404,0.01023079352208939,0.0,0.0,0.0,0.0,0.5,1.0,0.8,1,2551.7963512014067,8255.198064372069
12,1,0.9008474843317313,1.0017493151666648,0.9473348272697478,0.046767751604867736,0.048029559677392766,0.06669854473793489,9.620781181176e-05,9.14958022705e-05,0.5,1.0,0.8,3,2507.6608697246384,8386.102500889901
12,2,0.9001858321908743,1.1081641979557622,1.0465535388555136,0.20456878244571297,0.4758831140803102,0.1445757930111493,0.03944502497231627,0.08777502872104063,0.5,1.0,0.8,4,2086.108972204232,42540.36484392266
12,3,0.7205873511395042,1.07218778338501,1.0104616153617512,0.21861495224020172,0.7465308517471769,0.08232038590538168,0.09665909799690162,0.09192498562662989,0.5,1.0,0.8,5,1711.0437220441822,5606.264866714444
12,4,0.6193844634206424,1.0200878545043224,0.9504498734343055,0.21307265407437775,0.3663986962620112,0.09496450647530814,0.07677360671790597,0.10150263727187467,0.5,1.0,0.8,7,1332.1504836781216,7174.364424400463
12,5,0.5892625057587609,1.0108065265134987,0.9521498579360325,0.22596537695554814,0.2792537391588127,0.11366401217060591,0.06805206198610382,0.08985001092358187,0.5,1.0,0.8,8,1727.4502227881578,38937.94775701349
12,6,0.5366207042998326,0.9605937608787493,0.9013851099485276,0.1875628138139995,0.16102579933931957,0.11288244747868796,0.04539255436985863,0.059925701675062656,0.5,1.0,0.8,10,1669.2312005746558,38605.81588751462
12,7,0.9822444587780254,1.3969428086853242,1.3245816775621115,0.6193558839401008,0.6095458154564347,0.04629166627693586,0.3972797682104544,0.22223530636052452,0.5,1.0,0.8,11,4641.890005584062,4818.501759511902
12,8,0.5219539743048632,0.9608387674246098,0.8977329418405073,0.2142075403356019,0.3202922020941866,0.10769141487214547,0.03717385936452401,0.10219527362999511,0.5,1.0,0.8,12,1884.0000894130349,38954.98454670135
12,9,0.5207530647219176,0.9488526869390226,0.8726203972083387,0.21145043196639696,0.17785811504116844,0.10759518891350114,0.03717444076903077,0.10219581796040558,0.5,1.0,0.8,13,1888.62345404737,38949.09620735694
12,10,0.8892099366690364,1.338603335549515,1.2530965161781784,0.6478805932744177,0.9948403175087515,0.048595825236456405,0.4733296504734983,0.14875886971537483,0.5,1.0,0.8,14,4869.539380157772,4432.93995366234
12,11,0.49067922951863674,0.9420403118870322,0.8549020187541725,0.2712204876999566,0.2961705909375012,0.06778982195559237,0.12720896720091923,0.08561782150853647,0.5,1.0,0.8,15,4369.336946567224,38293.39781777503
12,12,0.7864432614569249,1.2614799757250212,1.1990373316780187,0.5981370230845665,0.5877591449269544,0.07505073450808611,0.28215641998732177,0.2682135071708168,0.5,1.0,0.8,16,5257.373848536941,304015.04080030124
12,13,0.65406474520625,1.1185732165961793,1.04218701176932,0.4710022848417271,0.42721524419414464,0.07348823429098944,0.2123447309794743,0.1987097105386848,0.5,1.0,0.8,18,5268.515896993198,299813.22593438666
12,14,0.5285732629372055,1.0053728833116322,0.9397552656938393,0.35843671334954685,0.3878790588295644,0.06443786298201912,0.17362904531815773,0.11354575494541139,0.5,1.0,0.8,19,4305.896869194008,37605.78848271826
12,15,0.6412009635159095,1.1070623458740592,1.0277416290990682,0.485497938844957,0.4430063656911377,0.07660523243525556,0.21341495793917722,0.2024538975433141,0.5,1.0,0.8,20,5591.218583624337,304033.1273163674
12,16,0.598399406359014,1.0753067774270493,1.0065504940922037,0.44499737119613125,0.48329443266582106,0.06531898047350963,0.23171757714249902,0.15071104161131044,0.5,1.0,0.8,21,27354.894928788457,38035.232403461065
12,17,0.5547555250972266,1.019074485553786,0.9340207835973197,0.43377081162279063,0.49371309271693486,0.07470453912864794,0.19111801011686044,0.163372891803493,0.5,1.0,0.8,22,25290.744946000294,298755.2072142939
12,18,0.5532816967746428,1.0286013276673729,0.9562609451907667,0.4416782330775919,0.3649850947866601,0.07470453912864791,0.19111801011686086,0.16337289180349296,0.5,1.0,0.8,24,25413.67110726265,298275.0005891729
12,19,0.556842976730783,1.0207471506479096,0.9351085046296309,0.45213417883763707,0.37640537274880337,0.07362375887112955,0.19500104420200498,0.16555547763165737,0.5,1.0,0.8,25,25658.092451817083,298700.03899904486
12,20,0.430009870219024,0.9022101830453914,0.8264569193696215,0.32155950996000954,0.37973477669944616,0.0709480230348741,0.14429954059979838,0.0911655093208201,0.5,1.0,0.8,26,4439.024453350082,38926.09457457802
12,21,0.41673094321321047,0.8769733053381777,0.7875729003771869,0.31162080429524647,0.25564307194856634,0.0727892665059305,0.13189915325087317,0.09269403813418145,0.5,1.0,0.8,28,4447.755026183055,38831.75479945942
12,22,0.3911517587669426,0.8609309454199593,0.7832353740540142,0.3013333250563057,0.2755914865246483,0.06855878824914272,0.1274079503393893,0.07635083617999351,0.5,1.0,0.8,29,4430.750583173567,39161.51000625835
12,23,0.3675406517298997,0.8687234667481619,0.8284930252457461,0.3244413467445676,0.23733594996392024,0.06961837385135575,0.11431323659201809,0.07099533971757988,0.5,1.0,0.8,31,4773.165067806507,38666.27672106346
12,24,0.39196213474002284,0.8671674954888714,0.80632133325423,0.361149252628972,0.5704242700276891,0.06703020457519898,0.15613439847271085,0.08798039723061049,0.5,1.0,0.8,32,4574.54340140572,39236.4011617714
12,25,0.3683714249866048,0.8395401224034374,0.7770031842086308,0.3477377319558693,0.2767651689040036,0.06054265672310334,0.15156650324248028,0.07555164718092383,0.5,1.0,0.8,34,4451.973102273714,39279.76507644188
12,26,0.36586375812959143,0.8348412036490713,0.771427645710103,0.35293464118358786,0.27847982163642393,0.057857791511876235,0.15262716185014552,0.07642900101765411,0.5,1.0,0.8,35,4443.545728729261,39260.623259491935
12,27,0.32678746637509976,0.7899448151802037,0.7240748815995347,0.32750451919962226,0.2485030688568844,0.06224543343266464,0.12647058403905975,0.06819061190313414,0.5,1.0,0.8,38,4958.276044849867,37281.42085519536
12,28,0.32231210465427007,0.791715668503952,0.7372307267046786,0.335175412360777,0.2423807008514336,0.06224543343266464,0.12647058403905975,0.06819061190313414,0.5,1.0,0.8,40,4982.306066550303,37574.13563100941
12,29,0.3216964587350616,0.7825298883300925,0.7252519695270505,0.3504444488620868,0.27447762011023313,0.0621910187778217,0.13421678876838858,0.06744569553203154,0.5,1.0,0.8,42,4908.371113229446,38548.238181993525
12,30,0.3020307693577022,0.7735366867316495,0.729088061981283,0.34216373811719736,0.20354914981658334,0.0627632189823924,0.1207082434653682,0.05997827649255314,0.5,1.0,0.8,44,5017.130784880379,38247.275483844605
12,31,0.2842653995774651,0.7389867329228093,0.6893998412054403,0.3448178668738335,0.30038847481846803,0.06202267509176529,0.11713240466374804,0.05922716443616414,0.5,1.0,0.8,46,4654.252044222683,38334.3113164026
12,32,0.28437884337992075,0.738041794241459,0.6881483982839913,0.35212910427459343,0.2026027194500119,0.06190110558351537,0.11772574315964808,0.05961737322095143,0.5,1.0,0.8,48,4724.718591047453,38270.458601670616
12,33,0.24183209860783025,0.7272905856150145,0.7158774284433778,0.3565002179800684,0.16561833762594755,0.05930845950549908,0.0845023897531677,0.05111668568759074,0.5,1.0,0.8,50,4973.582985541272,206004708.0969134
12,34,0.23908229013943894,0.7304747355428397,0.7305696733852122,0.36934460069365266,0.1862085599324338,0.06037328897745371,0.08456587656011147,0.051240650645882846,0.5,1.0,0.8,52,4900.353819414509,206014568.33143327
12,35,0.2511692116787397,0.740703567357925,0.7402825062581044,0.375511908279499,0.1899599233669465,0.060816868926498624,0.0932157600611792,0.05670345295547746,0.5,1.0,0.8,53,5299.647359943156,206046434.34502175
12,36,0.23517030419426796,0.7043501878446956,0.6884368149031339,0.36285359741364376,0.260318306054766,0.06436607886420187,0.08483253774849574,0.05171410219666138,0.5,1.0,0.8,54,5063.2009459988085,206048503.9484344
12,37,0.20918493879351605,0.6975198790342335,0.7067484944989084,0.36072759710319335,0.1457583296316724,0.057556221888549954,0.07420671427004902,0.03897477308989105,0.5,1.0,0.8,57,5266.628823001168,206064581.73375437
12,38,1.135317031663881,1.5953784342100965,1.5770773081212934,1.2871242467609885,1.0944979203354983,0.05613023724946804,1.0,0.04411563432553941,0.5,1.0,0.8,59,7047.553574400657,205689099.7278929
12,39,1.1284024392402319,1.5793990554234332,1.5587921880208668,1.2826910111540146,1.1078814474364032,0.05696336444561882,1.0,0.04045026684114912,0.5,1.0,0.8,61,6847.634636481972,205721058.0692586
12,40,1.2827366445300155,1.7220103998850305,1.6882731166739902,1.4282053282851397,1.2207154131895095,0.06586903916686984,1.0,0.2281020500249779,0.5,1.0,0.8,62,4987.173962028244,95556.76770286074
12,41,1.1288536295273723,1.6011257633712461,1.6062369776661476,1.3036814939222257,1.0680284087556993,0.058924193350893675,1.0,0.040439226403810105,0.5,1.0,0.8,63,6815.569777059929,205724252.5858957
12,42,1.2379904831432513,1.6617914595597492,1.6450278414032724,1.4267136208838391,1.547404651400632,0.0522155745687221,1.0,0.1992416043073571,0.5,1.0,0.8,64,4856.025159807161,195765074.4168731
12,43,1.246136898679389,1.658317202571572,1.6389053951837795,1.4442657879496386,1.2531932742687362,0.05703929787395712,1.0,0.21121323547951878,0.5,1.0,0.8,66,5306.642274026194,195772009.9851576
12,44,1.2432971332048777,1.6564796729786353,1.6478350551323029,1.4530006212004407,1.2413600052540197,0.057039297873957076,1.0,0.2112132354795193,0.5,1.0,0.8,68,5552.702289475029,195815727.5597323
12,45,1.2056405863175543,1.6267026871004715,1.6409058764078805,1.4483058937339668,1.2279832303793619,0.05247200576768217,1.0,0.17185054204084824,0.5,1.0,0.8,70,5700.287707135501,195832176.74302223
12,46,1.2371061132824879,1.6106138192056174,1.5935056647871062,1.4690941191486622,1.2177032731511224,0.05809183693860498,1.0,0.21499800363365842,0.5,1.0,0.8,83,6254.881889719438,37255019.03228549
12,47,1.2263759185778031,1.6038377596588227,1.598228975261372,1.4691896879491846,1.222438176164908,0.05775227647999145,1.0,0.20369163852531158,0.5,1.0,0.8,85,6325.096492666668,37124980.21267165
12,48,1.203593884511555,1.5742860732496524,1.5672863543615387,1.460768906636426,1.198765452411152,0.05778856004252282,1.0,0.17688167009528538,0.5,1.0,0.8,87,6025.833220724479,37003141.11164237
12,49,1.1945445003563664,1.5633898922021627,1.5560121440773111,1.469367260006086,1.1694529358862316,0.05811280628791993,1.0,0.1658181616382261,0.5,1.0,0.8,89,6153.105146043274,36981890.54775056
12,50,1.2000907883443501,1.5869801152166616,1.6047134385249318,1.4970645935934654,1.2043848648406907,0.056386276679092295,1.0,0.17486952965087413,0.5,1.0,0.8,90,5681.595398563231,37010087.31565605
12,51,1.1887761222189792,1.5691584480864844,1.5855721289561295,1.4967321101050994,1.1848952296008302,0.05695828232593699,1.0,0.16186688492883033,0.5,1.0,0.8,92,5680.462062405042,36990944.3586669
12,52,1.2121734753942823,1.5829570317434174,1.5974393456165705,1.5134397467257532,1.2617229307286246,0.05890075508413598,1.0,0.1919981847218444,0.5,1.0,0.8,93,5350.22871928898,37428330.7495615
12,53,1.187932301130238,1.565906230573252,1.592586384456758,1.5072826479515795,1.1922155125387348,0.0596308709519644,1.0,0.16208295699512262,0.5,1.0,0.8,94,5643.716170638681,36991742.13933887
12,54,1.1876742520239434,1.5653566287128886,1.5919785692905737,1.4996581975275947,1.1616468137771665,0.05927513785545595,1.0,0.16204313536507603,0.5,1.0,0.8,95,5644.12575250129,37000061.9367118
12,55,1.1978011733464329,1.5602470456959334,1.5730648067171975,1.5137053565438237,1.202826961789248,0.05882061014498553,1.0,0.1758106194552703,0.5,1.0,0.8,96,6329.62712612847,36908929.66511006
12,56,1.1860232658163108,1.5578152962726768,1.583264352907965,1.5167953509494299,1.1661158594669776,0.058278938906175505,1.0,0.16180015615721163,0.5,1.0,0.8,98,5659.462023074861,36997012.18227842
12,57,1.1801612029419832,1.5459744274268188,1.5702386602137643,1.5181470183557446,1.2019727669701963,0.053768017056743424,1.0,0.15846558176925357,0.5,1.0,0.8,99,5680.825523889655,36253350.22986555
12,58,1.2002508296888093,1.559920377589795,1.5829730198827192,1.5649531511176673,1.1870275556069176,0.0590328197519143,1.0,0.18145024428371817,0.5,1.0,0.8,103,6185.392012098664,36904277.212935805
12,59,1.2004364192914856,1.5475204485481793,1.5573008553781984,1.5651633271566276,1.1861861508875773,0.05913427677157077,1.0,0.1818755497663969,0.5,1.0,0.8,104,6198.221445930416,36896534.66881578
12,60,1.2165346734919795,1.5821392300470751,1.6171580136357318,1.5959369534504495,1.2020927309601865,0.05899120621202893,1.0,0.2027958973898178,0.5,1.0,0.8,107,5794.144044977296,37203678.08799447
12,61,1.8546043519819728,2.2503186344945307,2.3344726579888144,2.3971446027578667,1.8356067150396698,0.06367006473785078,1.0,1.0,0.5,1.0,0.8,138,4805.976981856308,50153643.003738895
12,62,1.854173353924069,2.2454097706305705,2.3286964928584934,2.400687511531317,1.8496880060991758,0.06398029133497572,1.0,1.0,0.5,1.0,0.8,140,4792.855677483059,50153255.96516124
12,63,1.8530722391508907,2.2343259025117783,2.3156883328195246,2.422904732350176,1.8517518109437392,0.06428314167332198,1.0,1.0,0.5,1.0,0.8,144,4810.398604813437,50156392.35943562
12,64,1.852631898306964,2.277038982264619,2.4100840875712786,2.4498644690418008,1.8449366838363217,0.0638066733219145,1.0,1.0,0.5,1.0,0.8,145,5059.867626674044,43182212.67164043
12,65,1.8522560795995733,2.2253679692976176,2.3051697122735684,2.426074236291287,1.8829186028062666,0.06459348987505692,1.0,1.0,0.5,1.0,0.8,146,4797.068368686256,50155990.493320525
12,66,1.852187015409922,2.2233893140285863,2.313691265072635,2.4303175658727563,1.8851064678779703,0.06742997827299371,1.0,1.0,0.5,1.0,0.8,148,4782.658170173058,50193901.19752839
12,67,1.8506021722883017,2.2098754937810816,2.2870414671712394,2.4476602337563893,1.833137544151198,0.06439211750267183,1.0,1.0,0.5,1.0,0.8,153,4758.639483073328,44584056.22149272
12,68,1.850296402503206,2.1823590700826063,2.2326138186614166,2.4512281507164584,1.869514935190705,0.06480452012677136,1.0,1.0,0.5,1.0,0.8,154,5718.31291351305,46231307.92329264
12,69,1.8512805144556006,2.1741905358352565,2.22271628345987,2.4516483264883417,1.905127150051654,0.06865976137924372,1.0,1.0,0.5,1.0,0.8,155,4400.924499894058,50169774.79939826
12,70,1.8509231359246863,2.1813931115908245,2.2422340437654613,2.463411668274258,1.848168074815084,0.06865976137924372,1.0,1.0,0.5,1.0,0.8,157,4440.465302146375,50158732.3569437
12,71,1.8493344342261444,2.1978537411967816,2.283876871345837,2.4899734158581293,1.8398428520545755,0.06632842224686744,1.0,1.0,0.5,1.0,0.8,162,4324.890426306714,50173870.34557937
12,72,1.8399754778647894,2.1527362587611814,2.2211754707381806,2.4764657550678963,1.888323582576244,0.052026102376249085,1.0,1.0,0.5,1.0,0.8,165,5363.41296301113,51350205.62224669
12,73,1.8396553994184104,2.1599690066909316,2.2407313776116324,2.4838863323610383,1.8398310825460666,0.051995835384432934,1.0,1.0,0.5,1.0,0.8,167,5410.986488924236,51340414.72086662
12,74,1.8387661916057871,2.1228201244481655,2.164090438403915,2.503771587908761,1.8353018965771664,0.05065045763152122,1.0,1.0,0.5,1.0,0.8,169,4760.770469454153,51235262.69671079
12,75,1.8409167179932668,2.1276662924256184,2.180363802519437,2.5029201186585386,1.8602348467934924,0.05630768254693132,1.0,1.0,0.5,1.0,0.8,171,4705.190187474969,51276807.47451
12,76,1.8387151042106422,2.1200515664800403,2.1717506375194144,2.536308498573291,1.8671628105031337,0.052738371453829515,1.0,1.0,0.5,1.0,0.8,172,6095.1826843243625,47112540.2487656
12,77,1.8384359693138788,2.1197102709996036,2.1713967171496042,2.539924423117312,1.8266808260943188,0.052203494073928366,1.0,1.0,0.5,1.0,0.8,174,6103.107912363894,47088318.39372717
12,78,1.8377131754991594,2.1090227297206896,2.1588779677093584,2.542798332944912,1.9000677111016901,0.05221405551696749,1.0,1.0,0.5,1.0,0.8,175,6024.8804465016165,47099052.7893955
12,79,1.8371308788918397,2.1075724332599464,2.157268313745747,2.549944096192757,1.828838099262236,0.05117424340023803,1.0,1.0,0.5,1.0,0.8,177,6023.923258519526,47081157.71022628
12,80,1.8384109949719294,2.096469456644746,2.143897341071236,2.5508651275501038,1.8739705383660266,0.05545415586929917,1.0,1.0,0.5,1.0,0.8,179,4714.27281711843,51220673.24813935
12,81,1.8380959069443334,2.1231771096803698,2.2084034761404006,2.586406276879422,1.836028130583048,0.055695992086127286,1.0,1.0,0.5,1.0,0.8,185,4780.054533010866,51508506.777675696
12,82,1.8380184740940557,2.111842306509886,2.1840582351616176,2.6045199491392683,1.8280586755559962,0.05555099719561244,1.0,1.0,0.5,1.0,0.8,187,4816.279592986502,51497045.9704793
12,83,1.8379674680834177,2.1105427136725203,2.1825312076823433,2.5927913335690125,1.8369081600098593,0.05560792054171089,1.0,1.0,0.5,1.0,0.8,188,4779.292941397526,51471264.28940424
12,84,1.8375460177105651,2.128247716497283,2.225456942250339,2.6207547805945497,1.8594866784992572,0.05531261307562896,1.0,1.0,0.5,1.0,0.8,189,4780.982912448266,51500653.55934947
12,85,1.837796486279655,2.1337604375649164,2.2428891116360443,2.6338011299529844,1.8503213347122112,0.05655408204894905,1.0,1.0,0.5,1.0,0.8,191,4763.76586598041,51501561.83244991
12,86,1.838015228332947,2.108315725436988,2.1908520468169224,2.63649026540123,1.8367323549924073,0.05738800427504196,1.0,1.0,0.5,1.0,0.8,194,4781.408326293062,51465422.34123978
12,87,1.837989367361301,2.10786044619378,2.190318852484189,2.6364468378300385,1.8302819937547934,0.05738800427504198,1.0,1.0,0.5,1.0,0.8,196,4763.136874940488,51468922.33760162
12,88,1.837969317766534,2.1043901203780044,2.186222335911064,2.6479932668963304,1.8544216038159371,0.057760200690409415,1.0,1.0,0.5,1.0,0.8,197,4746.69115215052,51466120.6209138
12,89,1.8372088404037896,2.1015346526761274,2.182986920014141,2.643254322300848,1.8437346609065173,0.0564861435892147,1.0,1.0,0.5,1.0,0.8,198,4723.149229874544,51449556.66142339
13,0,0.7780583715403271,0.9439833856414367,0.8854163672943871,0.0076173987845341365,0.0,0.0,0.0,0.0,0.5,1.0,0.8,1,4439.243963808355,8925.380749018175
13,1,0.7848646860090944,0.9649860916982756,0.9054238492097805,0.03729258302966327,0.047109733210718555,0.05321837477035628,0.00010929867962031,0.00011956903581750999,0.5,1.0,0.8,3,4443.399649323817,8930.219642020938
13,2,0.7861409507974947,1.0618701070503282,1.0084657853584846,0.17590498689560247,0.43150413961498485,0.09706405966067572,0.039283706432725676,0.08079132086503696,0.5,1.0,0.8,4,3306.8851281729358,47686.68966544165
13,3,0.8778195259498404,1.1856463719380654,1.1291611957436134,0.31957739310445776,0.42235998408369047,0.09489154640085676,0.20514660158014242,0.052028066729852995,0.5,1.0,0.8,5,2793.8855959114344,5626.585897739209
13,4,0.691424430372586,1.0562251364484223,0.9928151537960379,0.22336711006623583,0.48919797180824576,0.06468114735886196,0.09264498472649034,0.10030428788336836,0.5,1.0,0.8,6,3224.796228306267,6861.043247053836
13,5,0.7530093505206237,1.1439734620903543,1.0910894687898587,0.32852155205093514,0.3931698177478645,0.09672999614900868,0.14035754142073753,0.13437610422507842,0.5,1.0,0.8,7,2179.353439353036,4324.831165930189
13,6,0.5484978429128842,0.9778377222191326,0.9173320349541876,0.19889869830940643,0.4853471845032414,0.0733854449418444,0.06551036788120103,0.09048597474180192,0.5,1.0,0.8,8,1879.1053191170265,41475.857265357634
13,7,1.5859714972405312,2.0072404357489155,1.9331245861855408,1.246676710044071,1.232761288907326,0.05476465154407721,0.4298753039762612,0.9518749184368744,0.5,1.0,0.8,10,2905.411108768405,6515.216034108932
13,8,0.5006709966493929,0.9339236219819401,0.8724087499983778,0.17217094075076855,0.1497721802293834,0.07322360762649446,0.047675197307037745,0.06535447908258687,0.5,1.0,0.8,11,1924.6495109488656,42563.513223343085
13,9,1.1502027739066256,1.6001808706813923,1.5332600496056457,0.8705083229113418,1.054853725567268,0.05869924403799287,0.29056016896052045,0.6431051582794877,0.5,1.0,0.8,12,2096.604894722529,19048.55395320166
13,10,1.0070069268304347,1.4602288524673586,1.3919124963527032,0.7498946290381797,0.7310278175016486,0.04895274071729519,0.246814651477479,0.5391251067077609,0.5,1.0,0.8,14,1865.3659730761915,18719.44865818192
13,11,0.7165340246839993,1.1833066575630085,1.1268544786958923,0.46749999878577764,0.467440550890587,0.05479009370564467,0.09367451856171269,0.37503746358309575,0.5,1.0,0.8,15,1564.407960816578,42405.14981374961
13,12,0.7706839708439218,1.2272288950747257,1.1572612460335332,0.5301889356658654,0.48973495555932767,0.055073612848428856,0.08432802714357066,0.45921069948829885,0.5,1.0,0.8,17,1131.3532393302676,41071.97123719063
13,13,0.6774179278190834,1.1345335061342001,1.0642509920362457,0.44915120148930465,0.3947951472255585,0.05389573305109948,0.0674744323083378,0.36744261225113994,0.5,1.0,0.8,19,1129.258541600097,40522.27928478141
13,14,0.8624941323925353,1.3432695314612433,1.2982581987165667,0.6602033862371411,0.6087469279042681,0.04643269122539514,0.20509069504199542,0.4383231079261872,0.5,1.0,0.8,20,1751.044146641124,20256.464623964
13,15,0.4083942705840629,0.8795849736179708,0.8205186958545261,0.20188822790771388,0.17563949623778316,0.0533690969208722,0.05344794272555781,0.06563701343112575,0.5,1.0,0.8,21,1253.2147712340193,41780.16118984976
13,16,2.1133376420555092,2.5866702224289773,2.5259284511199604,1.921373800027945,1.9178306694411626,0.09902162201893812,1.0,1.0,0.5,1.0,0.8,22,2105.744031783689,58853583.81860708
13,17,2.111621426341898,2.5965919034337643,2.5484525850203674,1.9359503685986967,1.8586690753686603,0.10110516135319647,1.0,1.0,0.5,1.0,0.8,24,2099.064229075268,58853615.29207863
13,18,1.4301532197710658,1.904269744207893,1.8427872106903702,1.2499498926285302,1.1854153343251932,0.052225727353342875,1.0,0.18165445278567877,0.5,1.0,0.8,25,2042.279714334113,20647.306948296085
13,19,1.4211776714470843,1.8954816740692104,1.8338067418735449,1.2509382471272628,1.171615342937653,0.05241056410686298,1.0,0.17195767679619514,0.5,1.0,0.8,26,1995.6127672699936,20622.60760717868
13,20,1.9683603720374565,2.4436129760279646,2.380836826332567,1.8039914546860216,1.7632394650474943,0.058743354533410196,1.0,0.8612008651372358,0.5,1.0,0.8,27,1931.5394072713457,20425.433599648382
13,21,1.9662034846286365,2.441744480850195,2.378575746038019,1.8131399047068173,1.734777538546701,0.05830477873897329,1.0,0.8620053670817274,0.5,1.0,0.8,28,1986.4575251718904,20531.792950860945
13,22,1.3800448813299617,1.8555867482216246,1.7924155767964707,1.2269942714711137,1.1327085691028616,0.05037309701069124,1.0,0.1342834536794338,0.5,1.0,0.8,29,2134.8729382108127,18116.120639634955
13,23,1.3754868313371948,1.8523569428159465,1.7862724142954731,1.241271562511539,1.265210382971909,0.06410724424888455,1.0,0.14292695582603482,0.5,1.0,0.8,30,2667.2985749301843,47329.7949545072
13,24,1.3667823975305282,1.8550093324716117,1.8006944221240264,1.2513795820278728,1.1952249049826607,0.06700267151912401,1.0,0.13941135118140097,0.5,1.0,0.8,31,2533.1288853784386,47904.49134810695
13,25,0.6503382383494756,1.138000679257984,1.0805512637351238,0.5457501343869662,0.5747316054722218,0.04585242333850629,0.17891818841239324,0.30560042653928565,0.5,1.0,0.8,32,1926.388456804568,28852.50969654321
13,26,0.6439630096039439,1.1416069463849445,1.0951435317654217,0.5601452210947411,0.4912922179541762,0.039570487865761964,0.1842924591276256,0.3080143817849966,0.5,1.0,0.8,34,1819.470481185152,32317.943033025367
13,27,0.5929867059176208,1.0900352325616038,1.042788202490548,0.5211736829973902,0.4354570464311841,0.03856756636604683,0.16781640368379674,0.27049190300878506,0.5,1.0,0.8,35,1817.145651088147,34569.652179450335
13,28,0.5918104145921937,1.099864853323226,1.065382886478747,0.5295774053573202,0.4082793441467595,0.0385675663660468,0.16781640368379674,0.270491903008785,0.5,1.0,0.8,37,1775.9513325193789,34090.1699509413
13,29,0.5752696250215741,1.0814644186838107,1.0450523290320617,0.52455304506362,0.47512030424696156,0.03860583931404061,0.16117783289170332,0.2698535789452456,0.5,1.0,0.8,38,1633.0670915101534,29016.137749785677
13,30,1.295936556250352,1.7883562300280205,1.7368332177663257,1.2538341782651532,1.1697980403743231,0.059676173398068064,1.0,0.1211810390938389,0.5,1.0,0.8,40,2236.6064417763337,23312.44721136016
13,31,1.2421908612355739,1.7326234293115335,1.6797035065900232,1.2141767135523909,1.1076911307172488,0.05967631655489748,0.9612657075635562,0.11012851339495655,0.5,1.0,0.8,42,2158.6243202278306,23408.2978764088
13,32,1.2246659600000132,1.7141500706368122,1.6606131341897283,1.1989755542061311,1.08949832212601,0.05704631258414537,0.9539043497211701,0.10238569118441113,0.5,1.0,0.8,43,2205.2305260447715,19032.47283680674
13,33,1.1190752894243081,1.602199143748772,1.5450598973604202,1.114877949720118,1.1203478708775885,0.0569643847996967,0.8663774202612308,0.09820064327812587,0.5,1.0,0.8,44,3323.905021898233,24299.405059062643
13,34,1.3906096151336247,1.8738923449516507,1.8247279563513095,1.4206634676996317,1.3657300688174128,0.07782280060436741,0.9761962639288735,0.31018363672929933,0.5,1.0,0.8,46,2524.615016557538,6123917.51042462
13,35,1.388327721508508,1.8698803945075824,1.8200132477805226,1.4269264948103406,1.2776782106028,0.07819695732140478,0.9760893655098588,0.31019805865159134,0.5,1.0,0.8,48,2538.568062487192,6120593.440361563
13,36,1.3876697683312604,1.8686867941535577,1.8186054985926738,1.4326657703993633,1.2721367871681952,0.07834857299311561,0.9760539092075051,0.31021845070430015,0.5,1.0,0.8,49,2544.082794215589,6118303.773897362
13,37,1.2630557476321145,1.7405233493850198,1.689061399108444,1.3151387753691026,1.1996067320994381,0.07729775813997389,0.8808721546253591,0.2797258306716873,0.5,1.0,0.8,50,2537.765257695773,6119601.607226107
13,38,0.4950131537307346,0.9680525994902061,0.9241023702177529,0.5547289785983563,0.5036072803440553,0.051194557685550465,0.2491986753031843,0.1461021964573826,0.5,1.0,0.8,52,2479.6504933724245,46691.38426498464
13,39,0.5568661062261762,1.0370126233257495,1.0047426646710402,0.6253260787232389,0.5110052455281253,0.05267837105276378,0.2718868594928904,0.19864582108634196,0.5,1.0,0.8,53,2024.3149703976287,47311.33368504552
13,40,0.5544313629739649,1.0315858329101366,0.9983758038032053,0.6282007567997352,0.49555391732674914,0.05289837132043802,0.27180372556119314,0.19869020856689956,0.5,1.0,0.8,54,2039.2929725740853,47642.74831231345
13,41,0.37212018745783804,0.8144628495825484,0.7515343197897777,0.45983504474865955,0.36007062892231134,0.05356194506404881,0.15385527213698671,0.12945008315931694,0.5,1.0,0.8,56,2775.328191806745,45357.119451971565
13,42,0.3682766500647546,0.8078468090530124,0.7441127565386094,0.45808462493310376,0.3157186083399223,0.050329140552319254,0.15345817773543344,0.12957638254331408,0.5,1.0,0.8,57,2788.175104107762,44111.05524994621
13,43,0.3705003735057885,0.7975299361047248,0.7403760382229276,0.47995833267694615,0.42884823797256605,0.04849512707048509,0.1690512219351763,0.13119360917924516,0.5,1.0,0.8,59,3164.032860813145,44504.55529023758
13,44,0.42184351655039054,0.8424809569371525,0.7836928760031452,0.5368825279432563,0.41928070707524556,0.04296757486427974,0.2260219671159717,0.1315514600538362,0.5,1.0,0.8,60,2571.9126462813338,45090.61113040937
13,45,0.42108215967299095,0.8394848224936426,0.780132717588017,0.54351059264935,0.3645498374524541,0.04360427029719957,0.22603213513688739,0.1315124795381802,0.5,1.0,0.8,62,2560.1551900030563,45545.027139034486
13,46,0.38856308652906757,0.7984212583612416,0.7369475794169996,0.5232358663125392,0.36762642757139746,0.04585169054229562,0.20561474052192463,0.11978569350738766,0.5,1.0,0.8,64,1610.5487423510965,47080.80305433212
13,47,1.894438500388675,2.303452515653377,2.252070240013406,2.055986637989992,1.8521345804881473,0.07036588015549781,1.0,1.0,0.5,1.0,0.8,71,2417.7460710768987,58094905.9669107
13,48,1.843884319427955,2.2493871554453553,2.197173613715053,2.0195821724405594,1.8029110997813393,0.06928826240138868,1.0,0.939158923920526,0.5,1.0,0.8,73,2536.3133027489325,58094156.35663191
13,49,1.891453093809078,2.285498874567166,2.220222476512761,2.070639593063863,1.8364975494660685,0.0673033281856739,1.0,1.0,0.5,1.0,0.8,74,2543.684424353157,58093443.24970893
13,50,1.844268694223614,2.2328249031634906,2.1662651446414656,2.0281568694194085,1.8405579136085017,0.0680042871008678,1.0,0.9430870248325093,0.5,1.0,0.8,75,2525.54063105136,58089290.5675499
13,51,1.518911045444753,1.9051667798128296,1.8485074633176475,1.7123094983654414,1.5941117299458125,0.06487312461650643,1.0,0.5440920331674957,0.5,1.0,0.8,76,3311.9125704350163,58088909.08364685
13,52,1.8353240557771722,2.2173906284839084,2.159783491691103,2.036438145617473,1.8245057596632939,0.062076341211703766,1.0,0.9430387787986708,0.5,1.0,0.8,77,2332.559804144735,58114258.93165137
13,53,1.8347168318548275,2.214917786338617,2.156891620408514,2.0361884169862425,1.8025941436428652,0.06246197144021872,1.0,0.942765053661307,0.5,1.0,0.8,78,2326.942521052718,58114242.92070018
13,54,1.8334783842249252,2.2101475139121636,2.151332312131135,2.042468438081576,1.8175306632613153,0.0616142290375065,1.0,0.9430905737631786,0.5,1.0,0.8,79,2342.5353258808764,58103233.27356144
13,55,1.7662933879813274,2.139248996186013,2.0796099693852703,1.9895628656030466,1.7359970407502945,0.060860718804617395,1.0,0.8609516296755514,0.5,1.0,0.8,81,2373.1622249975794,58103463.48552096
13,56,1.7679969447946657,2.125413275999421,2.051822381185642,1.9920664890859632,1.760380255150118,0.05972208636064391,1.0,0.8653186504286257,0.5,1.0,0.8,82,2468.2693372055774,58106821.68759024
13,57,1.7673670598524867,2.1226762996261868,2.048623367135683,1.995213524292332,1.7409325456715723,0.059801927768630456,1.0,0.8652198096199291,0.5,1.0,0.8,83,2474.0728137837486,58105926.05627833
13,58,1.7676265410230132,2.1217112397824383,2.047390495753085,1.9991027206397758,1.7336184157666026,0.060573993828229,1.0,0.8654859259335803,0.5,1.0,0.8,84,2452.223127748116,58102850.14577167
13,59,1.172883812341786,1.5604165726363484,1.5356355122511123,1.4940750637928002,1.1362285266567875,0.040231942405091446,1.0,0.1385318772684438,0.5,1.0,0.8,103,17962.705010835933,90795.61090537877
13,60,1.1639834608882418,1.5342661727455127,1.4951921044167351,1.5005107414090157,1.1367074444517598,0.044381237656292497,1.0,0.12669005467078318,0.5,1.0,0.8,107,17635.83006651383,90276.13114985406
13,61,1.1721852146663962,1.5535610589840847,1.527464221777591,1.5196193853258826,1.1326972478772486,0.04049896504180827,1.0,0.139401039232239,0.5,1.0,0.8,108,17889.003334809582,91096.55700490132
13,62,1.1624951124395075,1.5543196177856202,1.541062454301673,1.5282908871832983,1.1288244986423857,0.04173665607630121,1.0,0.12674413202052706,0.5,1.0,0.8,109,17093.687096141955,77269.10691836037
13,63,1.1714361949140986,1.5496487577633367,1.5228796736758283,1.52653662557576,1.1526340545649656,0.04039436496526508,1.0,0.13948187248333338,0.5,1.0,0.8,110,17869.62306492146,91784.24799191552
13,64,1.249157347008111,1.6433532395853345,1.641216909445383,1.6234442619951626,1.239999707282899,0.04810848495662695,1.0,0.23376718648604755,0.5,1.0,0.8,112,17581.226729419286,74897.97718468182
13,65,1.2465508862007453,1.637064950787304,1.6341671833256113,1.6175067229570326,1.2383158585234706,0.04687362001863753,1.0,0.23223689519443796,0.5,1.0,0.8,113,17483.667826329096,62376.96307922263
13,66,1.2479329094064713,1.6364014691807938,1.633074639601808,1.6264741060962646,1.2288159814183541,0.04810848495662695,1.0,0.23376718648604794,0.5,1.0,0.8,114,17469.149741017878,74501.44562657498
13,67,1.2331472193945014,1.6216103245328706,1.6289579510624097,1.627581252496922,1.2936088173503812,0.04763302901391654,1.0,0.21854806597502296,0.5,1.0,0.8,115,17514.872077577547,74450.74979450954
13,68,1.2584234145898914,1.6325357819025483,1.6262369677986865,1.6493254090603826,1.2505774813904358,0.048589260551344285,1.0,0.2503274603750584,0.5,1.0,0.8,116,17458.899884530296,74974.36095207438
13,69,1.242090417926329,1.604392124148028,1.5956814339260912,1.6376328789913648,1.3088615018824326,0.04714825607898121,1.0,0.23365254698501953,0.5,1.0,0.8,117,17498.375645342796,62766.96775400235
13,70,1.2550630286700457,1.6159560437362523,1.6069568409794976,1.6544032352477498,1.2361218807724534,0.04693911899809264,1.0,0.2503440159810805,0.5,1.0,0.8,118,17536.824685886524,74850.26411764341
13,71,1.2546905905300296,1.6137853537977358,1.6044251799131037,1.657788673906871,1.2376830773186662,0.046813083057879665,1.0,0.2503442071834959,0.5,1.0,0.8,119,17489.486421260084,45314.24064382777
13,72,1.254047464580997,1.6204112152716401,1.6232566691578536,1.6723868744044448,1.2561512474696956,0.04693911899809264,1.0,0.2503440159810805,0.5,1.0,0.8,120,17359.68324809942,74190.77829094767
13,73,1.239504139023169,1.5903654309293,1.5793431666884903,1.6541877681211992,1.2279335169412902,0.04577891949665086,1.0,0.23384731752029703,0.5,1.0,0.8,122,17244.09048993867,62244.36408928344
13,74,1.239988852685249,1.6008065624674406,1.6025367504142092,1.6774458497042328,1.2130446151316412,0.04798526029966822,1.0,0.233325491389149,0.5,1.0,0.8,126,17171.996623105348,72541.07812936488
13,75,1.2372280060861824,1.583791369365747,1.5719098402320626,1.67089627456477,1.2333498456771013,0.04331272175271938,1.0,0.233442316461444,0.5,1.0,0.8,127,17233.30234635683,84771.4413912576
13,76,1.238439815263875,1.5939515828501714,1.5946189853531054,1.6836742125526127,1.228588821583518,0.046433586540468405,1.0,0.23348259449809888,0.5,1.0,0.8,128,17247.63887198198,74233.81119582051
13,77,1.2322424887044905,1.5576505444747077,1.5523805630502872,1.6900085553738347,1.45035540194469,0.04347162231202552,1.0,0.23329538949659515,0.5,1.0,0.8,129,17266.70460009825,83952.91547365715
13,78,1.2318571424251867,1.5529096348234583,1.5467914586135132,1.697204612860788,1.2258784063116563,0.043772902997256655,1.0,0.23337158715129142,0.5,1.0,0.8,131,17252.844363116998,84570.55870788373
13,79,1.2308287616798528,1.5456320586964452,1.5383002713212526,1.7075340865134323,1.25824116311475,0.04347519257147603,1.0,0.2333190130412063,0.5,1.0,0.8,132,17303.64526757056,85911.59298210134
13,80,1.2302762806085714,1.5408416336339035,1.5326915812663964,1.6959083170060547,1.2413771330240033,0.043206614851566974,1.0,0.2334710704122073,0.5,1.0,0.8,133,17255.017421803812,83975.66817557203
13,81,1.2328980278017299,1.5526235702574542,1.5570795998222986,1.7476113055010052,1.2135577399075104,0.04510527724498145,1.0,0.23588522477481438,0.5,1.0,0.8,140,17150.66883006469,84225.22445251465
13,82,1.2324233476051025,1.5495841830023112,1.5535460811619524,1.7546870772070073,1.2211825972882913,0.043779320057329305,1.0,0.2365216436641146,0.5,1.0,0.8,142,17017.208656869967,85532.07940024624
13,83,1.1489010049229702,1.50796148070711,1.5633643342034078,1.71018621391725,1.1294702395931304,0.03619621469215566,1.0,0.13730749348730595,0.5,1.0,0.8,157,17260.254970248585,72402.37143830357
13,84,1.849743980773781,2.1923432155716727,2.2337367901138507,2.446054351551102,1.870581707177977,0.05884087133409115,1.0,1.0,0.5,1.0,0.8,158,17868.505957426707,71742.00588394236
13,85,1.153943124243786,1.494173618250844,1.545977699344032,1.7261410348485342,1.187970004876903,0.03806513531091589,1.0,0.14517183450092647,0.5,1.0,0.8,160,17148.347019082525,71149.12373387595
13,86,1.1538615169081208,1.4929357495398614,1.5445201217718252,1.733616733264285,1.144177575475343,0.03807513062016163,1.0,0.14522211500630705,0.5,1.0,0.8,161,17151.029835659043,71128.72954852853
13,87,1.1539003745758303,1.503305077216705,1.5677240428833923,1.7382521860686375,1.1421243446678124,0.03844730025905685,1.0,0.14515723201539318,0.5,1.0,0.8,162,17049.84149808667,71339.50286398244
13,88,1.153186303122138,1.497592259637945,1.5610631822767491,1.7413663983526113,1.1738300851211485,0.03812138452584059,1.0,0.14513906624551942,0.5,1.0,0.8,163,17194.45193204187,71889.15550618108
13,89,1.8463953955764574,2.1838895908156113,2.2460536650519396,2.482002343297683,1.842440561754701,0.058200579926617924,1.0,1.0,0.5,1.0,0.8,167,17630.920812416836,67707.71156865927
13,90,1.8454982073774497,2.189749373340636,2.2640758754149073,2.493383855570656,1.8371903459082652,0.05730157555021607,1.0,1.0,0.5,1.0,0.8,171,17332.997367234173,66840.82072154814
13,91,1.846316094531617,2.1789332496379528,2.240178187362628,2.5025716378783374,1.8327712737060369,0.05902175112200427,1.0,1.0,0.5,1.0,0.8,172,17281.480907236364,44683.85601726423
13,92,1.8454120916965782,2.199995464337502,2.287158216341437,2.5172611940600476,1.8320473249443714,0.05730157555021613,1.0,1.0,0.5,1.0,0.8,173,17305.665884094713,66755.46827355544
13,93,1.8454550009627029,2.1737987001592503,2.2342398908565597,2.509496845877588,1.8584582230387199,0.05813896121851057,1.0,1.0,0.5,1.0,0.8,174,17368.02966778809,44824.651914850125
13,94,1.8445180951493134,2.174095983482518,2.2456688844196817,2.5325492737266027,1.8671745748933013,0.05814951213286591,1.0,1.0,0.5,1.0,0.8,176,17369.514218539407,44938.65681920501
13,95,1.144638173532278,1.4514088623021948,1.4969061480572698,1.801165371050948,1.1323049218586934,0.04349811629733125,1.0,0.13435340173203286,0.5,1.0,0.8,177,17302.180854113372,82089.11718042576
13,96,1.8451487833265545,2.1619160938676254,2.2201749173434777,2.5318239783740877,1.8377597214283874,0.059860154156055355,1.0,1.0,0.5,1.0,0.8,179,31112.12926762365,67398.82645089919
13,97,1.8436686263435709,2.158870650753494,2.227762982202779,2.525248051179852,1.9202929577939176,0.05900318409435231,1.0,1.0,0.5,1.0,0.8,180,17397.07346400425,81755.83242926563
13,98,1.8430533890352334,2.134713245165396,2.188317123617451,2.5233181180739166,1.9234888429743948,0.05981647384551163,1.0,1.0,0.5,1.0,0.8,181,17472.492273537784,82048.1302582828
13,99,1.8427423721294511,2.1449714694482958,2.211458704931411,2.531806472321306,1.8342994586526546,0.05929296922147159,1.0,1.0,0.5,1.0,0.8,182,17478.458982110893,81825.9340576722
13,100,1.8422459512883198,2.1216484011010883,2.1839334643428145,2.543375451199708,2.0019166815868346,0.06172432787574587,1.0,1.0,0.5,1.0,0.8,183,17773.3296742272,79297.43511503752
13,101,1.8421795143974826,2.1318438865192872,2.206956619779789,2.563681031501674,1.8343784206957874,0.06172432787574582,1.0,1.0,0.5,1.0,0.8,185,17728.14292960546,79121.75216803918
13,102,1.8417529496720992,2.1273705279049144,2.2017417706043387,2.5592402826452396,1.8609518732544756,0.06143595161319815,1.0,1.0,0.5,1.0,0.8,186,17733.126365759068,79081.81512309524
13,103,1.841559234139844,2.1244924817802824,2.198372640658743,2.5706624744001925,1.8507409100112102,0.06141675395089,1.0,1.0,0.5,1.0,0.8,187,17659.56596407249,79025.31092030503
13,104,1.840528973225204,2.1318925836244924,2.2182659353618206,2.6046338443509383,1.832451476427813,0.05973150652947122,1.0,1.0,0.5,1.0,0.8,195,17562.936636230854,78971.85348714238
13,105,1.839813943297777,2.1236547179381056,2.208654868062716,2.6023892886331295,1.857649270031747,0.05929295657983299,1.0,1.0,0.5,1.0,0.8,197,17737.923793477363,78509.32566747081
14,0,0.76329614878778,0.9397101206455801,0.8804113877081318,0.0072245257068444075,0.0,0.0,0.0,0.0,0.5,1.0,0.8,1,4304.572328407447,8181.892910831497
14,1,0.7677315965536426,0.959011354072508,0.8986402445357158,0.035607232468225794,0.04742776586670117,0.05074867923527806,0.00011015451427447999,9.747862683178e-05,0.5,1.0,0.8,3,4330.2558755782575,8336.306807604697
14,2,1.4893655081662702,1.7346085892191874,1.6838884919346886,0.8344110669068744,0.9461126570774288,0.062030249070975915,0.455351707799028,0.4039334156447216,0.5,1.0,0.8,4,3305.359097243057,3310.493602041864
14,3,0.8588845668887459,1.1988997166951831,1.1390443951632847,0.3507402431990469,0.7095347533905605,0.08149931604239562,0.21360659594318193,0.09098831308351812,0.5,1.0,0.8,5,4203.948190466429,6082.025936885833
14,4,0.7706711012483125,1.1192483954070087,1.058378432660027,0.27861741788129374,0.29637065306380544,0.08443111499272966,0.17213828093507016,0.04883337571326559,0.5,1.0,0.8,6,4170.279026630757,6445.554744287182
14,5,0.6778894955392395,1.0900231814506485,1.0333410695882355,0.2899589979241015,0.612464669922444,0.09536505623069899,0.13669089397628875,0.10009659133130473,0.5,1.0,0.8,7,2877.7146627936395,4448.67386536774
14,6,0.6108864539726953,1.023038680397616,0.966352875700645,0.225366206845591,0.1976419090909029,0.0963942370819828,0.08915060431437474,0.0751758708391831,0.5,1.0,0.8,8,2893.104958968802,5061.862991598025
14,7,0.6819300410629386,1.099874113100253,1.0264246758947666,0.34048404165660284,0.46110816292445345,0.09846560779626028,0.11673276869599325,0.17691792450782043,0.5,1.0,0.8,9,2226.0478069508968,4770.159946788506
14,8,0.5773279010871288,1.0061203875393816,0.9296753743432299,0.26921372781815645,0.2922464136292397,0.09595682871732372,0.08492078053397067,0.12292364073985804,0.5,1.0,0.8,11,1730.0482366876724,5518.992440162861
14,9,0.5586021299320109,0.9931330031944563,0.9148067740514141,0.26867387687525834,0.3059688840315068,0.0988273221313984,0.09984305059182527,0.09997376539173183,0.5,1.0,0.8,12,1687.9631850225455,4656.589012667911
14,10,0.5301437430609249,0.9687292102867996,0.8888812314901706,0.2643720599367567,0.24475079387075502,0.08405243326672648,0.1136617759168114,0.07253665090513314,0.5,1.0,0.8,14,2943.6628708295416,11910.472553596006
14,11,1.2198500244961785,1.6728524456163272,1.6046848825195013,0.9865644272921117,0.9279397286368853,0.10724443389504776,0.2988220220142138,0.7023770228907414,0.5,1.0,0.8,18,3515.440741974317,6534.088504830117
14,12,1.1719090437575348,1.633428335373384,1.560205502504922,0.9807115160930995,1.0072490090979105,0.11204873865318303,0.3013115141283293,0.6838803784631093,0.5,1.0,0.8,20,1949.666460038102,5511.893486191049
14,13,1.1480548516309845,1.6109279377056982,1.5364840008359053,0.9676043925413618,0.9388669048579505,0.11095178450019653,0.2931549523123884,0.675548788348325,0.5,1.0,0.8,21,1930.770667131443,5811.531865110198
14,14,1.1950734337222246,1.658144337572958,1.5834990477235067,1.024645761630894,0.9456808264300784,0.11233562149623699,0.3244328908903927,0.696077691467369,0.5,1.0,0.8,22,1908.234921567829,7415.43106694553
14,15,1.1747479510913852,1.6387028726300255,1.5630469449928506,1.0126246417522111,0.9445293978980546,0.11059379023548413,0.31223258995228215,0.6954907295723759,0.5,1.0,0.8,24,1941.6638609578945,6167.17460642643
14,16,1.174391268539262,1.6495923041421707,1.5868829494814993,1.0206108684055961,0.9250207963830562,0.11059379023548413,0.31223258995228215,0.695490729572376,0.5,1.0,0.8,26,1938.034888491395,6140.352129360718
14,17,1.0246791498999144,1.5004309648873702,1.436947209722032,0.8867702850462642,0.7950747140881961,0.11060110913395124,0.2602355678025897,0.5796830686351704,0.5,1.0,0.8,28,1850.0034828771256,6124.58182140575
14,18,1.0318629029947477,1.5087949747567426,1.4425318528388973,0.9129677324261294,0.9173943227478347,0.11120162686879151,0.2634178690053143,0.6060715631969996,0.5,1.0,0.8,29,1729.4981735898589,5771.132083380557
14,19,0.6654452669783182,1.175884714619051,1.1457529642525368,0.5793946885072825,0.48333253875523113,0.11832824864619049,0.1032523948551407,0.36461909180384233,0.5,1.0,0.8,33,3656.343658524528,22705.39882817308
14,20,0.6116116307231287,1.121817256560137,1.0909052091860216,0.5348540440359981,0.4205131155411108,0.11796712541771023,0.0903568206368344,0.31907605850475795,0.5,1.0,0.8,35,3575.9750870859743,22639.36843844926
14,21,0.5648329341575817,1.074901812166321,1.0436300757686412,0.49845805681289984,0.3671189867247737,0.1195683052791758,0.07771148846793792,0.2778624177915434,0.5,1.0,0.8,37,3443.595326985338,21548.14054653646
14,22,0.55883310511839,1.0684324898909596,1.0361739419339644,0.5004516716396114,0.3993251787861358,0.12297776214259115,0.07673022721697595,0.2760743913977622,0.5,1.0,0.8,38,3476.993304715152,21735.919140364374
14,23,0.5565782645944032,1.0659513794759692,1.0332965637819786,0.5033019737408179,0.37507007825964855,0.12580635899899725,0.07602069342507836,0.2749841307597236,0.5,1.0,0.8,39,3510.3637038564907,21883.839520411268
14,24,0.599966652855944,1.1295517910469977,1.1200987182914202,0.5812208889987736,0.530636511008054,0.11629982466291437,0.09339454760269675,0.3311313244329789,0.5,1.0,0.8,40,3506.5045474255253,22755.076872506903
14,25,0.5996608679382667,1.1400100353888798,1.1431149160052951,0.5867827635399909,0.42731268062955285,0.11557318233261224,0.0939008702849201,0.33325010819223333,0.5,1.0,0.8,42,3371.873027059873,22709.36493405676
14,26,0.5929411960024933,1.131993808301601,1.1339112213948286,0.588296241189332,0.4656850473061851,0.11882462387735152,0.09280248078221434,0.33123750671069546,0.5,1.0,0.8,43,3393.002301165978,22904.34840933439
14,27,0.5966106961425326,1.135278840785724,1.1368672609162598,0.5965587935169681,0.43589097677199856,0.11658681072173671,0.09440384528463962,0.3371423528368333,0.5,1.0,0.8,44,5554.399878282394,22863.065220933644
14,28,0.7137768087299927,1.2524584121748312,1.254013428771825,0.735747107814821,0.54039876994237,0.12460383178991649,0.12391991040270209,0.4419549360437481,0.5,1.0,0.8,47,3466.500185221156,23215.702831441493
14,29,0.7242759033068348,1.2442762895707835,1.2278573966063386,0.7476665976284597,0.7746438525089038,0.12877291085014675,0.18274167446761452,0.40590015245621497,0.5,1.0,0.8,48,3660.944726242889,27128.63738537221
14,30,0.723050033505431,1.253669779145994,1.24994139249564,0.756617659027002,0.5780273049208784,0.1287729108501467,0.18274167446761488,0.4059001524562177,0.5,1.0,0.8,50,3661.310636257899,27120.48392730282
14,31,1.6006062833869747,2.1490854420312906,2.169014754677972,1.671823286284531,1.4903002625639308,0.13200275432464703,1.0,0.49067147301957714,0.5,1.0,0.8,53,2820.724884276351,27192.26385381192
14,32,1.5882771635442992,2.119169757078457,2.123122141803521,1.6551939822693225,1.580201101735693,0.1359057843806431,1.0,0.48656719138331594,0.5,1.0,0.8,54,3435.836079250417,27256.29900524713
14,33,1.5826161716473162,2.1198108517953136,2.1347949450394887,1.6747671442560872,1.497479070792704,0.13758272123301504,1.0,0.48668633890323065,0.5,1.0,0.8,56,3394.5890149491424,27183.063774434664
14,34,1.5836951387281748,2.1096106609226055,2.1115642226977394,1.680228957660134,1.4599267991468832,0.1388691378645157,1.0,0.4873552921480638,0.5,1.0,0.8,58,3421.2832586874674,27267.068376286607
14,35,1.5384583478106288,2.0831423382453713,2.109680268398386,1.658069269187023,1.4764975599844923,0.1265510739135301,1.0,0.44429925372975954,0.5,1.0,0.8,59,2766.3987424123143,27076.001416218605
14,36,1.537974306338924,2.0823057629823567,2.1087097166429345,1.6579450457176614,1.421398747349755,0.12638792558109613,1.0,0.4443338483855196,0.5,1.0,0.8,61,2756.447902746896,27105.440109269315
14,37,1.5709869492023276,2.0889619061237616,2.0879029752453953,1.695536939736039,1.515861580500827,0.128602691114274,1.0,0.48994865986949276,0.5,1.0,0.8,62,2780.6490573798465,1314606690291.455
14,38,1.57238000859003,2.101643500626801,2.1227498436678833,1.7165768449825207,1.6259385687872705,0.13068123155311245,1.0,0.5044898113945139,0.5,1.0,0.8,63,2747.194299502601,2889006318878.1914
14,39,1.5707074439776862,2.0756674987632433,2.0701687450244335,1.7201312570067289,1.492966555280708,0.12922187792342604,1.0,0.5053506765049751,0.5,1.0,0.8,64,2734.978934943959,1314609033239.9993
14,40,1.572766787071683,2.096904421905417,2.116374378225913,1.7309077949777578,1.5159101817564853,0.13028243676918183,1.0,0.5107590238632375,0.5,1.0,0.8,65,2674.6439140460207,2889001429544.107
14,41,1.5749855895035507,2.087026695406029,2.09321620892534,1.7371834679806857,1.4880713601575875,0.12995768156656934,1.0,0.5146620206041503,0.5,1.0,0.8,66,2816.139046464496,2889001357201.26
14,42,1.5310022632563183,2.041802668959865,2.04760525070639,1.7004825515789985,1.4495179165475491,0.13184872481226326,1.0,0.45977591983676,0.5,1.0,0.8,67,2938.3462535909057,2889001423689.562
14,43,1.7797848078773684,2.3076531219887135,2.337823666027435,1.9315587676801858,1.7533174211059381,0.7375600491292534,0.5179425617016343,1.0,0.5,1.0,0.8,68,1725.9111646495628,36437295605473.12
14,44,1.5125360072400604,2.034122249894554,2.062436529204689,1.6811865504845396,1.4997359787574254,0.342612940074533,0.4527240700683133,1.0,0.5,1.0,0.8,69,1313.4946616775103,36437358345154.78
14,45,1.7002878438416216,2.2244556798033717,2.2633196019109936,1.890306038601562,1.6507877895928555,0.7300593765697597,0.4524410539441486,1.0,0.5,1.0,0.8,72,1388.189654543779,36437358025078.61
14,46,1.702163051282096,2.2219555862145386,2.259612962018887,1.8942060456803642,1.6712322053011164,0.7368819148635353,0.45357532128421213,1.0,0.5,1.0,0.8,73,1341.0186799862672,36437360638516.47
14,47,1.6423201778955512,2.1701148433966155,2.2299437778643485,1.8795504938033054,1.6014334062794298,0.7940588179408115,0.3730991116096334,1.0,0.5,1.0,0.8,78,1620.8058055825672,38196830173266.5
14,48,1.6419128128126819,2.155589249657074,2.201671646636055,1.8766029954707208,1.6012723331739276,0.7944896492522172,0.37391743704166963,1.0,0.5,1.0,0.8,79,1606.9831676852918,38196826214322.1
14,49,1.6370297133510459,2.155852424785117,2.213399054108476,1.880488592092245,1.6319047706055174,0.7912787971454673,0.3735537509235919,1.0,0.5,1.0,0.8,80,1540.3141529513146,38196871363133.766
14,50,1.6005091131594829,2.087932349357038,2.1172338522928094,1.854104733566413,1.5832793455782355,0.787803694728001,0.34288232381524003,1.0,0.5,1.0,0.8,82,1454.6583322814267,38201020809472.78
14,51,1.599035925787437,2.0939980092405346,2.135420004699251,1.8639566075756204,1.5541396081990693,0.787803694728001,0.34288232381524003,1.0,0.5,1.0,0.8,84,1427.76188638326,38201017014683.01
14,52,1.5975928377876056,2.100168812969025,2.1537292529228598,1.8994874099609538,1.5541660480663655,0.7878036946940867,0.34288232432962445,1.0,0.5,1.0,0.8,86,1374.5602600215234,38201008550797.25
14,53,1.9928255185831218,2.475889718837964,2.5144751972484407,2.2785684269314985,1.9553709594886313,0.4275520834099704,0.9214629081974524,1.0,0.5,1.0,0.8,90,1353.6055918572251,35321.8418666557
14,54,1.9878134854286627,2.4910736286169257,2.5551408220281466,2.2838870622315888,1.95222815031971,0.41601027690427805,0.9230422812620519,1.0,0.5,1.0,0.8,91,1357.485837602533,35144.66664938774
14,55,1.9892245903839023,2.462719765244005,2.499076860042467,2.30285315680446,2.004773748915869,0.42867433926741116,0.9207434441598551,1.0,0.5,1.0,0.8,92,1929.6788095269176,35386.42619524431
14,56,2.0459302906412375,2.5324562615184716,2.5926733975915486,2.367360341189645,2.0822364513577574,0.38982247801763836,1.0,1.0,0.5,1.0,0.8,93,1285.9574727063125,579961.6451604033
14,57,2.0150330858408587,2.488609863616168,2.545931608416473,2.3313713776697047,2.0860512493249175,0.3925870651749408,0.9716781878431195,1.0,0.5,1.0,0.8,94,1387.316409990226,579438.3357168108
14,58,2.015033085840858,2.499814212276637,2.5701365051692893,2.3531860930794073,1.9679726037640277,0.3925870651749412,0.9716781878431184,1.0,0.5,1.0,0.8,96,1387.3164099902276,579438.3357168108
14,59,2.0170128290579576,2.5000252091429767,2.569956923739701,2.366789730604312,1.975770973755137,0.39818027630165964,0.9713725656227842,1.0,0.5,1.0,0.8,99,1373.5702243121862,579777.4738386119
14,60,1.4566037106032848,1.9258419288003454,1.9822069073978366,1.8445657513496578,1.4165984618765874,0.7578638804919731,0.23185829093807828,1.0,0.5,1.0,0.8,103,1545.563959646012,97205094523621.36
14,61,2.0284401700577845,2.50824633416529,2.5880334375134875,2.4291879614236422,2.0387236489221614,0.3716900621432787,1.0,1.0,0.5,1.0,0.8,105,1215.2390127065055,652240.5041380601
14,62,1.4835157662799656,1.910185809461378,1.9681779162240491,1.8960889747459675,1.8086713877668263,0.3453363351161856,0.47767286938690123,1.0,0.5,1.0,0.8,106,1404.435529436606,751416.623959521
14,63,1.4236736389668427,1.844546793414482,1.9013576036526265,1.8443479850812672,1.415491236907879,0.29184887184063785,0.4791145777242788,0.9582011546853895,0.5,1.0,0.8,108,1341.9275687928755,751080.4015345972
14,64,1.4228956215767974,1.840338148788722,1.8964519818397907,1.8514873341183735,1.4056748183500458,0.2909875049172884,0.47940090603535773,0.9582080639569757,0.5,1.0,0.8,110,1371.6836920838882,751315.2149895749
14,65,2.00172716475522,2.4177188426955416,2.4950442912092745,2.446250362565591,2.1704747932314663,0.34879837024185006,1.0,1.0,0.5,1.0,0.8,111,1467.7432312464073,597059.1588908078
14,66,2.016928317009805,2.4111383269156246,2.473374344147759,2.481722156382883,2.012387571366665,0.38244134421614706,1.0,1.0,0.5,1.0,0.8,115,1592.4874520029152,602658.007395537
14,67,2.0172229395551415,2.419202437745586,2.493764191980424,2.508871541835966,2.00572351223647,0.38404234550287797,1.0,1.0,0.5,1.0,0.8,117,1567.8953211746375,603507.9742830402
14,68,2.0165118122224426,2.4036288341312053,2.4644728797453213,2.48928655222009,2.0210142494178385,0.38367803307563375,1.0,1.0,0.5,1.0,0.8,118,1480.068058054053,599555.6433862206
14,69,2.015721214102615,2.4233566647789777,2.50983199489367,2.5072076410329087,2.0063622797876697,0.38263487039524746,1.0,1.0,0.5,1.0,0.8,119,1603.6701363531986,602756.907473665
14,70,2.0083448441008644,2.420845855489078,2.5407557752922423,2.5034367847936365,2.020136444327992,0.37540233511505117,1.0,1.0,0.5,1.0,0.8,126,1411.3150066669857,282447.3364866665
14,71,2.0021153970793266,2.3488184414880093,2.423601895497132,2.4837546916239557,2.236749619617073,0.3700991136477011,1.0,1.0,0.5,1.0,0.8,127,1442.279387366562,282294.3285402992
14,72,2.0013817177593367,2.3440735137554958,2.429004111664658,2.501970276763957,2.0144012721933713,0.3715263859912508,1.0,1.0,0.5,1.0,0.8,131,1416.6395399251255,281707.48711789737
14,73,2.0001454239694936,2.353805815276024,2.4516927464639755,2.5121060771798405,1.9854553020027634,0.3690979215264319,1.0,1.0,0.5,1.0,0.8,133,1432.2569054517226,282735.07704642764
14,74,2.001252879173295,2.3720832125298985,2.494991997009495,2.53989158267916,2.006069919329894,0.3722704725230434,1.0,1.0,0.5,1.0,0.8,135,1512.8164483662308,281768.2960692013
14,75,1.9903108204714992,2.3518159259808433,2.4729845617506934,2.698965926000395,1.978032730285654,0.3520581424146279,1.0,1.0,0.5,1.0,0.8,171,1483.6486113442138,292646.46168639854
14,76,1.9882507926839499,2.3728645113726206,2.531088052327867,2.7418773347551015,1.9835187937746022,0.3496651451697101,1.0,1.0,0.5,1.0,0.8,180,1523.488534788274,294757.8667968599
14,77,1.9905284817585531,2.362375621775147,2.507309480917626,2.7267083989470056,1.9831345028905898,0.35447364374211643,1.0,1.0,0.5,1.0,0.8,182,1481.881921694045,284444.0764119406
14,78,1.9887619022629897,2.343391874342533,2.4742115380330687,2.7273535398919035,1.9992120297140836,0.3519201379855769,1.0,1.0,0.5,1.0,0.8,184,1583.7348338460904,283679.1961130816
14,79,1.9882052971286912,2.3466278959405154,2.4890834998719447,2.7392377514008333,2.003245979972192,0.3519201379855768,1.0,1.0,0.5,1.0,0.8,186,1595.5826180603267,283760.4624711008
14,80,1.9891671641903441,2.3351666312904538,2.464397272371116,2.7314494897532287,1.9861725368771832,0.3540268543503208,1.0,1.0,0.5,1.0,0.8,187,1597.3631792996937,283581.28221274214
14,81,1.9889670709853124,2.3446804185164076,2.4866373404418383,2.752562846204709,1.9806498658168412,0.35384858590946977,1.0,1.0,0.5,1.0,0.8,190,1594.387389911896,281380.6791861908
14,82,1.9885368544577007,2.37552264092732,2.5560506401779244,2.8125512536628783,1.9801778605529994,0.3533336456061712,1.0,1.0,0.5,1.0,0.8,195,1488.027597520791,282986.1377744944
15,0,0.8273831469654326,0.9576985232488611,0.9014803065204691,0.008878385824255637,0.0,0.0,0.0,0.0,0.5,1.0,0.8,1,3368.542604888486,8213.391414843176
15,1,0.8364733999523589,0.9829583104995953,0.9256981405550218,0.0430583804509121,0.05259015150876818,0.06230900095497295,0.00010561808353773999,0.00010474096353469001,0.5,1.0,0.8,3,3342.601517547411,8174.839370466012
15,2,0.7896868768967382,1.0606770474227354,1.0077092668338934,0.17239810205333214,0.5038499455923889,0.11608012971452597,0.03860758386293055,0.0650739631394484,0.5,1.0,0.8,4,2923.2399404604494,46118.28535542564
15,3,0.8295824481225007,1.1698760868615494,1.1097994360705612,0.32286952897113064,0.594735793931442,0.10170413855924991,0.207464191652388,0.051374384373826854,0.5,1.0,0.8,5,3339.172579864451,5426.904983220748
15,4,0.7649282701192266,1.1103832687914812,1.0496490720815785,0.2690045392346399,0.27038804573658265,0.10072878416806079,0.1689993470055729,0.03049863694092097,0.5,1.0,0.8,6,3219.9818159131028,5763.232747395307
15,5,0.6826994625261227,1.0890875947763476,1.0335141655490003,0.283144861120065,0.5715621157721442,0.09958111202458104,0.15665457402167943,0.06324528200564863,0.5,1.0,0.8,7,2889.8448875048043,4154.283845552472
15,6,0.6475093195660364,1.074311137725034,1.014428348656239,0.29206929095072093,0.3260095842095048,0.0705742015014639,0.1252691846336828,0.1335896553754806,0.5,1.0,0.8,10,2816.8792081072365,37909.04236678792
15,7,0.4913481677880765,0.9596691697521582,0.9202817312989813,0.2053719420475284,0.38707035269902423,0.07538109515968158,0.05567448722715531,0.08645108893791689,0.5,1.0,0.8,11,2190.701603139966,39558.00786454717
15,8,0.49427004785954043,0.9742532830929949,0.9477025243616093,0.2220214916667912,0.17020097100346773,0.07733072162516388,0.055988580544356126,0.09026056032653408,0.5,1.0,0.8,13,2198.636521431804,39179.83226142703
15,9,0.4288493651074237,0.8908357020392054,0.8365833367434085,0.17452586931131886,0.18513963619823476,0.039585948605033325,0.04052016374202166,0.06933750375772864,0.5,1.0,0.8,14,2093.687887155853,38331.39282179573
15,10,0.6124276452338419,1.063819299663727,0.9963108511182147,0.3610120333394651,0.3066798122705481,0.10176507946881479,0.1609230846481979,0.11207290940471719,0.5,1.0,0.8,16,2354.4550657140035,45703.97757069453
15,11,0.5892596170270948,1.0581827678090674,1.0005580155923561,0.36613539635865744,0.36638064088944255,0.10600122943431381,0.16206429455881313,0.10969691909108417,0.5,1.0,0.8,18,2702.4200287643616,47697.09308123511
15,12,0.5874619447713683,1.0635387096287998,0.9995377113320458,0.418454160897564,0.47546649193154955,0.08297499745472392,0.1947870027212548,0.1364203194559812,0.5,1.0,0.8,20,1884.086622877804,44315.197966601365
15,13,0.5703256747494405,1.0581915394168013,1.005961753808068,0.42197893575677115,0.3486095337254937,0.08518314061255623,0.1894098476872784,0.1300447212159792,0.5,1.0,0.8,24,1948.749068692178,44923.9584496242
15,14,0.4556400966257883,0.9436275391499623,0.8909031026633402,0.3173732550498214,0.23433111176823435,0.07236023939173325,0.11825911283396977,0.08740258801789172,0.5,1.0,0.8,26,2494.11125986829,46195.39912125577
15,15,0.42822657452161506,0.9162447844157049,0.8634028065418857,0.2987408504094482,0.20005878341279082,0.07264553375611296,0.10139393087511499,0.07493512891873869,0.5,1.0,0.8,28,2501.567275598407,45857.36021629085
15,16,0.4382751318016428,0.9262041511581841,0.8696910596695037,0.33639881696003904,0.37877902980548606,0.05293500752338444,0.13468799907463036,0.08488157037929792,0.5,1.0,0.8,29,2766.015544187833,50166.62167410158
15,17,0.42550840808075985,0.911672366618498,0.8518063708983828,0.34582712338942656,0.30256957973924464,0.05059909698964371,0.1422508302229889,0.0831966412351297,0.5,1.0,0.8,31,2546.8290081243317,46171.81423447263
15,18,0.47862455178397945,0.9532985793893011,0.8800960554003742,0.4102910753809992,0.30242211961875154,0.08194832792653019,0.13951471770511117,0.13551399058263525,0.5,1.0,0.8,32,2193.931737023216,47828.214579493615
15,19,0.4092085087850943,0.8919288759097436,0.8285798475967149,0.3476346094096677,0.36313440588293855,0.04991493218841374,0.1427702641107402,0.08371826688454764,0.5,1.0,0.8,33,2467.99418115364,45810.407725826015
15,20,1.279100511343969,1.760367659599684,1.6958822863245813,1.2173157058675443,1.1329005029180934,0.07544219270558329,1.0,0.09006854091054681,0.5,1.0,0.8,35,2365.4090048020707,45132.45843905847
15,21,0.44245286221943586,0.9219191885183606,0.8561515954339265,0.40587965761801853,0.33119881041031224,0.06801724295774132,0.1403056923930676,0.13062568403541053,0.5,1.0,0.8,36,2217.7653399257256,46568.13949360143
15,22,1.2713600735060502,1.7604827543141226,1.7067167110617967,1.2359409497734772,1.1526615858796494,0.07648995806885203,1.0,0.09220195388407444,0.5,1.0,0.8,37,2289.8543050965677,45113.91531124948
15,23,1.2628886072086947,1.7381377550930295,1.6697619734655769,1.2390233853915955,1.1763203420629553,0.06160767612730097,1.0,0.0993239166915856,0.5,1.0,0.8,38,2086.747462905285,47648.36810571245
15,24,1.2376582144829158,1.7185067469313942,1.6602365621299846,1.2354422371088656,1.1551417420830754,0.057438810687189944,1.0,0.08451522771726896,0.5,1.0,0.8,40,2164.403833617937,45945.30415015891
15,25,1.2361785457921055,1.7156463440460725,1.6567177573775278,1.239212466949788,1.1107495776027072,0.057585823717561324,1.0,0.08565344758604973,0.5,1.0,0.8,42,2198.132181887151,45374.1165444345
15,26,1.2289142581625752,1.7154772589629468,1.667697946265426,1.2529780091091476,1.1344940976330362,0.0568427736577759,1.0,0.08541326409230118,0.5,1.0,0.8,44,2118.1379883299155,45574.16285966993
15,27,1.2287938583735014,1.7264824336398126,1.6916697099313358,1.2620754938754437,1.0974477139309378,0.0568427736577759,1.0,0.08541326409230118,0.5,1.0,0.8,46,2140.1537482271974,45345.24480173785
15,28,1.2285537961717559,1.714176226533007,1.665992259399095,1.263374839435137,1.1129200360559988,0.057711948364133195,1.0,0.08619694245290782,0.5,1.0,0.8,47,2140.812664595139,45782.66855254931
15,29,1.2084682764857577,1.6802296229229445,1.6179348185141291,1.2590047415905528,1.1268410887264675,0.055555545353115056,1.0,0.06722124794415471,0.5,1.0,0.8,48,2111.4106088893086,45146.32419117032
15,30,1.264947082953895,1.7585079401165795,1.7219659686589304,1.3226533221738994,1.1490089062712467,0.06559938031674813,1.0,0.13259395756032186,0.5,1.0,0.8,49,2098.4461842203536,46142.46052964362
15,31,1.9605106600856201,2.4528119846872443,2.415748076233341,2.049377984019541,1.8378993195960138,0.07245201255848494,1.0,1.0,0.5,1.0,0.8,62,3367.7853314496447,62466.64682343488
15,32,1.946641296232853,2.4172233174461066,2.363236227587345,2.03982224287937,1.9145935123477704,0.06949270776681142,1.0,1.0,0.5,1.0,0.8,64,3241.9160415404613,64512.22639097038
15,33,1.941769183491915,2.4182639730164173,2.375454209514706,2.059167552826116,1.8724376683994584,0.07045932845842179,1.0,1.0,0.5,1.0,0.8,66,3235.078347643994,64805.071562166944
15,34,1.9351706069208519,2.4075359289745775,2.3633658734595917,2.0652325208879434,1.8600582626824889,0.06488894699146543,1.0,1.0,0.5,1.0,0.8,68,3037.188819240348,61199.6007187384
15,35,1.9280500975405155,2.4094001124124564,2.377509323652773,2.0772479263338712,1.8569613487727838,0.054632051887186284,1.0,1.0,0.5,1.0,0.8,69,3008.964949887708,63524.77421700696
15,36,1.924110910744456,2.382274171070561,2.333701182001364,2.0703233877862477,1.9828065332590115,0.06578480226379715,1.0,1.0,0.5,1.0,0.8,70,2929.2962644071986,60776.05310508944
15,37,1.9239512727632289,2.381638884541017,2.3329250611792762,2.0774418902038576,1.8359511836344886,0.06615891051137653,1.0,1.0,0.5,1.0,0.8,72,2968.112116158837,63342.71830012302
15,38,1.9135369345680895,2.4256595333048026,2.440837058479043,2.089071849084259,1.911121296055498,0.055135684643911165,1.0,1.0,0.5,1.0,0.8,73,3590.5249597957927,651100654732326.1
15,39,1.9170426169464612,2.3661961800210127,2.3150150800569973,2.0688189509121737,1.8491095775149646,0.06408688185991132,1.0,1.0,0.5,1.0,0.8,74,3036.93134477536,56965.8944633379
15,40,1.8963834422929535,2.383657928800222,2.40272409660749,2.0937970838865123,2.143881274181864,0.055135684643911165,1.0,1.0,0.5,1.0,0.8,75,3178.459818011984,651100779804639.2
15,41,1.8953678972371713,2.3917650171119345,2.4233072041059174,2.1044688282100448,1.8382275264965018,0.05506614861299217,1.0,1.0,0.5,1.0,0.8,77,3175.9114523613466,816828582186521.2
15,42,1.8950060518688314,2.390489396147821,2.4218024901869386,2.1117340703619973,1.8322680498039041,0.05519118955114449,1.0,1.0,0.5,1.0,0.8,79,3176.5565781330856,816828576367938.6
15,43,1.890886324241378,2.3649263470909636,2.3807122365886153,2.110772436367525,1.931034611955791,0.05598060234647791,1.0,1.0,0.5,1.0,0.8,80,3045.908841144874,1337794127638454.5
15,44,1.8887715401118417,2.359289249076009,2.3742222655916905,2.1169829237924382,1.8447250247413998,0.05466715707426408,1.0,1.0,0.5,1.0,0.8,82,3046.632245233238,1337794109151045.8
15,45,1.886427914370408,2.3531354794130817,2.3671544535553086,2.1266644850636576,1.863795474157005,0.053033975551221565,1.0,1.0,0.5,1.0,0.8,83,3021.324815692308,986861468219237.0
15,46,1.8883490077040637,2.3543311038585113,2.368176954950208,2.1410922482755943,1.8293658278198914,0.057447054081649164,1.0,1.0,0.5,1.0,0.8,94,3016.957695541044,1484513534458434.8
15,47,1.8816783465040046,2.353552838329926,2.3791393252480972,2.166825313118851,1.8756855464972924,0.04819573963045989,1.0,1.0,0.5,1.0,0.8,95,3150.25133872215,1484513349419829.5
15,48,1.8827728388146356,2.3545944865839674,2.380170486665299,2.150211629709773,1.8254141054061572,0.05040110500059567,1.0,1.0,0.5,1.0,0.8,96,2973.5309295653124,1484513599408392.5
15,49,1.879267540101482,2.346420256334677,2.37090288207827,2.1588284576539714,1.8680438467046958,0.04682132101653872,1.0,1.0,0.5,1.0,0.8,97,3165.41595510705,1484513424530229.5
15,50,1.8783326878521132,2.341181535888288,2.3646569596693983,2.158953537551779,1.8662408405510882,0.04810591593832044,1.0,1.0,0.5,1.0,0.8,98,3231.893570748024,1484513449304015.8
15,51,1.8774215199953705,2.33682223917965,2.359514694577563,2.202344166527142,1.8304210425786596,0.04853120349877496,1.0,1.0,0.5,1.0,0.8,103,3030.016640614242,1484513443632672.8
15,52,1.873192869125955,2.3219262880800176,2.342199790465523,2.2035221442598005,1.9221492892043732,0.04698883980142262,1.0,1.0,0.5,1.0,0.8,104,2900.8960751400045,1484513452826714.2
15,53,1.8731028363655082,2.3327500691117304,2.365958893187255,2.2253826321138126,1.824821267686638,0.0469888398014226,1.0,1.0,0.5,1.0,0.8,106,2883.236898406712,1484513460553493.5
15,54,1.8732400178130437,2.327537012870094,2.35955061957703,2.230657406717695,1.849671662242562,0.050521660720097575,1.0,1.0,0.5,1.0,0.8,108,3048.024741197852,1484513499444346.5
15,55,1.873046210708062,2.3040717665086774,2.30989322789095,2.2382753257166375,1.8260925687003475,0.05064033704425912,1.0,1.0,0.5,1.0,0.8,118,2190.33322982556,1484517494332789.2
15,56,1.8697850805698568,2.295877814674899,2.300609051016589,2.257975834117281,1.8457201202768516,0.046983839566396804,1.0,1.0,0.5,1.0,0.8,120,2130.8012726513816,1484516915618988.5
15,57,1.869453861438878,2.293953413431673,2.298334398426925,2.269048034495432,1.8307580714689033,0.047225540712306106,1.0,1.0,0.5,1.0,0.8,122,2146.2632481441183,1484516940149761.2
15,58,1.8696889837391863,2.2901176965193013,2.29360794589682,2.2772554436097394,1.861303448738759,0.04995697259941907,1.0,1.0,0.5,1.0,0.8,123,2263.500710399142,1484517685059559.2
15,59,1.867490285253796,2.3059120289784056,2.3344433278089642,2.2870527044897524,1.8631134873136124,0.047938404339174616,1.0,1.0,0.5,1.0,0.8,124,2857.378567053273,1484520106041980.8
15,60,1.8656769091349896,2.3309238439792743,2.4076086394116083,2.2715984709049613,1.9836034507217404,0.05327423101197121,1.0,1.0,0.5,1.0,0.8,125,3538.552996603185,14318707.559040274
15,61,1.8649928157729314,2.3264974612167535,2.4023933122967387,2.279006460991402,1.8429046200694952,0.05363475817053472,1.0,1.0,0.5,1.0,0.8,127,3513.105155031732,14318292.98500728
15,62,1.8640362505865646,2.3458697069061953,2.447329593595186,2.3151830156721362,1.8441658830345031,0.05266481204281942,1.0,1.0,0.5,1.0,0.8,128,3508.864948015362,14317815.93452369
15,63,1.8635654394650631,2.342484319138494,2.443333868722884,2.322832559649113,1.8389674621759506,0.05302258450770695,1.0,1.0,0.5,1.0,0.8,130,3483.3505920666817,14317399.748443255
15,64,1.8634980297786485,2.3309045317930517,2.418689345828138,2.296786467299477,1.8278148691642615,0.0530225845077069,1.0,1.0,0.5,1.0,0.8,132,3476.87852888123,14317760.656584289
15,65,1.8631465256846953,2.2632477499468386,2.283687567290821,2.3244478673160573,1.8603841300354245,0.05710584847806751,1.0,1.0,0.5,1.0,0.8,135,3221.0055363039205,1.2525928192291344e+36
15,66,1.859947775050758,2.2783461287379847,2.323940909703487,2.348521927866523,1.8376850470529251,0.052367318371491264,1.0,1.0,0.5,1.0,0.8,138,3114.092460672212,435042084776164.3
15,67,1.8624663319063268,2.3357127101805135,2.4460694076268235,2.366534128140901,1.8338538717528257,0.057870049352467236,1.0,1.0,0.5,1.0,0.8,140,3341.567865370534,14318210.406735158
15,68,1.8582634972973402,2.2709878446915797,2.3154209671184365,2.369968616519972,1.863151676499413,0.05121749044596182,1.0,1.0,0.5,1.0,0.8,141,3165.729377163449,6.194368539097174e+36
15,69,1.8608186197170997,2.317737825216015,2.4140459400356935,2.346208214948855,1.8300141400403156,0.05656629468293282,1.0,1.0,0.5,1.0,0.8,144,3342.445497787002,14316189.292701757
15,70,1.8602180459048778,2.327335905584328,2.4364395985123206,2.3719669306659172,1.8320561646966502,0.055748632916061545,1.0,1.0,0.5,1.0,0.8,146,3350.786802069037,14314387.975224923
15,71,1.8525068306326804,2.3046649335468343,2.432284001794018,2.3897658218398643,1.9282681106156798,0.053009405557114565,1.0,1.0,0.5,1.0,0.8,149,3529.802957891226,14325739.164199805
15,72,1.8502836630891297,2.341380703941975,2.5306559070137693,2.439300517744818,1.8949776062682449,0.05348035330472143,1.0,1.0,0.5,1.0,0.8,151,3277.170659225392,14325023.410882857
15,73,1.8499793080246139,2.307049478860379,2.45724219054466,2.427360131565254,1.8281588082199958,0.05298635304222149,1.0,1.0,0.5,1.0,0.8,153,3515.00538165028,14325315.54783018
15,74,1.8484044862710978,2.3502645488963205,2.5632824071519336,2.4813214384342004,1.870795674241565,0.05280675487402435,1.0,1.0,0.5,1.0,0.8,155,3253.0062762415578,14317426.929726971
15,75,1.8470211174786069,2.3198511548429925,2.5164430606306385,2.4645033056265655,1.8971327046525757,0.054390322446797625,1.0,1.0,0.5,1.0,0.8,157,3427.363612087998,14315224.474353423
15,76,1.846739670757692,2.2509367696953495,2.3692562794353753,2.416914706422788,1.830788436009462,0.05415709475743319,1.0,1.0,0.5,1.0,0.8,160,3221.010912417739,14290536.489455452
15,77,1.8462639410885981,2.2462249800059793,2.3637375278056423,2.4164654763568745,1.843361933524989,0.05415709475743319,1.0,1.0,0.5,1.0,0.8,162,3164.09806914482,14294124.807157282
15,78,1.8452384213456086,2.276183770654481,2.4321967285489157,2.470392914985171,1.8367430492831858,0.05270310245601654,1.0,1.0,0.5,1.0,0.8,164,3251.1974873107333,14289708.726968495
15,79,1.845036621406011,2.248537096487245,2.3775931376229513,2.4388103741354863,1.8653314602987299,0.053388414296107745,1.0,1.0,0.5,1.0,0.8,165,3193.9696779849373,14291729.520041356
15,80,1.8453560047328785,2.253975739988808,2.394879742361039,2.4748529718439833,1.8746592925893995,0.05531603632611585,1.0,1.0,0.5,1.0,0.8,166,3100.840601841836,14296363.225343153
15,81,1.8441547731797234,2.246896301916955,2.3866906260778906,2.473573537740316,1.8723198329601431,0.05411868498320384,1.0,1.0,0.5,1.0,0.8,167,3110.037238302344,14291289.775771746
15,82,1.8432141613577926,2.2738115502627956,2.451523554339409,2.544562494102223,1.8340592494740826,0.05338132297044781,1.0,1.0,0.5,1.0,0.8,173,3158.04304989647,14288893.738234255
15,83,1.8437335542602733,2.2626991945284134,2.427330376458377,2.496789350211471,1.8280687656929773,0.05450356360546933,1.0,1.0,0.5,1.0,0.8,177,3160.9353135524298,14290895.742394438
15,84,1.839769940015666,2.2490289779199397,2.411839775000945,2.505000335533226,1.898461136488997,0.048422260442721736,1.0,1.0,0.5,1.0,0.8,178,3142.582838700493,21747248.22625138
15,85,1.8394706734331163,2.2479179232624205,2.410576790060799,2.500687896025978,1.8301939755333725,0.047974081817702005,1.0,1.0,0.5,1.0,0.8,179,3071.5498670610264,21732412.297882013
15,86,1.8422678815388596,2.193892156202989,2.3023086780788127,2.5188703946672906,1.9193917157200768,0.055718711505336346,1.0,1.0,0.5,1.0,0.8,180,3306.8941585694656,17498456.22675129
15,87,1.8414076405296689,2.2290641107786975,2.3878514945264273,2.513493217948943,1.894079827072636,0.05547980595224087,1.0,1.0,0.5,1.0,0.8,181,3329.167921242867,17505717.262210324
15,88,1.8403959761775708,2.1793061333707446,2.285363223527029,2.524675622366628,1.8567673264157083,0.05410003570650688,1.0,1.0,0.5,1.0,0.8,182,3334.145624422066,15994833.195729798
15,89,1.840556490384163,2.169607715919777,2.27384309938968,2.5404154158754215,1.9023103911668318,0.05597805961970759,1.0,1.0,0.5,1.0,0.8,183,3340.2472594385654,17539334.644743856
15,90,1.8404943469126491,2.16924631592011,2.273426545700789,2.5482352077111736,1.8290754563721334,0.05589979688920251,1.0,1.0,0.5,1.0,0.8,185,3352.2272646865395,17535693.19785607
15,91,1.8365096761403321,2.2080195601591157,2.3747623448881097,2.5511386065976414,1.845357258458832,0.04989989428439595,1.0,1.0,0.5,1.0,0.8,191,3403.2890793457686,16366837.870774578
15,92,1.8364649990374342,2.204840893788437,2.3710087794679726,2.5588518010212864,1.8309800559849152,0.05025669088559779,1.0,1.0,0.5,1.0,0.8,195,3372.9299261932247,16368111.604493609
15,93,1.8343152962344278,2.201251598357869,2.3781066685662373,2.5779906146250378,1.8586230626693114,0.04768525926064307,1.0,1.0,0.5,1.0,0.8,197,3314.758956178784,21732175.81604992
15,94,1.8354301153724164,2.1885747712830073,2.3519569777653486,2.5808883625489134,1.8796488519904335,0.05025699436569594,1.0,1.0,0.5,1.0,0.8,198,3391.578573033542,15825129.129988324
15,95,1.8352935679872906,2.1837149678407943,2.3462342027453285,2.5963127269792503,1.8407467016770984,0.050615078157236,1.0,1.0,0.5,1.0,0.8,200,3405.2726760333085,15830535.917431053
16,0,0.9354642426978547,0.9851284565341248,0.9336077912775809,0.011411981210888222,0.0,0.0,0.0,0.0,0.5,1.0,0.8,1,2070.5566563444672,6933.691568460121
16,1,0.9314649605334858,1.0077318096898074,0.9547411024293185,0.04519419393395457,0.06107812187377688,0.0620270319284935,0.00010064936599677,9.166258945734e-05,0.5,1.0,0.8,3,1866.229217607382,7653.741089204409
16,2,0.9103682262896677,0.9982378633375595,0.9446054878756187,0.041441379329945384,0.05225104915779699,0.02048412559105747,0.01453053970713597,0.0008343362701976701,0.5,1.0,0.8,4,2043.0701067656355,6518.057394978125
16,3,1.6412776158142803,1.9094950964657023,1.842744862411404,1.023661135371509,1.547632453210516,0.00539817212518247,1.0,0.013244895786152188,0.5,1.0,0.8,5,2084.623694761413,35156022.36515744
16,4,0.764695978208145,1.0857814934841523,1.0421121684198726,0.21163680563082665,0.22503487344457784,0.07482986646963155,0.08623411379854069,0.07571960473602805,0.5,1.0,0.8,8,970.2182710990484,6078.066978266657
16,5,0.7694475379297636,1.0919227721016365,1.0481105643728374,0.2185365632696368,0.19717279351623293,0.07481758771484198,0.09036621686294488,0.07928141992916682,0.5,1.0,0.8,9,969.8508977864624,6028.655495627337
16,6,0.6347777007805254,1.037691350032449,0.997690479000396,0.21403279851181206,0.5508612059563044,0.07780605889445061,0.06895889933397706,0.0894501116255608,0.5,1.0,0.8,10,851.8073871855888,57427.1991474644
16,7,0.6375678251194433,1.0406418198021707,1.0006141303589717,0.21712519097428393,0.1836117904326425,0.07704354395516272,0.07101015361210058,0.09124667122085188,0.5,1.0,0.8,11,852.7496143385579,57344.46800296349
16,8,0.6321348408738927,1.0475861083801257,1.020361539828775,0.22041962218791705,0.1873807852616156,0.07780605889445061,0.06895889933397706,0.0894501116255608,0.5,1.0,0.8,12,820.1653667364378,57744.294730828864
16,9,0.5749791293117302,0.9839795325401524,0.9429568639324669,0.17642358465249747,0.1643013590191014,0.07579543479934835,0.04603888695722446,0.059674693258182886,0.5,1.0,0.8,13,814.8347690167998,56820.41022986921
16,10,0.814860105869913,1.2535005229311924,1.2371815120821001,0.4504683094411213,0.40394904414519905,0.07280741245345282,0.2378130915942001,0.14018455763856774,0.5,1.0,0.8,16,1795.5940139428542,24700.01221158496
16,11,0.6869680051590825,1.131148349389365,1.113776808806694,0.3411195852096362,0.291621769833731,0.07343117522213356,0.1585965113904877,0.09355794461162588,0.5,1.0,0.8,18,1778.5440261554645,24840.72537431295
16,12,0.7129823447760284,1.1932755027476771,1.18326972521962,0.4286633332611467,0.5856028943840876,0.0701944941218279,0.2244940508243975,0.11798952872747973,0.5,1.0,0.8,19,1397.1621295254995,28684.761724169814
16,13,0.6394237382985288,1.1215176545871286,1.110883743278698,0.3630572581749877,0.3096898298850332,0.07912323433924391,0.16365152071644976,0.1033504079745378,0.5,1.0,0.8,20,1700.1474962946377,26727.85096158008
16,14,0.675640519243549,1.176448313387094,1.176455287324887,0.42591268680312944,0.43963334088416944,0.07233755707200346,0.2143417108327747,0.1161104543454384,0.5,1.0,0.8,21,1515.2629216331147,27392.731347696885
16,15,0.6756405234958334,1.1764483160006034,1.1764552899383964,0.4259126894192107,0.3433994882848117,0.07233755646543003,0.2143417135598748,0.11611045458255846,0.5,1.0,0.8,22,1515.2629162967096,27392.731312391104
16,16,0.6791321783683597,1.1818357921125877,1.181174098258649,0.4408037004421644,0.37997206577924403,0.07421803861585742,0.21764848543786802,0.12241665095328265,0.5,1.0,0.8,23,1494.3460341380426,28533.617609998928
16,17,0.5919222538958882,1.0966363344519623,1.0952316091052983,0.3704893673793848,0.28703854938586926,0.07281091641362837,0.16195435246846196,0.09183809081101256,0.5,1.0,0.8,25,1428.5992664950531,28533.37932667864
16,18,0.5721044824814037,1.0952311109649744,1.1036166894134822,0.37988743652309015,0.3433999063714263,0.08021366447921133,0.16310780428784072,0.09343853186972334,0.5,1.0,0.8,27,1365.746054266239,104231.37532758217
16,19,0.5699949111549939,1.0936271192789913,1.101738042238919,0.38590691378424324,0.2890989798517087,0.08021366447921122,0.16310780428783941,0.09343853186972369,0.5,1.0,0.8,28,1403.6591731256417,103789.52629873928
16,20,0.5194722971768523,1.043590881025168,1.0514444913154437,0.3423376433317136,0.24000307481749505,0.07819148218439478,0.13050653101853485,0.07478673782216472,0.5,1.0,0.8,29,1372.085531635376,104118.81326946228
16,21,0.5195457505744927,1.0437404557718932,1.0515526261551407,0.3427073586999046,0.23152103015866848,0.07896528986551336,0.13050707397983946,0.0747920054364849,0.5,1.0,0.8,30,1338.4808367805483,104089.635331044
16,22,1.8527850151716563,2.3684115434892727,2.361614815777221,1.7122010243621064,1.6406549905257877,0.056947530968432566,1.0,0.683270112779407,0.5,1.0,0.8,31,1707.45317605911,44282253648.23396
16,23,1.7614364134784395,2.279489467953435,2.270840430810723,1.638583818081071,1.5347437319125719,0.04845583004327033,1.0,0.5909455820758549,0.5,1.0,0.8,33,1552.4345413930482,44281570513.1209
16,24,1.758515245021537,2.2773039727922395,2.2680445329290837,1.646017366614096,1.5236881726466993,0.052439821152233314,1.0,0.5901790611814397,0.5,1.0,0.8,34,1545.101143801298,44281598468.03072
16,25,1.8263763134254667,2.3459140425089835,2.335811527881234,1.7197809042697711,1.605938322201082,0.04933536566765806,1.0,0.6840351696038331,0.5,1.0,0.8,35,1707.154899323669,44281672666.66299
16,26,1.7140820241921266,2.258516355250287,2.2684729486955977,1.6376264480280252,1.7404389552115103,0.051028108997591956,1.0,0.5890891455217784,0.5,1.0,0.8,36,1553.316165751993,44286355846.60079
16,27,1.5204738773724558,2.0408195454971967,2.0207322659343845,1.4911584411498464,1.3578547605088553,0.04463308975983264,0.9252015759702203,0.4719835138084064,0.5,1.0,0.8,41,1529.853937199225,44282502334.70042
16,28,1.5175662137993569,2.048679822810639,2.0410202906101405,1.5137579903062561,1.3366344139659896,0.04463308975983275,0.9252015759702198,0.47198351380840703,0.5,1.0,0.8,43,1557.6380045919436,44282255193.79629
16,29,1.513523859113726,2.0438892655811687,2.0352913350917805,1.5172164261313488,1.3640560224932576,0.052781484442853875,0.924161355684998,0.46905212296247073,0.5,1.0,0.8,44,1581.084976373481,44281689959.15524
16,30,1.4966218872005685,2.024178501625345,2.012841814224991,1.5015035424837035,1.433904661524852,0.04655417096126207,0.9239381956202305,0.4685745337159529,0.5,1.0,0.8,45,1243.4565527977516,44281067191.56736
16,31,1.485472742014002,2.0093102625470296,1.9952527979086327,1.5115861230305678,1.3785102504174755,0.04523711808243364,0.9244954737878308,0.46997506553863905,0.5,1.0,0.8,47,1251.789913456331,44281960724.229324
16,32,1.4823482582798373,2.0050984613400176,1.9903419452598352,1.5110819561246875,1.3514867559753039,0.04325414352030657,0.9250098280742496,0.4704089608080902,0.5,1.0,0.8,48,1266.6695742609854,44279204374.91906
16,33,1.478654021770843,2.0003352777477676,1.9849261028250007,1.5191417224878132,1.3353047948590702,0.04429535774753618,0.9241205414831365,0.46967997832181296,0.5,1.0,0.8,50,1265.8478840805133,44279678460.39162
16,34,1.3723559676198156,1.8971372562081494,1.8904397755027411,1.4361959406238938,1.4076946217727353,0.04584645125583518,0.8644915529567243,0.431547898759377,0.5,1.0,0.8,51,1843.1270120470235,44282177933.998825
16,35,1.4755586530285387,1.9933625224064473,1.9835759798601513,1.552860465822965,1.4727611506406064,0.05016042963289624,0.9416099992723865,0.47528095547056903,0.5,1.0,0.8,52,1617.5196053214422,44281734740.9988
16,36,1.471728654994949,1.9872294034579943,1.976498721416275,1.5550907387029336,1.3655495594141378,0.04962708145972649,0.941309457164874,0.4752153815310939,0.5,1.0,0.8,54,1626.5979590988911,44281321091.19898
16,37,1.3490449041178145,1.8597313749556936,1.8471218238995024,1.4437103937942857,1.2680809282513146,0.04993703958664138,0.8618747069598914,0.4286571418019724,0.5,1.0,0.8,56,1600.893507701246,44282049934.75506
16,38,1.3462555477277454,1.8549960569447066,1.841657990542722,1.4530238906819406,1.2441425712652285,0.04941734400870529,0.8617289061697282,0.428561846362018,0.5,1.0,0.8,58,1612.1212974545529,44281636289.39056
16,39,2.1134044526249687,2.6071978840950267,2.5887095488402863,2.238782590417781,2.221667378967581,0.42312488858046926,1.0,1.0,0.5,1.0,0.8,59,7584.504205529047,44280000078.0182
16,40,2.1066389807438335,2.596837573374713,2.5772026669664103,2.237935407703188,2.031286862143122,0.4157942297113733,1.0,1.0,0.5,1.0,0.8,61,7568.7220478886975,44279895458.46147
16,41,2.0980012505041987,2.5840151119273207,2.5630807325713176,2.2382565827073133,2.055676843655806,0.4053251676136359,1.0,1.0,0.5,1.0,0.8,62,7400.262463818901,44279562621.193375
16,42,2.1034403535108743,2.5873726295778603,2.565806005847157,2.2588390745184834,2.0225696134375664,0.41942348845626576,1.0,1.0,0.5,1.0,0.8,64,7683.037222893168,44279875278.22478
16,43,2.089756802647207,2.574801472845678,2.5632691936220877,2.247323336544312,2.1242424239839215,0.4065133639866401,1.0,1.0,0.5,1.0,0.8,65,7762.987421576741,44286677573.676834
16,44,1.4033581810182627,1.8704842397114807,1.8540162527746764,1.5895450729455702,1.3682017421252137,0.04343517448715306,1.0,0.3825519596267784,0.5,1.0,0.8,70,8293.808964141557,44280532125.28719
16,45,2.0803724967053734,2.5380111895912076,2.519061344289354,2.2772521667609755,2.060968316035992,0.41955655483078874,1.0,1.0,0.5,1.0,0.8,72,8353.601701709782,44281139836.93551
16,46,2.074863115291592,2.527552350494018,2.507341969922672,2.2835283665181203,2.032585568126876,0.4133592872254551,1.0,1.0,0.5,1.0,0.8,74,8251.577589544248,44280859833.51979
16,47,2.0726146370738703,2.531312892076288,2.5228284897384596,2.292904297965306,2.0316404055374004,0.4133592872254551,1.0,1.0,0.5,1.0,0.8,76,8368.434509311246,44280684132.98273
16,48,2.068957207098654,2.510289117719222,2.487293798335611,2.2986788167928793,2.066795251333046,0.4113581896455245,1.0,1.0,0.5,1.0,0.8,77,8709.421877387585,44280539919.41516
16,49,2.0632233778554694,2.499092765456777,2.474774821666144,2.3015702445483557,2.0291755651528316,0.40441078643112166,1.0,1.0,0.5,1.0,0.8,79,8686.771629351992,44280435290.58875
16,50,2.057154182056272,2.5093161332591354,2.5095400808119996,2.3105739448120337,2.0580573921831555,0.39708258179871875,1.0,1.0,0.5,1.0,0.8,80,21937.26305843838,44281488729.71985
16,51,2.055330728107701,2.5009116191100196,2.4995886448787505,2.321177880547814,2.0307128630099687,0.398338719295732,1.0,1.0,0.5,1.0,0.8,82,21846.726291709147,44281309189.49317
16,52,2.056666039333879,2.4904538078809644,2.475992819656187,2.3229912016803924,2.0063219623161817,0.4014354439149579,1.0,1.0,0.5,1.0,0.8,83,10496.329232405033,44281333611.32204
16,53,2.0519805780625786,2.4921234888950226,2.4895392287949916,2.3262819671123633,2.043586677138604,0.3954927854127669,1.0,1.0,0.5,1.0,0.8,84,21808.26304338544,44281221739.03847
16,54,2.0553632259168673,2.5140828480644983,2.536618836429364,2.3441387850070994,2.0204265171118854,0.40487935104425565,1.0,1.0,0.5,1.0,0.8,86,18530.381934735546,44280643638.57564
16,55,2.054000423102206,2.5110715841495193,2.533231267206446,2.3467837101996674,2.0092845153111814,0.40325164417782944,1.0,1.0,0.5,1.0,0.8,88,18553.222166116582,44280288411.90244
16,56,2.051859009781925,2.485087990137262,2.4809201380410904,2.3420566364996604,2.0132857175172356,0.39991504953364393,1.0,1.0,0.5,1.0,0.8,89,18429.4004747394,44280504296.14715
16,57,2.0500955610845217,2.4829620630574274,2.478712095596844,2.3439640054480666,2.0016216802939737,0.3966223078615426,1.0,1.0,0.5,1.0,0.8,90,18301.44408502205,44280482042.63629
16,58,2.0476125003837176,2.489467928028997,2.508205449324052,2.357983834547377,2.1230939967611806,0.40001008768878804,1.0,1.0,0.5,1.0,0.8,91,15159.509884250549,44281774179.831314
16,59,2.03910144423985,2.465403827106875,2.470181235135523,2.346885511491032,2.031692349896546,0.3854969834034666,1.0,1.0,0.5,1.0,0.8,92,18654.24290837897,44280001063.38826
16,60,2.0364700051025766,2.4579619457858755,2.4722574646168267,2.3646694221843463,2.065444405611248,0.38887294449091125,1.0,1.0,0.5,1.0,0.8,94,18447.620980732376,44280119213.49325
16,61,2.0363653702996727,2.4576783680649923,2.47193544098967,2.3716187945225586,1.9951660746977131,0.3887547425950186,1.0,1.0,0.5,1.0,0.8,96,18451.40165214183,44281011013.20356
16,62,2.028530311952259,2.4382045290830936,2.439367804645837,2.364142035112169,1.9904556150141273,0.3733054915414204,1.0,1.0,0.5,1.0,0.8,97,18471.30420325044,44280995000.09118
16,63,2.0343201350903124,2.4482964242975718,2.460985629465188,2.3816257251526087,2.0542868004362855,0.3883015262978724,1.0,1.0,0.5,1.0,0.8,98,18536.247260321976,44279881098.54181
16,64,2.0341695156486352,2.4466681631593437,2.459043462749352,2.3890458197172055,2.000758258180347,0.38871083110847887,1.0,1.0,0.5,1.0,0.8,100,18498.53171562137,44278892289.59096
16,65,2.034094973642711,2.4689376746878375,2.5073002254486614,2.4032151062201708,1.994574089693973,0.3885928244992295,1.0,1.0,0.5,1.0,0.8,102,18584.41744365855,44279694533.20055
16,66,2.0302919663650587,2.4463765637864983,2.480805217915967,2.4092926827110146,2.048183096560497,0.3894122618158344,1.0,1.0,0.5,1.0,0.8,105,18950.538461395616,44280176480.19661
16,67,1.8549389166226957,2.268376323950931,2.302257042524146,2.3405304006900307,1.820837689769066,0.03981304591644775,1.0,1.0,0.5,1.0,0.8,129,1573.1024325294356,44279759580.24877
16,68,1.8534210731540772,2.2477782731436857,2.267036949259542,2.3423117451053983,1.8530421807945432,0.0399606762838708,1.0,1.0,0.5,1.0,0.8,131,1606.8085194563043,44280068084.87932
16,69,1.853068663094919,2.25755465648081,2.289593431442861,2.3504627461881205,1.8288257650687667,0.03967810769829776,1.0,1.0,0.5,1.0,0.8,132,1938.92875916864,44279995892.53858
16,70,1.851599924888243,2.238810235221359,2.2566089402283573,2.3495012042072325,1.870154999499208,0.03907457729485795,1.0,1.0,0.5,1.0,0.8,133,1533.1002647757043,44280095768.27287
16,71,1.8476791849345504,2.2730159973641104,2.3414599590862446,2.3865607129361077,1.8721092228637666,0.03369701315181436,1.0,1.0,0.5,1.0,0.8,134,1595.355059383013,44281247429.37764
16,72,1.848938445876971,2.248390351044365,2.290131638846484,2.3716217329428573,1.8473545753688352,0.03745745767276046,1.0,1.0,0.5,1.0,0.8,135,1612.4681736246932,44279592871.70964
16,73,1.8469607120678286,2.2364015860223434,2.276134680631266,2.3860284093348616,1.8594154714257773,0.036933219833621675,1.0,1.0,0.5,1.0,0.8,137,1716.7120310086225,44279340749.73427
16,74,1.8449895010317572,2.2337463038074787,2.273342491721033,2.391601213841593,1.822279363103222,0.03322151814608934,1.0,1.0,0.5,1.0,0.8,138,1633.7486591919806,44279497213.558624
16,75,1.845764716517923,2.2318267409661745,2.270885995996967,2.4000173998803485,1.839645351729164,0.03565303913353611,1.0,1.0,0.5,1.0,0.8,139,1664.4521258673165,44279149258.43882
16,76,1.8420764950128166,2.19987367177435,2.222557344481002,2.3924765618196435,1.9546445377399215,0.03356811175335256,1.0,1.0,0.5,1.0,0.8,140,1653.5567843321448,44279859481.42424
16,77,1.8421415187473036,2.194135399273639,2.226498902886273,2.401591299707074,1.8870160874773716,0.03846623267603931,1.0,1.0,0.5,1.0,0.8,142,1572.088478732952,44281161868.59726
16,78,1.841934228313515,2.1932822767174804,2.2255195675334543,2.412655260895364,1.8218299483372198,0.03823404600718242,1.0,1.0,0.5,1.0,0.8,144,1582.7952320386055,44280301800.30817
16,79,1.5698793530029955,1.9083995079090736,1.9273235115961151,2.146965466549486,1.5502951308452357,0.041072716716046995,1.0,0.6584103993118124,0.5,1.0,0.8,148,2162.74020333523,44277433919.0616
16,80,1.839581433761009,2.140327572738701,2.152015558012498,2.4233112021762953,1.9689940211247552,0.04288825340790337,1.0,1.0,0.5,1.0,0.8,150,2984.767345812096,44277983843.00337
16,81,1.8373136378031343,2.144907968969946,2.1796600778026107,2.4498750483188694,1.8447226673260066,0.04153231760653639,1.0,1.0,0.5,1.0,0.8,155,2766.528801551487,44279248760.4268
16,82,1.8364324608664093,2.122923233610902,2.1428178049060964,2.447554621992444,1.8965899878338803,0.04165877010474003,1.0,1.0,0.5,1.0,0.8,156,2752.7212772869148,44279294867.85837
16,83,1.8360213359521436,2.1319168538486832,2.1644752406424734,2.4560139174919335,1.8343113898909043,0.041169161564013464,1.0,1.0,0.5,1.0,0.8,157,2733.5382098963805,44275531805.43376
16,84,1.8351636552084467,2.1137364128416527,2.1321515303385095,2.4588467691825904,1.8669155451925457,0.04056214666671164,1.0,1.0,0.5,1.0,0.8,158,2712.5740171241346,44278691781.97804
16,85,1.8348876519452357,2.122869211510892,2.1539499978488106,2.4673837132912757,1.8338371920700502,0.040329011495423325,1.0,1.0,0.5,1.0,0.8,159,2911.0957142288016,44278326819.53951
16,86,1.8349639513920701,2.105628465889927,2.1225711685676867,2.4622914332099937,1.8671177340564349,0.04154154969277593,1.0,1.0,0.5,1.0,0.8,160,2762.9503037108675,44278695632.6017
16,87,1.8344148997388277,2.0994260855266536,2.1153191748233886,2.4654019379922953,1.86350221219656,0.04139496460947326,1.0,1.0,0.5,1.0,0.8,161,2822.554274368236,44279779759.88183
16,88,1.8338555823177873,2.0952215570258934,2.110439134581166,2.46852560355057,1.8479888549897043,0.04087490700658451,1.0,1.0,0.5,1.0,0.8,162,2904.567137807216,44279511242.31611
16,89,1.8338009049658106,2.1056967408451017,2.133789909917641,2.488690871059383,1.8229787853469788,0.04087490700658451,1.0,1.0,0.5,1.0,0.8,164,2937.432222052342,44279437654.71359
16,90,1.8331118550934833,2.0853592628692916,2.098891158602597,2.4863361804075206,1.884088507340192,0.040836230724301044,1.0,1.0,0.5,1.0,0.8,165,2739.687800589013,44281899414.17809
17,0,0.8897307853725902,0.9739135080565021,0.9204722214676397,0.010369306319299719,0.0,0.0,0.0,0.0,0.5,1.0,0.8,1,2543.4991128771626,8476.759457379796
17,1,0.8955536926536503,0.9950691727765929,0.9407347657224867,0.039656265440616956,0.04458460014417664,0.0523999204655886,0.00010241048510978,8.593246390473e-05,0.5,1.0,0.8,3,2460.077610546137,8339.60696047634
17,2,0.8581530089878503,1.0939234010058507,1.043987685440547,0.189576588141801,0.5151778641931419,0.11529221795857406,0.04020100536183468,0.08300160807713548,0.5,1.0,0.8,4,2108.9348473544446,44480.06525560314
17,3,0.7792230197992043,1.1006059948164144,1.0426262515558065,0.23894038345619678,0.38292101807208256,0.06374684467450842,0.11189053042849709,0.09267195886244114,0.5,1.0,0.8,6,1654.788340080963,6294.046840107911
17,4,0.5972540985259436,1.0014820383221454,0.9463085576339934,0.19427107395806326,0.37392358684560584,0.07554417086297163,0.06605667191631344,0.07908957845867201,0.5,1.0,0.8,8,995.5943639629908,40688.7210483842
17,5,0.5442419829390521,0.9526873359332924,0.8967246261827233,0.15996627825539605,0.13900772659599223,0.07329865328058548,0.04405889624831802,0.05275752723974506,0.5,1.0,0.8,10,989.7415127347006,40346.859165309885
17,6,0.5429709886186888,0.9542602751992176,0.8977473208750678,0.16598525652711438,0.15017849129600336,0.07562183167479211,0.04651074274012323,0.05422351081169199,0.5,1.0,0.8,11,979.3761458007086,40478.10487061735
17,7,0.47583292296216684,0.9191607371808898,0.8709423530447336,0.15660066617307597,0.2048179323330747,0.057450319728873725,0.036155898457257155,0.05499272559698851,0.5,1.0,0.8,13,3826.42392733535,21680.34538565628
17,8,0.5011651030172967,0.9559724514496479,0.920682168845137,0.18259163515169868,0.1378562188548897,0.058223592048041305,0.0473091519538773,0.07310535174682464,0.5,1.0,0.8,14,3763.49024529275,21500.502515045933
17,9,0.6418708829954879,1.092228075428464,1.0254655368131398,0.3703180955104932,0.5524779731631242,0.054708458684493824,0.10088701003959173,0.2465952002411001,0.5,1.0,0.8,15,951.1676218842372,39297.49542909666
17,10,0.5818773072846711,1.0322423961120653,0.9654533099452882,0.3202304100012838,0.26608367111692066,0.054166250888479685,0.08073168631881444,0.19733932583493868,0.5,1.0,0.8,17,917.3383477573786,39085.78366057213
17,11,2.1294333566747,2.586243918287785,2.5161544758190435,1.8971314564757271,1.9702397507558205,0.07791857595983213,1.0,1.0,0.5,1.0,0.8,18,3280.363441368133,239796.6035089641
17,12,2.111863910459777,2.5828206188004454,2.5239160575046466,1.9051285150307333,1.8718505885610763,0.06986701712554899,1.0,1.0,0.5,1.0,0.8,20,3200.8627241919885,238225.0414145213
17,13,2.1037212634366513,2.5761132823963093,2.516159923934598,1.9116900646534032,1.8557394020798617,0.06870060400253883,1.0,1.0,0.5,1.0,0.8,22,3131.265853383757,238133.26415349427
17,14,2.102916010118352,2.575365322814342,2.5153758515284013,1.91970678094591,1.835351136901238,0.06762628401763017,1.0,1.0,0.5,1.0,0.8,23,3214.0827822797355,238353.71854179507
17,15,2.082522867141499,2.55778392585568,2.4949984955975735,1.9182140391980618,1.9465047361005354,0.06511537201663438,1.0,1.0,0.5,1.0,0.8,24,3217.099949268294,238093.1648677901
17,16,1.1632861573145492,1.617848399627762,1.5251842052852775,1.0352722750174523,0.9640275310033888,0.06497652008337444,0.39853873640202536,0.6333071924449175,0.5,1.0,0.8,30,2540.709810554157,92076.63104207956
17,17,0.9463072429493993,1.4345031832106083,1.3806628577809212,0.83258445161466,0.7290098712159652,0.06276290704357788,0.38606309378315057,0.3803856897654517,0.5,1.0,0.8,31,3017.413110891047,219696.68330247368
17,18,1.349191816331936,1.8373719250691882,1.7805704901924657,1.2645672483906882,1.2652297378410495,0.05944927436778561,0.49671249661768585,0.769344253072744,0.5,1.0,0.8,32,3295.1580341200947,93759.96849397729
17,19,1.342556987635491,1.8074968533173976,1.723415745333758,1.2432254763390767,1.1669484040104787,0.0594492743677857,0.4967124966176904,0.769344253072733,0.5,1.0,0.8,34,3183.209640984316,94001.0230177696
17,20,1.3391643198976937,1.84849626220663,1.8157632846281375,1.2871157479977535,1.155030898963794,0.05944927436778561,0.4967124966176855,0.7693442530727441,0.5,1.0,0.8,36,3098.253857927896,94208.36198630383
17,21,1.2190360766730217,1.683230337356437,1.5979755153649138,1.1334607596276083,1.045818390323139,0.0602875160914228,0.4419414358298298,0.6905178650899417,0.5,1.0,0.8,37,3033.595227634657,94169.52319072638
17,22,1.614553028064408,2.111839990474114,2.064898453398536,1.5655726352522916,1.4514163116780339,0.07153515170188834,0.5877470446874141,1.0,0.5,1.0,0.8,38,3173.470361967197,93073.76447682144
17,23,1.611171004905958,2.1187879543549144,2.0838060871979476,1.5852478605045772,1.4465573030407886,0.055063761192974604,0.5978038116164006,1.0,0.5,1.0,0.8,40,3142.495104436832,98973.30028026192
17,24,0.7585965562850512,1.254928606952768,1.206857855392931,0.7414450187822856,0.573918252877723,0.06335423552992762,0.2918473615198109,0.31209065982583806,0.5,1.0,0.8,45,2680.583435088772,219210.3907244312
17,25,1.7090320897701172,2.2052674149614138,2.1570920713469306,1.7220973327042035,1.5262786617269284,0.10448300450908854,0.6719049991394027,1.0,0.5,1.0,0.8,47,2151.7365087734534,83750.17846604952
17,26,1.7071575816383147,2.203232612306901,2.1548871137599086,1.7306558015550002,1.5300448609783164,0.10214719685913536,0.6720315767207856,1.0,0.5,1.0,0.8,48,2185.9446507258244,83899.80468714506
17,27,1.6477611117512312,2.142867965822929,2.093567763295474,1.6751919192546743,1.507250817453283,0.10453460671168827,0.6160482162387177,1.0,0.5,1.0,0.8,49,2095.4228624703665,83864.3978528184
17,28,1.6250525826018205,2.1183344611265094,2.0672758713890502,1.6408020147705917,1.5280141668065501,0.038937808417868855,0.6345804013203795,1.0,0.5,1.0,0.8,50,1978.510668431525,15385.259322733244
17,29,1.5420281516512837,2.007012319643291,1.926200131276418,1.5620577929007498,1.537843434093714,0.04277616450824578,0.5656599946755805,1.0,0.5,1.0,0.8,51,1931.9159946418815,88682.88493117508
17,30,1.4987423330977885,1.9914800087838669,1.9465072315759093,1.5586110730664298,1.4212463447179404,0.036307502976642904,0.53821299525738,1.0,0.5,1.0,0.8,53,1608.8886995346122,14944.76674793401
17,31,1.4768269484972079,1.9394312427421867,1.8649872740568134,1.5440744486822098,1.417348714714228,0.04222790432113484,0.5258758150357817,1.0,0.5,1.0,0.8,55,1612.8379448573376,88623.80323810576
17,32,1.4740835185796461,1.9361049246356583,1.861415931694472,1.5485939398556539,1.3484238078928201,0.04035957637358215,0.5249144652539129,1.0,0.5,1.0,0.8,58,1562.8380764009678,88422.10503729178
17,33,1.5702756104418936,2.005237205590846,1.9026652395993642,1.6405660455983027,1.5243786708497882,0.02859580465676125,0.6333262624100006,1.0,0.5,1.0,0.8,59,1804.317247531323,87257.06053445916
17,34,1.6528349194352108,2.097793900381965,2.0077525757613777,1.7244124189849404,1.5509056223427642,0.026848755711320997,0.7182954340785235,1.0,0.5,1.0,0.8,60,1770.929977591093,87162.43187891705
17,35,1.5614050913623305,2.000402724397518,1.9081415599787306,1.651688646728788,1.5378318673902729,0.02947826226670222,0.6325520554059373,1.0,0.5,1.0,0.8,61,1776.7613773593494,86218.75470644476
17,36,1.5610889317341636,2.011000148043574,1.9316355090826214,1.6613795588264868,1.449398706944598,0.02947826226670222,0.6325520554059374,1.0,0.5,1.0,0.8,63,1781.6878872538932,86163.55145691057
17,37,1.498560601309738,1.9400517236548325,1.8577809995224017,1.6156236804287958,1.4525646265203997,0.03138647036437596,0.5776188084418024,1.0,0.5,1.0,0.8,65,1466.8995893881424,86130.54636099288
17,38,1.4992289062836517,1.9390591936517332,1.8562398056104785,1.6273641841977025,1.4178987434403543,0.03364635718285395,0.5787000442816085,1.0,0.5,1.0,0.8,66,1450.997238572314,86626.10842908367
17,39,1.4619417533795565,1.882394201725127,1.7839711988874551,1.6124108065449219,1.400651698887629,0.051790190515049114,0.5393679640765828,1.0,0.5,1.0,0.8,69,1709.342636635153,85639.42312858847
17,40,1.4221449585293526,1.8408697669176475,1.7419147682209934,1.5872105457777932,1.3376908580470797,0.0517797918375005,0.5009544750337522,1.0,0.5,1.0,0.8,71,1663.3697865478475,85555.4862033834
17,41,1.4929297028853201,1.9657814184991567,1.9312524337550447,1.7105054658339407,1.410863711518707,0.13679645340620852,0.5307038879817851,1.0,0.5,1.0,0.8,73,1722.0315413895546,96029.0616507762
17,42,1.4546319808196486,1.856285458684362,1.7425652140586874,1.6295821661008518,1.4122214468038745,0.04917029013647192,0.5391843401618293,1.0,0.5,1.0,0.8,74,1671.4313794593716,87605.99892194505
17,43,1.4103726917002177,1.885355782054419,1.8611517406393057,1.6507519370564037,1.3534264656344615,0.05768638324433677,0.49425221361729876,1.0,0.5,1.0,0.8,76,1743.8992999724146,95274.9610378065
17,44,1.4100245458041774,1.88403373166099,1.8595500820651247,1.6579197708183082,1.3291072430636794,0.058278762941946186,0.4942663452166512,1.0,0.5,1.0,0.8,78,1745.1185736485363,95564.07545033202
17,45,1.523110759553513,1.958949871161029,1.8941741778412624,1.7176974727279957,1.4657829788666699,0.09259703318660786,0.5931713268885249,1.0,0.5,1.0,0.8,80,6067.579052616407,5529427066658.174
17,46,1.5215175092423845,1.9546960716484423,1.8891796143021524,1.7275052782997524,1.4697503736944018,0.09201342405804144,0.5935345702330869,1.0,0.5,1.0,0.8,81,5976.835383767659,5529425042714.74
17,47,1.5212101238172842,1.9539759393912277,1.888345336749873,1.734181042861058,1.4418154252546187,0.0914339809484354,0.5937705802929816,1.0,0.5,1.0,0.8,83,5911.092626745708,5529423552878.822
17,48,1.5207155567680903,1.985294434116892,1.9581702693049292,1.7519991552561756,1.4468189888467986,0.09390336996066184,0.5931335459308004,1.0,0.5,1.0,0.8,86,2101.500904270611,5529177394173.645
17,49,1.5517827670444628,2.0076017717308154,1.9781193694410857,1.8077602397362345,1.5723385152850105,0.16516169463839644,0.5935822514061461,1.0,0.5,1.0,0.8,87,6063.422930101642,5529423567667.831
17,50,1.5554925717643804,1.9996443991167967,1.9570390341215682,1.81512738602091,1.485122477025338,0.17230591848506133,0.5939720902927237,1.0,0.5,1.0,0.8,88,6055.473463526419,5529426720469.262
17,51,1.5449739742966582,2.0099953298092217,1.9929855367636995,1.8159966984553129,1.4786984838278188,0.15375694518768962,0.5935558178691119,1.0,0.5,1.0,0.8,90,6049.638635132638,5529423291177.34
17,52,1.5403808457509804,1.992831736127372,1.962463509360956,1.8154396563716337,1.4811616285311768,0.14458318937636197,0.5942734953452876,1.0,0.5,1.0,0.8,91,6115.128891356593,5529424456851.104
17,53,1.5535360946676797,2.0041986674397236,1.9733645012821397,1.843293109979077,1.4996525522174187,0.17401163035363892,0.5936467689167125,1.0,0.5,1.0,0.8,92,6141.865827855876,5529421748717.498
17,54,1.5539391548006596,2.0044483366647,1.9735742853821117,1.850762538813055,1.4819484002810723,0.1754429971228853,0.5934134378400572,1.0,0.5,1.0,0.8,94,6118.873113715217,5529419524531.196
17,55,1.5332719401269093,2.032845752739108,2.0651896125057476,1.8981222172834389,1.4881968340169758,0.1696124248442898,0.5791264105200649,1.0,0.5,1.0,0.8,97,8340.952380438106,5532797216896.417
17,56,1.5350137436024338,2.0311081296393763,2.062574306651767,1.9010384804481812,1.5031172319943367,0.17610798278643539,0.5792661910076035,1.0,0.5,1.0,0.8,98,8318.021428768967,5532796084728.249
17,57,1.499755078973752,1.99572798250891,2.0271636464575797,1.8735132326535366,1.4327405663512573,0.1952989161679705,0.5344687225004596,1.0,0.5,1.0,0.8,100,5210.694832933483,5531631942179.336
17,58,1.4991768547713964,2.0051055835197893,2.0492293550846634,1.8883010309709547,1.4384846168195824,0.19342904238417785,0.5354014480114505,1.0,0.5,1.0,0.8,102,9354.368608175091,5533097954842.733
17,59,1.4997753242123757,2.004713716979464,2.04859029853524,1.896545478988437,1.4382068778477342,0.19390436012223655,0.5362148654532668,1.0,0.5,1.0,0.8,104,9260.750789579874,5533101455629.619
17,60,1.4996260055007962,1.9929348554446762,2.0237050923973454,1.9038586012407968,1.4375271947840402,0.1935403439519,0.536440569354856,1.0,0.5,1.0,0.8,105,9265.93240718808,5533104109771.356
17,61,1.8872011506799993,2.397588760562199,2.463338279436363,2.3526078094490073,1.8824421887196179,0.0554791970495194,1.0,1.0,0.5,1.0,0.8,108,11815382.16703885,5529175916825.69
17,62,1.9387141763598918,2.4430244918500366,2.507334856174604,2.4131230422018497,1.9110614191948627,0.1631568406863145,1.0,1.0,0.5,1.0,0.8,110,11828320.540822634,5529176117426.186
17,63,1.9372353922729468,2.436716174935164,2.4998997096229836,2.4202277531047827,1.9047927223850751,0.1636997088874169,1.0,1.0,0.5,1.0,0.8,112,11829087.959450768,5529174908326.655
17,64,1.9301487669731991,2.4261862016170044,2.4885637079608807,2.391098734527291,1.8930116371746033,0.1520527418126838,1.0,1.0,0.5,1.0,0.8,114,11999733.212648932,5529184176240.668
17,65,1.9278301954380568,2.4264666633960146,2.499889369310938,2.393426723253131,1.9157092335706203,0.15303902577517334,1.0,1.0,0.5,1.0,0.8,116,11997251.334626265,5529179376418.313
17,66,1.8777027458129876,2.3894625872484925,2.4867946277213946,2.3619209145251006,1.8580001539892683,0.05864161229165858,1.0,1.0,0.5,1.0,0.8,119,11812564.615855746,5529176332813.98
17,67,1.8763452829724863,2.3840985686381213,2.480539562900489,2.3687802087740817,1.847447018912615,0.05832054393780103,1.0,1.0,0.5,1.0,0.8,121,11813401.69024173,5529174843000.161
17,68,1.870594966847641,2.365467209977046,2.4485036885121207,2.40475387207786,1.8453108258109487,0.0481834425697431,1.0,1.0,0.5,1.0,0.8,122,11820525.1748725,5529184011493.698
17,69,1.87485761477651,2.3792411286383794,2.474945143207357,2.3640608174155764,1.8365031797761164,0.05721134774833521,1.0,1.0,0.5,1.0,0.8,123,11810237.529754717,5529177530207.445
17,70,1.8691951296904734,2.3592277809976743,2.4411956949672886,2.41167993870493,1.8606909722794016,0.0481836467665318,1.0,1.0,0.5,1.0,0.8,124,11820595.940288346,5529185853233.691
17,71,1.916096184011701,2.4330033866796694,2.5525485948697604,2.483526024734103,1.9243239638952379,0.14514364050644513,1.0,1.0,0.5,1.0,0.8,125,11814476.85988376,5529178414348.04
17,72,1.9146521082690195,2.422495744662858,2.540090310228845,2.4947607737541264,1.913207165823582,0.1469080473941221,1.0,1.0,0.5,1.0,0.8,127,11814760.095332276,5529172056980.678
17,73,1.9138668445840745,2.429686352882931,2.5595940943600732,2.514183647764014,1.887342558317654,0.1469080473941221,1.0,1.0,0.5,1.0,0.8,129,11811420.702780183,5529169813894.246
17,74,1.9141125827368475,2.418279596098464,2.5350904167992496,2.5060995967257975,1.8779332427181297,0.1476298891306306,1.0,1.0,0.5,1.0,0.8,130,11816011.711109208,5529170126474.041
17,75,1.9130128556467532,2.4241626561452456,2.553078750752209,2.5169214780186175,1.9101284226937727,0.14744146705295086,1.0,1.0,0.5,1.0,0.8,131,11814135.660103668,5529173435732.675
17,76,1.912445489445026,2.4199771989873975,2.5481298855488426,2.524378961118737,1.8895230125752907,0.14798636668139847,1.0,1.0,0.5,1.0,0.8,133,11813837.172090188,5529171501490.537
17,77,1.9116995351829469,2.427161391949432,2.567626306975237,2.541664925412463,1.888024190136044,0.14798345212330472,1.0,1.0,0.5,1.0,0.8,135,11813211.311473057,5529175451601.188
17,78,1.9305840140703494,2.369182166526028,2.461785622751278,2.5354862998456276,2.26275407519433,0.20272103741503528,1.0,1.0,0.5,1.0,0.8,136,12083521.878746592,5532169930416.322
17,79,1.9303709052306404,2.378911601919074,2.4842629856138396,2.5479506867951622,1.9064843117197448,0.2027210374150353,1.0,1.0,0.5,1.0,0.8,138,12080067.720952349,5532167632787.298
17,80,1.9284946812906607,2.3656831160278804,2.4687722208051532,2.5479739024251202,1.9935996923867139,0.20268393892209197,1.0,1.0,0.5,1.0,0.8,139,12158894.747200647,5532181596479.576
17,81,1.9291018349611597,2.3652079612303574,2.4680824512846042,2.552413984666641,1.9108936807349386,0.20424031511897311,1.0,1.0,0.5,1.0,0.8,140,12159284.56885891,5532181151765.567
17,82,1.9276416682873212,2.3624062034494804,2.465015045900146,2.5547914240497827,1.9062745858008745,0.20173878475765267,1.0,1.0,0.5,1.0,0.8,142,12159982.272500604,5532172454996.35
17,83,1.928568459479686,2.359425663889522,2.4612622836211644,2.563453006278503,1.9338917204989585,0.2047960984575566,1.0,1.0,0.5,1.0,0.8,143,12158606.375613997,5532179124547.806
17,84,1.9281480251419512,2.3554074794718947,2.4565351580457992,2.57074258904059,1.9169754778791779,0.20503921260767224,1.0,1.0,0.5,1.0,0.8,145,12158705.731239608,5532177034052.477
17,85,1.9236764231834642,2.336846082507509,2.4460420372857863,2.578451762685713,2.1027059049968173,0.20310781162737085,1.0,1.0,0.5,1.0,0.8,146,12082259.61728495,5532172692598.645
17,86,1.9223017400294033,2.332626728809387,2.452119395169519,2.6014777631916637,1.9294842943671464,0.20383657835026364,1.0,1.0,0.5,1.0,0.8,150,12081969.088089423,5532174744515.034
17,87,1.925050078481866,2.332583927895185,2.451542149751,2.6118696484397392,1.915893123159979,0.20999221724755515,1.0,1.0,0.5,1.0,0.8,152,12078444.216155691,5532179619245.964
17,88,1.9226318217100606,2.3261271182034626,2.444313597079831,2.613307598010505,1.9345320902955165,0.206091519810561,1.0,1.0,0.5,1.0,0.8,153,12081628.01948339,5532172924143.037
17,89,1.9225494501918925,2.3258381406658097,2.443985253889859,2.6170259273295544,1.9045854340468638,0.20597380195745368,1.0,1.0,0.5,1.0,0.8,154,12083585.944021102,5532173540226.318
17,90,1.9226388691590093,2.312962405009177,2.4177731073457234,2.6155655149651156,1.9169929131254957,0.2065539861005509,1.0,1.0,0.5,1.0,0.8,155,12084835.864658078,5532172512745.392
17,91,1.923256675825954,2.324497296303864,2.442253598287384,2.625361451860644,1.9061762267935205,0.20785516355320222,1.0,1.0,0.5,1.0,0.8,156,12081288.580013957,5532175947672.549
17,92,1.9225409045501616,2.3231997768016104,2.440845277816731,2.6284468930726588,1.9077674379500604,0.2065539861005509,1.0,1.0,0.5,1.0,0.8,157,12083228.279727198,5532171443425.221
17,93,1.9190715746321745,2.3080695910239126,2.4343847889615855,2.6495006048216903,1.9463952926662846,0.20446211573528367,1.0,1.0,0.5,1.0,0.8,161,12089246.490913715,5532171186712.677
17,94,1.926877363266925,2.3010110577181884,2.4463681962203,2.7361805008862774,1.9311364069463273,0.2268002138206311,1.0,1.0,0.5,1.0,0.8,177,12139898.78365137,3683298941935.8135
17,95,1.9254032941418273,2.294044607643014,2.438385458649444,2.751598277504724,1.9227298675434885,0.22473637344513056,1.0,1.0,0.5,1.0,0.8,181,12141340.788285475,3683296829248.917
17,96,1.9245345126783684,2.286005438318605,2.429022576025191,2.7584666291534017,1.9390488743126728,0.224115987501466,1.0,1.0,0.5,1.0,0.8,183,12140876.662675343,3683299600583.3374
17,97,1.9242919707386714,2.285278599992724,2.4282065195578335,2.7661007596943064,1.9136713318492637,0.22370485415615585,1.0,1.0,0.5,1.0,0.8,185,12140316.905393807,3683295073956.1406
17,98,1.9237888355814432,2.2802408786832764,2.422333630443611,2.777324014399426,1.9287236798149714,0.22338226910691855,1.0,1.0,0.5,1.0,0.8,187,12141341.887980958,3683291957253.657
17,99,1.9236236062289265,2.2908438865535956,2.4458569243843318,2.7982887816608377,1.913195893666285,0.22311681652070883,1.0,1.0,0.5,1.0,0.8,189,12140536.650835631,3683289073427.6064
17,100,1.9195978832543212,2.264854045956704,2.4048906571426176,2.7846724976657926,1.9888874177568576,0.2166216345902805,1.0,1.0,0.5,1.0,0.8,190,12144191.887932517,3683293952421.246
17,101,1.9237742004963587,2.2596570571423893,2.397978134361326,2.800405355938417,1.9271241439685756,0.22626199524028312,1.0,1.0,0.5,1.0,0.8,195,12144075.798371002,3683283759080.6006
17,102,1.9231622164796007,2.256570942194044,2.3944400664817174,2.8076041998968098,1.9218992883936121,0.2253677904266928,1.0,1.0,0.5,1.0,0.8,197,12144837.01303826,3683284739239.6
17,103,1.917283842923105,2.2580854690970265,2.4082595637755935,2.8213229280110186,1.9354196336829959,0.2141110261468903,1.0,1.0,0.5,1.0,0.8,198,12146911.639313385,3683287791423.917
18,0,0.9198594345507013,0.9813479120710974,0.9291798374065678,0.011053573584910636,0.0,0.0,0.0,0.0,0.5,1.0,0.8,1,2002.9587191167516,8202.562124913826
18,1,0.9359349613599885,1.0038464029401337,0.9513293987665891,0.03880839338158605,0.0317396924756112,0.04864432417830577,0.00010969014148205,0.00013003259264151998,0.5,1.0,0.8,3,1725.327532115262,7470.161763773426
18,2,0.8955640798546853,0.9999516076210841,0.945328700064519,0.048390804676679625,0.1186836258173912,0.02971424123031575,0.01507213778053772,0.0037605841395322104,0.5,1.0,0.8,4,1774.5785558159655,7609.401235035619
18,3,0.7345245084097438,1.0224726264767345,0.9679073330476888,0.13091160995288426,0.6476661056730066,0.05938048398763611,0.04626465205706715,0.05484460657403371,0.5,1.0,0.8,5,969.4673076507684,5784.933825010119
18,4,0.6169372515378999,0.9664245222052458,0.9049443637996877,0.11615767182337933,0.24515567949013636,0.07603704508054948,0.03227862669078138,0.04232802856378825,0.5,1.0,0.8,7,1297.6985795950327,3601.447338750645
18,5,0.5300921769983817,0.9349910508695651,0.8645063401154882,0.13759596212570277,0.30897261798206327,0.08607539990723416,0.03224591887909328,0.06252709768545896,0.5,1.0,0.8,9,625.3488454017125,2186.267411579539
18,6,0.497065836429103,0.9117128167927243,0.8391044836280558,0.13111545488953777,0.15807917484913026,0.08263809257376366,0.030007770021517388,0.05387561747736598,0.5,1.0,0.8,11,349.58944480549576,3423.279637639332
18,7,0.48590452022420105,0.9066416171695926,0.8324703153565515,0.1415828586905954,0.14994918856413675,0.08716175716882706,0.03165134491323017,0.05406291217297794,0.5,1.0,0.8,13,705.6183601045412,3619.267542769644
18,8,0.6649398398004139,1.0858450082997408,1.0116295831717168,0.3233922292431869,0.29974102273641257,0.09918382451138996,0.03312287096944402,0.26903600635471714,0.5,1.0,0.8,14,565.2698002737053,3909.917215162325
18,9,0.4412729451657019,0.8840899081505889,0.8197599707140252,0.1360242258813333,0.16673246574752099,0.0747428671372779,0.03461455656877664,0.038985363025815664,0.5,1.0,0.8,16,6181.267066146136,4454.249543513586
18,10,0.4340760341870357,0.8803860797022397,0.8148552733711112,0.1453406227754308,0.13093209740708858,0.09443176910314169,0.030528540211551443,0.03592311281572385,0.5,1.0,0.8,18,13493.863526118512,4484.95629704936
18,11,0.5475124984198911,0.9888437265915768,0.9078364999865456,0.28084893416257084,0.34156865462056585,0.07903368918819956,0.04399104027515386,0.196366405894554,0.5,1.0,0.8,19,693849.3200897103,3227.296497449735
18,12,0.5341500744138474,0.9771872629215645,0.8953918443814711,0.2788076077346897,0.2496179338742698,0.08174953023715974,0.038133737886190164,0.193173232621112,0.5,1.0,0.8,21,699436.000360011,3004.357366635892
18,13,0.5304856370687729,0.9745278901506325,0.8922380157621594,0.286926242718375,0.24385792656864058,0.0822246063758458,0.03811388913269364,0.1931859717884949,0.5,1.0,0.8,23,699432.9921640302,2983.522770339912
18,14,0.41436949582599936,0.8812991359893491,0.8247759636306377,0.17869881501355012,0.1291721388336437,0.06874934433299909,0.03029110722199773,0.06855124488271278,0.5,1.0,0.8,24,33198.45458263684,4446.289885251603
18,15,0.6085822514552061,1.0647647251357426,0.9949913919129842,0.3775405415413561,0.3257126578553551,0.08277170788446837,0.04954387079511695,0.28088079273441413,0.5,1.0,0.8,25,1205215.5038595195,2745.090527467255
18,16,0.361358364626022,0.8412909203877519,0.7967774654663196,0.13721113710191818,0.10430620820908307,0.05567355143880677,0.030905962676373078,0.01917115153116632,0.5,1.0,0.8,26,696514.4935368546,6300.7773372455895
18,17,0.36094964731570195,0.8521616370302981,0.8206053057200337,0.14459454343473044,0.07488304406607992,0.05548233747481962,0.0309131028311412,0.0191809799094607,0.5,1.0,0.8,28,695998.4092143556,6345.651903054451
18,18,0.9222678928862726,1.4261548891731646,1.406702394368362,0.7210705987468411,0.6785948009504654,0.05495565461751387,0.26544855711580667,0.4363721415785231,0.5,1.0,0.8,29,21271.60443838308,716318.3000467184
18,19,0.35139837997037965,0.8617562373468206,0.83522097806684,0.2031691241854786,0.2634716870733261,0.05647833868257329,0.06836366278855367,0.02797502862066864,0.5,1.0,0.8,31,1200514.5426269248,3980.296599745583
18,20,0.32380005758545577,0.8354394768617366,0.8063508721351591,0.1984133831344278,0.16322853024239048,0.051765823256894605,0.05958447805755278,0.027635039425466818,0.5,1.0,0.8,33,1203966.0412825695,6891.995445820852
18,21,0.3407437281710064,0.850314284854105,0.8180027471431539,0.235294502726781,0.2654114480244278,0.05118421498773017,0.06412942570887546,0.06443519809631035,0.5,1.0,0.8,34,1199007.2434343302,3710.386659681853
18,22,0.30581454789974916,0.8263814350877464,0.8067001040979977,0.21653278118794944,0.1234484637523742,0.051896560679033074,0.05967935637615449,0.028335092575621317,0.5,1.0,0.8,35,1199126.0680588963,7633.481821074903
18,23,0.34535037146811015,0.8536148139340538,0.8193867239339858,0.25286913051239845,0.2187676572706903,0.05715734655148948,0.06613543829375018,0.07630847583411088,0.5,1.0,0.8,36,1197541.6220502066,3533.337381913658
18,24,0.31984574024950935,0.8385611217271995,0.8164635470157311,0.2550527525539839,0.15233062357806207,0.05961530192754788,0.05701078985266015,0.05970749636150826,0.5,1.0,0.8,38,1199061.660322194,7694.417706254981
18,25,0.6340635538023514,1.1524854994491822,1.1300746541960842,0.5758435198444068,0.4631267580643314,0.05916425959442858,0.06127522988800107,0.4493507603256228,0.5,1.0,0.8,39,1199664.8354364976,7590.64406525621
18,26,0.6335702542081247,1.1518920806533988,1.1293795855809423,0.5705836861790141,0.45446822521182406,0.059164259594428704,0.06127522988800029,0.44935076032562404,0.5,1.0,0.8,40,1199230.592885706,7658.413042710908
18,27,2.0204197824109054,2.5338210233761647,2.507279592858125,1.9814151319773978,2.0201131032096136,0.11158538389105344,1.0,1.0,0.5,1.0,0.8,41,1200973.9188226294,7824.86641115353
18,28,2.0219185333740306,2.533637764830565,2.505989220309858,1.9966581069352296,1.884665675922314,0.12414825021960338,1.0,1.0,0.5,1.0,0.8,43,1198723.6080402066,8026.044413617579
18,29,2.0194901659533935,2.530328900772051,2.502135424910187,2.002606624684402,1.8730534889810146,0.12389383169032339,1.0,1.0,0.5,1.0,0.8,45,1198138.485832899,7869.680980830706
18,30,2.0119834010734907,2.52234754993849,2.4938702933217387,2.0049680048670355,1.861394089766976,0.11124579542586892,1.0,1.0,0.5,1.0,0.8,47,1200684.397510611,7706.721215996488
18,31,1.9973564955175218,2.5185521835612583,2.5028542493086983,2.0123614561944696,1.8509409475311753,0.08382998529915169,1.0,1.0,0.5,1.0,0.8,48,1201913.220590958,8010.032778979849
18,32,2.0131114889611283,2.5231022447453015,2.4943990962363065,2.0181977504660207,1.8579601988596819,0.11539351372187052,1.0,1.0,0.5,1.0,0.8,49,1201389.81301372,7625.327908347138
18,33,2.0108000067981937,2.5200140395052717,2.490863876906811,2.030740063502361,1.875388869105984,0.11443768415453251,1.0,1.0,0.5,1.0,0.8,50,1197898.4547782962,8237.889675631039
18,34,2.0114600595270895,2.5206317848571627,2.4914499426539587,2.0282167653973184,1.8594437226064693,0.11604314266991678,1.0,1.0,0.5,1.0,0.8,51,1199623.4932042086,7957.204586232952
18,35,2.031929895482792,2.540708148385037,2.5113112893674305,2.0560566754853298,1.883665409522785,0.15870700060220672,1.0,1.0,0.5,1.0,0.8,53,1202951.232638084,7828.948089205698
18,36,1.9776307377345168,2.510770659717333,2.5157675895679565,2.0328311132574326,2.0306491182863846,0.08541607404676113,1.0,1.0,0.5,1.0,0.8,54,1196859.6143822945,8321.623451147057
18,37,1.9759489757261173,2.507244778502159,2.5114304046915077,2.033605741282681,1.860456162662086,0.08783918043299167,1.0,1.0,0.5,1.0,0.8,56,1196785.7730482053,8291.8356161159
18,38,1.9748584662946176,2.505117386590876,2.5088581764764024,2.0439061681318007,1.8534577575117368,0.08877967473381371,1.0,1.0,0.5,1.0,0.8,58,1196049.701495721,8271.37754157034
18,39,1.955078220729492,2.4640589374620836,2.450809933905175,2.043825982785637,1.9191705836601627,0.07565937983320721,1.0,1.0,0.5,1.0,0.8,60,1200957.0849554571,7992.050445207659
18,40,1.9534452744851363,2.4600864899302977,2.4459802180870236,2.0512646659919316,1.8563424260193404,0.07772549917641038,1.0,1.0,0.5,1.0,0.8,62,1200597.2883677804,8005.602583859078
18,41,1.9575389138294672,2.4728448947989685,2.4708321676538274,2.061061174417886,1.8642102436563517,0.09142624822467134,1.0,1.0,0.5,1.0,0.8,64,1200169.4544458068,8046.693082219412
18,42,1.9526192640238993,2.4676712786055264,2.4655690865239315,2.068487544741175,1.8447090496961311,0.08212395265133561,1.0,1.0,0.5,1.0,0.8,65,1199847.4813508291,8053.713155591793
18,43,0.17527461938073527,0.7159979462512153,0.7596655684853729,0.32435153693991114,0.33526959038527954,0.04664416778662582,0.04102447819996088,0.020771598523549033,0.5,1.0,0.8,66,7384.928030869426,12652.421930322807
18,44,0.16403328896996808,0.6862731135541994,0.7246022546819685,0.326153557524917,0.19121440845128676,0.047162554842095375,0.04140528679634646,0.02178056833451967,0.5,1.0,0.8,68,7490.115565105929,12259.282937101543
18,45,0.16360513910673483,0.6851394460131904,0.7232744525016591,0.3260454268292832,0.08635877732539778,0.047162554842095375,0.04140528679634657,0.02178056833451967,0.5,1.0,0.8,70,7509.333232214776,12437.171467737102
18,46,0.15997423796595983,0.6632590450188657,0.6864717673071143,0.33237456901090384,0.12255645220453093,0.04525664270635148,0.04217763994548205,0.02268806299030711,0.5,1.0,0.8,72,7438.493557403027,12129.697418224505
18,47,0.15744102775511304,0.6559721836204505,0.6779369178803796,0.33168004453757627,0.10799066628343462,0.045256642706351505,0.04217763994548182,0.02268806299030684,0.5,1.0,0.8,74,7506.794098298391,12643.215440686465
18,48,0.1614175915290459,0.656138614546123,0.6771096674142719,0.34730434597900106,0.12946369747574632,0.0408780153340905,0.04104182020572336,0.03430569976399399,0.5,1.0,0.8,75,7641.288425592946,12961.225134787332
18,49,0.15090875821235947,0.6480853843011444,0.6798235075114278,0.34328326079296695,0.17378429011145918,0.04611783689374492,0.041814564227493876,0.02229461432897193,0.5,1.0,0.8,76,7538.133973804232,12318.076732517437
18,50,0.15140652744272642,0.648463721474391,0.6801684152683988,0.35040399531581307,0.08355915870123505,0.044295037618270236,0.041651254163292725,0.02435497516466502,0.5,1.0,0.8,82,7381.297881524789,13118.034129762946
18,51,0.15155760666517643,0.6131228394971717,0.6259214620553544,0.3679770086995374,0.3341997639313734,0.04422503733228392,0.04176216601963192,0.03719455837790503,0.5,1.0,0.8,83,7575.5111927988355,11571.587505582607
18,52,0.15075079817093534,0.6106797213823074,0.6230929771640693,0.37079106643701665,0.10130061333458174,0.04425706933718287,0.04166067356642407,0.03705987713921433,0.5,1.0,0.8,85,7518.906576815837,11590.801249876617
18,53,0.146249835636437,0.6060527974396854,0.6184367981973236,0.3698198904886652,0.09014840501452731,0.04507176440644619,0.038442780125272816,0.035003324291068325,0.5,1.0,0.8,86,36126.183953415326,13657.607491494517
18,54,0.1490902736752654,0.6047203728457344,0.6161285526851891,0.36694648105547417,0.13315299245648907,0.04395164467228564,0.04173296692066605,0.03704710074400473,0.5,1.0,0.8,87,7506.008918324503,11687.765504225456
18,55,0.1445043183415926,0.5998195241776164,0.6111543515606989,0.3761611052444339,0.09188859578585166,0.044863492383068956,0.03842979607303705,0.035015859568568716,0.5,1.0,0.8,88,36214.68691691708,13789.766977116971
18,56,0.14810787604827327,0.6012259492542115,0.6120510642570538,0.3804207866393308,0.11403583015743113,0.04341954448948045,0.0417745629950513,0.03721580729244957,0.5,1.0,0.8,89,7489.416710378869,11830.613011320373
18,57,0.1617044161205293,0.6206624888788971,0.6432534894869609,0.42658215039618586,0.1338667159593329,0.0494765370360028,0.048023667385208815,0.04492059939655544,0.5,1.0,0.8,91,7476.907926667166,13304.897661449542
18,58,0.160997691944458,0.6181605481520341,0.6403411651495308,0.43326524583292103,0.11696827163286111,0.04927071038473098,0.04801068333297301,0.04493313467405544,0.5,1.0,0.8,93,7437.169801451666,13513.910253751785
18,59,0.15984409837598285,0.6134336897829759,0.6348022386695523,0.4328427591419656,0.12515776428588365,0.04890637154936236,0.04805413218759841,0.0451255254886739,0.5,1.0,0.8,95,7447.580318691823,13297.225546067242
18,60,0.15979109535296615,0.6086237313538763,0.6499837511809405,0.444291471883561,0.3615512973922238,0.05130462007402289,0.06217395029298125,0.03581689619838016,0.5,1.0,0.8,96,7262.510397305986,17722.65603500812
18,61,0.15939573498184934,0.6181010617537592,0.6721738575232814,0.45458586872384876,0.12230489064433059,0.049041939023617094,0.06325959301097714,0.03581661664107022,0.5,1.0,0.8,98,7263.036822170175,17722.78820611301
18,62,0.16024439668378831,0.6096939889668529,0.6617809388197458,0.4639779809572055,0.16012595143812391,0.052085177308724626,0.062871575945312,0.03838623672425587,0.5,1.0,0.8,100,7334.565932573796,17593.33706587408
18,63,0.15909457555154885,0.6258783211677839,0.7028882216987422,0.5106740283115786,0.1270179656296388,0.05430086330903209,0.06375344773724573,0.035986864010443584,0.5,1.0,0.8,106,7467.441458707658,17483.40320431084
18,64,0.15894720138887855,0.6353093598847986,0.7249758298732445,0.521713036349377,0.1269399725019276,0.05289127112609475,0.06385350357691999,0.03703634246604856,0.5,1.0,0.8,108,7541.708410638916,17204.82559664131
18,65,0.1558043691062802,0.6241551712804987,0.7121330172116889,0.519536356437228,0.18831658284603608,0.05397582343921342,0.06268513495298021,0.03620150161931519,0.5,1.0,0.8,109,7362.050044664737,17189.65646397234
18,66,0.15454744699068615,0.6169937980399947,0.7037452128870552,0.5188537919136245,0.14323647786516508,0.05397582343921344,0.06268513495298064,0.036201501619315915,0.5,1.0,0.8,111,7423.966324873474,17553.35466566351
18,67,0.1700349219138131,0.6432117846902621,0.742865535453568,0.5563652170320978,0.13823775563645013,0.052192873060896615,0.07352492251222893,0.04325142447967133,0.5,1.0,0.8,112,6955.530399688805,15986.144320518742
18,68,0.16988275629305422,0.642351561628355,0.7418581499860389,0.563609746968778,0.1402130145472653,0.05226660826480891,0.07350069132880968,0.04323294049790047,0.5,1.0,0.8,113,6956.298697420573,15558.198997369316
18,69,0.1721585440035685,0.6329356804083837,0.719340693857982,0.5586085244028034,0.13865834490822293,0.055733551877326794,0.06856152489892715,0.05021335615895357,0.5,1.0,0.8,115,6909.474301248149,19106.97846351961
18,70,0.16852696132561606,0.6294438367728472,0.7265693106891697,0.567161319947262,0.22821861904024615,0.05435997560761172,0.07375172954267414,0.04285705402522329,0.5,1.0,0.8,116,7045.908638405485,15827.270651618514
18,71,0.16841822933235073,0.6287789459868096,0.7257904419368265,0.5670978909386587,0.13985797053919108,0.05435997525048718,0.07375172428083865,0.04285704994213788,0.5,1.0,0.8,117,7067.704449869462,15953.81730520734
18,72,0.16794031559652467,0.6251827526706842,0.7215567668437597,0.566883142370198,0.1613360559131248,0.054751233582876244,0.073843840877862,0.04265450551683271,0.5,1.0,0.8,118,7071.940901389016,15812.214593637473
18,73,0.1694439908275188,0.6237207396626391,0.7194901320549134,0.5797075357421374,0.16213378467753153,0.056376787968388443,0.06903446555566374,0.05023576563254324,0.5,1.0,0.8,119,7050.265492086279,18344.449850573128
18,74,1.112423933380628,1.576234829247301,1.6954024064165991,1.6370694277725124,1.0908771546651934,0.056261860731922894,1.0,0.0682317348526322,0.5,1.0,0.8,132,884813789.3681946,16330.120002700196
18,75,1.1213404639356888,1.570543794788278,1.6867940872650804,1.6509464601264578,1.1535622437107236,0.06688973934898762,1.0,0.07576875517355053,0.5,1.0,0.8,134,884845343.6213175,15824.403541606578
18,76,1.1092698508032066,1.5527185372740433,1.667829504638392,1.6468091967632847,1.1061054521438,0.05641697928054288,1.0,0.06834859955096834,0.5,1.0,0.8,136,884843292.2787335,15665.37520879118
18,77,1.1078837918277697,1.5521976053090039,1.6782748477282685,1.6535225648909209,1.1245231702713983,0.05637391958421003,1.0,0.0685676307453277,0.5,1.0,0.8,138,884865092.0617526,15402.841997345866
18,78,1.107775239688685,1.5604671484881938,1.698991451812476,1.6688260616880857,1.0946255926139068,0.05624592438036945,1.0,0.06901816412585864,0.5,1.0,0.8,140,884865016.6162751,15296.003160539138
18,79,1.1077042066449643,1.5602644859443908,1.69876302001724,1.6687592975646728,1.0838086462561924,0.056205990404699924,1.0,0.0689776422469797,0.5,1.0,0.8,142,884848547.9318211,15020.180327120344
18,80,1.106342092110169,1.5645046041551605,1.7149104570646776,1.687189419640594,1.105000150094944,0.055657816976785825,1.0,0.06859581281086027,0.5,1.0,0.8,144,884882990.7278341,15532.280912718134
18,81,1.1060098908244178,1.558452408347697,1.7077459080342896,1.7018734455849776,1.1285443335549008,0.05532592326393152,1.0,0.06935562368985816,0.5,1.0,0.8,145,884871879.748036,15269.028648182368
18,82,1.1093219300307076,1.5481282337726554,1.683949530651933,1.68172903161863,1.106094692498261,0.06127269693967298,1.0,0.07018212497016088,0.5,1.0,0.8,146,884897016.0844345,13463.980702864432
18,83,1.0947259038635886,1.5402176748644185,1.6881656075645524,1.67929542484125,1.0905474435733138,0.04394708077852314,1.0,0.06349505591112334,0.5,1.0,0.8,148,884886007.523625,13410.158902409898
18,84,1.0954965332721507,1.5375347965999095,1.6848163807399799,1.680144394242331,1.1011394146630105,0.04472588498347383,1.0,0.0645177989833842,0.5,1.0,0.8,149,884898226.2599094,13870.07233935742
18,85,1.3762689772005974,1.8065149870274704,1.9406829426082348,2.0324808027356305,1.3550531673821167,0.08507964546664733,1.0,0.39035377360860096,0.5,1.0,0.8,169,884917534.2908242,13104.50428721307
18,86,1.3753656098482996,1.7991745346927202,1.9321048337856037,2.03930229696761,1.3799445436343019,0.08455599612391655,1.0,0.3905390549745511,0.5,1.0,0.8,171,884932020.6498495,12923.056369726391
18,87,1.0643192880613934,1.5089716876813404,1.667602970629723,1.743485585763181,1.0469105081997725,0.04677880045955987,1.0,0.025576713080997286,0.5,1.0,0.8,175,884677127.4671293,14466.925348208042
18,88,1.0637142108238118,1.5179659762555975,1.6892901744302982,1.7771086107849334,1.047617139025267,0.04555801523500902,1.0,0.02582189646794572,0.5,1.0,0.8,178,884711216.6977205,31507.775800997995
18,89,1.064123982579445,1.5175729315679856,1.6887434634989016,1.7775290259569225,1.0470721524803732,0.04688511736383383,1.0,0.02562310823061787,0.5,1.0,0.8,180,884681406.7426277,31768.28042872845
18,90,1.0636112714745491,1.5126592261208511,1.6829882778023064,1.7846786535334744,1.061099159094996,0.04646207347204724,1.0,0.025887075329157273,0.5,1.0,0.8,182,884714121.9100914,31743.613209600026
18,91,1.0635916322319214,1.5124686003768875,1.682765052707554,1.7846604692667642,1.0446058061515782,0.0464620734720473,1.0,0.02588707532915771,0.5,1.0,0.8,184,884711806.8703358,31713.634930525703
18,92,1.0654490820382072,1.5329360944725798,1.7285089896234804,1.8245644985007063,1.053617359600923,0.04851015061020555,1.0,0.02746867783332313,0.5,1.0,0.8,188,884689450.994612,14303.65668116867
18,93,1.0622214715647216,1.5537414317679035,1.7864956001972618,1.84834724156531,1.0564271815539128,0.0454987750424592,1.0,0.026628535401415732,0.5,1.0,0.8,194,884575582.8770854,14315.712890854713
18,94,1.0618664357375505,1.5620189310381876,1.8072865412835548,1.8636883527877646,1.0538989031072976,0.045493433162697425,1.0,0.026528738910652837,0.5,1.0,0.8,196,884566894.7840841,14660.612188379087
19,0,0.8112534974274055,0.9533050700036718,0.8963343841054282,0.008474428291040972,0.0,0.0,0.0,0.0,0.5,1.0,0.8,1,3603.058692963679,7463.113328154744
19,1,0.8142044195370354,0.9696512509303385,0.9117963627712921,0.0329047279262361,0.03954242549116176,0.04271531894147699,0.00010136823555110001,6.328986538246001e-05,0.5,1.0,0.8,3,3488.233991830102,7410.110382554102
19,2,0.7821221960769867,0.9613679994171433,0.901868130776246,0.035660887099481516,0.08991736196984879,0.01648153492307635,0.01414520816999946,0.00055718425917624,0.5,1.0,0.8,4,3339.1288518404085,7304.487801227033
19,3,0.6484283587275551,0.97984355066672,0.9206203579462304,0.11298286638621823,0.6233830433694048,0.052199007976027625,0.05221846108958461,0.03260290913488431,0.5,1.0,0.8,5,2004.079407419899,5035.091700430978
19,4,0.533771358660741,0.94621238027943,0.8740876020025666,0.15239743477000472,0.40928902503964143,0.0901289477637382,0.04545661814841354,0.06947787274217758,0.5,1.0,0.8,7,2495.0573906063423,3768.33512378596
19,5,0.44416594744234067,0.8795961285488259,0.8009474379820043,0.12547975206110695,0.25046985119465076,0.08039044173854722,0.03659086314290447,0.05099407330817879,0.5,1.0,0.8,9,1685.1365956020377,1902.5287789648744
19,6,0.38089864071860147,0.831779823337383,0.7450747269808602,0.12590395866713422,0.2810907499015259,0.10080546960997609,0.02946443214043548,0.04617631972637781,0.5,1.0,0.8,11,2030.4761142745624,3567.8988956353687
19,7,0.3465467872453736,0.812366069909642,0.732009117060287,0.15455765803623248,0.19286240959510081,0.09569084417559712,0.02740088490451432,0.06223654638854355,0.5,1.0,0.8,15,2465.1739539412374,3207.016717506244
19,8,0.3274620561139817,0.7932136081732114,0.7117495034060973,0.15080665154769785,0.13492673695741592,0.09596466172046336,0.022849635980956788,0.05189561386821777,0.5,1.0,0.8,17,2429.389011195049,3191.576811160432
19,9,0.3066484044330961,0.7715258472336746,0.6874448427809694,0.14843171973105387,0.15930040530938927,0.09762801053916116,0.02277198247719652,0.042943573212623445,0.5,1.0,0.8,19,2581.7906730553377,2902.359541525356
19,10,0.3100628329861407,0.8084756212915398,0.7632493972706956,0.15607572778474826,0.11611647281671855,0.09622483139654608,0.02355084562760401,0.048088558349184365,0.5,1.0,0.8,20,2622.6072385255734,2908.733716705588
19,11,0.29866346143962474,0.7628111046479266,0.6775184459033744,0.15335729234314432,0.14773719533721474,0.09555676736790189,0.02072904722248957,0.04474213605604014,0.5,1.0,0.8,21,2608.5016393824885,2900.754131659337
19,12,0.29576726500460243,0.7706065461881396,0.6976138931099508,0.15246704717195378,0.13354877675332916,0.09783681821094316,0.02002304491789214,0.04505138909402555,0.5,1.0,0.8,22,2238.880667628456,3198.245612855701
19,13,0.2927339844809269,0.7661225041468651,0.6914902235523577,0.1550810208288384,0.1769370683815375,0.09930622518967605,0.02159950031987193,0.04852470971775523,0.5,1.0,0.8,23,2217.757404578566,3110.542831752052
19,14,0.35014534862740526,0.8230162940295254,0.7478769964950901,0.22197225482254246,0.19060544742621405,0.09703562608849386,0.02865877778188717,0.1159372939158096,0.5,1.0,0.8,24,2304.13390490328,3113.808466184647
19,15,0.27088760002363993,0.7377820722100288,0.6581295337429347,0.15894012638266447,0.29511008399037225,0.09859401659822364,0.02272919101411278,0.048775284543839656,0.5,1.0,0.8,25,2244.3514835534424,2879.116129392922
19,16,0.3155607111453316,0.7824509727335267,0.7027958285066797,0.21864954599769648,0.15576511007096536,0.09662762991930832,0.02607728482940544,0.10167409073062603,0.5,1.0,0.8,28,2472.338606307467,2825.807853870921
19,17,0.262818882328428,0.7407330328725562,0.6739650300099026,0.18189941400114834,0.10809181004229629,0.09959586741791557,0.01972385877693589,0.04243533380490044,0.5,1.0,0.8,29,2280.7153896719947,2838.787370431136
19,18,0.2605799810664704,0.7376464821947382,0.6703571533070924,0.17670639379187902,0.12469260782546682,0.09875728707631888,0.0198997236905162,0.04268688961072746,0.5,1.0,0.8,30,2279.2436060604405,2854.009538056111
19,19,0.2787929446927655,0.7430779178978898,0.6618623072514898,0.20615775524217206,0.14435132992670485,0.0978415731633236,0.020579190276631982,0.06996177775737593,0.5,1.0,0.8,32,2287.079470257789,2617.725983822465
19,20,0.27947170620922107,0.743585022492605,0.6622719364189991,0.21324821843330952,0.1285334836823613,0.09858237064746,0.02083665300382346,0.07052247261419556,0.5,1.0,0.8,34,2308.979879069132,2729.143028179694
19,21,0.2827131761147347,0.7423739385997572,0.6587020955756988,0.2195033317632114,0.23529404114578906,0.09137113750260674,0.02207315650819985,0.08918637742342522,0.5,1.0,0.8,35,1988.7728885625124,3302.989638929561
19,22,0.2264114031391668,0.678534766180867,0.5913978425360675,0.18817680880315135,0.14260754143953114,0.08825188576091302,0.02324005489926043,0.03516957045936757,0.5,1.0,0.8,38,2045.4823863984243,2895.148694112258
19,23,0.2248478624238957,0.6756226809511389,0.5879152655936338,0.1913238970582508,0.1075570572471869,0.08859415624476677,0.02339566656022879,0.03528530523403891,0.5,1.0,0.8,40,2021.0981605293352,2926.2735638083805
19,24,0.2667043267888112,0.7108427899059897,0.6204829591595493,0.24131039304712817,0.25495101091296496,0.08854067406951815,0.029826533612255818,0.09066512340196536,0.5,1.0,0.8,41,1956.0287060665669,2978.9321892955973
19,25,0.25493841082311286,0.6979163226479038,0.607117370921442,0.23911727137374492,0.14520809402188373,0.08826190875913853,0.026849486646193882,0.08160731139682419,0.5,1.0,0.8,43,1997.401602442732,2875.295110434205
19,26,0.2540841138639579,0.6963027268304215,0.6052192040166935,0.24507992987358124,0.14212178981917148,0.08865115512404932,0.026728092440375488,0.08157643004858978,0.5,1.0,0.8,45,2013.7624809436545,2818.880820283962
19,27,1.22940049261342,1.6895859775737156,1.6228815250746258,1.242421159081915,1.1498184324845209,0.08845900038526516,1.0,0.09053807745968993,0.5,1.0,0.8,47,1968.0923855265703,3033.3839967243025
19,28,1.220543648033179,1.6793286267751193,1.6121306261413373,1.231693676268899,1.119328487675591,0.08818075601559813,1.0,0.08149294728861335,0.5,1.0,0.8,49,2009.336364807751,2925.9140659346517
19,29,0.21512807603624529,0.6761289513224229,0.6189062379740715,0.25778438871057074,0.23564708065226425,0.08863288895282662,0.03862130865264883,0.03700944235274112,0.5,1.0,0.8,50,2541.152807839805,2734.226208825642
19,30,1.4824338673567596,1.9739703845184946,1.9547581362842232,1.5487708443539692,1.3960752554829496,0.11539925697511481,0.5248622497631541,1.0,0.5,1.0,0.8,53,3633.333039324252,7488541.261082701
19,31,1.482181671055964,1.9847455725609633,1.9784775383384179,1.5644550297032618,1.383611483581607,0.11540046457269075,0.524761250642906,1.0,0.5,1.0,0.8,55,3637.163842247366,7487867.942410451
19,32,1.4820290011635535,1.98448782314132,1.9781863853852324,1.5614807720389794,1.383766216549036,0.11540122179886525,0.524698193438752,1.0,0.5,1.0,0.8,56,3639.571884628682,7487446.570491791
19,33,1.4778449327283925,1.9643391657132787,1.943551907211772,1.566872274501759,1.4124133711083187,0.11638239434303832,0.5239363423374727,1.0,0.5,1.0,0.8,58,3417.13736715115,7489201.212042293
19,34,1.4770266585297667,1.9622596463720587,1.9410855439603074,1.5313134505668833,1.3875818626627023,0.11529144542278105,0.5246610842987596,1.0,0.5,1.0,0.8,61,3649.953275895168,7481377.082986541
19,35,1.4766631089883282,1.9840447386953695,1.9887957363370952,1.5925143023427264,1.385068413128597,0.11638239434303824,0.5239363423374719,1.0,0.5,1.0,0.8,62,3521.7616633034827,7485272.521310195
19,36,1.436834882852759,1.9406720350021633,1.9443556189510585,1.548252386519687,1.366746265268322,0.13282402436740423,0.47857431936458744,1.0,0.5,1.0,0.8,64,3615.277921470707,7594882.0591369
19,37,0.23091340373673094,0.71241030697032,0.6998726532439794,0.37359763570696564,0.17957415940440793,0.07718665341880152,0.04941930879642499,0.07340390967183756,0.5,1.0,0.8,68,2917.885270976134,6495.860596208207
19,38,0.23043138894748214,0.6974556898693687,0.6710053646355356,0.37858921281777586,0.16691168591375838,0.07621351263876994,0.05029639165816063,0.07488572997491974,0.5,1.0,0.8,70,2939.6669837145137,6673.403004572572
19,39,0.2306481042237972,0.7087422601074839,0.6952551638676373,0.39584535823788847,0.14911678244164334,0.07724482451417286,0.05033246167674031,0.07457068352216603,0.5,1.0,0.8,73,2848.120172044355,6617.063524277311
19,40,0.21491316785410242,0.6764290681700534,0.6484696320223823,0.38226276613455173,0.196206253209118,0.06795393048346504,0.04626204920488165,0.06982245395209857,0.5,1.0,0.8,74,23229.44175130397,7191.1773124200745
19,41,0.2545690589160611,0.7373316703199577,0.7350570158671457,0.4497250089595153,0.18299142237245447,0.0720097984299076,0.0599682037519161,0.10058217239460739,0.5,1.0,0.8,76,2833.284243061905,3448.806449667468
19,42,0.24207928859311822,0.7174985439472948,0.7132773556466891,0.4503549471387025,0.20754370311347745,0.07435212002933284,0.05547747584052254,0.09414739759946232,0.5,1.0,0.8,78,2867.6902607411835,3701.0124257397592
19,43,0.24867628298275646,0.7204908463752795,0.7153319309188366,0.4689768187605928,0.19553295430808182,0.07241112977729841,0.059356963981194374,0.10109418649166568,0.5,1.0,0.8,80,3080.686549126016,3427.6704091211022
19,44,0.2388555498067832,0.7076542608439448,0.7017197819778471,0.4636056916860687,0.1839522346670273,0.07508359948742394,0.05497632560139302,0.09451695403869173,0.5,1.0,0.8,82,2998.366303859858,3616.135388194734
19,45,0.2383885383491865,0.7059875585393448,0.6997465754331484,0.4705718817975831,0.17450444629855066,0.07523184239942309,0.05502276005748881,0.09451995558151628,0.5,1.0,0.8,84,3046.610771877416,3643.780972637233
19,46,0.23403314209750775,0.6996186097445374,0.6928658002702832,0.4737642297227508,0.18574321541255262,0.07544119382609564,0.05298040385942375,0.09271602350445893,0.5,1.0,0.8,85,2911.132542315134,3469.5787249636246
19,47,0.2353241533915298,0.7112247676682883,0.7172475997560253,0.47889646028552707,0.17576200770070963,0.07473307534895483,0.054351960891695486,0.09358831597021824,0.5,1.0,0.8,86,3163.652382176961,3678.4819224945895
19,48,1.1591468121742015,1.6382893052092207,1.6656030035369458,1.4366853744414063,1.1371670365976134,0.0674701892892541,1.0,0.08126646762385693,0.5,1.0,0.8,91,2951.4884301657085,10812.362105293045
19,49,1.1568429405473384,1.6294629455710092,1.6552269092929799,1.446587212914649,1.1305709083641178,0.06790708793142416,1.0,0.08127170082189925,0.5,1.0,0.8,93,2904.8165597936622,10672.149765382288
19,50,1.1482216904858993,1.6319670746017407,1.6707129596747994,1.4347203922991147,1.0911367041994493,0.06635971618243365,1.0,0.07149945063811629,0.5,1.0,0.8,94,2911.9698083938065,8186.628785814585
19,51,1.143337473194313,1.6185012911492564,1.6552433506327633,1.4390257951339118,1.1703764638989804,0.0685749707135857,1.0,0.06790872526396598,0.5,1.0,0.8,95,2834.3476753466075,7060.110846125409
19,52,1.1388789078961168,1.5959343694359196,1.6180907081661817,1.435970165543172,1.1511174711909624,0.0675181235541332,1.0,0.06593629448078381,0.5,1.0,0.8,96,2906.071330096654,8189.968058013415
19,53,1.1394831023860008,1.595227989547596,1.6170858742616205,1.4474598109190604,1.0936313772689557,0.06899219736831555,1.0,0.06631075606466841,0.5,1.0,0.8,98,2931.459880789544,8371.138757715493
19,54,1.130637094864507,1.5773777330632965,1.5972044543039374,1.4441454126545301,1.1644233436913307,0.06719015493849786,1.0,0.059949423984958394,0.5,1.0,0.8,99,2843.224814204264,7940.120977022916
19,55,1.1346921482369783,1.5907986052921388,1.6232141950598706,1.444980829356261,1.0918201881544751,0.06656930302943623,1.0,0.06611281712192178,0.5,1.0,0.8,102,2800.202066652032,7952.599985188643
19,56,1.1297648193267782,1.5844996958968056,1.6166109333273484,1.4581411792630292,1.093916017605303,0.06739317288779063,1.0,0.05994573549263512,0.5,1.0,0.8,103,2869.185607779385,7909.0127475189265
19,57,1.1262521955745857,1.5781442086269493,1.6096240317482784,1.4481043335305996,1.1048270729546221,0.06510225410287993,1.0,0.05804198404759624,0.5,1.0,0.8,104,2768.5844298417,7904.894182431539
19,58,1.1313353727930813,1.5789052377033606,1.6094260650707652,1.4829645273540428,1.125275028503993,0.07378213030465994,1.0,0.06056764638393515,0.5,1.0,0.8,105,3533.7383417607853,10156.094381978715
19,59,1.126837757761376,1.572382969778804,1.6024634199446064,1.4569748062995798,1.0988085736924196,0.07025439305824437,1.0,0.05783421277373633,0.5,1.0,0.8,106,2778.585835238021,8452.045136896459
19,60,1.128183558165859,1.576664685762902,1.6179482417515296,1.4813762598140883,1.1579386214994685,0.07309982691153985,1.0,0.06052172285090916,0.5,1.0,0.8,107,3547.489367297158,9764.066319130472
19,61,1.128106799378144,1.5742074232906158,1.6149774169500277,1.4926233229519474,1.095949179117557,0.07406127739176731,1.0,0.060597641292391737,0.5,1.0,0.8,109,3361.798628855521,10376.511834698296
19,62,1.1223461307018172,1.5376491566836756,1.5612416262046152,1.4967795825246721,1.1706569804836542,0.07495654322594816,1.0,0.05883385421168184,0.5,1.0,0.8,111,3954.9089992674735,8773.684023932989
19,63,1.1226534061217845,1.5172058394563153,1.5472211285962345,1.5072988511705332,1.2245050783802114,0.0778170909790628,1.0,0.06549868597219326,0.5,1.0,0.8,113,6733.968302460571,9161.657521092187
19,64,1.1214150908650757,1.5081400293625313,1.536574292532955,1.5139408330892703,1.1237106728877293,0.07808085242442837,1.0,0.06554084114116046,0.5,1.0,0.8,115,6681.609729091322,9038.268104465733
19,65,1.1200738265934629,1.4997916939887181,1.5268200351782935,1.5313618394648423,1.1104436295957405,0.07882868421326848,1.0,0.06489783797735624,0.5,1.0,0.8,118,6717.047879229873,8911.066799318061
19,66,1.1186661543127105,1.4854755353570348,1.5099367950711189,1.5526372232030106,1.1443691390979709,0.07853016492207114,1.0,0.0659284514767791,0.5,1.0,0.8,120,6646.799832979921,8196.153527976605
19,67,1.1124404301704862,1.4990032513431437,1.570555001302926,1.6391262552876733,1.0999383526178632,0.07509119138953896,1.0,0.06481489160364233,0.5,1.0,0.8,139,2637.6644466350504,6109.700128069082
19,68,1.1229186129452664,1.5037669643197171,1.585051557186137,1.6382644207054107,1.2353042004207717,0.07475186073289518,1.0,0.08082683578372636,0.5,1.0,0.8,140,1601.5055963669288,13708.279336135976
19,69,1.1077600086293835,1.463756195100845,1.5294289796829441,1.6426507555227288,1.194969396069607,0.07460969001275085,1.0,0.06396724929833754,0.5,1.0,0.8,141,2545.5732337774,6065.118968616911
19,70,1.1047103451309839,1.4580003633875627,1.5231577581807128,1.6514287944863901,1.0962490981551354,0.07523147746939504,1.0,0.060145709055746774,0.5,1.0,0.8,143,2600.1536328410266,6285.805484126913
19,71,1.1046780489324646,1.4571796518620175,1.5221870870963163,1.6590527675165199,1.0888403207074326,0.07533058127367301,1.0,0.06015248185699734,0.5,1.0,0.8,145,2591.813162866486,6181.419416110201
19,72,1.1082376912591134,1.4532140447705275,1.5167927346438674,1.669822364416251,1.1485209913471637,0.0742762999084108,1.0,0.06628261008831202,0.5,1.0,0.8,146,2526.72424465526,6013.459130279169
19,73,1.114742676869187,1.4675404487735881,1.5434795612874885,1.6573305611615232,1.1230420410920456,0.074642980323231,1.0,0.07462804438233392,0.5,1.0,0.8,147,1678.7495859360415,13288.054050261038
19,74,1.1025262540618688,1.4624968402747551,1.5615668057664074,1.7041808339849946,1.1253510906017576,0.07253329472903661,1.0,0.06258209613678503,0.5,1.0,0.8,150,1707.0769912816163,14257.55258442752
19,75,1.0980025778962272,1.4393252106704748,1.5239998833632498,1.6918128423254537,1.1393924168099718,0.07156166965572504,1.0,0.05841078662667119,0.5,1.0,0.8,151,1691.0692250719396,14410.347994661512
19,76,1.1001088710102993,1.4434580357581221,1.539419769130226,1.7008888201104757,1.1087336284262,0.07146794766359338,1.0,0.062135605586537745,0.5,1.0,0.8,154,1709.0854660466005,14238.378220756147
19,77,1.0973578750597133,1.4284141891161397,1.51117272546155,1.7144563561066288,1.0855537710336378,0.07234067779161524,1.0,0.05827111817922762,0.5,1.0,0.8,157,1699.9291788765709,13952.682284007646
19,78,1.0957802075071432,1.4427804102845834,1.5503376413847987,1.7205807357907041,1.1307685175769897,0.07113486619689904,1.0,0.05774663693138811,0.5,1.0,0.8,158,1680.1655199859204,14063.849493691803
19,79,1.093798869899199,1.4401693532041833,1.547609691803555,1.7224885548074718,1.0846094325624867,0.07047027783120653,1.0,0.05575172503746353,0.5,1.0,0.8,159,1910.680893697785,10791.066143556243
19,80,1.0946290303446444,1.414978888787104,1.5066756203953602,1.7303452888473092,1.1191841742576631,0.07029308625205836,1.0,0.058401939374616775,0.5,1.0,0.8,162,1623.227072187433,14124.781186216034
19,81,1.1020242319951816,1.429081460790043,1.5329492242118479,1.753742443337657,1.095249072695345,0.07657526092816662,1.0,0.064152650104912,0.5,1.0,0.8,168,1794.6515185411524,13701.178224581154
19,82,1.1029894298840865,1.4777115519368875,1.6450443369508008,1.8617581269152133,1.0974581448837495,0.08213028141151565,1.0,0.06266460834330548,0.5,1.0,0.8,178,3930.104302216536,4800.104343711855
19,83,1.1023846895205314,1.4848133700213142,1.664504348124678,1.8737356192669017,1.103944565803335,0.08077421329334865,1.0,0.06307226972746727,0.5,1.0,0.8,180,3861.360752271197,4662.227174734503
19,84,1.1062423667005277,1.475610873989707,1.6419608785724138,1.8678665230593308,1.101777538106416,0.08223510928683922,1.0,0.06714671248684771,0.5,1.0,0.8,182,3899.0817458435545,4751.074382612967
19,85,1.1056135791761088,1.4211145292054372,1.5338049172266668,1.87117236185486,1.1624488852585777,0.08115572839068971,1.0,0.06782010660697065,0.5,1.0,0.8,183,3803.529443847679,7280.803930872149
19,86,1.1052568066525315,1.4292907309110767,1.5544931594446754,1.884088020672876,1.1046527402982815,0.08095045938177318,1.0,0.06772804567972716,0.5,1.0,0.8,185,3813.9377949505215,7138.159843409015
19,87,1.1049344662775458,1.4333602925221685,1.5703202615127176,1.8907522637403174,1.1200883291259494,0.08088328161011005,1.0,0.06792550435277274,0.5,1.0,0.8,187,3871.546972610864,5490.441537363293
19,88,1.1048028376696821,1.4391003598673993,1.5880893857206646,1.9152604686446566,1.1147984851389212,0.08196060726601934,1.0,0.06751237524887146,0.5,1.0,0.8,189,4020.7404570525687,4614.212875432134
19,89,1.1039730597672475,1.4453814964041816,1.6175930143212618,1.9334651642328056,1.1517743856738183,0.07785613041563476,1.0,0.07019806602124914,0.5,1.0,0.8,191,4024.049534642093,4540.859201079393
19,90,1.1092325216772103,1.45518301366987,1.6391888957342915,1.946384670356466,1.1252907704948671,0.07866861930980437,1.0,0.07674076692977345,0.5,1.0,0.8,193,3949.685294342089,4451.188782417616
19,91,1.1046809195302314,1.4569241393978971,1.653042803872971,1.975688740417924,1.1055020041973111,0.07887928488232909,1.0,0.07126113387017684,0.5,1.0,0.8,197,3978.081181667953,4433.589321405727
20,0,0.9404020270864863,0.9862790495896204,0.9349554750580403,0.011507232717215274,0.0,0.0,0.0,0.0,0.5,1.0,0.8,1,1671.2716758651864,8073.358099974274
20,1,0.9595748246866314,1.0116968079301873,0.9600448357387849,0.04207284609179044,0.0341318763765879,0.054349814107740146,0.00010637536253598,6.730759416534e-05,0.5,1.0,0.8,3,1662.1827429995246,6938.105617832152
20,2,1.0436228795123002,1.279100010745845,1.2291894673110881,0.37662559323993516,0.8084151584273256,0.07943614040795344,0.1714734531714825,0.1726078581009629,0.5,1.0,0.8,4,3084.8397072679604,8826.840313790144
20,3,1.6602492166708653,1.912483264513098,1.847196799751167,1.0188924871203593,1.1044926416423193,0.00469263162184704,1.0,0.00673726505236834,0.5,1.0,0.8,5,1743.6381831921924,35168162.48748753
20,4,0.7446264346622853,1.0771710208456053,1.0034359136850877,0.24480505438419084,0.5663905653529937,0.07713034093091552,0.10282889799350066,0.100453843006343,0.5,1.0,0.8,6,2691.898701030584,16818.651613112022
20,5,0.6743266525109168,1.0122021791937181,0.9377801278261193,0.18934124089038024,0.1748148349598917,0.0772580856853279,0.06857306758901521,0.06699692214220447,0.5,1.0,0.8,8,2699.121073139683,16877.80455569356
20,6,0.665673636197118,1.0085253710857844,0.9334368020113469,0.1929761695469869,0.18809241688136835,0.0772308108110014,0.06880308676873995,0.06699438318404122,0.5,1.0,0.8,9,2649.768238475457,17672.33268895687
20,7,0.5910457175518871,0.9895790824080941,0.9203974874888269,0.20282580174711767,0.4621306955837957,0.07917803552381192,0.07362712556544393,0.07383528265527516,0.5,1.0,0.8,10,2901.8384229846843,18413.519073232725
20,8,0.5229285294396517,0.9350979868727227,0.8630196132274188,0.17009895743724274,0.1934965085977161,0.0537249534234633,0.05989901569380433,0.059945656519005894,0.5,1.0,0.8,12,2723.109972132467,14612.909876312488
20,9,0.46388433182154887,0.8924786145146691,0.8160940441754485,0.15695435012886655,0.2050492963045919,0.05552857259661411,0.050788292063015626,0.04836360595769943,0.5,1.0,0.8,14,3049.1650511031426,15106.911804445825
20,10,0.4506218707464497,0.9059550949028589,0.8541857822138831,0.1719861526458657,0.17295306017291417,0.0554038909154239,0.0500592640058942,0.04830374640944946,0.5,1.0,0.8,15,2993.2742216843835,13795.662119034014
20,11,0.4545759749345397,0.9033850677255265,0.8369235112379927,0.1798294132971129,0.20389583979382114,0.060750787806150855,0.058021316990557605,0.0581502036352979,0.5,1.0,0.8,16,3499.375237112867,16799.015389794793
20,12,0.6010003679449335,1.0757664158962992,1.0341414306497083,0.3586482492319091,0.3426323034572425,0.1369738071522213,0.08279707612223682,0.1755060184534098,0.5,1.0,0.8,17,3059.493279368848,21655.10938819449
20,13,0.3989541486326957,0.8819359387747661,0.8354808232314954,0.18939690370990475,0.31982635623348826,0.058646122735967775,0.0573476952435225,0.04923867341986735,0.5,1.0,0.8,18,3581.638522163265,15812.465716249551
20,14,0.38615902358970017,0.8818637524910947,0.8471719565264009,0.1921998625272429,0.14716891063325382,0.058487737148142524,0.05418107276480553,0.04823084789178586,0.5,1.0,0.8,20,3280.864094251242,15593.02153818778
20,15,0.45260229934854745,0.9388483517726135,0.8893400440537431,0.27876541051642334,0.2747551922527783,0.09975894864752935,0.06265368580078648,0.1103370871343867,0.5,1.0,0.8,21,3430.3808806191955,17088.516604163524
20,16,0.35927177861145604,0.858561978197488,0.8184589199081865,0.20525046466345262,0.276979211475335,0.07518599391845696,0.051066460948825707,0.05205762556826439,0.5,1.0,0.8,22,3709.179604640077,16158.031784227696
20,17,0.3554946143183086,0.8436571072656506,0.7903021383007686,0.20982097900383379,0.1385077549872925,0.07372319563090256,0.05128192674014348,0.04991176905827751,0.5,1.0,0.8,23,3585.5454319630567,16389.75952333584
20,18,0.33789072089348643,0.8147854273596737,0.7459619607491004,0.19234074927333458,0.2252399329231436,0.08024304154141162,0.04439441000806181,0.050376016321032537,0.5,1.0,0.8,24,4146.535944453537,15697.984373919118
20,19,0.4013706363196668,0.8989556618895024,0.8523944094845054,0.2947788797433576,0.36099923389766453,0.10139481398998651,0.06848748527551288,0.11153092248706849,0.5,1.0,0.8,25,3604.595410403883,17769.874138375908
20,20,0.5131422421157248,0.9986430524919409,0.9379781570876816,0.4181551492545845,0.37070293407455357,0.09727504651933497,0.09552428165200334,0.2269764700928067,0.5,1.0,0.8,26,3603.439668600801,19340.752760979434
20,21,0.41936528353762764,0.9269741337533483,0.8919802508602526,0.3272586312459142,0.24698507049236423,0.10688795175860026,0.07248808095511142,0.13457510163343506,0.5,1.0,0.8,27,3304.718512851295,17938.90068372222
20,22,0.412141974270717,0.9074657154507059,0.85836755452237,0.3278405380401039,0.276748786757418,0.10524191737813833,0.0719511709600711,0.13395163942266913,0.5,1.0,0.8,28,3239.793007016626,17881.94462169742
20,23,0.3862615233779575,0.8692042265802181,0.8060437192956058,0.297316790269056,0.2542341817465117,0.1026428325727041,0.0651731331549562,0.11797723718322532,0.5,1.0,0.8,29,3151.181809379571,16121.652595955346
20,24,0.38494895911204363,0.8787476522787053,0.8283032375624657,0.3052331725741527,0.2166413788430512,0.1026428325727041,0.06517313315495611,0.11797723718322532,0.5,1.0,0.8,31,3219.837542255743,16036.302951189287
20,25,0.28558022889420454,0.7662205611055718,0.7012490669160187,0.21575022871954821,0.1497669857989043,0.06621681097217305,0.05348762688640509,0.03983937204269618,0.5,1.0,0.8,33,7933.975847028621,15770.02272419532
20,26,0.25935596333086264,0.7293971295487387,0.65830841202722,0.21267464159436475,0.36673386075372433,0.05896662278701319,0.055414974984750454,0.04058164408120894,0.5,1.0,0.8,34,8110.73518915684,15720.442722237713
20,27,0.2601403547839284,0.7395569142628662,0.6805895054794042,0.22884070234902015,0.1394404857060675,0.05706985468286672,0.057607561136174844,0.04413785002157045,0.5,1.0,0.8,36,7293.960458922149,16062.342214147264
20,28,0.2605064179515985,0.7377518458062109,0.6777760564868858,0.23763436331311433,0.1670129224562965,0.05521687944744354,0.062237872461465046,0.04461219655799048,0.5,1.0,0.8,37,7868.451182413509,16082.62048908757
20,29,0.23666550256873392,0.7177615792273514,0.6677121583007193,0.2344224676566884,0.23695169356176982,0.06785734926967676,0.04579436337671462,0.04071108074997215,0.5,1.0,0.8,38,9009.215076512037,18824.46210305904
20,30,0.22824792605453098,0.7087859903922775,0.6585149675288463,0.2352306020711329,0.10912844219898889,0.06671203787760716,0.041641692561235136,0.03701557978534261,0.5,1.0,0.8,40,8946.9456696288,18887.622194132007
20,31,0.26697651035389797,0.7365645412682131,0.6732120871048874,0.2703137842759034,0.15304383810434477,0.05470655720981271,0.08050773677362182,0.04525597142282791,0.5,1.0,0.8,41,2695.0429889337674,18280.005102739728
20,32,0.26562735678384775,0.7336051413042284,0.6696537168860768,0.276894100364805,0.156380170288968,0.05450702591989966,0.08086578951893833,0.04560564605010008,0.5,1.0,0.8,43,2692.6619878930514,18112.001669968267
20,33,0.70523149620411,1.1720474945066697,1.1167442359496145,0.7604175351893017,0.6189214210699099,0.08384601596588906,0.10071813178325033,0.5682682506792445,0.5,1.0,0.8,51,28380.607347146764,18866.562928834108
20,34,0.7019731228267256,1.1620059280293966,1.1044690502761039,0.7688348194138661,0.6455048475937788,0.08377124876222038,0.10229533691825846,0.5700949320128996,0.5,1.0,0.8,53,30800.7208172479,18920.518213125797
20,35,0.7255265620400638,1.1853576745535845,1.1277495565137206,0.7925748911819857,0.6272178287090275,0.08612724696606915,0.10380965747124882,0.596439162275572,0.5,1.0,0.8,54,30600.034628990667,18702.86266306236
20,36,0.700296560211256,1.1575615349820523,1.0991405964139813,0.7757095692601894,0.6338291998586272,0.08475933132413686,0.10224766228030599,0.5704341210919446,0.5,1.0,0.8,55,30083.547635425457,19107.43747099011
20,37,0.7233851854595172,1.1798887097792425,1.1212221895675811,0.7993493319890647,0.6350146119934963,0.08710240476437638,0.10376198564533368,0.5967783303344305,0.5,1.0,0.8,56,29886.05843605845,18890.083080272827
20,38,0.5213219373963899,0.9866485605360709,0.940245313798957,0.6047029113333047,0.45438516637662657,0.07553352571619469,0.09590561992917174,0.36365632730028563,0.5,1.0,0.8,57,30266.606876274374,19803.65325984374
20,39,0.5091480116654077,0.9669238679561931,0.9182361641717954,0.6071615375241934,0.4647967398241474,0.0771956863105601,0.0926183365076686,0.35874512542791265,0.5,1.0,0.8,59,30425.13416235957,19284.343464845108
20,40,0.508028468444145,0.9642558596640656,0.9151119250253186,0.613625732575877,0.4275118010100564,0.07682864147047012,0.09275267543664828,0.3588013474722154,0.5,1.0,0.8,61,30350.91415874845,19286.685368428814
20,41,0.5070733821210076,0.9623438439890286,0.9129200044271033,0.6199110994341717,0.4293479635815626,0.07632458598040404,0.09268850684760442,0.3588500299818719,0.5,1.0,0.8,62,30194.271579651755,19309.5282930202
20,42,0.5072606353942455,0.9622215577864577,0.9127068002189724,0.6202740098845105,0.42207573588631553,0.07681628251495368,0.09286398007822529,0.35883343634034276,0.5,1.0,0.8,63,30125.00012697855,18777.696908505503
20,43,0.38121721842843587,0.7982354516795015,0.7084718401066767,0.4939327288626861,0.3206750602031594,0.07381855300122143,0.10123737942200679,0.19637717704800772,0.5,1.0,0.8,65,30569.52412244576,18675.595787245467
20,44,0.5062205383264543,0.9728317983321066,0.9462671207413411,0.6172233922809343,0.4978974954331719,0.07580465962760422,0.09493786689392471,0.36439429024142655,0.5,1.0,0.8,66,30572.635198343407,18731.622277300423
20,45,0.4904522090658732,0.9334040909069623,0.8804935102491733,0.669803505966017,0.4113586937404639,0.07773950983619889,0.08862281116154089,0.35232209505816997,0.5,1.0,0.8,73,30125.06166590937,19538.83882029398
20,46,0.486739132317344,0.9267118594339429,0.8729871622932581,0.6777269343378194,0.42401427104460154,0.08019587754867663,0.08689772322191483,0.3505202446066258,0.5,1.0,0.8,75,29911.917120210128,20068.611272535592
20,47,0.4858176324199152,0.9252673559374979,0.8714006718136234,0.6837611103904281,0.4126029325488274,0.07898613137400654,0.08688684264682604,0.35052120878238807,0.5,1.0,0.8,76,29755.08829653404,19717.461087301366
20,48,0.48616545461313393,0.924637590667687,0.870506658425854,0.6846726858194043,0.41847053742204576,0.08042228361802957,0.08688361535731932,0.35076871031120505,0.5,1.0,0.8,77,29828.13649316558,20042.580951259893
20,49,1.934758478597173,2.432004452036991,2.4536307833578532,2.191927687692478,1.8680217566906894,0.12193040815384348,1.0,1.0,0.5,1.0,0.8,90,2626.724754803396,11615.754461865014
20,50,1.9347387559107896,2.4319464949722347,2.453562870961302,2.198722771040365,1.8613651714485226,0.12193040815384353,1.0,1.0,0.5,1.0,0.8,91,2626.8492507044225,11615.971748928838
20,51,1.9334962211290883,2.428401396167473,2.4494202531528044,2.2019684232156465,1.8851384385574632,0.1218176256677804,1.0,1.0,0.5,1.0,0.8,92,2645.6572489466403,11270.466311815291
20,52,1.933158542449533,2.4168087822157744,2.424804343558832,2.2020979454538496,1.8623572606484315,0.12130780016207979,1.0,1.0,0.5,1.0,0.8,93,2591.1849871013646,11758.2199428309
20,53,1.9260093971408918,2.426525381514005,2.459108418980973,2.214670684268235,1.9130981224721253,0.11243059679039409,1.0,1.0,0.5,1.0,0.8,94,2305.0820413609745,9840.92973292159
20,54,1.9237604598284566,2.420186098835611,2.451735480105235,2.2210756866344568,1.8769866858612958,0.11182453931187712,1.0,1.0,0.5,1.0,0.8,96,2313.7065269814475,9879.307574343193
20,55,1.9225897059613128,2.416874619372214,2.4478880392705884,2.227871854758928,1.8666586984920426,0.11146025951964258,1.0,1.0,0.5,1.0,0.8,98,2336.1206362279745,8532.767963332888
20,56,1.8990604031170335,2.3674092039705057,2.3818050666911823,2.1981333206140254,1.9877127631127882,0.07717976511082654,1.0,1.0,0.5,1.0,0.8,99,2557.3531494807235,25673.390876270016
20,57,1.9016166717587493,2.360260511780351,2.3723618327082816,2.210330700382924,1.9380025417050566,0.08967906042327592,1.0,1.0,0.5,1.0,0.8,100,2673.912536054924,16341.965321483747
20,58,1.894773064481022,2.3490780091497365,2.3601691858798945,2.204459000024049,1.880619952375585,0.07911062586474983,1.0,1.0,0.5,1.0,0.8,101,2701.052408742072,26069.42921976956
20,59,1.8992393848028084,2.3422246951168777,2.3402079706438887,2.2166839153133004,1.8582391832332206,0.08906620898072848,1.0,1.0,0.5,1.0,0.8,102,2613.060541922699,16184.641369704575
20,60,1.87702619265819,2.327111496481108,2.3476843864792727,2.20075390507694,1.95624486037728,0.053862684661405716,1.0,1.0,0.5,1.0,0.8,103,2223.693233875365,9488.93804005852
20,61,1.8727800771875829,2.321680484388297,2.3524997417072226,2.2023443787822803,1.9382525671835236,0.05275693734129775,1.0,1.0,0.5,1.0,0.8,104,2386.4925096527177,10546.782629976948
20,62,1.8688466813345306,2.304905788523965,2.3329256510454837,2.2040155504485712,1.8829987446724747,0.05189874943130227,1.0,1.0,0.5,1.0,0.8,106,2438.03855612968,11334.9379196901
20,63,1.8648889655715404,2.2852911140619243,2.3099659136959856,2.2094390171371825,1.962566097041493,0.0517345137307925,1.0,1.0,0.5,1.0,0.8,107,2448.730803478003,10537.474074142006
20,64,1.9058833175265693,2.2768924732029863,2.2592654293724603,2.280870591351248,1.8852746113713312,0.14070596879253056,1.0,1.0,0.5,1.0,0.8,116,27944.174991021864,9623.314202375408
20,65,1.9044683657955344,2.266924760386761,2.2475330686670114,2.2874627562448175,1.9066661547373283,0.14137829735373839,1.0,1.0,0.5,1.0,0.8,118,27939.992573750624,9817.424996916829
20,66,1.9042750060368332,2.2625134024124076,2.2422575346587363,2.2948359753000664,1.8889378627216957,0.14264831698276245,1.0,1.0,0.5,1.0,0.8,120,27819.09585392264,9542.004422570535
20,67,1.903064223172386,2.2292939611808373,2.202591797666291,2.2958073467468054,2.138883475909079,0.15149036173007957,1.0,1.0,0.5,1.0,0.8,121,27077.48318398333,10381.076811557728
20,68,1.8967707388655273,2.232703143220623,2.2187041885577408,2.3518010480278986,1.8704860707643116,0.13937300728950397,1.0,1.0,0.5,1.0,0.8,136,28606.56357985112,9400.634352982746
20,69,1.905327558368666,2.247179837740731,2.2451294190912856,2.373658332140307,1.9237396451332192,0.15820322901887252,1.0,1.0,0.5,1.0,0.8,137,27169.31136793423,9339.506116229426
20,70,1.8983072340197746,2.2298054280065385,2.2473717713227916,2.39086852285826,2.135111088486827,0.15319647069348136,1.0,1.0,0.5,1.0,0.8,138,28132.484158979525,10201.60040406715
20,71,1.8982968976875616,2.240917626643692,2.27146879563123,2.4024509676858887,1.8769197783950038,0.15319647069348136,1.0,1.0,0.5,1.0,0.8,140,28121.25808464887,10204.9927297436
20,72,1.8972375317608343,2.2017736407446034,2.2033141871939517,2.3976290761401664,1.9388014779612877,0.15486975827325636,1.0,1.0,0.5,1.0,0.8,142,27405.50553326338,10467.185250153088
20,73,1.8972417808975073,2.200435066971802,2.2017191566997196,2.405198839473327,1.8828230646430908,0.155187913897384,1.0,1.0,0.5,1.0,0.8,144,27505.732855660677,10557.80477771744
20,74,1.8974222510791343,2.2100160205120765,2.223956394987413,2.42469694730387,1.8814900788243845,0.15596118979472356,1.0,1.0,0.5,1.0,0.8,148,27549.82208999253,10447.44137445619
20,75,1.8972433359723924,2.22078932891028,2.2476822541492885,2.4209687269029505,1.8798181905214983,0.1556612415088941,1.0,1.0,0.5,1.0,0.8,149,27386.475294824708,11128.071523130382
20,76,1.8979196279252648,2.2207369786164133,2.2474909626384534,2.4331322995129936,1.8814350695162392,0.15717968066393542,1.0,1.0,0.5,1.0,0.8,151,27421.786275414717,11079.20987043772
20,77,1.8973525437449181,2.2195737810286262,2.2462142030261134,2.4593489687327077,1.8826872549204596,0.15617928842126227,1.0,1.0,0.5,1.0,0.8,152,27264.876006802668,10760.10558182932
20,78,1.8969275539031256,2.223247147885269,2.2615365491367587,2.4939849997184007,1.9335824520472753,0.15690079448424163,1.0,1.0,0.5,1.0,0.8,153,27062.8769411352,10423.765337400351
20,79,1.8966269988441142,2.2185462542056094,2.256001369483279,2.497556372344828,1.8956247695225872,0.15724194873659897,1.0,1.0,0.5,1.0,0.8,155,26950.49980398031,10238.293302344717
20,80,1.8966714294006601,2.227953283133294,2.2780602758216295,2.5096718583091686,1.8859680706647608,0.1577186648465974,1.0,1.0,0.5,1.0,0.8,157,26944.891199697315,10413.64895972543
20,81,1.8966342232264792,2.238764583735133,2.3018047462105784,2.5294914433450737,1.8802305046442431,0.1577186648465974,1.0,1.0,0.5,1.0,0.8,159,26969.930847249718,10406.366782066263
20,82,1.8617312609745984,2.1372651462778056,2.1223995492098595,2.421013415002051,1.8462610979201508,0.08803437412633301,1.0,1.0,0.5,1.0,0.8,161,27876.426611054096,12024.089737956385
20,83,1.8614813568750694,2.142822864626994,2.1399596871897524,2.441287164950923,1.852257340497427,0.08839715114679839,1.0,1.0,0.5,1.0,0.8,165,27284.56952292028,11548.576222757118
20,84,1.8622930276675016,2.1531165503478933,2.1629291939310344,2.4466900801761815,1.8584377186331553,0.09036987594931632,1.0,1.0,0.5,1.0,0.8,166,27160.146232366707,11118.551921670574
20,85,1.8613807655305301,2.136586060571201,2.1325666293263117,2.4562819483768523,1.8616768739321519,0.08942668429957351,1.0,1.0,0.5,1.0,0.8,168,27184.88565748835,11433.64076938639
20,86,1.8616965620262946,2.1433942679082447,2.1514899503380365,2.4612729299808374,1.8635354856015243,0.09097503618000452,1.0,1.0,0.5,1.0,0.8,170,27147.433562592487,11738.6833459086
20,87,1.8835331293546338,2.1826692878340994,2.2158341756338906,2.5036785519619844,1.8867963158367378,0.13559095816943928,1.0,1.0,0.5,1.0,0.8,172,27099.045550382743,11082.86770632803
20,88,1.8609055515230248,2.1265306786880034,2.13162040363924,2.4682127642175784,1.9307728823560844,0.09235411022118109,1.0,1.0,0.5,1.0,0.8,173,27822.92644364609,12404.926278841978
20,89,1.8577853905116684,2.1131899734154556,2.127304870187548,2.4948853120341177,1.925904877817708,0.08968949183803378,1.0,1.0,0.5,1.0,0.8,175,27974.02695427041,14826.593949793512
20,90,1.8547208968790283,2.1107842719508034,2.1359549983948236,2.5002502377228053,1.8822701745298172,0.08518035466238735,1.0,1.0,0.5,1.0,0.8,177,27226.52800495228,14572.840206421684
20,91,1.8539988709183521,2.0845342071388804,2.0940747315019212,2.5018889764407692,1.896520716869393,0.085798644229681,1.0,1.0,0.5,1.0,0.8,179,27234.239076355967,14442.246366548185
20,92,1.8539432264625941,2.076458270147114,2.084531862070257,2.512989628214357,1.8732877780640187,0.08677744248398742,1.0,1.0,0.5,1.0,0.8,181,27246.366605400875,14420.79606527792
20,93,1.8531767364507075,2.095779478617448,2.1294303937756998,2.5247844195011906,1.8514022496932419,0.08555155360454483,1.0,1.0,0.5,1.0,0.8,183,27280.75035079012,14496.10330121892
21,0,0.7459530327412136,0.9345832284393094,0.8744063570727512,0.006753005352424813,0.0,0.0,0.0,0.0,0.5,1.0,0.8,1,4560.242137953979,7480.451802248074
21,1,0.7475874024202619,0.9518571515598254,0.8905126059523603,0.033613341728282974,0.047901272746334496,0.0478822596139532,0.00010897207854047,5.2157758479159995e-05,0.5,1.0,0.8,3,4511.4389159510765,7396.605412535607
21,2,0.7048011656218397,0.9383272371087014,0.8746494847079909,0.034772712215909045,0.11934440263644,0.01795858802447952,0.014880315170777638,0.00040875211274532996,0.5,1.0,0.8,4,4494.028646079183,7321.076955308953
21,3,0.523227231294785,0.9477555995988098,0.8725581067237582,0.16558868068783855,1.1655886806878386,0.05866030132330811,0.09853048562512218,0.04716005550132788,0.5,1.0,0.8,5,3791.9496514523594,5047.438419805018
21,4,0.40603691913141526,0.8568931084744332,0.770477185571439,0.14199218420515541,0.3698914742851587,0.06833968600851091,0.0713880172026102,0.04334378549786978,0.5,1.0,0.8,7,3692.5985544649,2858.9641172527663
21,5,0.3257889757729548,0.7803801316499976,0.6862924552315277,0.10936396703959261,0.2640530049084419,0.06614444726389196,0.05050353343453301,0.03117607827024581,0.5,1.0,0.8,9,3612.21899772548,8110.031453954385
21,6,0.304725326406478,0.7592684567441698,0.6647748040518863,0.09602373946462757,0.09805318093589106,0.06632710092309688,0.03788873736059297,0.02340385475847362,0.5,1.0,0.8,11,3554.7460099558093,8148.404413805481
21,7,0.335283452762284,0.7895815841171349,0.694011951671508,0.13797980133549642,0.1483092443792629,0.045861947207475426,0.03878749481064804,0.08081559228532112,0.5,1.0,0.8,13,3711.063597448472,8256.085674435019
21,8,0.3124602718680433,0.7665991452782497,0.6705601791673399,0.12370372840479846,0.11570305615877127,0.0467211503190708,0.031041372939436717,0.06465975599053159,0.5,1.0,0.8,15,3689.5474606080415,8266.45389454468
21,9,0.2631768693629366,0.7260988480112003,0.6392491568543193,0.10123562042318185,0.15440601787531863,0.06091678927126175,0.031372946363851774,0.01856138483274975,0.5,1.0,0.8,17,3598.140410505954,8051.771370279997
21,10,0.3722848205258777,0.8298747549853249,0.7384681516196296,0.3051846846794164,0.22136772777710567,0.05789954280351154,0.12722776138068553,0.06360908814157484,0.5,1.0,0.8,30,4895.919788174138,22952.976470435467
21,11,0.31732284868741767,0.7713846363893812,0.6850908133919085,0.27958938937394484,0.5050039644227166,0.05316190638609147,0.10367134657218842,0.06647058043351839,0.5,1.0,0.8,31,4714.899136816574,5702.140735474455
21,12,0.31459214578093686,0.7674932212502665,0.6806911630063771,0.28055885633376765,0.19286780586946173,0.05281640716589821,0.10313315744394944,0.06620427981817556,0.5,1.0,0.8,33,4647.736216740533,5714.308414136109
21,13,0.30134752387547087,0.7525859708873694,0.665073480501543,0.28484874377441893,0.20071713316672168,0.051750885250356926,0.09948060106252664,0.05798722570395197,0.5,1.0,0.8,34,4834.104908142722,5822.0176063504605
21,14,0.2828152876923762,0.7560695211672732,0.6943913283926546,0.2960480533402339,0.15493509936926603,0.04593077027004243,0.0823297826859371,0.06062372864879369,0.5,1.0,0.8,40,3415.1031168269087,6214.434507439851
21,15,0.26686623216419075,0.7181109405957614,0.6392284311542585,0.27960176785535934,0.3230079213994844,0.04011935655682243,0.08722713107611066,0.05537529302952604,0.5,1.0,0.8,41,3852.5784420930095,6200.019035909442
21,16,0.29428032729733405,0.740708433644864,0.6601145248954274,0.32082253788811704,0.2539490350538191,0.04313473135068206,0.1164139167922276,0.05774518312302064,0.5,1.0,0.8,42,4090.3561905223337,4723.26321507474
21,17,0.24261797783444172,0.6967824564083186,0.6280034815705074,0.296375978665743,0.14805890617716178,0.03735192222842792,0.0847350739344537,0.040698254306595114,0.5,1.0,0.8,46,3950.746428176396,18027.22057581465
21,18,0.2560414839342421,0.6848250873742813,0.589056184121235,0.3133669328109736,0.16228562518082237,0.03949651506735087,0.09007897352264307,0.05296073061935286,0.5,1.0,0.8,50,4544.107023838196,8678.44223843633
21,19,0.2633949799987687,0.6798358012321681,0.5801866141053426,0.33835692519713034,0.22260415651739723,0.04163047280024264,0.09626125905950468,0.06598542483559777,0.5,1.0,0.8,53,4559.006017979593,9414.292310534674
21,20,0.26339497999604466,0.6910401498926383,0.6043913796264752,0.37029032629309555,0.16986608399770606,0.0416304728002426,0.09626125905950512,0.06598542483559802,0.5,1.0,0.8,55,4559.006017570688,9414.103302971012
21,21,0.22818991261114044,0.6485421894575023,0.5597241824815663,0.3522207555302677,0.22925559707805018,0.03928039766683489,0.07701572526780873,0.05422173795022027,0.5,1.0,0.8,56,4406.6044056350775,8588.902524218169
21,22,0.34383238693729884,0.7463356717023306,0.642634190608733,0.4844051859050407,0.3361884494964495,0.037281407252465745,0.1990168830507448,0.052961235466749045,0.5,1.0,0.8,57,5254.923182945857,45502.63474893063
21,23,0.34318633217294037,0.7451763191542939,0.6413327457285553,0.4872664631752456,0.2653779856068784,0.036630951693311556,0.19901311458365506,0.05295997785233404,0.5,1.0,0.8,58,5193.876989074646,45490.44523158761
21,24,0.3429943402636293,0.7443963894340374,0.6403869907643429,0.48746224637854524,0.2667476025485212,0.03734112949601242,0.19886773339421016,0.05293336179510476,0.5,1.0,0.8,59,5261.870661652885,45355.01242506808
21,25,0.2648663863532237,0.6995522886009838,0.6344511795897921,0.3959528956690582,0.18392250734441928,0.048723395838793274,0.08841309344849882,0.08649717903222556,0.5,1.0,0.8,61,2769.266050908972,9717327.917799875
21,26,0.2608672676931832,0.6904865958643795,0.6239921018991713,0.40098106341989614,0.2093706522652915,0.046628364286679054,0.08855532429853558,0.08646650996827569,0.5,1.0,0.8,63,3000.175263054788,9712462.114788389
21,27,0.2447908418886424,0.6725522421419898,0.605553804703826,0.3955017242086848,0.17631550957203845,0.04509778080541852,0.08060699000097322,0.07861933529194873,0.5,1.0,0.8,65,3012.13404112539,9717415.503225092
21,33,0.1704461418135698,0.5632086303562245,0.49763277907331926,0.39004053878772826,0.12978079759178296,0.05228903818807057,0.04588856648558349,0.051345775341720024,0.5,1.0,0.8,76,3706.0583193733487,6174.397006530789
21,38,0.2932446936030929,0.6464918320214215,0.5931572395365995,0.5554632667164677,0.43819862062253323,0.05038830214086628,0.15001845410521183,0.09889734639116285,0.5,1.0,0.8,84,6093.830709942389,7578.216584319021
21,55,2.3177707176336293,2.5817262998987465,2.5538058172643416,2.8166692077992144,2.3127650844323915,1.0,1.0,1.0,0.5,1.0,0.8,135,3655.058325860528,8114.137080577586
21,56,2.3161008700357884,2.574260780291863,2.556143447254246,2.8432933269497145,2.4283332730710048,1.0,1.0,1.0,0.5,1.0,0.8,136,3701.741769644264,6163.4129784971465
21,57,2.3157452833081553,2.5701456577293396,2.551323635574337,2.825610859466681,2.307185403045874,1.0,1.0,1.0,0.5,1.0,0.8,140,3711.162743072228,6615.808588712871
21,58,2.3154114275425046,2.56621192881197,2.546716222375238,2.855833370589038,2.3054953442118045,1.0,1.0,1.0,0.5,1.0,0.8,145,3736.4933813758503,6919.184307177175
21,59,2.3153060345175644,2.564955850479321,2.5452449839641442,2.843593325996112,2.3043861349665566,1.0,1.0,1.0,0.5,1.0,0.8,147,3746.3085874204457,6797.4797412731805
21,60,2.3146608474429566,2.557108395525338,2.5360536480374103,2.8624382940452433,2.354814615087456,1.0,1.0,1.0,0.5,1.0,0.8,148,3918.883947413046,10181.60325104853
21,61,2.313713042319605,2.5450572582461666,2.521938696168599,2.8660013241077698,2.3420853953160616,1.0,1.0,1.0,0.5,1.0,0.8,150,3911.765612180347,10125.383415268048
21,62,2.313233243407904,2.5387001033909584,2.5144928072570067,2.868186238012261,2.3221978237234397,1.0,1.0,1.0,0.5,1.0,0.8,152,3902.199221673706,9124.52999812502
21,63,2.3132332387602537,2.538699932426166,2.514492610409481,2.8681862224000323,2.3000017836251834,1.0,1.0,1.0,0.5,1.0,0.8,154,3902.2002035846,9124.52755491073
21,64,2.313152565372987,2.5376125963440037,2.5132190069147287,2.8765586497537656,2.307594838531398,1.0,1.0,1.0,0.5,1.0,0.8,155,3967.5143937508574,9488.396012152609
21,65,2.3124209110426,2.549915222833374,2.549791964972689,2.876482645382816,2.3705758892692184,1.0,1.0,1.0,0.5,1.0,0.8,156,3189.783947350435,8128.787030970556
21,66,2.312366184603425,2.549140752322023,2.5488848259559473,2.8839600288609075,2.302704109048899,1.0,1.0,1.0,0.5,1.0,0.8,158,3182.120152429173,8148.492744539018
21,67,2.3119922263631336,2.543783228610274,2.542609982977938,2.8947963077506946,2.3062455311113004,1.0,1.0,1.0,0.5,1.0,0.8,164,3185.8451162819565,7898.98018154664
21,68,2.311743913049656,2.5625495210207623,2.58675350004744,3.0119337047401045,2.3011541656963743,1.0,1.0,1.0,0.5,1.0,0.8,186,2937.657606428306,9229.343504851937
21,69,2.3111720920796524,2.5763564667219168,2.6250883746969036,3.043211782678501,2.3300366921947626,1.0,1.0,1.0,0.5,1.0,0.8,188,2900.769131030485,9057.210831892708
21,70,2.3098139213088142,2.5544969083154285,2.599485204349385,3.0437895707053304,2.3763405954724695,1.0,1.0,1.0,0.5,1.0,0.8,190,2972.424550097668,9226.656542687237
21,71,2.309196574596636,2.5213996631138755,2.5385565643335113,3.028594562255339,2.3373234905468863,1.0,1.0,1.0,0.5,1.0,0.8,192,2975.72043062776,9337.305233223857
21,72,2.308778261824944,2.536285909551931,2.5781554625647845,3.0744109922928295,2.3105360781741497,1.0,1.0,1.0,0.5,1.0,0.8,197,20615.404060129367,9178.073681233163
21,73,2.3087395503196366,2.5355663187390665,2.577312561457438,3.0743423900411155,2.3024836331371397,1.0,1.0,1.0,0.5,1.0,0.8,199,20626.10045170101,9165.426956065316
21,74,2.3086213363691908,2.5333687372925073,2.57473871443605,3.0741328148900076,2.3152599063094144,1.0,1.0,1.0,0.5,1.0,0.8,200,20719.87169164581,9056.312414025868
22,0,0.686786299656946,0.9161533947410375,0.8528203198089895,0.005058472716347731,0.0,0.0,0.0,0.0,0.5,1.0,0.8,1,5385.398149823153,7846.471281465036
22,1,0.6980019690942059,0.9398941612322046,0.8755087377457117,0.03777457385425873,0.0513445133186172,0.05940936062970211,0.00010335418196356001,9.71494271304e-05,0.5,1.0,0.8,3,5286.295364040516,7759.244978326453
22,2,0.6693837114335739,0.9313096676394059,0.8651452992109832,0.040941169039542785,0.10424318150522632,0.03057059610278759,0.01418376659791722,0.0027745933461433897,0.5,1.0,0.8,4,5120.072973480526,7904.580393316921
22,3,0.5487572382685236,0.9220599771046996,0.8571950518658129,0.09285633932895415,0.5567686884327414,0.07232235200902717,0.024770870858601073,0.023283778824566483,0.5,1.0,0.8,5,4075.0924014199873,6014.096017921059
22,4,0.5268599914555964,0.9002710039585319,0.8353893709366949,0.07775444165261997,0.05820909725062661,0.07215701562033314,0.0124282867024125,0.0117013676568732,0.5,1.0,0.8,7,4071.097739633664,5928.951846799288
22,5,0.5409474351009367,0.9569020296881977,0.9147127378173352,0.14313317527137168,0.24790483601726743,0.11432216644543744,0.01632722889314456,0.04740350891156157,0.5,1.0,0.8,8,4524.003916179106,6881.533233034073
22,6,0.5269583888261683,0.9766814876701271,0.9267567983642354,0.20565944709337725,0.3338653193057367,0.1012217854657412,0.05456595650667613,0.08897785539221192,0.5,1.0,0.8,10,3787.8949629931194,5941.28738774057
22,7,0.5140269665948294,0.9793890570935871,0.9410097403489394,0.21809482370117228,0.20547721687208836,0.1012217854657411,0.05456595650667646,0.08897785539221191,0.5,1.0,0.8,12,3864.724798222897,5157.596436087577
22,9,0.6379398257180493,1.1070757237177173,1.0502657109875215,0.4044042824043987,0.42086283511783984,0.07934448622376275,0.09415790336417221,0.26641019827746726,0.5,1.0,0.8,15,3762.1467672602994,1132035.0098005435
22,10,0.5346957902805167,1.033780490285404,0.9978362490081878,0.34903167619935815,0.3879340443545762,0.08823096722493692,0.060771784061693535,0.2204409908041701,0.5,1.0,0.8,17,4034.8694125619913,1192005.1558733962
22,11,0.574530442536481,1.0741916729320196,1.0328104638765878,0.42002218105829453,0.4586296298980742,0.0682729717538472,0.10311667751160909,0.27018151976056104,0.5,1.0,0.8,19,4602.8536820882655,1134419.3786916158
22,12,0.6594895601104724,1.1242181311211228,1.039859865420084,0.5153897364695861,0.6207997471301514,0.10300235510461997,0.1482791479806623,0.3255898015738746,0.5,1.0,0.8,20,3159.2909031839376,2548131.4134863494
22,13,0.5256130403533256,1.046758169452434,1.0274661587190153,0.4055275971608789,0.32658470095353676,0.07048076037408793,0.0790496368674238,0.26513681395775895,0.5,1.0,0.8,21,4848.868731605855,1193490.5247946226
22,14,0.6566438620475163,1.1209110398842979,1.0357961444716308,0.5216737440033382,0.49203161938782913,0.10306277222979368,0.14889593915618546,0.3261695643684046,0.5,1.0,0.8,22,3097.0249109918086,2547265.7521818536
22,15,0.5220827928881631,1.0427311243630977,1.0222974157020726,0.41340399836052794,0.34675530377326835,0.08149238980717974,0.07564861541222731,0.2658048400201233,0.5,1.0,0.8,23,4552.939874441911,1192538.7231333903
22,16,0.48621743287549457,0.9953381359485396,0.9617485510023924,0.38678299472112465,0.29840454150919526,0.07561458433445173,0.07797344741136311,0.22246905679530965,0.5,1.0,0.8,24,4535.834088681235,1192255.1592377236
22,17,0.4410970364708212,0.9508495799362076,0.9170441878432791,0.34490899209175674,0.26571891306150197,0.07970320036677375,0.05423315323107418,0.19555378505064042,0.5,1.0,0.8,25,4021.57577806513,1191990.4008451567
22,18,0.5369661919760245,1.053494537771832,1.0293151567654433,0.44506852881109693,0.4900359930247703,0.07451645081024225,0.11380287499614258,0.26326607901369553,0.5,1.0,0.8,26,4303.790925914401,1131178.107057704
22,19,0.4189953889169684,0.9562349620216065,0.9567100851184556,0.36437805120739614,0.27733640056250247,0.07149944694797858,0.060803933496794915,0.19164295307653345,0.5,1.0,0.8,28,4799.6045582836105,1189194.0864654826
22,20,0.4176917976459645,0.9542482460247991,0.9542281349732488,0.36815123057220034,0.27093120549805666,0.0762748923397796,0.05972782214810298,0.19113445332214485,0.5,1.0,0.8,29,4637.336874556,1188165.0258249522
22,21,0.4093117983936023,0.9396602723118799,0.935798426823757,0.3802015757060798,0.4152621368472655,0.07251068186661509,0.06872763365883919,0.1920437849461885,0.5,1.0,0.8,30,4850.118867485258,1188646.577916571
22,22,0.38053123898944274,0.8996253663309055,0.8827355451860457,0.3601381089062866,0.2310686911979732,0.07245657461415865,0.05929720524239499,0.16802789706844784,0.5,1.0,0.8,31,4839.834109791355,1189003.5272047543
22,23,0.4022611635922288,0.9284951583866023,0.9225037921669359,0.3897375778707606,0.34561365756890805,0.07905739192681825,0.0681523151950327,0.19025789726249026,0.5,1.0,0.8,32,4614.697165082174,1191512.9799846143
22,24,0.40205745929578685,0.9282815318365085,0.9222853700390867,0.3983145194485451,0.25989737379269484,0.07904604314123939,0.06797683977030362,0.1902525628352842,0.5,1.0,0.8,33,4612.393112609922,1191565.090522851
22,25,0.3540668839799559,0.8777677981036096,0.8788513770224463,0.3703733493752789,0.4740299028252285,0.07536045039008722,0.060370411230343216,0.1681321164861967,0.5,1.0,0.8,34,4862.973157422063,1188463.4386066813
22,26,0.23081127661068845,0.7204319560758068,0.6823338599195158,0.2270474631544921,0.11171977120432605,0.05115413017879363,0.039759688273808644,0.055685694512506836,0.5,1.0,0.8,38,3888.876438036268,1069406.1321531958
22,27,0.2817068678301712,0.7614513736788681,0.7197559702209316,0.31980227828877367,0.3186345839286132,0.06977164233015942,0.04393946697370007,0.11635607092398478,0.5,1.0,0.8,39,4005.320756855321,1295080.278277133
22,28,0.22096655905326734,0.709141437317378,0.6794983059793047,0.2436465649281288,0.1525905474335516,0.05905275934006151,0.03567106789806187,0.06091909758412972,0.5,1.0,0.8,40,4138.381351234969,1067325.4023395458
22,29,0.1677190502337902,0.6278565334199391,0.5896135938502973,0.21432684705051286,0.25822182171630687,0.04082745020362577,0.041433286353381185,0.02627052282134292,0.5,1.0,0.8,42,3719.858096864617,5190289.826671192
22,30,0.17093724980939023,0.6390377040214704,0.6128861433966757,0.2377028091677007,0.10668753025899234,0.04008232589743605,0.04662733565480458,0.0268502623325304,0.5,1.0,0.8,44,3710.398575205943,6531751.95652305
22,31,0.16015630662168429,0.6242489431920555,0.5969916698682333,0.23786876496854775,0.1023673080491529,0.040397722125183624,0.0408108607217402,0.02350924389348884,0.5,1.0,0.8,46,3679.140341238436,6533054.630226821
22,32,0.15193224790794507,0.6125731586501354,0.5843785103144036,0.24031850149771744,0.09272634700088511,0.04120534511140717,0.0362853548709155,0.020908001052825788,0.5,1.0,0.8,48,3640.721328654335,6536795.403135498
22,33,0.18311524008314428,0.651756290269491,0.6357036775505183,0.27097386848436333,0.14161711177810615,0.05430536283957268,0.05038401581817318,0.03633671584910519,0.5,1.0,0.8,49,3677.1823853814217,1004966.1515621915
22,34,0.2973071773205131,0.717941545559894,0.6590416662632413,0.38980351337481156,0.28431622471385054,0.07601986130329481,0.07213741162401938,0.14839156805840514,0.5,1.0,0.8,52,4707.054380459366,4416291.729716992
22,35,0.29421162390042227,0.7071766104390963,0.6463688641131654,0.39578523384262265,0.2679615379826782,0.07610955045779937,0.07230526905052384,0.1485948177316768,0.5,1.0,0.8,54,4647.118798796999,4414824.1396077145
22,36,0.28959924685501987,0.701578708836568,0.6508939936541844,0.40344673504741013,0.3384731846074106,0.07610955047387671,0.0723052685022125,0.14859481666687627,0.5,1.0,0.8,55,4525.334184568286,4417971.29272646
22,37,0.28959924740560683,0.7015787102286819,0.6508939950462983,0.40344673643456913,0.22923609822828556,0.07610955045779934,0.07230526905052338,0.14859481773167843,0.5,1.0,0.8,56,4525.334172421282,4417971.292659633
22,38,0.2884575876469042,0.6956563761061239,0.6438374040667505,0.4128508179523683,0.2757962723488933,0.0771900515248349,0.07244952040667758,0.1486152428073822,0.5,1.0,0.8,57,4547.819898279493,4418208.215718143
22,39,0.28327837659077787,0.6901658002169992,0.63826934106221,0.4118855512233712,0.22668862422650027,0.07025682979409628,0.07176425673165518,0.14750797329160123,0.5,1.0,0.8,59,4476.193743750468,4403896.037394228
22,40,0.27201076869381624,0.6791177334638536,0.6376644181259545,0.4194349983772511,0.32084977725216196,0.07126874265744444,0.0687268811839694,0.14152202287874288,0.5,1.0,0.8,60,4365.185664332038,4660648.12314817
22,41,0.27158394309177947,0.6886551740180469,0.659916914121166,0.42887676278828857,0.22916555209251832,0.0712687426064457,0.06872688065321053,0.14152202185338308,0.5,1.0,0.8,61,4319.989181902084,4661943.279082424
22,42,0.270238444925934,0.6701600074024152,0.6270589384941532,0.4350004440809446,0.2739759315587809,0.07221989461518181,0.06890905448611324,0.14153005187365308,0.5,1.0,0.8,62,4406.632313761535,4658822.656426191
22,43,0.28813799552110175,0.6945620184121254,0.6633975853444631,0.4503610876412423,0.25926351657294966,0.07424970192858664,0.07652705219266591,0.15500079658280302,0.5,1.0,0.8,64,4361.888736060105,4662859.771875452
22,44,0.2686192328168193,0.6677111130577209,0.6349040843557185,0.45235650782600023,0.28737396049110886,0.07481574416530135,0.06974932887224669,0.14154466244296104,0.5,1.0,0.8,65,4454.843851000974,4657597.089474649
22,45,0.2397869604790985,0.6313592933563912,0.5968892407017903,0.43973286419702184,0.20505520533726984,0.10848584937618504,0.059312367124417245,0.10024556082658179,0.5,1.0,0.8,71,4153.253682200832,8917934.93706841
22,46,0.23845332954483517,0.6206258620604191,0.5841052824422808,0.4501712551567441,0.23680905254738643,0.10769565749968082,0.05976042299408686,0.10173032569536411,0.5,1.0,0.8,73,4192.035746350557,8917818.500897942
22,47,0.26843505460935496,0.6612001843890831,0.6375477191205197,0.4834642717774826,0.23055348491833672,0.11017943740162932,0.06487997774499671,0.13145822021847747,0.5,1.0,0.8,74,4176.324662874351,8917614.610428382
22,48,0.23769282985738044,0.6133305531913827,0.5754012405887918,0.45721044668423744,0.2479513077273206,0.10790275124822446,0.05992048999932338,0.10256306748626068,0.5,1.0,0.8,75,4198.208262221192,8917451.286157165
22,49,0.25153928987016816,0.6251264579064651,0.5867578828778273,0.4780945862596857,0.22819903507893333,0.10770616190442368,0.05919569961079467,0.12154324939447933,0.5,1.0,0.8,76,4168.47955912581,8917710.011015719
22,50,0.22209006195867276,0.5851822364477788,0.5445843062956136,0.4499727080958879,0.2742789611568756,0.10208748400516847,0.057022700061885936,0.09411289726032925,0.5,1.0,0.8,77,4200.612769971948,8935935.576196235
22,51,0.22018428738757112,0.5779134957565866,0.5361876470748522,0.45909676222792273,0.20570534445621397,0.09989322363966652,0.05772051189807039,0.09375871522049381,0.5,1.0,0.8,79,4039.886322037025,8945236.563143253
22,52,0.2334321070166805,0.5890008920826869,0.5468231801502483,0.47600383243832034,0.21475656859606262,0.10011689209345216,0.06367542933516536,0.10333200448912569,0.5,1.0,0.8,80,4193.594022122483,8943622.939304827
22,53,0.2195108137064251,0.5724453106962634,0.529718003076597,0.47280769624496133,0.19426325682442272,0.0999974755852602,0.0578954161966306,0.09394950947774103,0.5,1.0,0.8,82,4173.495177071993,8945143.463651437
22,54,0.2196025018413173,0.567542348199556,0.5237773514364186,0.48034471261038497,0.20536668172581446,0.09983682476788616,0.05820252186887389,0.09511107134813288,0.5,1.0,0.8,84,4193.941991814977,8945007.202777369
22,55,0.2080079172526742,0.5752909631776937,0.556893159911592,0.5329205091613299,0.1758376265190813,0.10219113117062968,0.05214808025838673,0.08750974104796298,0.5,1.0,0.8,94,4164.160300228791,8929301.252755214
22,56,0.29106071974305103,0.6381898646538539,0.626421250476387,0.6147619202795345,0.5221140595648174,0.14593469987223268,0.0807996456839768,0.13547873295862256,0.5,1.0,0.8,95,4357.070844331711,46751089.34000681
22,57,0.2773928142386654,0.6133525638503775,0.6101483538889966,0.6272249854017202,0.3122750138072801,0.14744345413080803,0.07666335493475432,0.12703287155464768,0.5,1.0,0.8,98,4284.297670107716,1269819057.3082354
22,58,0.277083270917183,0.6081219624943711,0.6039524064192872,0.6342538870963932,0.2721028617712068,0.14743308709156036,0.07680974953480668,0.1273644199440596,0.5,1.0,0.8,100,4269.205705474894,1269817056.578743
22,59,0.2772305116807889,0.6045196119124463,0.5996167707965476,0.641680185199904,0.2680468541065839,0.14663731836671523,0.07707348205923614,0.1283810106465329,0.5,1.0,0.8,102,4293.79164073718,1269815361.4396462
22,60,0.2834935457950661,0.6157587368816185,0.6226427670769773,0.6817593711450527,0.2767192706098125,0.14566615715260964,0.08585080407631532,0.12691813130244672,0.5,1.0,0.8,105,4341.091473895596,37084535.30441598
22,61,0.2775488768696663,0.5975886338697792,0.602105261587955,0.6871294049995934,0.3524151160702457,0.1437009161089697,0.07991779646283217,0.13012966302033646,0.5,1.0,0.8,106,4400.619910699281,1269738717.844318
22,62,1.235188236424467,1.5659115002606572,1.6050378052780785,1.6519972197109303,1.2759392881832545,0.1444158693611142,1.0,0.18002473291871185,0.5,1.0,0.8,109,4263.253350545138,1270610997.1393418
22,63,1.219429452205624,1.5180972133619235,1.5402772788317567,1.651419368879896,1.2563009407430348,0.14224944808069626,1.0,0.16441641129704615,0.5,1.0,0.8,112,4311.472118649299,1270533118.4436357
22,64,1.2195585749779003,1.51128385706501,1.5321587204129665,1.6588622010813692,1.2302043523975055,0.1407242784067829,1.0,0.16637974634448843,0.5,1.0,0.8,114,4267.033600366161,1271086086.0561604
22,65,1.2154505657051282,1.5055789142480274,1.5370601944805604,1.6735500036921325,1.249218099845049,0.1414574608358467,1.0,0.16225920445086128,0.5,1.0,0.8,116,4332.150453927162,1270496773.2086818
22,66,1.2168727107940431,1.5144024146124266,1.5581751843982596,1.6828061775871341,1.216801358523702,0.14505038153873678,1.0,0.16221267291930588,0.5,1.0,0.8,118,4237.821819294255,1270618309.2006445
22,67,1.2174205986836606,1.525336727822476,1.5819577650921188,1.694501475491163,1.209087780808559,0.14253213983760354,1.0,0.1645600871166511,0.5,1.0,0.8,119,4294.02963833101,1270986080.0993571
22,68,1.2166522365175958,1.5109418699493649,1.554111819531396,1.6974136312889065,1.2206735128520454,0.1443424187789856,1.0,0.16272924775784603,0.5,1.0,0.8,120,4274.022301138607,1270694556.2005112
22,69,1.2159953812750273,1.5145662145802048,1.5694510445876524,1.7120692654814496,1.2284990493686576,0.1442745679606991,1.0,0.16268112066462645,0.5,1.0,0.8,122,4275.508990171486,1270597318.026779
22,70,0.2296568075109414,0.4524200913488876,0.43864662055402637,0.6875964240096402,0.3666544991054256,0.14218271666267107,0.06471569790734125,0.10211983711172364,0.5,1.0,0.8,123,4036.081407493125,1270000731.6089275
22,71,0.22929815829199013,0.43264639667602883,0.4043634101390248,0.6865940056619437,0.2792188271134457,0.14201431563677025,0.06455062949940539,0.10273393381703044,0.5,1.0,0.8,124,4128.796647369032,1270028646.1854997
22,72,0.2293396070285505,0.4412807875044062,0.4255192135410553,0.6981511228561336,0.23750248499306925,0.14115305297745614,0.06495314400000772,0.10305328998782859,0.5,1.0,0.8,125,4119.052790746167,1269975898.803911
22,73,0.2294741833871986,0.4282341588078137,0.3991095746400398,0.6903379250136605,0.23306294079590179,0.14249885406330903,0.06473254422717069,0.10283053044254079,0.5,1.0,0.8,126,4101.224453689674,1270049259.0359883
22,74,0.22890031772075636,0.42605797061560463,0.39663979362519036,0.6971060558069754,0.22380748491321018,0.14152979841232272,0.0647461723993138,0.10284239085860684,0.5,1.0,0.8,128,4060.4315654064135,1270059631.7286625
22,75,0.28662605134002406,0.5029590350343421,0.49894995733719405,0.7738527562960729,0.2878264565683914,0.17119637922825567,0.07083623822230452,0.14912436216801478,0.5,1.0,0.8,130,4096.6090262893085,1564119389.363789
22,76,0.28037389693841447,0.5008826103700522,0.508589969698361,0.7908201598815944,0.32217683960739446,0.17338613514062814,0.06411374171757253,0.1489317045805864,0.5,1.0,0.8,131,4103.747001393266,1270412532.1890836
22,77,1.0317716141972668,1.2395058225648543,1.255852001575709,1.560691473237716,1.1117900503343463,0.14358327482001854,0.8554749546547498,0.11946590959336023,0.5,1.0,0.8,133,4206.619759150242,1270037705.958496
22,78,1.0322016793941469,1.250070157273142,1.2792228791507108,1.5690299279024442,1.02730850263107,0.1439662119278287,0.8556806352488234,0.11958547161446609,0.5,1.0,0.8,135,4101.987676318076,1270064263.1343324
22,79,1.0327538679292787,1.246824053326444,1.2752888715177775,1.5770814217799847,1.0521399110825094,0.14280261879468073,0.8564155919280003,0.12035741379867396,0.5,1.0,0.8,136,4107.209573070142,1270218829.6821215
22,80,1.0328150454223592,1.2451131272155358,1.2732572476449984,1.588866730769491,1.0373217917643,0.1427521799125788,0.8564044103104227,0.12060497920264882,0.5,1.0,0.8,137,4142.909476578874,1270413901.6733592
22,81,1.0321575158025906,1.2387748209071174,1.2658919081767241,1.5876503986373396,1.0657901926227378,0.14287658264711237,0.8562206430703492,0.12033064611610808,0.5,1.0,0.8,138,4169.497472619293,1270217775.4799955
22,82,1.1132305885084433,1.3182312348119927,1.3450561666596736,1.657185501151214,1.1170672410272073,0.14250590275851688,0.9378709364644957,0.11995211635700827,0.5,1.0,0.8,139,4146.542465669934,1268586729.2042224
22,83,1.1151042720414843,1.3182265810082074,1.344711242723979,1.6781332691929993,1.111989359800382,0.1418485258165712,0.9392211580903045,0.12115328739202029,0.5,1.0,0.8,142,4156.017175985184,1268953872.559139
22,84,1.1148414161602096,1.3577300479605001,1.4353068390348476,1.6239713629789758,1.1433321178926437,0.14184852581657112,0.9392211580903049,0.12115328739202111,0.5,1.0,0.8,143,4246.618745957631,1268910981.4744484
22,85,1.1120165766733439,1.2926846511453596,1.3041417498048198,1.6778095535218231,1.1503764615329677,0.13994101987712865,0.9388458752182393,0.11968789885957032,0.5,1.0,0.8,144,4216.56143274659,1268875358.1041589
22,86,1.11173356039716,1.2802601334395913,1.2895351754703956,1.6813170623021945,1.1935180230619624,0.13878486059473485,0.9392770802466813,0.12026728397190845,0.5,1.0,0.8,145,4192.970791351828,1269149852.393088
22,87,1.1111033176385654,1.3025389956366586,1.3488964980128997,1.7550472824123056,1.1159360347263398,0.13815866357132028,0.9396503621081156,0.1200316842338293,0.5,1.0,0.8,152,4292.547592065859,1269084176.1456344
22,88,1.1106189486781055,1.3116002499391086,1.3706615203728085,1.7622725002999042,1.110395521064616,0.13725775409885438,0.9397066437378261,0.12001315253607951,0.5,1.0,0.8,154,4285.120177828045,1269094993.399436
22,89,1.110995841600539,1.2987189388303393,1.344411856308425,1.7664443101923126,1.1198079675251738,0.13820087411366233,0.9396320980735734,0.12010376026365788,0.5,1.0,0.8,155,4285.864671308844,1269106819.4723573
22,90,1.1105284196286467,1.30911714201119,1.3677502062758173,1.7698568477803072,1.106831117057388,0.13644044639969113,0.9398088813564772,0.12041773803308779,0.5,1.0,0.8,156,4291.952336553748,1269088325.1900706
22,91,1.2020687792993487,1.3381048187855213,1.363581977920952,1.8313941652672892,1.3434357723965613,0.1387003129340243,0.9677517388598822,0.2005444816774796,0.5,1.0,0.8,158,3987.9694344624822,1269144482.3994184
22,92,1.246811248386573,1.38091495630397,1.4170619053838382,1.88758283938793,1.2906265333957345,0.13839229017416882,0.9704929067770299,0.25383005119725915,0.5,1.0,0.8,160,4067.141788345991,1269499214.726447
22,93,1.2465901512263842,1.3784454819847238,1.4141943996656887,1.8911126677612284,1.258385420199361,0.1383648032463005,0.9704118484177824,0.2537661887007373,0.5,1.0,0.8,161,4103.52072487782,1269499203.1269398
22,94,1.2467557880945876,1.3723208833632663,1.4069561952357603,1.898696015054783,1.2658177844502447,0.13867718532972367,0.9704760569233413,0.2539645305931163,0.5,1.0,0.8,163,4067.890021983844,1269499849.200621
22,95,1.2013579341741736,1.3139734306211963,1.335299588205785,1.852526172107397,1.2097888122935605,0.13738698975824476,0.9681107231913495,0.2010498687973788,0.5,1.0,0.8,164,3923.592176300896,1269168730.6596236
22,96,1.246579188615845,1.3778986097281316,1.4245708336576939,1.9182681654016467,1.2696513622634749,0.13867718532972367,0.9704760569233409,0.2539645305931165,0.5,1.0,0.8,165,4104.4456711624025,1269482177.3236628
22,97,1.201015346514284,1.3056357080946779,1.3255484165832767,1.871052411210402,1.2052947830919296,0.13694998867604416,0.9681113288541896,0.20121716836412945,0.5,1.0,0.8,169,3935.4894842109143,1269162501.2375474
22,98,0.7678172879969167,0.899289367100135,0.9570095576730773,1.5054795893616377,0.7694450029790957,0.13749823407479628,0.5922436981074761,0.12947571169293456,0.5,1.0,0.8,179,4407.751183548582,1268867123.8708243
22,99,0.7690307980118616,0.8903387708976309,0.9462660041860051,1.5256433532608755,0.802647995618615,0.1382653662872905,0.5925654160109262,0.1304923614920087,0.5,1.0,0.8,181,4418.126432377369,1268972379.9994545
22,100,0.7680396937510058,0.8807468409900603,0.9351589573145488,1.5358517428748588,0.7859524594049047,0.1363213065572402,0.5927153802642537,0.13058985042092944,0.5,1.0,0.8,184,4330.334161686746,1268981805.3764007
22,101,1.2835877330874754,1.445652235464033,1.5638942083078593,2.0677649476968587,1.2906407780500735,0.14208496177510227,1.0,0.2625474172037144,0.5,1.0,0.8,189,4337.517071158325,1269632970.5837607
22,102,1.2707120787338113,1.4396384485315978,1.5701170798646593,2.0912720717179636,1.2722195126781892,0.14184858053575564,1.0,0.24674722046816672,0.5,1.0,0.8,197,4291.469993448263,1269739867.4527044
22,103,1.275443544737492,1.4478577131823445,1.5899807033546087,2.1134139002234473,1.328561505720707,0.1473121561390398,1.0,0.24949988535366857,0.5,1.0,0.8,198,4273.370722527894,1269885595.393888
23,0,0.863533444071922,0.9672426328065196,0.9126589494562481,0.009755954771016385,0.0,0.0,0.0,0.0,0.5,1.0,0.8,1,2901.76782291691,7282.54215610486
23,1,0.8655889770956491,0.9862074041501195,0.9305959869881721,0.03756575112897833,0.0459231548173316,0.049552886283390066,0.00010951626075884999,9.980891620816e-05,0.5,1.0,0.8,3,2917.810054968196,7081.3110484834615
23,2,0.8216441107415959,0.975934922831524,0.918157509755535,0.04109489362919727,0.115675606071519,0.02249569119062158,0.01486241837744479,0.0015383683566194,0.5,1.0,0.8,4,2885.783276614565,7129.751453895372
23,3,0.6526052520894418,1.036280557049916,0.9697453118698728,0.2081832221088163,1.0908960213359808,0.06070964506409211,0.10015612409869298,0.09127844695056642,0.5,1.0,0.8,5,2526.4911586319804,4759.167487541356
23,4,0.49223227021893284,0.9351757387695565,0.8534268542746895,0.19549600420300356,0.5014972458424117,0.08952250538767217,0.0822461177343308,0.08032045062618029,0.5,1.0,0.8,7,3193.7327261341243,2589.346187250356
23,5,0.4206697287335103,0.873640820243426,0.7846939370854948,0.17412862113429456,0.3185252573638317,0.10936507244109597,0.0581299563030291,0.07368309438047553,0.5,1.0,0.8,9,2734.268182769158,5110.3780297754
23,6,0.38466681212982395,0.838318513367773,0.7483241566993687,0.15348431663706574,0.16392333217428734,0.1093599245558863,0.0436241719438511,0.05531205902079608,0.5,1.0,0.8,11,2718.5656559888475,5166.645237218871
23,7,0.3782077658911955,0.8326433477077098,0.7406700907853238,0.15960082471422488,0.22912151490415764,0.1093351220170399,0.04563015142788844,0.060169662284567285,0.5,1.0,0.8,12,2762.849886336116,5099.779348857142
23,8,0.35704205807413836,0.8115696749816438,0.7191413278631977,0.14952920221931318,0.13929649096434257,0.10996297199349163,0.036521797283164195,0.04814202633459057,0.5,1.0,0.8,14,2725.2532532200894,5037.843900801747
23,9,0.3533481825357248,0.8196329416258674,0.7399301386032953,0.14642465997832674,0.1432165179394935,0.11253644563628004,0.037671298361893306,0.04317878534246255,0.5,1.0,0.8,15,2353.455599492722,4524.796539158163
23,10,0.32892141066714176,0.7944746121206072,0.7115926491027332,0.14284608240840915,0.1855288660846906,0.09920634183763528,0.038756328694929544,0.0419105243325309,0.5,1.0,0.8,17,2613.3983368940458,3824.856772645616
23,11,0.29415581551573344,0.7700188051682595,0.6985383485032393,0.13240379609920888,0.15963911556069302,0.07512093910375056,0.03760691202370272,0.02549724376818576,0.5,1.0,0.8,18,2503.543982144697,2769.9429507547707
23,12,0.2935543941581831,0.7565188853328416,0.669631176243797,0.13273278731470114,0.20611743904606167,0.094974480317878,0.03258335761255068,0.034064964602089395,0.5,1.0,0.8,19,2471.6783245902247,3850.355099699008
23,13,0.29604121149651474,0.7584899712182057,0.6711265106702412,0.14312094640107761,0.13085120419924845,0.10344039838816546,0.03333814344909301,0.0337666495168001,0.5,1.0,0.8,20,2416.67366998456,4149.332158412556
23,14,0.3279277938555147,0.790095731396039,0.7024420343844574,0.18683663070348672,0.1572248212138086,0.057579299151310936,0.08501715386258134,0.03945674123395944,0.5,1.0,0.8,21,2298.38658948412,3532.220826201145
23,15,0.2761015614796204,0.7343956742436563,0.6434947659804666,0.14570906727786007,0.2410332409439004,0.09878528313977022,0.03464461511655811,0.03074509357606296,0.5,1.0,0.8,22,2433.4320062811803,4062.233070334245
23,16,0.32766301149421184,0.7828295189886476,0.6898497984312926,0.21309026970297026,0.2539773107825427,0.08048072247959401,0.09003097960443757,0.04866791967042454,0.5,1.0,0.8,23,2203.2406280868936,2583.566128793494
23,17,0.33517864278558623,0.7871669851095304,0.6923399836438713,0.23464513962511002,0.22199953090340535,0.07453707197963541,0.1094797301556449,0.04697716149057991,0.5,1.0,0.8,25,2084.3643380694584,2815.540590287409
23,18,0.3344709823955927,0.7858333528296312,0.6906654323457097,0.24327534052665,0.19193873849967846,0.0741230979492252,0.11014029507636809,0.04723132761191654,0.5,1.0,0.8,27,2104.2032554754,2806.170907829064
23,19,0.2374789530422515,0.6950954323957911,0.6104292849763321,0.15027953572856131,0.19954376817573433,0.09246941686176777,0.03245195552401,0.02368556304729249,0.5,1.0,0.8,28,2855.7271054637413,3321.7522601600417
23,20,0.23054228229323848,0.687355619816251,0.6023114034269458,0.15504871004636994,0.09980972693544801,0.09279501104242624,0.028854734743468807,0.02106298498531773,0.5,1.0,0.8,30,2848.4581529154484,3403.4321901293742
23,21,0.23183585401243068,0.6736650309641898,0.5739200167481715,0.16249707279089692,0.16888666000035085,0.07600890831741287,0.03939522505147368,0.02768186149075828,0.5,1.0,0.8,31,2928.476667304073,3435.8952881007995
23,22,0.22093818718302827,0.6712069060210164,0.5832888553031279,0.17085068690981006,0.1405950948462131,0.08734938194105972,0.031398253483238596,0.02207795146262053,0.5,1.0,0.8,32,2841.456639674728,3410.282264431451
23,23,0.22090839751802713,0.6709380167794452,0.5829208305033766,0.17917977072326127,0.0970870175860622,0.08757579777443833,0.03150236737254594,0.02219336872667462,0.5,1.0,0.8,33,2840.1418312045,3596.5789245042315
23,24,0.20696126197184048,0.6605024911291709,0.582467631117773,0.17142690139385064,0.21211777804404705,0.052315500130274105,0.050170510965245316,0.01587570075029037,0.5,1.0,0.8,34,2621.3175625348617,25664.760818467632
23,25,0.20527429727124807,0.64267436414108,0.5498431600484129,0.1802811928800251,0.12951139754570526,0.049818989930082706,0.05524950933787607,0.01591477829554675,0.5,1.0,0.8,36,2650.1353672799187,26323.69412647141
23,26,0.21113753955771877,0.6689205657325232,0.6013793647639021,0.19315054422383662,0.12988150231587967,0.0661170649926186,0.05180720403770526,0.02001852074800429,0.5,1.0,0.8,37,2519.366500032581,26888.565108021307
23,27,0.20013983060576315,0.6517402020452864,0.5821074603621925,0.20069502794853847,0.18120612481888945,0.06571650487250195,0.04741598267828178,0.01954874408574394,0.5,1.0,0.8,38,2446.402082703399,18268.65506780285
23,28,0.20113957357865347,0.6521837021611239,0.582367959743905,0.20838161349947845,0.10115637330460486,0.06733855527777123,0.04769975274698709,0.02007007387906907,0.5,1.0,0.8,40,2441.601516627132,18408.149345047023
23,29,0.18164094175770337,0.5960136710460777,0.4957434510979263,0.20451103047717925,0.18049218461864713,0.07019765307764883,0.0403408231279643,0.01778609600096855,0.5,1.0,0.8,42,2861.1881490026303,11158.917376609768
23,30,0.1797479670111744,0.5870003721273022,0.4846480214410543,0.2128065760298211,0.13525922909475988,0.07058225511506785,0.04242084641520677,0.01887634110740291,0.5,1.0,0.8,44,2909.0541975041087,10989.696215846594
23,31,0.17392792458179984,0.5909015686830906,0.501125668696427,0.21566819554975258,0.10528136141486277,0.06931871230198396,0.039587336218515165,0.017174320554107312,0.5,1.0,0.8,45,2970.396951588559,16995.731371783215
23,32,0.1737034316404292,0.5906538952861503,0.5008713842943571,0.22191583901809708,0.08791120979804914,0.06942354229452212,0.03933235386651079,0.01716602185057412,0.5,1.0,0.8,47,2936.479442925435,16696.35830028644
23,33,0.1741574939217151,0.5906823750651446,0.5007786797990464,0.23227754752066657,0.09345375011856223,0.07059399084616104,0.03961320219477485,0.017003132503942482,0.5,1.0,0.8,48,2933.951653741462,16904.763734035958
23,34,0.17371747447001099,0.5842191801512278,0.4926273803005598,0.23957850099520267,0.1607645476940769,0.07028946912748156,0.0389998941176305,0.02220317376670208,0.5,1.0,0.8,49,2977.598298796601,17124.338759341226
23,35,0.17356619122965988,0.5830736811666904,0.4912077175993782,0.24651794339746133,0.09794995377751639,0.07031831418715948,0.03923376959879671,0.0224618567159234,0.5,1.0,0.8,51,2996.387449941721,17104.862197604965
23,36,0.1720893260881593,0.57805543574875,0.4852219482820916,0.2532643433915574,0.11273220895612601,0.0728658612991139,0.03842820551827679,0.02266591627746451,0.5,1.0,0.8,53,3014.2380813832474,16681.919313983475
23,37,1.079156462855764,1.4696267605317457,1.3727102848554602,1.1622078725391218,1.1752386926883398,0.0730181188736272,0.1718973458557374,1.0,0.5,1.0,0.8,54,4048.993978082393,7790.983180144249
23,38,1.078967072245429,1.4800949807563677,1.396029053880469,1.1656367418561204,1.0154974952820783,0.0719700290547684,0.1725607730332113,1.0,0.5,1.0,0.8,55,4088.396909989247,8556.997507696336
23,39,1.0667218599861559,1.4443099214624324,1.354445719204906,1.1672911873371545,1.124356121471844,0.0679199238428746,0.17265795005073936,1.0,0.5,1.0,0.8,57,4297.850399855328,10019.309827829453
23,40,1.0657454094926284,1.4418800663899614,1.3516709019537043,1.1758413845357665,1.013144933302419,0.06892611440809487,0.17173964881392856,1.0,0.5,1.0,0.8,59,4236.458073576373,9012.113046646651
23,41,1.0657645894291772,1.4520683322621475,1.374613316241518,1.1819247542084548,1.0166673951496716,0.06799966635312252,0.17262494589010458,1.0,0.5,1.0,0.8,60,4256.717540060554,10094.891214017807
23,42,1.2290684431631602,1.6050540280454582,1.5251759622684695,1.352155332417162,1.2231815165569924,0.07711249315030297,0.3352025906671867,1.0,0.5,1.0,0.8,62,4306.517842850912,9080.856975390378
23,43,1.1927106015599052,1.5687130588148117,1.4888205545390916,1.319321751495532,1.1402212300896384,0.0736788175709251,0.30066342872824725,1.0,0.5,1.0,0.8,63,4324.223136790902,8422.030167801544
23,44,1.2269210537248827,1.5975780988197161,1.516470297365041,1.3579901436414346,1.2208886008754236,0.07714102770760586,0.33489342835446945,1.0,0.5,1.0,0.8,64,4394.802223071406,9208.079483735488
23,45,1.2210636993386608,1.5756921699939688,1.490961745843059,1.3587038178569852,1.3204533094832005,0.07449556857988748,0.33548336097525,1.0,0.5,1.0,0.8,65,4579.849579823477,9486.583641167335
23,46,1.2191599502867405,1.5687213138393563,1.4828672749646972,1.3644831036552698,1.1952344733612938,0.07594618785875508,0.33434831103421336,1.0,0.5,1.0,0.8,67,4758.278454042921,8808.898730355662
23,47,1.2192584535541808,1.5795642664955365,1.5066092450931916,1.3802982966360609,1.173949597188459,0.07520897091637813,0.3349494551912747,1.0,0.5,1.0,0.8,70,4572.028429240609,9458.222195486953
23,48,1.2230732363941181,1.5628319945446831,1.4748306382627083,1.3835598129669433,1.2623544852859712,0.07528685917583157,0.34132721398442656,1.0,0.5,1.0,0.8,71,4613.687398406064,8933.682521216699
23,49,1.252273563780459,1.5802274079585001,1.489682155939413,1.4178387235716612,1.3149666588554452,0.07606323467705765,0.37318871566943346,1.0,0.5,1.0,0.8,72,4597.880725598819,8838.997357471622
23,50,1.2506854933459948,1.571011847799231,1.4788450773504158,1.424014087128753,1.244540298190751,0.07514023856523379,0.3739031966853204,1.0,0.5,1.0,0.8,74,6717.70863261531,8763.41443369944
23,51,1.2197622814727032,1.543532937971441,1.4627335335930423,1.4140801193551986,1.1956541631181348,0.07415399809814063,0.3452508422909328,1.0,0.5,1.0,0.8,79,4643.567072681705,9185.077139179011
23,52,1.2172901104815947,1.539871809883224,1.458823503599286,1.418600382251107,1.1851815538130317,0.07337217358719117,0.3434331433377582,1.0,0.5,1.0,0.8,81,4536.512284986569,9678.000463122053
23,53,1.249570160006146,1.5488187321591198,1.4629542977067995,1.4805466252268593,1.24992650368196,0.07722260547851514,0.37857787422323785,1.0,0.5,1.0,0.8,87,5591.045805002366,208971675.350408
23,54,1.2575251994489025,1.5612187872221677,1.4869815680177931,1.4993255782939567,1.2544101026922025,0.07530873715821444,0.38874910549753483,1.0,0.5,1.0,0.8,89,5710.406174460857,208945559.28627244
23,55,1.257184482329638,1.5583153575307291,1.4835597924517423,1.506108918416829,1.2370954889183499,0.07543603742011513,0.38880844443716417,1.0,0.5,1.0,0.8,91,5695.395788278201,208927797.9199001
23,56,1.2651908012259434,1.541861693899232,1.4514441436035894,1.511352627069561,1.2910946498491267,0.07395521739304942,0.3998400681797429,1.0,0.5,1.0,0.8,93,5646.78809352149,208964084.4221044
23,57,1.6396467611197711,1.9485129194678505,1.8968142818540736,1.963654263579381,1.6124663227953873,0.07627378418895064,0.7733698004082098,1.0,0.5,1.0,0.8,105,4843.740325199455,16193.303725465676
23,58,1.6374921556635431,1.9411060855490831,1.8883594928672396,1.9654304152676807,1.6537713640602902,0.07606154654737698,0.7721880862090766,1.0,0.5,1.0,0.8,106,4807.019313813634,15830.964391852374
23,59,1.6377829878126269,1.9376810867225578,1.8842013004984746,1.9694706720436765,1.6401626493052237,0.07541911678003907,0.7733656026073377,1.0,0.5,1.0,0.8,107,4776.847067096368,16302.51246871475
23,60,1.6368395286721675,1.930595522888502,1.8759032402747264,1.9905500567584313,1.660539867260729,0.07640177873001013,0.7728688727622247,1.0,0.5,1.0,0.8,108,4812.735594655011,16036.660508346216
23,61,1.6894021795832148,1.9791589904898417,1.9236747177574953,2.0322155606865824,1.675548624158269,0.07493228930281105,0.8267916827222095,1.0,0.5,1.0,0.8,111,4159.620114543662,17074.51596923294
23,62,1.6343525464548467,1.9149496290608394,1.8576781799835675,1.9920693008950112,1.6819324351983655,0.07520903641952124,0.7728792967573396,1.0,0.5,1.0,0.8,112,4733.3462290962925,16104.06857645126
23,63,1.6868011737044362,1.962825767311539,1.9046639967402694,2.0479076231741375,1.681711859440102,0.07486461217818734,0.82612634454795,1.0,0.5,1.0,0.8,114,4146.701430646519,16910.37402868414
23,64,1.6831846947510276,1.9365467652956656,1.874012106526687,2.055516068624171,1.7222063473416866,0.07517393888886853,0.8252264419451347,1.0,0.5,1.0,0.8,117,4436.107032456217,17581.74883231959
23,65,1.683181904774552,1.947724956342839,1.8981866231446218,2.081672295974406,1.66290637550591,0.07517393888886857,0.8252264419451356,1.0,0.5,1.0,0.8,119,4435.807657304106,17582.840396159463
23,66,1.6934036831021062,1.949707812061627,1.9094648470706248,2.081200801624581,1.8263465551232003,0.07524124168229342,0.8376060373107077,1.0,0.5,1.0,0.8,120,4196.887005988468,17115.333990306324
23,67,1.693403663235805,1.9497077922500263,1.9094648272590242,2.0808047942296897,1.6752289967489373,0.07524124180056374,0.837606017439972,1.0,0.5,1.0,0.8,121,4196.8870071563815,17115.333986195554
23,68,1.6218734626888116,1.8770205814037062,1.8365584649392575,2.016938137142758,1.6127354334162707,0.0757653754831171,0.7659365821912221,1.0,0.5,1.0,0.8,122,4256.49073727983,17125.63138918295
23,69,1.680323756045711,1.9325120289483622,1.9023744278388024,2.0979824075499276,1.774023064750588,0.07202295905192242,0.8277205584578903,1.0,0.5,1.0,0.8,123,4563.850172402663,17825.418608013133
23,70,1.679750265255318,1.9253747601347724,1.8940052058287742,2.104757417020398,1.6887820623498337,0.07184696421568733,0.8278648016839683,1.0,0.5,1.0,0.8,125,4535.835736529822,17797.52814438789
23,71,1.6781642349331376,1.9024830893676157,1.8562254068122264,2.110040599880926,1.7392340815260465,0.07178211510415114,0.8272321752891942,1.0,0.5,1.0,0.8,126,4522.124536518944,17649.69740167074
23,72,1.6783590268328774,1.9007536793204511,1.8541368651292756,2.1175419857394755,1.6708217205379738,0.07208504183806455,0.8274478431290913,1.0,0.5,1.0,0.8,128,4579.453310467943,17819.520580544355
23,73,1.6758837874252608,1.8836218801642086,1.856145180798482,2.1262838360357588,1.943780078299439,0.07000669886912889,0.829008868996309,1.0,0.5,1.0,0.8,129,4747.235438869533,29931.297936001305
23,74,1.6807115001187647,1.8542763539357905,1.8095933930621368,2.152219165665139,1.6990166477501119,0.06889321198058604,0.8359826725333548,1.0,0.5,1.0,0.8,135,4413.177035014863,15715.185448834492
23,75,1.6818671165934598,1.833697913970531,1.7740964550478076,2.144132454478341,1.711436815470662,0.06748358324392674,0.8385132991727513,1.0,0.5,1.0,0.8,137,4428.569714774164,23477.3097640798
23,76,1.6816989027524427,1.8419748324840102,1.7948723991252633,2.1712037236701436,1.6824062885187934,0.0674835832439267,0.8385132991727522,1.0,0.5,1.0,0.8,139,4441.667547279473,23417.3990001406
23,77,1.7105339507930841,1.869837140092565,1.8225580064120217,2.203694923756916,1.7083526751315734,0.0677799642636669,0.8672593597607344,1.0,0.5,1.0,0.8,140,4445.726608426453,23463.626717817227
23,78,1.6800188320493727,1.8428050041913608,1.8071253873346804,2.169196666965088,1.7282399236036299,0.06632304578709926,0.8379325126668589,1.0,0.5,1.0,0.8,141,4602.902012584624,23336.935502271088
23,79,1.6794300650187215,1.8381270336034838,1.8017066009548133,2.1758292270553365,1.6858462654440287,0.06600424725266743,0.837739521568649,1.0,0.5,1.0,0.8,143,4543.610169566567,23156.10338182157
23,80,1.6797034182147819,1.8375820168175476,1.801013400304292,2.1834564225809903,1.6740884155875309,0.06551839274932579,0.8383026848507076,1.0,0.5,1.0,0.8,145,4594.508247144937,23077.62313571404
23,81,1.6785535995373153,1.83634725523518,1.7997632786591302,2.1979791166380296,1.670128420666733,0.06689834070621892,0.8364677058061096,1.0,0.5,1.0,0.8,148,4496.401058456317,17945.103075764684
23,82,1.6784195078201547,1.8216610825113704,1.7714709127851926,2.1847119911720903,1.6946586325440267,0.06707830267648635,0.8364326494261405,1.0,0.5,1.0,0.8,149,4511.322220404983,17901.260917129774
23,83,1.677998497984487,1.8306882634389872,1.7931810674577078,2.204651912354686,1.6825938533152915,0.06608728099583315,0.8366051057114525,1.0,0.5,1.0,0.8,150,4421.831391754333,17938.206228168652
23,84,1.6778345169041837,1.816839700207061,1.7658837098871052,2.1912757903053404,1.6879013675097079,0.0661032227090012,0.8365700493314842,1.0,0.5,1.0,0.8,151,4436.296943903168,17894.11531266447
23,85,1.6777347221100027,1.8150152163839646,1.7637478365655967,2.1984280425020435,1.6759701453386597,0.06618273585744343,0.8365247033646892,1.0,0.5,1.0,0.8,153,4499.926671447369,17928.685677815785
23,86,1.6766874410557064,1.8285923468571519,1.801921711693045,2.2335926526106578,1.726240267001307,0.06471402681897422,0.836627133463308,1.0,0.5,1.0,0.8,154,4529.958119019718,20527.3264589628
23,87,1.6769074478461086,1.812415983712169,1.7718096826956655,2.228859452868825,1.7076702271264321,0.06466605257990306,0.8371398925449253,1.0,0.5,1.0,0.8,155,4466.607429709527,20882.64545279388
23,88,1.6766156791782674,1.8093109014902986,1.7681984653648213,2.2235764018240713,1.6796087204375383,0.06474823073442651,0.8369490186540096,1.0,0.5,1.0,0.8,157,4619.778097457909,20613.746013917094
23,89,1.6763603989674336,1.8046106640865034,1.762699095332281,2.2391274698040267,1.7018757457519795,0.06436115381034012,0.8371084618019518,1.0,0.5,1.0,0.8,158,4494.3046820422,20868.183017983032
23,90,1.676017923427471,1.8374114303033406,1.834417174761012,2.2946213094884493,1.6693539900619068,0.06440165938376938,0.8367688207482875,1.0,0.5,1.0,0.8,167,4394.908276500246,20192.027793267494
23,91,1.6759755557795848,1.8516142724784304,1.8731556578147208,2.315086345865123,1.6992054910502135,0.0649699476250899,0.8368352674314726,1.0,0.5,1.0,0.8,169,4513.956961889006,20410.42691504885
23,92,1.6753523428039492,1.8438110998202553,1.8640658838931947,2.3218083880316147,1.695259810530236,0.0657761679371471,0.8361418614717561,1.0,0.5,1.0,0.8,171,4654.636941371505,20284.379781063988
24,0,0.9098861010082387,0.9789142282456921,0.9263293539949745,0.010830155086930415,0.0,0.0,0.0,0.0,0.5,1.0,0.8,1,2124.762773842159,7561.0999227386
24,1,0.917356915265735,1.0049228383062916,0.9512869632212854,0.045807331765760254,0.053577687942504976,0.06389142973715653,0.00011585981085181999,0.0001049844790755,0.5,1.0,0.8,3,2125.0724512960232,7409.764541602327
24,2,1.5202363063747113,1.7730097471133943,1.7216525322282394,0.8761903935872956,1.2888980397683425,0.07703419928644448,0.4765258763419011,0.42074013951917644,0.5,1.0,0.8,4,3472.168471073611,3168.487863438701
24,3,0.8498247132374518,1.1787729987461453,1.1201438235883094,0.32410185813896414,0.6038497165541966,0.10052458384203529,0.20769162695064153,0.05238346872839154,0.5,1.0,0.8,5,3174.280647310344,3475.206629698677
24,4,1.0284179557726083,1.3968728652258526,1.3473481801000542,0.5636031312942195,0.6052492559600938,0.047127991915009895,0.2696313975542587,0.2953895200414546,0.5,1.0,0.8,7,2086.229233515346,7172.404352237817
24,5,0.7742509454850416,1.1726483978207554,1.1185152758336527,0.3638169459489855,0.5201636674270526,0.07579203710305508,0.17377031367324464,0.1506569442578347,0.5,1.0,0.8,8,2575.809304881218,4339.3835071032345
24,6,0.704162366845606,1.1151120628830322,1.0586639707849244,0.32249380633106034,0.3353611323107089,0.06082130578755607,0.14609899055587644,0.13957947814426397,0.5,1.0,0.8,10,2003.178843468933,3509.8380832873945
24,7,0.5268307695504734,0.94950724544833,0.8905982945415845,0.17650300096821966,0.1872085899247359,0.05952317797288855,0.06686739124226812,0.050386701331839825,0.5,1.0,0.8,12,3075.88588385145,4317.883892962733
24,8,0.5131710944199923,0.9533129199674981,0.8898248389890386,0.21134837337858015,0.26077132482212245,0.06268725866990998,0.07972829727256245,0.07051244626234222,0.5,1.0,0.8,14,2051.999193033173,3925.2938733750425
24,9,0.48100547583094977,0.9228823832215697,0.8588512380947949,0.19348093502900576,0.15129682439520215,0.0622779984087227,0.0638942428888979,0.05648644969365583,0.5,1.0,0.8,16,2014.7685416642091,3828.480083862664
24,10,0.525892799957575,0.9687741845570936,0.9044179343316945,0.24109589972185724,0.20126669380481682,0.09280766659618248,0.07627713983754632,0.08166431517806089,0.5,1.0,0.8,17,2704.533712361862,3213.276585285556
24,11,0.4765394092646561,0.919830609302468,0.8553402393205892,0.1983019538475774,0.14533190042246297,0.06158925238429173,0.06384684327172667,0.05651321284421505,0.5,1.0,0.8,18,1972.5917560835364,3739.965645991417
24,12,0.4647002492785222,0.9177246296533186,0.8495001353549857,0.22056261676964642,0.3118414585437059,0.08326029517493812,0.06307391265775933,0.06855727966113102,0.5,1.0,0.8,19,1922.5599836545207,4018.1435225425967
24,13,0.39606298901046827,0.8621059900225201,0.8060212897574777,0.16109105268239024,0.13283765998397856,0.07237253362573756,0.040298194055782534,0.02658599965290278,0.5,1.0,0.8,20,2704.954456697657,5175.635439788845
24,14,0.3876466189088426,0.8686821339125936,0.8235114177823146,0.17503658092140856,0.14786560506551155,0.06329808277779769,0.05231041186925929,0.02668654694500741,0.5,1.0,0.8,22,2858.118370957407,5368.053532739015
24,15,0.42183202400480024,0.8811171017402111,0.8095294890513136,0.2120878347919701,0.15957668672945988,0.08820881178533117,0.05491476230394021,0.054451964603680056,0.5,1.0,0.8,23,2800.261044025109,3286.968822367134
24,16,0.3738620854182144,0.8576964348386504,0.8105507857846749,0.18216726724755308,0.16937947826503633,0.06456428850097236,0.05162268653737343,0.02743781140076882,0.5,1.0,0.8,24,2911.4274315481844,4225.716803496764
24,17,0.3848876933256846,0.8493358298174067,0.7730343581470709,0.2138728926412417,0.2671174722438892,0.07203804514732536,0.05661587422007629,0.057111523679346646,0.5,1.0,0.8,25,1950.739266030728,4095.9942438633343
24,18,0.3653692134870427,0.8302635611090148,0.753234768334658,0.20649343602110787,0.1383298782212713,0.07156725488653072,0.048542471273545565,0.04896628332420675,0.5,1.0,0.8,27,1910.8749132386224,4015.362645101524
24,19,0.3731691602787151,0.8611852218973506,0.8083553392258781,0.23251309271294834,0.17922597417211783,0.06534362579824717,0.06414086025934328,0.05715330076386151,0.5,1.0,0.8,29,1929.7773236377568,4351.8568708322255
24,20,0.5377738585660392,1.0148212587755236,0.9484917697970622,0.42629330265635906,0.33149155910767214,0.0696756088830059,0.20414477475474052,0.08913359134440373,0.5,1.0,0.8,30,3030.90259175656,3147.6227673862336
24,21,0.4864661723264927,0.9632331880339179,0.8936325598625237,0.39554876706651243,0.4108565008934858,0.06266189017338579,0.17972886002972177,0.08342827236065312,0.5,1.0,0.8,31,1947.2997493241,3990.799663120548
24,22,0.5070586208570477,0.9835249772911266,0.9128192576063078,0.4273096480566975,0.3506172936923573,0.0582469690633306,0.20286896739363924,0.0906935330510074,0.5,1.0,0.8,32,2074.3618603292057,3947.634490449981
24,23,0.4776838338598754,0.9647557129536007,0.9060612654880846,0.4056084505099746,0.3201955913700107,0.05641853841642872,0.18537278374658664,0.08345957242227404,0.5,1.0,0.8,33,1987.8064659541956,4081.244409170578
24,24,0.49896587257921343,0.974275016707468,0.9019208289500907,0.42676811780350643,0.33078748750230436,0.058398948397744156,0.2030334265600417,0.09086216857221618,0.5,1.0,0.8,34,1971.60673327024,4283.141655469237
24,25,0.4718267429192685,0.9691840430165202,0.9223296636780848,0.4136716618293324,0.30082157145333543,0.05641853841642872,0.1853727837465867,0.08345957242227404,0.5,1.0,0.8,35,1907.3615597643125,4314.771028777709
24,26,0.48893392768377386,0.9718908910363586,0.9083997842415643,0.4530830037095576,0.467469252302957,0.05800069671318817,0.2147559616188917,0.08967217625392264,0.5,1.0,0.8,36,2763.4335621405107,3857.673794860414
24,27,0.4882621456255475,0.9817913718080189,0.9311207666390926,0.45577522293447437,0.3189466666501835,0.06165135799705691,0.21189274151027865,0.09065292654089899,0.5,1.0,0.8,37,1885.304835655492,4166.252583981286
24,28,0.3196543150371152,0.8109756348427251,0.7586456744910417,0.29376289045240356,0.22191899022527273,0.06315716173359393,0.07877171024042712,0.05470520412567591,0.5,1.0,0.8,38,2162.687263041805,5068.35642231932
24,29,0.4801132735432229,0.9711391825921893,0.9185672696336487,0.4641568683009855,0.3260719671800531,0.055948242015571456,0.2159471851805171,0.08971172256471671,0.5,1.0,0.8,39,2842.867339898271,4040.5802604877927
24,30,0.47952775506331424,0.9807500253398277,0.9405503178133755,0.47170094384395833,0.3427748718333229,0.055346092724168294,0.2179597324111035,0.09016663000923895,0.5,1.0,0.8,40,2638.371296046332,4273.116257511348
24,31,0.44392902417658,0.932609518712488,0.8785701556593805,0.454692157811613,0.319848970570935,0.05848736335724475,0.1921061221232701,0.08047496496657243,0.5,1.0,0.8,41,2074.2996872902618,3423.651193901046
24,32,0.4492476159125825,0.9353457632994959,0.8873362687542874,0.4807207797984889,0.4605038662623419,0.0635761726783778,0.2141955570801044,0.08997665768813412,0.5,1.0,0.8,43,1888.486144379227,5159.832052364252
24,33,0.4427253598211529,0.9242173935277338,0.8742340411012746,0.4861868820231817,0.4008828538973782,0.06021302537999203,0.2170588012737253,0.0889958829695642,0.5,1.0,0.8,44,2120.1319413927718,5078.997340700645
24,34,0.4029958441856011,0.8654488924622211,0.7995420298422108,0.46017223508797134,0.4052266238943434,0.05783859187681843,0.19467457293638918,0.08033969531702864,0.5,1.0,0.8,45,1768.3471057134946,4946.752135081722
24,35,0.39923622060996794,0.8692942325817167,0.8151276295795368,0.4655072239678102,0.3130801747283356,0.057838591876818425,0.19467457293638873,0.08033969531702836,0.5,1.0,0.8,47,1649.7539807739013,5196.119134072264
24,36,0.4296314905007287,0.8994420045360769,0.8451439116018878,0.5062073385323476,0.3258816330760113,0.06281449028889653,0.20091510177965857,0.10807271147991977,0.5,1.0,0.8,48,1827.8201462815755,5221.771234692727
24,37,0.426111120947872,0.9029918478980636,0.8603140522499224,0.5119816365638328,0.3465449005999651,0.0629301586984029,0.20126832410436052,0.108066782964232,0.5,1.0,0.8,50,1753.2726048093282,5488.95606145105
24,38,0.4633782749179788,0.9357415235053398,0.891570884719843,0.5497758646084951,0.42136754109831853,0.064938222954011,0.21925938701001718,0.13615623604416055,0.5,1.0,0.8,51,2032.4149413878647,2251706.113617857
24,39,0.42205948715539887,0.8825211856865739,0.8251217202509588,0.5156198860119071,0.32231777680985385,0.05684577873601737,0.21924170250686456,0.09038154364926912,0.5,1.0,0.8,55,4065.8713891843263,4609.275521499641
24,40,1.737232274373687,2.2175474592028035,2.2046752506683545,1.942276447488373,1.6717649806016,0.06474691415831008,0.8214527311542821,1.0,0.5,1.0,0.8,72,5971.132478234996,4046591236.619052
24,41,1.6582993913166337,2.132787857442768,2.118283022456149,1.880074838417067,1.5956679378121312,0.06611047836240612,0.7455450279974968,1.0,0.5,1.0,0.8,76,7176.075448750084,4046585226.72796
24,42,1.902058657032946,2.368310785260795,2.3617121338022606,2.141828441483935,1.9362258336999063,0.06533036319814146,1.0,1.0,0.5,1.0,0.8,78,5881.393083869864,4046584392.120556
24,43,1.9014360060200943,2.366317335776831,2.359377259677723,2.1521504256981014,1.8393850190668286,0.06533036319814145,1.0,1.0,0.5,1.0,0.8,80,6142.237978822505,4046337963.655789
24,44,1.9007119609065755,2.3534870254640943,2.333318604272463,2.1516045908823687,1.8416861744968591,0.06473933592863446,1.0,1.0,0.5,1.0,0.8,81,6048.518921682717,4046439201.283094
24,45,1.8984832830041334,2.356201403435196,2.347478572178292,2.147966378036725,1.8956437422483567,0.06591859098117964,1.0,1.0,0.5,1.0,0.8,82,6124.252928889689,4046323597.309185
24,46,1.8982259485904023,2.3555448537021757,2.346721565049669,2.1618640826754847,1.8371425967262813,0.06577830999369903,1.0,1.0,0.5,1.0,0.8,83,5982.2671444762045,4046401671.029397
24,47,1.8973547751241546,2.350596464439887,2.3407737670394404,2.1692146702949353,1.874343073717017,0.06755534945059957,1.0,1.0,0.5,1.0,0.8,84,6260.037889952151,4046190521.395648
24,48,1.8945881234575912,2.3532477356870594,2.3550227396831005,2.171746216715375,1.8906146115895577,0.06683206685816845,1.0,1.0,0.5,1.0,0.8,85,6240.967104392025,4045969318.487512
24,49,1.8929035150428584,2.3390323120364878,2.3274687496060826,2.1634098061822824,1.840237182216699,0.06475441657727987,1.0,1.0,0.5,1.0,0.8,87,5895.431624514428,4046590008.611654
24,50,1.8895479927369407,2.334649092303063,2.333214242060948,2.184411074296647,1.8911537484951675,0.06712086248751345,1.0,1.0,0.5,1.0,0.8,89,7651.388029843653,4045944680.107667
24,51,1.8889645027256685,2.3319930776386526,2.3300762929065977,2.201905657274054,1.8402697187692174,0.06743699413743084,1.0,1.0,0.5,1.0,0.8,92,7775.042848452518,4045961843.3479815
24,52,1.5119357978655223,1.9448742888585355,1.940640680673009,1.8341483964321053,1.5546299979547986,0.057395418786523024,0.6314306139138248,1.0,0.5,1.0,0.8,93,4956.155075461031,676915.8325452679
24,53,1.5111788435184672,1.9304723388861253,1.9126811680971068,1.8404099984526967,1.4833098970300633,0.057386126142203196,0.6314887254237921,1.0,0.5,1.0,0.8,94,4999.194611445635,676936.070335693
24,54,1.510562640519581,1.9395195152047457,1.9343843462710957,1.8335706825113702,1.4668484970064894,0.056913443395905816,0.6315806629606415,1.0,0.5,1.0,0.8,96,4878.408501855154,678283.6769945321
24,55,1.882200671591219,2.2844242660277945,2.2523161075884435,2.2135032751393426,1.8726709723563915,0.06605099240992195,1.0,1.0,0.5,1.0,0.8,97,8453.617642612677,3532952289.672765
24,56,1.876259903636102,2.2960775785535965,2.288897818892452,2.215574597474917,1.872278486821863,0.057069548624261335,1.0,1.0,0.5,1.0,0.8,98,4991.18351734057,677161.2650288658
24,57,1.875797607310716,2.3049463641092194,2.310351854152774,2.2557563341700435,1.8307395467602081,0.057245958149415556,1.0,1.0,0.5,1.0,0.8,106,5159.614469870538,675341.6087795502
24,58,1.6293243316620827,2.0392030882696863,2.0298355807208024,1.996082648738417,1.620574125423655,0.05787681256941617,0.755495854166613,1.0,0.5,1.0,0.8,108,4789.047639441517,670843.643952361
24,59,1.8734593224630727,2.326267550588736,2.3684862640705218,2.2849267674115623,1.8379087925597837,0.05821908216105737,1.0,1.0,0.5,1.0,0.8,110,4516.78271734394,670687.853515452
24,60,1.8685074032573896,2.278866950978882,2.290788340764228,2.264269407704676,2.0038929458297607,0.05840968304247618,1.0,1.0,0.5,1.0,0.8,111,4427.324760965431,669945.12591434
24,61,1.8684988002769145,2.277983697839894,2.2897206476723837,2.2825004773863977,1.8331036180642255,0.058796307364933874,1.0,1.0,0.5,1.0,0.8,113,4615.840938799073,668682.6667116693
24,62,1.868242855735012,2.2878748681547343,2.3123889487153964,2.286551584617653,1.8384990988183438,0.058778189552521065,1.0,1.0,0.5,1.0,0.8,114,4598.42696333278,668771.2579176194
24,63,1.8657729102099878,2.266583670753721,2.2764970605573627,2.2847745345922092,1.893904174381931,0.05729299550120074,1.0,1.0,0.5,1.0,0.8,115,4536.942881525967,668984.8711546003
24,64,1.8601609602146536,2.2120950285863765,2.1798427791509605,2.275513894600696,1.890780550137205,0.05249139800688109,1.0,1.0,0.5,1.0,0.8,117,4257.93000547248,668969.0498560945
24,65,1.8595265026606684,2.229148753408024,2.221930181606907,2.287834276091799,1.8659698250461783,0.05308120002314639,1.0,1.0,0.5,1.0,0.8,118,4111.752273073995,670868.3206719967
24,66,1.8568952278600273,2.201065679650008,2.177953435949974,2.2968878231579812,1.8855621044095863,0.053110154109354255,1.0,1.0,0.5,1.0,0.8,120,4285.95295039033,670458.8549485415
24,67,1.8568314242169122,2.200694010692778,2.1775198211192563,2.304168184024099,1.8277983362270214,0.05309068112757872,1.0,1.0,0.5,1.0,0.8,122,4289.171830598114,670831.6851849547
24,68,1.8632532731417302,2.2268325712867587,2.2506549220375285,2.3320892530614556,1.939246120644328,0.07418895305391619,1.0,1.0,0.5,1.0,0.8,124,4081.8885461464647,685263.93788924
24,69,1.8573790413779023,2.252145454159658,2.314491910001923,2.352948420129745,1.8508946938859248,0.0631665241665547,1.0,1.0,0.5,1.0,0.8,125,3900.4921606398057,697775.0526126759
24,70,1.858539776470833,2.221716120439293,2.267074650031966,2.3624877797931116,1.9173184941997472,0.071283260448498,1.0,1.0,0.5,1.0,0.8,127,3920.645211243986,698469.1532725493
24,71,1.8572617083735448,2.200260107324037,2.263461195934749,2.3889364195550513,1.9227346614809737,0.07883080895161153,1.0,1.0,0.5,1.0,0.8,131,4017.141815997743,684387.2868223322
24,72,1.8551961107165214,2.17062092956985,2.206848071013724,2.3675601729007685,1.8474706190565209,0.07573182628454109,1.0,1.0,0.5,1.0,0.8,135,4039.493772802787,682098.9291684153
24,73,1.8539306348079687,2.147926381824476,2.169224408968774,2.3739760484062105,1.9178036445690443,0.07527501377642712,1.0,1.0,0.5,1.0,0.8,136,4033.0235791594887,682034.9497940248
24,74,1.8537135544748602,2.142089708418217,2.162336967672827,2.3582672680616823,1.858661698408193,0.07587249400182065,1.0,1.0,0.5,1.0,0.8,138,4026.0323271675247,683916.9246266135
24,75,1.853556926561832,2.1514425083727406,2.1843731296132503,2.3696851760917035,1.8443400813460915,0.07587249400182065,1.0,1.0,0.5,1.0,0.8,140,4019.690416837524,683690.6605422124
24,76,1.8529145535304956,2.1467680978836507,2.17894232417515,2.392000878164114,1.8382488243418975,0.07535810772641703,1.0,1.0,0.5,1.0,0.8,148,3997.721011658496,683182.0684993116
24,77,1.8523014733737213,2.150334252496516,2.1942008945555553,2.4030207237684076,1.8664378808333046,0.07535810772641702,1.0,1.0,0.5,1.0,0.8,150,3978.8011077348174,682518.6319812613
24,78,1.8461555639921179,2.200894906222663,2.309891693963853,2.5184226168417045,1.8326064586538617,0.06294785101754813,1.0,1.0,0.5,1.0,0.8,165,4815.991958077461,690057.2241479092
24,79,1.8455596779297978,2.208286050707402,2.329684364520646,2.518210395496952,1.8555725945380896,0.06231698005758324,1.0,1.0,0.5,1.0,0.8,166,4777.829997220646,690100.3137527306
24,80,1.8394197220383182,2.1875090184480843,2.3061919717866433,2.5118234127283774,1.8815695855659331,0.05247312337657252,1.0,1.0,0.5,1.0,0.8,168,6890.348041108404,689971.1726011606
24,81,1.8392080677893794,2.1822077656340966,2.2999501428981226,2.5272864006003015,1.8360181978981418,0.05285476375594905,1.0,1.0,0.5,1.0,0.8,172,6827.719567278378,690162.3139749303
25,0,0.8421810475177594,0.9616544775892938,0.9061137692088738,0.009242125085512311,0.0,0.0,0.0,0.0,0.5,1.0,0.8,1,3237.0552683094347,7240.456033468433
25,1,0.8588521900280996,0.9912583184910975,0.9349076024040914,0.04653716298529141,0.050851670698324476,0.06827739844044386,8.620034091585e-05,0.00013585291659822,0.5,1.0,0.8,3,3244.8803463103936,6944.340059159947
25,2,0.8379764607324236,0.9916543756107432,0.9339178450540053,0.05659745574076322,0.09933591741216034,0.05603365044481361,0.0097072877844306,0.00637182576862669,0.5,1.0,0.8,4,3017.6042982169524,7200.843307478581
25,3,0.6930020911971414,1.0266477743347262,0.9814633244723651,0.16048898193166897,0.4081851749214419,0.07985209712236543,0.042007809012975086,0.06500551395103796,0.5,1.0,0.8,6,1714.1053662856702,5718.670433599636
25,4,0.5725010321240508,0.9571952651913748,0.8904879978859809,0.14314216851683614,0.29922831637292574,0.07475061938865055,0.03938207181972314,0.06086888380834367,0.5,1.0,0.8,8,1210.9302446791694,3805.4009682973456
25,5,0.8715137043910024,1.2859598348521182,1.2439666363119732,0.4847152640623845,0.4918183888631309,0.07357325292495645,0.1791772876686379,0.2792007149437022,0.5,1.0,0.8,9,2406.015294633582,3069.419693465624
25,6,0.5058366130417217,0.9111355384877711,0.8405608710253061,0.12333098354835906,0.20721113756521736,0.08389010697904234,0.02682124978877093,0.04151149757353706,0.5,1.0,0.8,10,1162.6549624282163,7832.355860043679
25,7,0.7095732227846798,1.1632800283530418,1.1282860617122332,0.39460508850763,0.4801402192347334,0.08157645162503398,0.13058786735905142,0.21138318675514967,0.5,1.0,0.8,11,2351.2554912424644,2381.1279821088083
25,8,0.5728387337078117,1.034239426400378,0.9971001251083883,0.268930142412693,0.3113128561589783,0.07473713259681142,0.08600629028418355,0.12574243171644664,0.5,1.0,0.8,12,1345.006502858827,3943.413312980926
25,9,0.702298355915345,1.177720835428183,1.1527121493196921,0.4339772894552999,0.3790643003934593,0.07216565799339947,0.15581920489682866,0.21177877682329357,0.5,1.0,0.8,14,2300.124031950435,1866.0407113092283
25,10,0.595516264665713,1.0948106468699945,1.0779047950080833,0.3763550971430364,0.39568082421949535,0.08565018537537145,0.11561540330317924,0.17171083843929497,0.5,1.0,0.8,16,2445.8113971338557,1603.130646520658
25,11,0.5418516635085131,1.041841206100004,1.0245923886658712,0.33599113917535284,0.2518399123746494,0.08483100838848076,0.0925117212367973,0.13739461877303238,0.5,1.0,0.8,18,2446.289897567244,1564.903429038285
25,12,0.5402399263696258,1.0406401950566115,1.023181920835476,0.3383582250572589,0.25339491650265183,0.08458441691455752,0.09254945658170446,0.13752873070642768,0.5,1.0,0.8,19,2456.6222313731128,1353.191078445905
25,13,0.5081775115528673,1.0177048201354149,0.9929659918803346,0.3571496392858934,0.5613819094095999,0.05111524238856522,0.14576238048226675,0.11640236409577184,0.5,1.0,0.8,20,1463.9779786800896,25122.53828588592
25,14,0.468455250511629,0.9781372131945136,0.9531261522134556,0.3190214917598901,0.23754509779380945,0.057420231832066036,0.11756402821167362,0.10023678824795099,0.5,1.0,0.8,21,1432.830565336963,19909.68245475322
25,15,0.4662465894955471,0.9759489868328791,0.9509069210161647,0.3253075668289668,0.22574422576002837,0.05071398832238525,0.12148220449041433,0.097021929197474,0.5,1.0,0.8,22,1460.7095734195962,24958.71983976812
25,16,0.5102432662024443,1.020183944079245,0.9946708447331654,0.3776808114929081,0.2906326997379256,0.05100196565568856,0.14977125187755716,0.12021221896526084,0.5,1.0,0.8,23,1504.9041016333338,24833.03894459881
25,17,0.38022276728853366,0.890736454809192,0.8608995950380245,0.2615635080406664,0.3436414544479286,0.05964434723003884,0.08031472158365816,0.07138127768668759,0.5,1.0,0.8,24,1649.7806952559422,15338.430795720822
25,18,0.362443527319343,0.8712815707810444,0.8377986659946285,0.2650407567739957,0.24342210128229425,0.053857345718916226,0.08115034544843543,0.07624761211710274,0.5,1.0,0.8,26,1473.7125168070038,14002.828904872244
25,19,0.3607646384339998,0.8805576075436041,0.8597451966947721,0.2765320168265598,0.17578135787367768,0.05385734571891628,0.08115034544843595,0.07624761211710254,0.5,1.0,0.8,28,1515.9418497280417,13690.091166832592
25,20,0.3391323523316882,0.847327201621472,0.8130136398979687,0.2657068822194272,0.17038210753537036,0.05521213005089477,0.06972890419456096,0.06579733728591755,0.5,1.0,0.8,29,1478.256553778314,13898.181636065165
25,21,0.33425758651958803,0.8403789997179325,0.8039040047135418,0.2697470737501559,0.24379143725105695,0.05220388490336355,0.07312288480263382,0.0705259660305477,0.5,1.0,0.8,30,1575.555739906113,12592.948527732768
25,22,0.3502569115398837,0.8667567328002962,0.8425580003361115,0.32200244575173204,0.1848989829434043,0.06320479219593891,0.0726187275782247,0.08853569448363034,0.5,1.0,0.8,33,1521.419657501713,15218.51068406196
25,23,0.6599325124334944,1.1724873735172539,1.1453749853973068,0.6553622164186019,0.6166847445371615,0.06708584771391043,0.13462697978339158,0.41202954470612563,0.5,1.0,0.8,34,1918.302602093187,112266.56078794456
25,24,0.663683740924547,1.1427098391676562,1.0835754127164827,0.6708979538606429,0.6483208885621004,0.06934103523025222,0.16105472628987988,0.41231975454691394,0.5,1.0,0.8,36,2368.7029998019552,106906.32589367084
25,25,0.5745834255025808,1.0417975855533903,0.9693820710507135,0.5887747861609713,0.4489521710165371,0.0736306114952013,0.12449077581860084,0.3452569844958321,0.5,1.0,0.8,37,2304.9000537165707,77889.92370708828
25,26,0.6285729496891815,1.0689824545515494,0.9686282559215754,0.621503385404603,0.5774405581221196,0.06694656491617819,0.1517068682839115,0.39154941840874047,0.5,1.0,0.8,38,2463.3889059877506,102284.63091575002
25,27,1.0075140711096022,1.4578404715325823,1.3699463487560186,1.0020227900453769,0.9012709387282206,0.0919415327215113,0.1874548897424234,0.8072542072896841,0.5,1.0,0.8,39,6141.29497947752,113244.80271085208
25,28,0.9246495738200113,1.4073234906560297,1.3579099690235654,0.9570536976839105,0.8087642362559662,0.08586327362187529,0.18013420613850778,0.718843483445121,0.5,1.0,0.8,41,5407.386482351596,111974.49880609596
25,29,1.0059526175057139,1.4865833871542622,1.4363474141049726,1.0437654461277928,0.915793452143634,0.0923873525141936,0.18692379484433233,0.8113568201648697,0.5,1.0,0.8,42,5929.044996454891,112230.7253537212
25,30,0.9004207296175651,1.3662669216199967,1.31064907068389,0.9550697558329372,1.012773000213116,0.07426099673433523,0.18183940817664399,0.7179278469720811,0.5,1.0,0.8,43,5294.63272662964,111859.49408694512
25,31,0.8999760388366231,1.3765644730194937,1.3337920406485013,0.9738323134985907,0.7964665527641815,0.07426099673433514,0.18183940817664296,0.7179278469720834,0.5,1.0,0.8,45,5315.266354346696,111990.30341631736
25,32,0.708906656217078,1.163520805425183,1.1042651270264479,0.7873330037820656,0.7540468653573306,0.06203511088662104,0.24377507370202398,0.42126912673932015,0.5,1.0,0.8,46,2441.638454511159,73009.85488979473
25,33,0.8450929126576437,1.2812354875047691,1.2165448259019698,0.9401262704943811,0.8719793211431486,0.07023083893622498,0.2533514939388204,0.5909898671194664,0.5,1.0,0.8,48,3469.0624515408263,109571.57017751092
25,34,1.2094274672963854,1.641478591669899,1.5756398938120728,1.3064796545171427,1.1757584629215136,0.056781939381815014,0.513614391320212,0.7327498860214119,0.5,1.0,0.8,49,3003.886296527662,130853.94494200851
25,35,1.2496977507134042,1.694404206532227,1.6519400123050765,1.3670758274834371,1.2808631155412533,0.10667394099960703,0.3207233232552413,1.0,0.5,1.0,0.8,50,3935.397033424358,79434.73875217982
25,36,1.2165127370504678,1.6587088719382972,1.615587054144032,1.3445651595514894,1.1554782209562537,0.10683849612394103,0.28878592227485705,1.0,0.5,1.0,0.8,52,3904.4068052759008,79574.95245218955
25,37,1.1893544392879212,1.6185975898424168,1.5620167376676117,1.3213663529946011,1.1347748996773812,0.1066480024400066,0.2626512024069627,1.0,0.5,1.0,0.8,53,3784.477507459886,77275.50688324754
25,38,1.214840229681924,1.6536118432213334,1.60959908092945,1.3605518396507073,1.1597065934244757,0.10639411427309595,0.2891130302336221,1.0,0.5,1.0,0.8,54,4054.56372079033,80006.2923852928
25,39,0.8360167857524385,1.2778283606842915,1.2446750638739261,0.9817005901468081,0.8138306127067232,0.04756201805689578,0.2885499338771776,0.5693668195869914,0.5,1.0,0.8,56,2226.976146972226,72693.84874112983
25,40,1.2510911949114807,1.6913882270812408,1.6579080494779852,1.4134808623496,1.1919290211600462,0.08662305211969852,0.34305433354449527,0.9961588203932029,0.5,1.0,0.8,57,4225.063547683289,88165.09763863377
25,41,0.8393057404758643,1.2472425890858099,1.20597871634039,1.0071731299369027,1.1023653407717302,0.05417458292907967,0.2655970460407945,0.6148915584036729,0.5,1.0,0.8,58,3073.6734083669426,93429.513178658
25,42,0.8187812288118599,1.2170019061778785,1.1735157172881718,0.9887033048952591,0.8124918859012498,0.05699949469016875,0.2660694956396342,0.590955498753719,0.5,1.0,0.8,60,3156.195437989155,109276.32890060004
25,43,0.6932926190931417,1.078421914255701,1.021508034114663,0.870354661200835,0.6598600445502071,0.057224597236495436,0.2295531042086784,0.4803585015763928,0.5,1.0,0.8,61,2605.978486533913,94107.2156827296
25,44,1.20518815953635,1.5987608113595195,1.5752796777788283,1.396693707667882,1.3893264450082665,0.10034411841799784,0.31152315766105787,1.0,0.5,1.0,0.8,62,3964.917147612468,75597.04789632442
25,45,1.203316178697857,1.5857707481874364,1.5599008520328992,1.4131518477223823,1.2113416097912366,0.09619078006104888,0.31455895207620715,1.0,0.5,1.0,0.8,64,3796.593708197685,79261.50858553253
25,46,1.2027657283935667,1.573412137669079,1.5344156599866514,1.4056936235111492,1.1668979292099633,0.1004482295078764,0.3120109431391218,1.0,0.5,1.0,0.8,65,3914.4893259976234,75853.94027486455
25,47,1.1721186462438602,1.5515174705740407,1.5249979216100327,1.3858400720395287,1.1539237101851392,0.09545595501369739,0.2844662828441812,1.0,0.5,1.0,0.8,66,3750.969556857293,80702.03941230473
25,48,1.1695765701942218,1.5449744621348673,1.51760974008684,1.3973441401297189,1.1476377190531442,0.0997935311525214,0.28069006893873144,1.0,0.5,1.0,0.8,68,3903.404648497101,76388.09409093318
25,49,1.1676640400974168,1.5527065011933643,1.538012906300882,1.4060132520401507,1.1425169137682718,0.09708278738527236,0.28049682706888823,1.0,0.5,1.0,0.8,69,3828.449106039076,89444.17209677426
25,50,1.1687721938888647,1.5421374790027418,1.5143437189021378,1.4001763716658373,1.1342682842033045,0.09951903388374164,0.28049445576103216,1.0,0.5,1.0,0.8,70,3786.6026656104714,76181.91599275882
25,51,1.0966324070833435,1.4760416145778326,1.4601642468147373,1.3389450697459524,1.103589763374472,0.08883223937726749,0.2581807698855673,0.9458606889305059,0.5,1.0,0.8,71,3201.792610436048,81717.03797248681
25,52,1.1047188924183693,1.4489360512226184,1.393726774329818,1.3300084055246635,1.0744448036793384,0.09652460060927356,0.2550418543562508,0.9555209233152959,0.5,1.0,0.8,73,3808.473820541233,88910.36953338221
25,53,1.1071746706445822,1.4663017781009458,1.4462267314777395,1.368985273366031,1.1135161172768873,0.09921670031820692,0.2552873460596371,0.9614503444271492,0.5,1.0,0.8,77,3397.0232454085044,75236.20468928386
25,54,1.1594925451392657,1.5188696828849408,1.520310916472406,1.4369084607592904,1.2217760078682014,0.0977109938231273,0.2815473854127835,1.0,0.5,1.0,0.8,79,3443.506256090664,76617.10388956292
25,55,1.1582581050121896,1.5215422806264374,1.534526878136279,1.4467117107786274,1.1897793508095784,0.09736485939203707,0.28169744848186096,1.0,0.5,1.0,0.8,80,3340.136959099816,76445.90702640833
25,56,1.1582482709288324,1.5214720140965992,1.5344445302544698,1.4537424412539965,1.1308695369033246,0.09736485939203707,0.28169744848186096,1.0,0.5,1.0,0.8,81,3346.699639465021,76515.52369154622
25,57,1.1051022734552713,1.439490507548797,1.425186008124971,1.390320613045243,1.1303103305944533,0.09906835790586628,0.25659178575819447,0.9651651147992307,0.5,1.0,0.8,82,3278.554142823444,76294.1266441958
25,58,1.1049863909993234,1.4498338775127655,1.4483824550008797,1.3972463528093049,1.0812581983935763,0.09906835790586628,0.2565917857581937,0.9651651147992364,0.5,1.0,0.8,84,3289.2388575032137,76413.11634782868
25,59,1.1083774502442334,1.4630709925983927,1.4743513850759418,1.414965865897841,1.0928132771790604,0.09755471430197676,0.2590947651195564,0.9674843420547443,0.5,1.0,0.8,85,3304.89619731152,76144.81399165312
25,60,1.1556546167285309,1.4628860111569475,1.421641886027854,1.4410971665308812,1.15084153983802,0.09703563966022036,0.28102385925850115,1.0,0.5,1.0,0.8,86,3134.246174869618,76267.69397188054
25,61,1.0947283029983017,1.4217686312689717,1.4060123403738165,1.4121907396052298,1.0796334385957156,0.0974963989598988,0.25560118049108016,0.9558303256438523,0.5,1.0,0.8,88,3083.255978100974,75849.25475470399
25,62,1.0962136260710598,1.4305830612406067,1.4270664625685507,1.4354036500566925,1.101810312148831,0.09621050132336664,0.2571744158433638,0.9572330055851976,0.5,1.0,0.8,89,3171.0408775687,75748.70372490735
25,63,1.0248079192309936,1.357136347513598,1.3532194240937034,1.3569355648456276,1.0081102213412798,0.09913996594247364,0.2385315091065121,0.8898191197693883,0.5,1.0,0.8,91,3343.136458811235,76771.19175771462
25,64,1.0930034108827051,1.4243425903133247,1.4202318825800395,1.4358809622706756,1.0762054622881996,0.09710315149659582,0.2555545752568682,0.9552358332701356,0.5,1.0,0.8,92,3156.3532639219693,75777.74767109884
25,65,1.1201652082544955,1.4670911428854168,1.4876487463541574,1.4742970256837866,1.12359261555788,0.10090772669488508,0.2644153024952239,0.9769354216150852,0.5,1.0,0.8,94,3337.143604865852,76473.7365852696
25,66,1.132424887497852,1.4673134038893272,1.4747080024131465,1.4901858579003282,1.112103579654428,0.09653322445383494,0.2605253293834403,1.0,0.5,1.0,0.8,96,3332.7795206430974,76538.4946887948
25,67,1.069240845001111,1.4040639565339084,1.411445852520154,1.438052356038333,1.045876425181063,0.09632877072948298,0.23888825742581105,0.9482052764365643,0.5,1.0,0.8,98,3331.049327966031,76735.15495051947
25,68,1.1565917917167166,1.5097124895460614,1.5422958831990536,1.539147595124767,1.1661379448373723,0.09585707748721128,0.2855973803433767,1.0,0.5,1.0,0.8,99,3366.7793417441326,76500.61621991858
25,69,1.1540540980628076,1.5125412260150173,1.5569934251645448,1.5553364684638589,1.139452533787846,0.09653233602441427,0.28349244101908216,1.0,0.5,1.0,0.8,105,3194.710266443,76098.09847509561
25,70,1.6523182571488255,2.010460090761662,2.0548455087268387,2.2096882397266624,1.630196966003,0.09930053384190092,1.0,0.7255214719366796,0.5,1.0,0.8,126,7447.279968169333,99655.08876575256
25,71,1.6079436872955721,1.9655605065939366,2.009844418003797,2.1776785672616548,1.587831369392597,0.09993659485493714,1.0,0.6697405859706325,0.5,1.0,0.8,128,7499.840196831197,99536.28909286548
25,72,1.6518126528163914,2.018898168549636,2.075847139647314,2.2253091745842304,1.6366917671358003,0.09873374180413405,1.0,0.7256072265792148,0.5,1.0,0.8,130,7535.223745631801,99801.7193240304
25,73,1.6079438555775565,1.9638168783713295,2.0077637724773703,2.193799570131653,1.5860487550164457,0.1006309968002919,1.0,0.6695868054328333,0.5,1.0,0.8,131,7450.189151486811,99772.07177147872
25,74,1.6075509518914104,1.961910065536458,2.005564674806906,2.1959635730730014,1.5977049072147542,0.0991881879557618,1.0,0.6702382581191477,0.5,1.0,0.8,132,7521.07968879779,99577.69739814918
25,75,1.6052007160378086,1.9588641852907753,2.0023845971565435,2.201070230226037,1.5862610053971697,0.09904131067452607,1.0,0.6675023343755194,0.5,1.0,0.8,134,7368.450854433499,100088.24299915126
25,76,1.6079193945184347,1.9615670787520068,2.005084536350128,2.207509545881149,1.5863658278565986,0.0990811552732494,1.0,0.6708782737509196,0.5,1.0,0.8,135,7549.082126155356,99618.16319324845
25,77,1.6524815249981337,1.923799576098561,1.87555679846521,2.188959590060706,1.6638243284352319,0.10487240449895951,1.0,0.7236068000764762,0.5,1.0,0.8,136,41081.36050736709,91350.0297731982
25,78,1.6542959208806458,1.9087611238440476,1.8572971768882307,2.172805298443075,1.7648120360668025,0.10668334393434209,1.0,0.7271888307400514,0.5,1.0,0.8,137,40319.730345049225,90278.3028887034
25,79,1.6483116513551976,1.9060417085215915,1.8660647414600804,2.1828848952728865,1.6934265043232055,0.10547825331050178,1.0,0.7215856934295386,0.5,1.0,0.8,138,40953.70341795286,89353.95315826559
25,80,1.649598028761655,1.877416352545672,1.8209115622845928,2.186351272451779,1.7753287814322376,0.10599236722830815,1.0,0.7252322052913295,0.5,1.0,0.8,139,40674.436899773,89779.93850907733
25,81,1.6461399896798032,1.8661783673367687,1.808214358384118,2.1864842438324614,1.6899859871110334,0.10450158317788971,1.0,0.7227675704027038,0.5,1.0,0.8,140,41184.4725074926,88766.15852411023
25,82,1.644751690587896,1.8590688882528572,1.8000353191585172,2.1850445727320364,1.6732140298915648,0.10626987591733435,1.0,0.7205837143784999,0.5,1.0,0.8,141,41221.90268842475,89022.18039939457
25,83,1.6463666615863377,1.856232911421535,1.7963689321850842,2.2047756712627455,1.6654826514562826,0.10331396376841732,1.0,0.7249473177489074,0.5,1.0,0.8,142,41052.32787141823,89495.15290303683
25,84,1.6693986790972652,1.877493096459768,1.8172985676605848,2.227146914454421,1.6616294397906723,0.10666348725923261,1.0,0.7518414100912458,0.5,1.0,0.8,144,41736.19698977387,97483.3133123564
25,85,1.6531041446763644,1.8584696989192062,1.7977668933224809,2.2223695171145517,1.6595067885951866,0.1050665050420789,1.0,0.7327682897009493,0.5,1.0,0.8,145,40775.18774562548,90200.84069794782
25,86,1.65183402606494,1.8566564166405186,1.7958530639676322,2.228344961790914,1.6414180088679027,0.10493508618213447,1.0,0.7313181174251009,0.5,1.0,0.8,146,41267.175502080165,89738.67560542873
25,87,1.6530741095014423,1.852283025118533,1.7904365942395684,2.2295142327657906,1.6820112796855575,0.10485989676265131,1.0,0.7335133569867779,0.5,1.0,0.8,147,41022.95063256605,90167.849938436
25,88,1.6528626751536188,1.8477350858519217,1.7850841814110376,2.236502299171307,1.6558969238667451,0.10453478325436971,1.0,0.7339029872426769,0.5,1.0,0.8,149,41076.98750659289,90023.13585542935
25,89,1.7801282787168067,1.9498437173436962,1.8606838197652533,2.3189459371316636,1.7719426213922571,0.11213018809824489,1.0,0.8885101054688496,0.5,1.0,0.8,153,41458.25967231474,89984.63407281633
25,90,1.7803134223046508,1.949997447175551,1.871763197324074,2.3319839744346944,1.8102424271282849,0.11140859879051268,1.0,0.890290818066046,0.5,1.0,0.8,155,41682.15466043947,89807.35147272205
25,91,1.6582631859979933,1.8451590802419224,1.791969422835693,2.2621162165186677,1.68530909845987,0.10358958355281464,1.0,0.7431019292330201,0.5,1.0,0.8,156,39495.39284750841,93453.6335292648
25,92,1.7843078474315268,1.9584742420792756,1.8920032600409078,2.369032070936442,1.7781977799103688,0.11214760829087107,1.0,0.8954504964056799,0.5,1.0,0.8,158,41617.9080726156,90670.20720585898
25,93,1.657151966707124,1.8431498388097913,1.8007390345372247,2.2920267062442057,1.6857110216932512,0.10315152181356022,1.0,0.7430745270947102,0.5,1.0,0.8,160,39567.976411846204,93389.518917756
25,94,1.6558569065619961,1.8447979970007267,1.8138771389224702,2.3111484028784055,1.6759582756587013,0.10273021451377931,1.0,0.7424181255573639,0.5,1.0,0.8,162,39695.51814533802,92455.28448332495
25,95,1.6567192965302526,1.8394130981949894,1.807352202320101,2.315441580695674,1.669819006474829,0.10315630532369209,1.0,0.7437419791712051,0.5,1.0,0.8,164,39740.38760741388,92740.96238048354
25,96,1.6565301107069945,1.8218746565755664,1.7756940052213346,2.3051344277788988,1.6695962172401473,0.10234599523895638,1.0,0.7445001456930861,0.5,1.0,0.8,166,39961.73572384372,92884.04792488892
25,97,1.6578302952488313,1.8223772783880472,1.7760513197886767,2.3172203724409957,1.651118477989809,0.1028375504856911,1.0,0.7458811826447932,0.5,1.0,0.8,168,39837.81554395567,92784.7832872245
25,98,1.6581222586514235,1.844957020120667,1.8246102384035332,2.3447009944838513,1.6492456811075893,0.10237069884905114,1.0,0.7465466225135555,0.5,1.0,0.8,169,39933.42794732207,92541.86510458682
25,99,1.6585182692395173,1.8301985349375425,1.7961330351730815,2.345919373000703,1.6563855720592318,0.1024330716062816,1.0,0.7473071768459769,0.5,1.0,0.8,173,40110.99162562921,93332.4126835466
25,100,1.6570645269878135,1.846017680380764,1.8370206853344833,2.3652850627103623,1.6669334064808718,0.10235496538358883,1.0,0.745925802907068,0.5,1.0,0.8,175,39766.06480270287,92527.58079427623
25,101,1.6573226239036962,1.8431815524242527,1.8336232806121329,2.398392035091978,1.651221264861791,0.10199939393839057,1.0,0.7466991915499934,0.5,1.0,0.8,183,39913.27164674499,93052.71483529329
25,102,1.6584458601892338,1.8433374898423516,1.833603956927167,2.431875852615679,1.6505585548304065,0.10412786776579981,1.0,0.7468434886545408,0.5,1.0,0.8,190,39687.681032583336,75900.76099504325
25,103,1.6581016919447777,1.8591503686863753,1.8742858270018046,2.463902662609943,1.657251001836438,0.10226162781995307,1.0,0.7480284850782001,0.5,1.0,0.8,196,40645.51371577692,77519.73203470033
25,104,1.658287168389506,1.852911885129045,1.8668859954986292,2.46073913435614,1.6974576658745817,0.10202683149568711,1.0,0.7488537764668617,0.5,1.0,0.8,197,40701.39810311983,77866.3483546447
25,105,1.6583717180927933,1.8344553305134208,1.8341049224814967,2.453127655865387,1.70461709427065,0.1021073454720209,1.0,0.7494026238182963,0.5,1.0,0.8,198,40542.97381928458,77694.14170013994
25,106,1.6566675337687675,1.8401226451090955,1.852082120427129,2.466014435060381,1.6771838262172423,0.10242958524096339,1.0,0.7473210420032006,0.5,1.0,0.8,199,40584.12144563886,77150.43607323756
25,107,1.65710123047007,1.8370507026291674,1.848378970699855,2.480587384229794,1.6754305941509875,0.1028896957991238,1.0,0.7478006185582246,0.5,1.0,0.8,200,40445.36977172208,77275.18208533643
26,0,0.8052897141889848,0.9516586790490768,0.8944061313542546,0.008323050242275802,0.0,0.0,0.0,0.0,0.5,1.0,0.8,1,3938.899918891793,8769.411063151392
26,1,0.8097344597904207,0.9721868843194715,0.9138579686303043,0.037953765343261156,0.04876249211937481,0.05331175859089328,0.00010936365514201,5.996254056922e-05,0.5,1.0,0.8,3,3888.380323787266,8647.727209257946
26,2,0.7697529209405645,0.959092787014155,0.8988640804023049,0.037250948495804535,0.1022918054221899,0.01895330672316009,0.014954875354846511,0.00047622433905994004,0.5,1.0,0.8,4,3929.543855938603,8728.805583119029
26,3,0.5723252165201389,0.9564088393809195,0.8898055290941944,0.12867535195452706,0.914239742038048,0.0651872119990073,0.06357827762731869,0.034859067636288946,0.5,1.0,0.8,5,3335.5607019116264,6475.021477113614
26,4,0.4932865867276077,0.9246402819786441,0.8473882291939284,0.15799700095951033,0.37160383397994806,0.09511033295468148,0.057785033478889546,0.061412630689124434,0.5,1.0,0.8,7,2648.633822893513,7307.2764478691
26,5,0.5018240822168321,0.9534640744187729,0.8858484280588602,0.1998145661124764,0.26033713045183565,0.09421569907935387,0.08399851826057507,0.0757851125034934,0.5,1.0,0.8,9,2822.2793680469176,6702.21374838161
26,6,0.4508436914708306,0.9031791928687448,0.8352611390126855,0.16031910985341735,0.14938339250925609,0.09347979238984674,0.05602831674762802,0.050559287025021174,0.5,1.0,0.8,11,2802.8915417518883,6559.890947091371
26,7,0.4839501351535056,0.9492176538240163,0.8935092329841792,0.2054665160318927,0.19342017263566083,0.07149771647556613,0.09336298029444325,0.06694480792908827,0.5,1.0,0.8,14,2191.82699665221,6494.667243524273
26,8,0.42213511457552505,0.8906285767592251,0.8332648836302077,0.17656927466038635,0.20139796842687746,0.07025065034663898,0.07407069891349369,0.030685097855542343,0.5,1.0,0.8,15,1906.05428963456,11511.029041920085
26,9,0.4230831716355032,0.9033671196350381,0.8586654663103491,0.1869388727062172,0.1441562970968588,0.07110431280728645,0.07573737245465403,0.03245640091622267,0.5,1.0,0.8,17,1905.8081346374324,11544.437552497917
26,10,0.5020230856187824,0.9856797562232269,0.9386763927128843,0.2914497011751775,0.3267240764615681,0.09218969665754403,0.10594052544678842,0.10121495957465551,0.5,1.0,0.8,18,2437.3697525546686,14752.75671134407
26,11,0.4855436474548619,0.9809833091970459,0.9465049752647308,0.2930976392611895,0.22957893974438875,0.09209403678041475,0.0995823317600098,0.09281707979171547,0.5,1.0,0.8,20,2536.920621011516,14332.0057607567
26,12,0.4855436409815084,0.9921876578575151,0.9707098064017049,0.300819539614484,0.2198832508038207,0.0920940367804148,0.0995823317600104,0.09281707979171444,0.5,1.0,0.8,22,2536.922783986599,14332.011762971018
26,13,0.46032747276776165,0.9558062689471285,0.9212942467712034,0.2885310205446922,0.19627727543341822,0.0919833616008204,0.0835196749726689,0.08173946175236312,0.5,1.0,0.8,23,2618.959066957258,14636.264840743246
26,14,0.48890477237730384,0.9959311131844457,0.974118746653636,0.3263194706833979,0.23785014119180892,0.0918834385141546,0.10397539639763768,0.09457849672281986,0.5,1.0,0.8,24,2375.9441111678425,14713.758913601932
26,15,0.4790108049992453,0.9977002778639087,0.9884611369053442,0.3356149771217454,0.2273575781830255,0.09181551256593577,0.10024343114788592,0.09061224820084798,0.5,1.0,0.8,26,2404.6391914465985,14456.573061690262
26,16,0.44311367605104174,0.9528172068361118,0.9277721211359091,0.310541038818052,0.2585538911164266,0.09193874762445434,0.0978393864194031,0.07191747764954881,0.5,1.0,0.8,28,2218.9425776666344,13093.398692163326
26,17,0.4396596954024116,0.9606354104413686,0.9484635849944054,0.2984201759931607,0.20042970899265905,0.091965122943803,0.09604637344803793,0.0708391990309574,0.5,1.0,0.8,31,2232.814318711853,13199.037779864924
26,18,0.43910508082831984,0.9601250805348835,0.9478658902889097,0.298371499980578,0.20047766365759812,0.09196512294380288,0.09604637344803788,0.07083919903095931,0.5,1.0,0.8,33,2276.052918913889,13325.064921914349
26,19,0.6955324186859527,1.25022662017143,1.2768966794072623,0.6023005258955043,0.4571640436094731,0.07743893863769517,0.34701921440737465,0.0873404838897763,0.5,1.0,0.8,35,5150.254525673698,17210.33631364791
26,20,0.7603549619592211,1.2930752736101583,1.2931403155323151,0.6707792571062028,0.5500819280796407,0.07196908052634499,0.44098588039343856,0.05928082835853641,0.5,1.0,0.8,36,9897.121369284929,16650.923773388284
26,21,0.9170661204218882,1.427693251865163,1.3995745179703505,0.8279204998474338,0.738064364150332,0.047994767598958335,0.6194391604056153,0.06341201778529527,0.5,1.0,0.8,38,9125.08319440591,306397.6960588003
26,22,1.298343167530465,1.8089795203971846,1.7802794437765428,1.2180189992239634,1.1025575253648516,0.04366950875642162,1.0,0.07126458206708088,0.5,1.0,0.8,39,3758.060173806228,311235.649621076
26,23,0.597183994003242,1.1299575912499158,1.1251418480214985,0.5577919751913605,0.4188656538383784,0.07288625034346795,0.31915496749525035,0.04272392409346841,0.5,1.0,0.8,42,9842.185725823172,16714.861613461253
26,24,0.5936059382853907,1.1254262902831542,1.118715603475276,0.5697628498938535,0.4347687975897452,0.07103125035821922,0.3257083253501273,0.043858527294139034,0.5,1.0,0.8,44,9797.04305982232,16862.735299583044
26,25,0.5513290969416806,1.082327844233268,1.0744437937434155,0.5393441771520484,0.4077977168418731,0.06998511633134073,0.23793914222856655,0.1089152636954868,0.5,1.0,0.8,45,9516.508772676669,24403.05122272629
26,26,0.6723723265316702,1.2132054389964915,1.2167462256799306,0.6766382563310174,0.5210604483012373,0.07002639698498679,0.3668132721620297,0.10888916010974321,0.5,1.0,0.8,47,13756.214885699268,24968.355451209965
26,27,0.5348273438641257,1.074998105365842,1.0779140610444469,0.5444280095445427,0.37958490061567346,0.07439834798077408,0.286183814096972,0.03874419101016194,0.5,1.0,0.8,48,9952.60428109252,16054.016687115303
26,28,2.0433862579684163,2.5831536434402222,2.5855794091611757,2.0611448568184176,1.8864714335570418,0.130793710779955,1.0,1.0,0.5,1.0,0.8,49,9828.821552913138,19921.694560377466
26,29,0.5309467237835316,1.0698807468642717,1.071694541232382,0.5517850117689655,0.3795138525939569,0.07231209883965505,0.28801167652130977,0.03941196000881493,0.5,1.0,0.8,50,9935.81186601904,15082.965823641236
26,30,0.5290322901264937,1.0673064466553612,1.0685788749212224,0.558712749856115,0.36731525907015666,0.07306479519499262,0.28808811220304686,0.03957952869684338,0.5,1.0,0.8,52,9894.90339285715,15168.793692985102
26,31,0.5352169919597675,1.070738226388676,1.0699950462734573,0.5827808939197758,0.4125946738986227,0.06151770469960512,0.3226924697332413,0.022542685842164407,0.5,1.0,0.8,54,7648.640911563576,12164.48698990977
26,32,0.5352911563164723,1.0691520956461111,1.0673380178833887,0.5935011138431374,0.3979531812378362,0.060415446801116233,0.3246128584858783,0.02666495798620467,0.5,1.0,0.8,56,7610.998028123674,12177.226583176527
26,33,0.5864913872143066,1.1194204147909066,1.1170365182665476,0.6530957881799808,0.45297415232342786,0.05968029565853602,0.3784707010433273,0.02679624176918497,0.5,1.0,0.8,57,7624.4389344512065,12177.6739141728
26,34,0.521249420757214,1.0750817651519435,1.0978212182602045,0.5972728912864124,0.4039084835783703,0.05511149754036805,0.3273432722313037,0.016534389636075588,0.5,1.0,0.8,58,7617.749953822176,13530.411525641031
26,35,0.524667683173241,1.0506198705678733,1.0444908332031944,0.607791916554679,0.4997522329570296,0.06438571606283149,0.3264134042103246,0.03026228291058674,0.5,1.0,0.8,59,7196.39713004018,11974.438615899122
26,36,0.5532097566123867,1.0859785702250653,1.0907842161731012,0.655227506451972,0.46149714152120735,0.07525869340555175,0.34432628736887627,0.04634610565148865,0.5,1.0,0.8,61,1905.7172147020672,13850.607469213515
26,37,0.5480681254060734,1.0868688172765901,1.1024648541728572,0.6767668823999496,0.4517971392253819,0.08372530420582705,0.34253707184580684,0.04653081784789254,0.5,1.0,0.8,64,1957.130585782419,14448.809279319586
26,38,0.5626311059467131,1.0931640296884693,1.1055998595918872,0.710199774729276,0.5742001683824643,0.07518973645806121,0.3708132925335906,0.047456925718926526,0.5,1.0,0.8,65,2059.916437799948,13404.135896047446
26,39,0.5559927352202652,1.079939487845243,1.0900287817781884,0.7198343986758817,0.5427505375198,0.08431346361621135,0.36651315900426706,0.047724842852750686,0.5,1.0,0.8,66,1867.094958112301,13376.380494679144
26,40,0.5587690620483936,1.0686643906029738,1.064789735170912,0.7109889620056936,0.49152256938750116,0.08608348078773972,0.3679892271307172,0.05171748428077436,0.5,1.0,0.8,67,1877.501187663721,16270.976589026855
26,41,0.34786451802246166,0.8570519935392583,0.8529394545435401,0.5181996645034953,0.24704620602566485,0.08601649889173628,0.16060657302807282,0.04820767561727572,0.5,1.0,0.8,69,16731.37568913897,12042.521302827656
26,42,0.5503763002426251,1.0777493949178316,1.0982534492601566,0.7372280764624448,0.5049517578196504,0.08250166768395752,0.3677091299885936,0.0494939264254671,0.5,1.0,0.8,70,2057.420630151006,13736.157142699672
26,43,0.3453208265981961,0.829879989289238,0.8182016642535974,0.5585767152591556,0.34338334542732507,0.06530763922669144,0.204159091164144,0.027968397645319287,0.5,1.0,0.8,73,6053.691243507554,13306.373657227983
26,44,0.32286435624529897,0.783386943221606,0.7652046027092216,0.556873375836934,0.33893213008924006,0.06699271775796693,0.19045751240001388,0.03339832456664663,0.5,1.0,0.8,76,6950.836269088068,13735.317206176182
26,45,0.322946929336713,0.794609226054527,0.7894108034997397,0.5673254143077621,0.2511260405385864,0.06737457998257403,0.1904212972043279,0.03334894609531313,0.5,1.0,0.8,78,6949.480017934555,13713.86948307752
26,46,0.3218001436355137,0.7912603309050947,0.7854949024102926,0.5741231582425448,0.2623086120815063,0.06709045276531256,0.19043440060743824,0.03346223022497335,0.5,1.0,0.8,80,6995.10067151158,13653.977291744875
26,47,0.3197487488344502,0.789101648606867,0.7833076121562775,0.5828322831679447,0.2500088576354167,0.06245046247189625,0.19068078428863916,0.03356446873127988,0.5,1.0,0.8,81,6918.976755540481,14325.73142222972
26,48,0.3438996299459363,0.7965143406985482,0.7763084071970646,0.5807459630028782,0.33361137445255357,0.05305612082188586,0.23466555707766434,0.018028178218155798,0.5,1.0,0.8,82,6118.277889517087,12196.507410028804
26,49,0.35658384107667435,0.8260801815560466,0.8407669934245179,0.6477576353304465,0.3790922821498878,0.062269859401868285,0.24434684815301444,0.02510004272028792,0.5,1.0,0.8,84,5861.375251607637,13706.734465031788
26,50,0.3315529152946138,0.782896483734366,0.7933026213653777,0.6563582112480563,0.45300979267265956,0.06109849611870209,0.2281107625139795,0.02339230025080946,0.5,1.0,0.8,85,5850.700663710056,13261.196699284304
26,51,0.3396017598124239,0.7885407945884518,0.7984020147286814,0.6430760190068344,0.30746261905667077,0.061916467707232456,0.23646106225946006,0.02347607779805927,0.5,1.0,0.8,86,5768.275139118943,12884.900502307348
26,52,0.37778745904176203,0.830724334610353,0.8519452052546553,0.7118090123890071,0.3935540538932328,0.05980799207738187,0.2765388066239398,0.02539740866601502,0.5,1.0,0.8,87,6324.979691527733,12939.0235232821
26,53,0.36799342623605047,0.8160988573596032,0.8362314995698319,0.7102192355997874,0.3406807449366366,0.06166216243201841,0.2673436491288167,0.02539346306699658,0.5,1.0,0.8,89,5774.873388710757,13070.887442514657
26,54,0.3278004578206459,0.7738839938996716,0.7935639704944595,0.703323419628777,0.282613388922041,0.06277755245405882,0.2285519845120741,0.02372145407594707,0.5,1.0,0.8,94,6096.337485013296,12193.070560326709
26,55,0.5734309268890297,0.9955224205663176,0.999375844740091,0.9400292639977239,0.6435009317388833,0.06299569717981261,0.4791510854454124,0.02201703627700666,0.5,1.0,0.8,95,5992.388969258543,11548.758817504027
26,56,0.5868002604173663,0.9947888713419034,0.9955907616530342,0.9663769919496827,0.6075764315507288,0.06273989021785129,0.4953080567097571,0.0233370582223311,0.5,1.0,0.8,97,7499.735776196617,12168.864311264922
26,57,0.5866570128109513,1.0052760226966067,1.0189555131638712,0.9775162629318112,0.5478492661205158,0.06273989021785129,0.4953080567097567,0.023337058222331182,0.5,1.0,0.8,99,7492.200848493599,12252.769588679945
26,58,0.5862414507839664,1.0037067415716459,1.017139561502498,0.9809176594457998,0.5502468654280159,0.06253363299154197,0.4952906609795654,0.023326585219411618,0.5,1.0,0.8,101,7497.575165018936,12568.550654142568
26,59,0.5852702391883429,1.0003359768283768,1.013257023974655,0.9875862325731539,0.5657172358039114,0.06450129158449475,0.4949251757356997,0.02207599365307584,0.5,1.0,0.8,102,8231.082631787876,12785.463852916471
26,60,0.7551992825900099,1.1656040809100732,1.1775355674732393,1.160726148275763,0.7562412565625357,0.07919602750618612,0.6518673957049468,0.03052154651411248,0.5,1.0,0.8,103,7702.648090791071,12345.854402426685
26,61,0.5826792478609036,0.9913111901809588,1.0028680315671608,0.9931205829066698,0.5590565562524704,0.06461015771135821,0.49376748555244615,0.02213171239380678,0.5,1.0,0.8,104,8205.759917296291,12739.849067553165
26,62,0.7015771749721678,1.101226972417187,1.1108977228125263,1.1240268372708946,0.7416265210382209,0.06630325726107147,0.6128938293485574,0.02332640834105925,0.5,1.0,0.8,105,7341.438020724604,11657.00428767734
26,63,0.7017563109471621,1.099444457996565,1.1087060828209345,1.1317378704986163,0.6736568714373805,0.06725833852718732,0.6130094441719394,0.02334314851284023,0.5,1.0,0.8,107,7337.460410864849,11849.76680629261
26,64,0.6569677403164592,1.0414463788229034,1.0372894894277163,1.079844131739035,0.6381366407766885,0.06409964912682628,0.5721574727886448,0.0209407834970903,0.5,1.0,0.8,108,7151.947206124882,12089.10379616396
26,65,0.7006088639230723,1.091298059554777,1.099107307819289,1.1386168735524256,0.7076917969927332,0.06937275990720031,0.6120950421334816,0.02358167050531436,0.5,1.0,0.8,109,7315.568158457812,11799.184093635851
26,66,0.7393376508780705,1.136849205210977,1.1567555892952626,1.185081090880874,0.7236939063896703,0.07620955690414198,0.6323458253868272,0.043523229030207625,0.5,1.0,0.8,111,9424.318100368368,11533.82193118528
26,67,1.0888315208329977,1.574706016893896,1.698355390153728,1.6579552674523084,1.0558373631450406,0.06777289943752952,1.0,0.02641391676689604,0.5,1.0,0.8,124,58631.904418579805,12755.377163005123
26,68,1.0865411022829576,1.56571039262614,1.6879873287229001,1.6715396922383112,1.1100019802226935,0.06690406524232233,1.0,0.025729876131909118,0.5,1.0,0.8,125,58153.83467407819,14198.31021247162
26,69,1.0821274340076397,1.5519119007327782,1.6722824090189927,1.6645310718437956,1.077365284155973,0.059720810583615155,1.0,0.026886333618297058,0.5,1.0,0.8,128,58457.09820574075,15638.097725890824
26,70,1.081911265094701,1.5491225262509347,1.6689741192424004,1.6721908615708931,1.0621387614001363,0.0602038936246187,1.0,0.02688541359968949,0.5,1.0,0.8,130,58524.64374359573,15869.876906048345
26,71,1.0809329006805013,1.5375730795374438,1.6553024754866736,1.679602232169126,1.0958573171329802,0.05992549169803851,1.0,0.02811223034495791,0.5,1.0,0.8,132,58545.11305917178,15740.361773212237
26,72,1.0881626541513347,1.573223335580528,1.7289212769972322,1.742416469977854,1.0688749759583913,0.06644928302891016,1.0,0.034122630350349,0.5,1.0,0.8,137,59651.2323611673,12931.25606562031
26,73,1.1196558409485893,1.591392133578877,1.744454391454313,1.7862609124528477,1.2016558556168018,0.06021776797619514,1.0,0.07996464212330559,0.5,1.0,0.8,138,53399.854864594585,13984.384468550656
26,74,1.1190823257609372,1.586882515451629,1.7391717500613215,1.793649343842242,1.1098684975020983,0.060171096229778884,1.0,0.08000097823381962,0.5,1.0,0.8,140,53384.6767193664,14027.761747357576
26,75,1.118510188586767,1.581490516975363,1.7328359708118664,1.8010543452339935,1.1134094030571935,0.06019304955067546,1.0,0.0801339348726119,0.5,1.0,0.8,142,53397.58095198812,13896.76229819067
26,76,1.0859288415649961,1.546809035794835,1.6977435643013858,1.7638955280405801,1.0704401587460577,0.06135652424185495,1.0,0.03905555753446942,0.5,1.0,0.8,144,58467.82857354044,14118.681800655588
26,77,1.0854406028725272,1.5416802604160056,1.6917110383564316,1.7635550181742352,1.0804313001490267,0.061380073505816216,1.0,0.039226119138885476,0.5,1.0,0.8,146,58488.10994086692,13995.1430114988
26,78,1.0850290908026743,1.538184201368185,1.687616084883968,1.7632216645145031,1.0741760170617929,0.06138007350581629,1.0,0.039226119138884956,0.5,1.0,0.8,148,58381.10520712558,14155.003136710666
26,79,1.0829425483256114,1.5358165159336863,1.6851938549134904,1.7775046452585057,1.0622504126056485,0.06144389718963032,1.0,0.036624970510585,0.5,1.0,0.8,149,58387.51091967143,14118.271564131728
26,80,1.0790382297094252,1.509397076799154,1.654436113324205,1.77409036745228,1.2358706900114147,0.05961511803956439,1.0,0.03640997118828576,0.5,1.0,0.8,150,58308.46566598484,14143.059002739028
26,81,1.1686050101375394,1.6806341556513609,1.928156721124912,2.005320435488833,1.1556250887334145,0.05626004968300963,1.0,0.15160964004376917,0.5,1.0,0.8,160,59790.551901430925,13001.612328090445
26,82,1.1691846228717833,1.678169035099341,1.9251119697435035,2.0139066174154947,1.1621746322874331,0.0575536569031152,1.0,0.15195025863883624,0.5,1.0,0.8,162,59924.34275528903,12941.47684322502
26,83,1.1711051074984578,1.677122303214927,1.9235016677443153,2.019828953413054,1.1754766699620354,0.058018668550119445,1.0,0.15446483812452724,0.5,1.0,0.8,163,59655.74658396882,13570.234680332514
26,84,1.17033740358519,1.6724028698065934,1.9180327212517936,2.023071063034811,1.1827988202220534,0.05894134048528319,1.0,0.1534595360680118,0.5,1.0,0.8,164,59833.1099742552,12697.757158689425
26,85,1.198269812776117,1.7388084752558715,2.03524049227374,2.165690474373531,1.1830585237425064,0.057556602761490785,1.0,0.19006942810738078,0.5,1.0,0.8,186,76540.89234752825,12367.650775102778
26,86,1.268639834718023,1.799428210839541,2.094023017844192,2.2521812782684827,1.289707001340341,0.057573108515683216,1.0,0.27924340501330136,0.5,1.0,0.8,188,76572.80446970547,12565.640788610996
27,0,0.7598431365270533,0.9386985219666254,0.879226365600186,0.0071316657342071835,0.0,0.0,0.0,0.0,0.5,1.0,0.8,1,4385.51769965892,8286.619518873438
27,1,0.7698750707545923,0.9613866417617571,0.9009986035297713,0.0380736656822301,0.04671669086089412,0.05578004408624051,9.189597747971e-05,6.833044032730999e-05,0.5,1.0,0.8,3,4199.462695786417,7737.792623709351
27,2,0.7775180535266303,0.9809328056115635,0.919653733201402,0.0646619765942287,0.08912741556693503,0.06828505386190081,0.00961986973974624,0.01127915136379424,0.5,1.0,0.8,4,3923.405121914372,7789.024459319847
27,3,0.5602097590297616,0.9374316765807092,0.8719517480731329,0.103739874873727,0.8000357003246931,0.06878750802069847,0.040209819483517054,0.02989853033987803,0.5,1.0,0.8,5,3163.518269375442,5901.701809988002
27,4,0.46594596952525663,0.88719505874244,0.8128921652844723,0.10492127063962492,0.2797427741787676,0.08436869756224381,0.03143862550766331,0.032727097785605966,0.5,1.0,0.8,7,2860.771926706694,5996.857500774474
27,5,0.5078106258577598,0.9480535634165442,0.8675196775401888,0.20250428610568522,0.3240773356888599,0.08646752040059189,0.09175335473293952,0.0775748932954248,0.5,1.0,0.8,9,2995.723818947092,4556.3413013423415
27,6,0.5076294527003007,0.9591286626936609,0.891573329777012,0.2190889335129369,0.19749804033858806,0.08646752040059189,0.09175335473293875,0.0775748932954241,0.5,1.0,0.8,11,2992.417746234348,4594.311367253115
27,7,0.463505713397987,0.9047138389949814,0.8237609498640618,0.17193612020843135,0.17233837837216906,0.08897097583398869,0.06465741415021509,0.0587636365820855,0.5,1.0,0.8,12,2230.0860036168824,5431.568092313773
27,8,0.4407009172359818,0.8964438450539243,0.8269011355033392,0.17572809427406882,0.21083401419867398,0.08186472176347351,0.06212963404594175,0.05363120650918668,0.5,1.0,0.8,13,2625.613104150002,4539.554989382563
27,9,0.5071495650079623,0.9545913403463956,0.8704042410618846,0.24575329500352983,0.25843245106564633,0.08502350118042887,0.0640109918408643,0.14799231769935667,0.5,1.0,0.8,15,2418.731959630101,145710.91376548237
27,10,0.6861424959255416,1.13654909153459,1.050250929113018,0.44290621562610516,0.5053066610792727,0.06639921815040714,0.29837793289263603,0.1095289955081088,0.5,1.0,0.8,16,2727.8150895647614,195756.68970935768
27,11,0.6556026266913196,1.1102116341152994,1.016389812362278,0.4612034692733841,0.5902079968695063,0.06383557339764896,0.31028105420467744,0.11824615115739578,0.5,1.0,0.8,18,2621.216980113558,189263.30763494747
27,12,0.5860619450050722,1.0406413839880366,0.9464355311463926,0.4003774655188402,0.37729712018698347,0.06394629393900539,0.2586513856644769,0.09855419161305876,0.5,1.0,0.8,20,2570.5367836199694,189166.3761129297
27,13,0.5699250595565597,1.034713921553078,0.9504654714585512,0.4081100353222393,0.43216593655862395,0.06490422941964018,0.25879297056785294,0.09857697876073553,0.5,1.0,0.8,22,2654.966464701372,189317.2199927526
27,14,0.4608078609372025,0.9257640188135963,0.8409076802598034,0.3318669859997053,0.27192645569184754,0.04587126572258899,0.1869548875435732,0.06851955650635429,0.5,1.0,0.8,26,1687.9718534557503,1091733.1109354575
27,15,0.44140343679346516,0.9008649976402623,0.8107403432242059,0.34071457304802377,0.3765235797504686,0.04843848063810969,0.19014774510005483,0.07025359996684274,0.5,1.0,0.8,28,1697.7700450730008,1092021.4154424726
27,16,0.4709856414206664,0.9744798195450868,0.935858596026202,0.4145235569536162,0.3214984713980465,0.05498630568749063,0.19961891596803824,0.09395822912526948,0.5,1.0,0.8,29,1774.983015816523,1200558.7345916366
27,17,0.45598919803300636,0.9326518795877828,0.8651202597997277,0.39509549979373726,0.4184682323086928,0.053248277296261706,0.1970039638473167,0.09527402952005506,0.5,1.0,0.8,30,1710.072027965496,1201069.2888705635
27,18,0.45056578606857567,0.926980048724874,0.8593013736981643,0.3952999018465316,0.3010345447306051,0.05078132348261708,0.1950010531534572,0.09330359804700115,0.5,1.0,0.8,31,1737.0746910625503,1200242.998473706
27,19,0.4930652540804913,1.0024999297759989,0.9734776262547982,0.4609930271330698,0.35303616371384816,0.0456435697862225,0.2415013910273009,0.09329369147181857,0.5,1.0,0.8,32,1713.6028145860164,1152183.3380203913
27,20,0.45265623703999913,0.9720640418331827,0.9553458786373883,0.43485444802397033,0.3298022647985822,0.05348234010010341,0.19473248835401774,0.09988786219687909,0.5,1.0,0.8,33,1799.9291407057913,1224938.401286915
27,21,0.5167311287394089,0.9774751423044153,0.8941836357164049,0.46374266275795223,0.43947689440986715,0.05524796390487222,0.24716456499940861,0.12149935040985678,0.5,1.0,0.8,34,1802.6659514958485,1235001.7769659946
27,22,0.5110344749826258,0.9794803883590821,0.9076139518889649,0.47110051087242083,0.40266393105145454,0.05524796390487222,0.24716456499940861,0.12149935040985678,0.5,1.0,0.8,36,1766.3536138149975,1233053.861750247
27,23,0.42111732885521275,0.8880502428134134,0.8155056509269882,0.39158221710390984,0.3116295616082094,0.056603844036314535,0.17598284207128972,0.10029168263108379,0.5,1.0,0.8,37,1920.9920727972965,1248415.496576386
27,24,0.7536110949670554,1.215102668699827,1.140192450030485,0.7351892890922663,0.7218615025303374,0.061589163297186375,0.23873631544089946,0.4448161379871533,0.5,1.0,0.8,38,1993.9471384471944,1004104.174893393
27,25,0.7986123599503218,1.252326055106992,1.1743556949633684,0.7978945116305621,0.7428715278532607,0.058668690132220126,0.288415465209649,0.4534074248676928,0.5,1.0,0.8,40,1852.6521493406824,987990.4423311012
27,26,0.723423194724695,1.1750931003326825,1.0963664487709825,0.7333576619283966,0.6230827558394265,0.05752612720185083,0.2564071527756425,0.40311139063906587,0.5,1.0,0.8,42,1892.701343379028,987516.894163803
27,27,0.7271359415967931,1.1732640507301744,1.0925662246951775,0.7482530492343663,0.657533654863769,0.07217944701243134,0.25665059116126215,0.405749784203781,0.5,1.0,0.8,44,1894.4382996506376,982886.3640353974
27,28,0.7244056521933553,1.1577169819115334,1.0634644873788996,0.7473211380844731,0.6388322067426699,0.06949367492811359,0.256953096004691,0.4056666737959661,0.5,1.0,0.8,45,1894.2854950323415,982661.2958937816
27,29,0.7249088177785414,1.1693837063008,1.0881177336674999,0.7567943960990243,0.6173485276797952,0.07093999859480152,0.2566883483072181,0.4057733498388353,0.5,1.0,0.8,46,1936.816677537728,982414.7562484992
27,30,0.6644877033934931,1.09629628571326,1.0015343376277208,0.7006749271642361,0.5779928695426662,0.06876368094463822,0.23128291655640706,0.36515304463540416,0.5,1.0,0.8,47,1883.35819338786,982994.9228742372
27,31,0.4511216150737519,0.9099719422353187,0.85205527158338,0.4884894747895675,0.39442030388673965,0.047973179858064804,0.22063696315455425,0.13227097674318317,0.5,1.0,0.8,49,2321.012789330137,2294271.807718306
27,32,0.39890987449485027,0.845687098552784,0.77445378441289,0.45251210032033273,0.30658360026405196,0.04917166262199918,0.18777694622783805,0.10855392468725886,0.5,1.0,0.8,51,4423.719729714905,2288867.520308699
27,33,0.45469430762568186,0.9090774951559395,0.8497544005368759,0.5169026634429614,0.4003378662025654,0.045974808137813614,0.22840599149525098,0.13295619577648937,0.5,1.0,0.8,52,2495.515087845215,2295973.0359091437
27,34,1.173152833141405,1.6046724738468352,1.5386978925706214,1.253675478842342,1.3634928008532645,0.07057140197942367,0.25690655668923934,1.0,0.5,1.0,0.8,53,4273.178005636199,336713823130130.9
27,35,1.176300580601423,1.5949636333650565,1.515506324529597,1.2583174975904665,1.1182339306366051,0.066741722216461,0.2631330368162947,1.0,0.5,1.0,0.8,54,4408.031563235105,336713823125067.3
27,36,1.1760325405057812,1.6158081500581938,1.5620260179117087,1.2797144896917139,1.1083181359237197,0.0684147538481163,0.26263637526999883,1.0,0.5,1.0,0.8,55,4412.352186754872,336713839803267.25
27,37,1.1502618916601848,1.5637432711258892,1.4829095198819817,1.2562838851218125,1.1164858168971785,0.06783753592554043,0.2394021645613631,1.0,0.5,1.0,0.8,56,4389.609099759395,336713839118937.25
27,38,1.1719741029289386,1.5955403282992295,1.5274106659199234,1.2883938314623462,1.10758953345475,0.06624714060401386,0.2625207473324388,1.0,0.5,1.0,0.8,57,4421.687352404844,336713839037884.7
27,39,1.1721923711942415,1.6057287734728416,1.5502786526492267,1.2885348022037841,1.1091415714150077,0.066741722216461,0.26313303681629485,1.0,0.5,1.0,0.8,58,4427.582534973454,336713862993723.44
27,40,1.2025973560302912,1.6470614134756658,1.624832496138327,1.3499645140865455,1.3737681731309352,0.05104671380801863,1.0,0.14056564666183308,0.5,1.0,0.8,59,3426.883855623,3052547.3756847405
27,41,1.2016979791050821,1.6216446428581832,1.5728976588824448,1.3361156779087966,1.1485247645368828,0.051031436112183526,1.0,0.14058893769596076,0.5,1.0,0.8,61,3338.751058443899,3055024.1572588217
27,42,1.2005555108979498,1.6396406327068538,1.616098514789244,1.3630870448786345,1.1544544710609963,0.05136202814743991,1.0,0.14067731293462707,0.5,1.0,0.8,63,3260.858062548932,3055887.429088814
27,43,1.1684844113463202,1.583028372179114,1.532966983166991,1.318060146893565,1.1284618685431433,0.044509604793924365,1.0,0.10598886068058666,0.5,1.0,0.8,64,3154.4034015448933,2293594.318166336
27,44,1.4704065045624064,1.8662109659197246,1.8013318071138273,1.6194771329418596,1.4272491635278202,0.08377668204562067,1.0,0.46269470514246536,0.5,1.0,0.8,69,6933.497208022809,14622069727070.568
27,45,1.1493195928498572,1.5653911510286365,1.5260267068476314,1.3111042633947025,1.109433542485778,0.07378131321832831,1.0,0.06845561319885929,0.5,1.0,0.8,70,2017.4566527985824,1140452.0858977071
27,46,1.7158654605829202,2.1013293614324238,2.0444910771492433,1.8794349462624993,1.847179247805756,0.056729535202803924,1.0,0.795692029416453,0.5,1.0,0.8,71,3029.3191807279627,58457042464867.19
27,47,1.7381648084149979,2.1456987362508864,2.1147846683722116,1.9175182325245115,1.690492845350092,0.09316253046964697,1.0,0.8009328050609505,0.5,1.0,0.8,72,2103.346413422796,157973612876530.7
27,48,1.4572814751440655,1.8534771177608502,1.809532546113885,1.6273695872213956,1.407670499860164,0.09365944265449244,1.0,0.44956926888724735,0.5,1.0,0.8,73,2189.3287807341503,14622076171745.746
27,49,1.7175306544872764,2.111968658687114,2.067627560475819,1.9012241224064308,1.683463841164469,0.060943318943710835,1.0,0.7960254926003069,0.5,1.0,0.8,74,2847.703576063498,58457043500556.36
27,50,1.456473045603162,1.8484282217299104,1.80352930846075,1.644072124324715,1.4183836183269032,0.09468947189437318,1.0,0.4495801273499991,0.5,1.0,0.8,76,2131.828794182161,14622075446136.98
27,51,1.501525188514278,1.8861801037311579,1.8396551093991156,1.711105246840637,1.4625458407106555,0.11479549986803654,1.0,0.4960727294016686,0.5,1.0,0.8,84,5230.924160377692,14622080222263.666
27,52,1.5939344630727066,1.9983631319754451,1.9878105694516348,1.8291614590619025,1.6740649895269855,0.06300069700584228,1.0,0.6487676219650415,0.5,1.0,0.8,85,6984.307107178172,157973240063618.4
27,53,0.44476367495115965,0.8614418290658127,0.8747065683188656,0.7592818472166063,0.4150666282255454,0.05515819857628403,0.1855222089605118,0.23854254221475282,0.5,1.0,0.8,93,4401.529061111107,14615190833864.746
27,54,1.1210308817639687,1.563148998797867,1.6136803157240536,1.4431784514682786,1.152978894604486,0.04827323725038048,1.0,0.07253091707648995,0.5,1.0,0.8,94,6948.82036142042,1911718.6760949872
27,55,1.1186414449778526,1.4937103476539688,1.4769267788613958,1.403163092123274,1.1136730709182752,0.050891766312895145,1.0,0.07099913630705779,0.5,1.0,0.8,97,6999.737647858815,1926803.703582128
27,56,1.1169624694490201,1.515389851692729,1.5354668565987257,1.4414834249655324,1.128239606129973,0.04403635794380098,1.0,0.0759938759946581,0.5,1.0,0.8,99,7254.713115225653,1520063.3675531826
27,57,1.1124354440775908,1.4800328640248166,1.4831271921158191,1.4241563592964763,1.1613206882206728,0.049856009845112584,1.0,0.07123151921973998,0.5,1.0,0.8,101,6349.57600928767,1930449.974212262
27,58,1.1092806109515263,1.5076408698790746,1.5491622158753684,1.4720827991933483,1.1027277504250792,0.04518005715166047,1.0,0.07084231068538115,0.5,1.0,0.8,102,7101.4498532184825,1520617.201634256
27,59,1.1085575837632704,1.5274635227760702,1.5946112523462346,1.489792259461165,1.0864893532029314,0.044828566097124586,1.0,0.07056359151327579,0.5,1.0,0.8,104,7194.532772733102,1521059.328481859
27,60,1.105825297790803,1.4458283269911751,1.4326382652593237,1.4368817567368888,1.1733035005272017,0.04971631984118611,1.0,0.06653785395528064,0.5,1.0,0.8,105,6646.360043597718,1926242.4055390728
27,61,1.105192966001001,1.4436968533834176,1.4409932185036103,1.4475688436053837,1.1307013772853207,0.05098581608135936,1.0,0.06742536071029562,0.5,1.0,0.8,107,6664.21978820271,1929846.1125454104
27,62,1.1036462673308767,1.4397640643159488,1.4365909248060662,1.45350852792839,1.0878130824892973,0.04992217771205954,1.0,0.06660049651033106,0.5,1.0,0.8,109,6636.924165049703,1926149.8931549203
27,63,1.101580107521603,1.4266312827386944,1.4212917452233933,1.4589133308009592,1.1661094873224267,0.04892957024508619,1.0,0.06661721918503738,0.5,1.0,0.8,110,8113.838097303192,1926474.8946214688
27,64,1.1008277306423628,1.4169080688647844,1.409824753603004,1.4624657145716013,1.1493692111701224,0.04970192186916862,1.0,0.06670859719503167,0.5,1.0,0.8,111,6637.682853585599,1926937.383487188
27,65,1.0837011224422097,1.396340336062293,1.3885909449181595,1.4528118523185571,1.0705887083425387,0.053709600728779026,1.0,0.043355515787724806,0.5,1.0,0.8,114,6734.268424393747,1934206.2881144655
27,66,1.0834182102807215,1.412876252668498,1.4300492325679524,1.4858917907231959,1.0839680118175556,0.054517429624931925,1.0,0.04338428519024835,0.5,1.0,0.8,116,6649.399137910918,1933739.296347548
27,67,1.0796892692039115,1.418071428767644,1.4478056287175556,1.4817734492105563,1.0675324618252182,0.04745206750307228,1.0,0.04349511550358501,0.5,1.0,0.8,118,7193.652434769519,1543752.3363185427
27,68,1.3485211228674636,1.6699793939794776,1.685614742871848,1.7654644764231968,1.3503690694632144,0.05959596410979691,1.0,0.37281018824489687,0.5,1.0,0.8,120,7221.636737598807,157969456527986.72
27,69,1.095159539454551,1.3943507975836946,1.4057443876701148,1.5126621185217197,1.2502091636508237,0.04955596891171986,1.0,0.06551180484171724,0.5,1.0,0.8,121,7245.685491425696,1540042.3495180022
27,70,1.0596376763508626,1.332181570743745,1.316772391872815,1.4736575951140614,1.0747863144573022,0.04064592615869261,1.0,0.027231403402920927,0.5,1.0,0.8,122,7360.150584671445,824581.2483134728
27,71,1.0742447268837867,1.356368099741937,1.3645424773792914,1.4993147053116893,1.1571715045255966,0.04984731972358941,1.0,0.0413487394035453,0.5,1.0,0.8,123,7338.282837044573,1544622.9072086683
27,72,1.068961853038816,1.3239735329509281,1.327089449968365,1.5124447608306146,1.2608763835087025,0.04857471467078842,1.0,0.03857096978238236,0.5,1.0,0.8,124,7391.484641162128,1545689.0531011578
27,73,1.067330075233238,1.2962714562558617,1.2945744738682892,1.5064646677551,1.1536998447260827,0.04968919541275667,1.0,0.0383777376028407,0.5,1.0,0.8,126,7171.991676554224,1544764.3047490022
27,74,1.0655830749017714,1.3015696840348798,1.312109555166052,1.5157681732099153,1.069664983208937,0.0476642529930892,1.0,0.037834341464355034,0.5,1.0,0.8,128,7159.084128897982,1540630.4846927351
27,75,1.0650737297654769,1.2933363561689444,1.3024608333630847,1.5226945943367214,1.0830149831901665,0.047608813866794046,1.0,0.03790830610235776,0.5,1.0,0.8,130,7085.04466881784,1541273.8675386815
27,76,1.0666716131268479,1.2927650936013435,1.301492797436178,1.5244093433469574,1.0720023213223204,0.04728330799267644,1.0,0.0402933852421083,0.5,1.0,0.8,131,7169.792206304684,1540870.0268875316
27,77,1.065079196095951,1.2900669337846546,1.2985922456944599,1.5302563576057882,1.0627323814304543,0.04810879716477509,1.0,0.03788189054841552,0.5,1.0,0.8,132,7056.589987241202,1541028.239401223
27,78,1.072454502574901,1.3566817420430386,1.441751914147732,1.6136181392023272,1.0920810030941126,0.03085397301859265,1.0,0.058547173832482466,0.5,1.0,0.8,134,6790.651721928669,1122210.378150878
27,79,1.3384281800137334,1.5376859186158327,1.5415263177935385,1.8333159671927186,1.394995683991369,0.06232759749133041,1.0,0.3727143944137445,0.5,1.0,0.8,136,7174.596216386531,157969444364051.2
27,80,1.073902936343328,1.3715248286018162,1.502893852977564,1.696615966638739,1.076816113345065,0.030415083050548342,1.0,0.06298223976773802,0.5,1.0,0.8,145,6772.260733880137,1122112.055277048
27,81,1.0739029018539623,1.3715231782169264,1.502891812533656,1.692755168365521,1.0656042399373602,0.030415180341104207,1.0,0.06298225303993821,0.5,1.0,0.8,146,6772.262729074971,1122109.5209961636
27,82,1.0742242691456478,1.3713312991471316,1.5026072415820515,1.704891896648742,1.0697267435418387,0.031137427759355678,1.0,0.06296802014574714,0.5,1.0,0.8,147,6766.620820825165,1121985.1162479096
27,83,1.0733891700138616,1.3676798955831124,1.4984471109996804,1.707927254441631,1.0860080132383008,0.02980365335757032,1.0,0.06295072999129894,0.5,1.0,0.8,148,6772.290104627146,1121726.2167539916
27,84,1.0727483262311135,1.3534266426179968,1.4817399328562164,1.7106730726319839,1.1654230099936291,0.0296150789658493,1.0,0.06316314929666847,0.5,1.0,0.8,149,6650.848381762825,1122596.45116056
27,85,1.0614554912207466,1.262503822866741,1.3325737280084313,1.6739212012615419,1.310616414903966,0.0313087648824828,1.0,0.050027665487639386,0.5,1.0,0.8,150,6775.8320970668165,1116862.729088775
27,86,1.0612584520122912,1.2688042174107415,1.3510347451773412,1.6853303330671296,1.0725929307300108,0.03130876488248279,1.0,0.05002766548763939,0.5,1.0,0.8,152,6743.290185638607,1117827.335008486
27,87,1.0612415327076612,1.268383131126093,1.3505415108924337,1.6932230506766202,1.0586075411767593,0.03130876488248279,1.0,0.05002766548763937,0.5,1.0,0.8,153,6748.147167558724,1117678.0158051697
27,88,1.0599730411407735,1.241738513064942,1.3193796370010353,1.690532309558683,1.239651699336387,0.030510539712189533,1.0,0.05019102337374108,0.5,1.0,0.8,154,6620.529893037982,1118308.9015702216
27,89,1.0612571721179078,1.1497279072260425,1.1778171864604328,1.6799227470681017,1.4888772884115449,0.032360992457589235,1.0,0.0530449984976758,0.5,1.0,0.8,155,6262.861513120256,1180211.207228551
27,90,1.0623524445435824,1.1416837373084467,1.1681649572661321,1.6960901358521507,1.076356237339073,0.033989143566626315,1.0,0.05370839041778215,0.5,1.0,0.8,159,6280.335703208842,1182657.083778582
27,91,1.0632056386194968,1.1292613726493288,1.1644451116106143,1.70701719723369,1.2367115643072248,0.03554852703802509,1.0,0.05457263728214438,0.5,1.0,0.8,160,6279.714901129102,1200472.0804645834
27,92,1.0609232318847055,1.1485957856288684,1.2096416777398624,1.7411745979339872,1.0599778109584277,0.033320875768489286,1.0,0.0531354577081344,0.5,1.0,0.8,167,6316.950765730263,1180461.9044245991
27,93,1.0620764530758113,1.135215993948098,1.182678048019728,1.7296000250311645,1.084226768492647,0.0340368601069097,1.0,0.054227503562709965,0.5,1.0,0.8,168,6554.1458140880695,1184569.5016712174
27,94,1.062009525385869,1.1224183701930286,1.1676505875835375,1.7368880477115876,1.1515478619843318,0.03491171551867756,1.0,0.053958041568456815,0.5,1.0,0.8,169,6319.793969076245,1182903.0886746778
27,95,1.061148946711816,1.1303775889108358,1.1881929576866175,1.7715524566301435,1.0654874018076872,0.03380410808920585,1.0,0.05363983527314348,0.5,1.0,0.8,172,6289.21141181607,1205751.3101663429
27,96,1.0611966749982051,1.1206398268432682,1.176743726497112,1.7633572852622779,1.1299134848364392,0.03491477074231465,1.0,0.05326597279285703,0.5,1.0,0.8,173,6288.904212507316,1138443.775146943
27,97,1.0635406728778594,1.1455999502516894,1.23878391938728,1.809620628361062,1.101846279400049,0.0355580202965389,1.0,0.05607299223498606,0.5,1.0,0.8,175,6086.037217679434,1209436.0659683254
27,98,1.0605429008877412,1.1061416949576492,1.1598269859088168,1.769218439089233,1.0798893629475443,0.03341335285236871,1.0,0.05373562547383013,0.5,1.0,0.8,176,6306.351243041109,1206229.0128253151
27,99,1.0598357478166702,1.0994168409231908,1.1520508126130722,1.7998334022027416,1.0680382547492295,0.03333755349809331,1.0,0.0530499392807162,0.5,1.0,0.8,181,6263.863441123591,1201998.5058623787
27,100,1.0602178888701428,1.1145308730751924,1.1918275682389488,1.8127105580838951,1.0860302555647265,0.03332039482536734,1.0,0.053711046544188165,0.5,1.0,0.8,183,6319.970130500854,1206736.1573494491
27,101,1.0596580557953488,1.1004679812066425,1.1643629734647265,1.8194380256944533,1.0675581513712984,0.03333585221693234,1.0,0.053055765034945315,0.5,1.0,0.8,185,6268.809428351133,1202471.8352689222
27,102,1.0594065400895845,1.1083446639560905,1.1847043362518643,1.831540641453658,1.0802231638689457,0.032945026709002824,1.0,0.05305297787168826,0.5,1.0,0.8,186,6242.078289184955,1203996.4338027835
27,103,1.059585696173913,1.107494035813652,1.1836740438677693,1.843674979612486,1.0664863133035176,0.033335852216932346,1.0,0.05305576503494532,0.5,1.0,0.8,187,6262.411491424772,1202710.650374983
27,104,1.059491468682399,1.1043931099046809,1.1800490567603852,1.8497381498199532,1.0626648560708474,0.033286842095263544,1.0,0.0530355762135134,0.5,1.0,0.8,193,6268.950719292455,1202798.1985463426
27,105,1.0564786445498868,1.0987745052236526,1.1739764567922972,1.8673454409529981,1.0606733184472963,0.033009008657199065,1.0,0.04949915709234753,0.5,1.0,0.8,197,6380.558727414306,1202170.8525945428
27,106,1.0566178454976975,1.0959992379563877,1.1706936109991644,1.8712508396945131,1.0770062834809795,0.03342254397880222,1.0,0.049477382169043974,0.5,1.0,0.8,198,6363.110695161157,1202036.5437607004
27,107,1.056354071093327,1.0823718596126686,1.1547395754496503,1.873949958711727,1.151153812893463,0.03336210704326985,1.0,0.049462330927235135,0.5,1.0,0.8,199,6364.46129300545,1201873.960370659
28,0,0.8486429210918783,0.9633719898976904,0.9081254196953299,0.009407871000785729,0.0,0.0,0.0,0.0,0.5,1.0,0.8,1,3480.347090046348,9040.92978374538
28,1,0.8715209805712512,0.9976222154945524,0.9416778260072703,0.05075973526432647,0.05264185814707499,0.07620111694837599,9.766164814445e-05,0.00015868913843285,0.5,1.0,0.8,3,3527.433822541549,9171.231888462647
28,2,2.2876357454021257,2.5084027912508944,2.4469593448478673,1.5931480225092682,1.838391041561877,0.3090325132805501,0.6266990721427341,1.0,0.5,1.0,0.8,4,2028.5793936518244,376463.94154822745
28,3,0.7250639828390261,1.0982978819965818,1.033578976687012,0.26061551744816736,0.8884786090950176,0.09336261687406576,0.09055286776452223,0.1471381739012785,0.5,1.0,0.8,5,3315.069434227912,6654.691517103005
28,4,0.5824672514862402,1.002511889607705,0.928557445919175,0.21840528238131396,0.400255643753359,0.08903829199436034,0.0717030315360908,0.12108081731279555,0.5,1.0,0.8,7,2550.2064140074644,8419.704123893907
28,5,0.5746624785632339,1.0088928191419808,0.9471130260893909,0.2243046901507839,0.22964286794711178,0.0890382920101144,0.07170303603008248,0.12108082490154756,0.5,1.0,0.8,9,2369.7270181589097,7920.08992455419
28,6,0.45471494017675423,0.9031424099107883,0.8369339917007543,0.14768173349736932,0.22415933174720304,0.10131006044856342,0.03633687033552802,0.057754978580055516,0.5,1.0,0.8,11,2953.5447407310294,7972.534556366855
28,7,0.4934715662661422,0.9552173595464123,0.9010694966247033,0.20701182960707676,0.19808082891399836,0.10094744953207688,0.056133661421939554,0.09118468989856364,0.5,1.0,0.8,13,2615.8991531650927,6974.24384098795
28,8,0.506912399677312,0.997211620078488,0.966174399092481,0.25789827382014396,0.239591052212979,0.09485386522415465,0.07040044640261137,0.12273828089774677,0.5,1.0,0.8,18,1965.4300903857288,2946.855262663453
28,9,0.4574363834046784,0.9493705821086906,0.917387457965352,0.22207079426852205,0.19296729210836172,0.09422536632942824,0.052874997829578586,0.09214080541194154,0.5,1.0,0.8,20,1895.2334033141324,3010.2874087640694
28,10,0.5433062429094625,1.0283147264348855,0.9801391657835906,0.32589718573771154,0.41264805476894434,0.09108387982011446,0.07334014755725302,0.20450621327985768,0.5,1.0,0.8,21,1702.079526056231,3444.7913286487046
28,11,1.4063909975516367,1.916811398601942,1.8905335555225469,1.2208875097483394,1.340971995270067,0.08656743239060292,0.9903750188420537,0.17359519848238378,0.5,1.0,0.8,22,2035.098513981411,2082.114955608963
28,12,1.4091593395756608,1.9309643500403497,1.916163220930664,1.239173783415911,1.2149100671488742,0.08673202325403424,1.0,0.1762702530488113,0.5,1.0,0.8,24,2247.2663258473067,2366.420116166152
28,13,0.9861732190377714,1.4969743526609716,1.468432986474862,0.8324474893922735,0.7972172796431181,0.08568856083664951,0.6114640674716778,0.13950848515387665,0.5,1.0,0.8,25,1982.213336670941,1955.579077671127
28,14,1.379524428317433,1.9125669383265,1.9098187163726552,1.2237865802375896,1.1676572093200084,0.0868675613815617,1.0,0.1460997219436407,0.5,1.0,0.8,26,1990.9392023645955,3025.493591629195
28,15,1.1493595425566516,1.6711653795441541,1.6549388632505497,1.0019644624255664,0.942661199102528,0.0868617506000918,0.8190016679923404,0.08809265151825223,0.5,1.0,0.8,28,2020.0249142634043,2704.63026022346
28,16,1.1550715315744926,1.6760117530544172,1.6570131539645054,1.024423856834086,1.0669686195840478,0.08827482026086954,0.8234154989655448,0.10798320326064603,0.5,1.0,0.8,29,2144.0217885661714,2706.4338283501643
28,17,1.000414697289462,1.5208183457556388,1.500883189686946,0.8819773946334017,0.8233149549078654,0.08723134470484292,0.6885493812693622,0.09006250442572941,0.5,1.0,0.8,31,2031.601864034335,2713.927231788407
28,18,1.003041041628393,1.5233182247581425,1.5031886234573477,0.8903809940506081,0.8157805791998681,0.08689281284664543,0.6899379449503752,0.09308287988711925,0.5,1.0,0.8,32,1983.0246866213,2540.580375339263
28,19,2.0077999350139395,2.5251684426487877,2.5017334029401876,1.9146393015442345,1.963805454166658,0.05800320305359356,1.0,1.0,0.5,1.0,0.8,33,2126.588467913282,9840.010561816362
28,20,1.0499477080106314,1.5622068766013693,1.5348895425621063,0.979526940708983,1.047285744233825,0.07242229235655467,0.7300352585968819,0.15307881166770923,0.5,1.0,0.8,34,4390.14890733468,3108.0618536916118
28,21,0.905918559291414,1.4168935623615435,1.3887667003552717,0.8466878445473407,0.7646566661429502,0.07122928254460889,0.610395203851378,0.1276416253771832,0.5,1.0,0.8,36,4247.014867321258,3124.291902651549
28,22,2.030518384261036,2.5542104016049567,2.5470074587416436,2.018742858474274,1.9960603274563256,0.1853541906251089,1.0,1.0,0.5,1.0,0.8,38,2101.003071958928,2648.741841429481
28,23,2.029422653435322,2.553067563527911,2.545836765126098,2.024028664350223,1.8929782898069287,0.183394031436496,1.0,1.0,0.5,1.0,0.8,39,2150.370045332784,2399.598426161382
28,24,2.025381531571076,2.5464114426195494,2.538006981975319,2.0292132437615487,1.9157480341110578,0.18378803705797184,1.0,1.0,0.5,1.0,0.8,41,2383.836075918575,7164.306505579427
28,25,1.5155515664992945,2.0063504961421987,1.9686340721097542,1.507847748281454,1.531009297895154,0.05567641657073495,1.0,0.457171393350227,0.5,1.0,0.8,42,1679.359254237506,4046.293889089019
28,26,1.9422011398791883,2.4210130530753027,2.3789816694409023,1.9704606072659339,1.9205211673231333,0.06686729054340061,1.0,1.0,0.5,1.0,0.8,44,1586.287849736868,5412.469069277427
28,27,1.928269022067298,2.3915608045699317,2.344522072662386,1.9581471326137843,2.0373170813308574,0.0664402751186812,1.0,1.0,0.5,1.0,0.8,45,1661.0366501293329,3900.9493067165145
28,28,1.927550147038671,2.389552465656807,2.3420925545270705,1.9615284335876737,1.8399093676053488,0.06734362209942363,1.0,1.0,0.5,1.0,0.8,48,1619.12541510296,4495.844265728108
28,29,1.9099333593968109,2.3469508166897652,2.292426831623935,1.981515128157774,2.1184994703524413,0.06463596563165355,1.0,1.0,0.5,1.0,0.8,49,1401.29655956574,6139.363665258213
28,30,1.9087927026734177,2.3428378350391723,2.2875205121346145,1.990784115924827,1.8490332204136637,0.06567526831108095,1.0,1.0,0.5,1.0,0.8,51,1540.4000394044735,6011.801297972284
28,31,1.9059689794815067,2.3353490919553073,2.2788039763960883,1.9991075723906648,1.8575963853275301,0.06503591545571265,1.0,1.0,0.5,1.0,0.8,53,1517.4314288052926,6172.298486236879
28,32,1.9380454063835946,2.391986807642116,2.372122000220763,2.1177882588711023,1.8758421788969857,0.13819343241174195,1.0,1.0,0.5,1.0,0.8,67,1181.4916467658163,83029.1517128745
28,33,1.937843023618584,2.389403727279828,2.3689388089453605,2.1282107830634347,1.8822569275991416,0.1400354604733287,1.0,1.0,0.5,1.0,0.8,69,1190.5117210264973,82900.59633661338
28,34,1.9365414887811714,2.397693221877994,2.3898248460858342,2.1373028700297763,1.8776948405862326,0.1389240387002172,1.0,1.0,0.5,1.0,0.8,71,1122.458175610589,87665.87935242073
28,35,1.9377722205604455,2.3988658854248412,2.3909829657849997,2.1393962020362878,1.8713110315207973,0.14143896286836216,1.0,1.0,0.5,1.0,0.8,72,1141.4991199781568,85846.85095829895
28,36,1.9363188314777746,2.394971066175845,2.3864805066897308,2.14148238822007,1.895161492368278,0.14074744063754208,1.0,1.0,0.5,1.0,0.8,73,1139.8812355117104,86631.65846314529
28,37,1.9318426575541103,2.390766145276406,2.3926001908257386,2.1546875065167974,1.9801622638985357,0.14117818827397952,1.0,1.0,0.5,1.0,0.8,74,1208.792491123788,156125.85463958763
28,38,1.9315390929003626,2.3753093046578626,2.363199037010051,2.151830747660444,1.9100888807027057,0.14369427876042723,1.0,1.0,0.5,1.0,0.8,75,1187.9981251152765,155982.81329081353
28,39,1.931234762657865,2.3735918245639693,2.3611458253526854,2.162699232426741,1.8789181110613364,0.14418227670806377,1.0,1.0,0.5,1.0,0.8,77,1170.1261445287548,156831.20670669654
28,40,1.9291547213276667,2.39259291106801,2.4058341403789054,2.1775747888646793,1.8831860611185534,0.14103151444298875,1.0,1.0,0.5,1.0,0.8,78,1149.135962408065,156421.49112842293
28,41,1.9289573550695522,2.3662273576196506,2.3525800717540344,2.1718273407776234,1.9080023104952522,0.1434803202089065,1.0,1.0,0.5,1.0,0.8,79,1143.6211968052442,157482.37584301122
28,42,1.910524166362436,2.37980207574598,2.404780803618552,2.1815226642202923,1.8691566933797952,0.1077913049409817,1.0,1.0,0.5,1.0,0.8,80,1111.5221860884485,86248.31347667037
28,43,1.9283721528458775,2.3632535491956275,2.3490464257829027,2.1790894115268906,1.879651239321906,0.14407039703725638,1.0,1.0,0.5,1.0,0.8,81,1152.4998693199072,157473.1381955399
28,44,1.910086755481325,2.3888313261518537,2.4264048967026515,2.1917867816794914,1.8629879142940713,0.10817751705132313,1.0,1.0,0.5,1.0,0.8,82,1128.1554605673532,86378.45714999501
28,45,1.9268189756958194,2.359013215063684,2.344181329898001,2.181792221552932,1.8879499765360004,0.14288889963686685,1.0,1.0,0.5,1.0,0.8,83,1155.6800807091756,158175.99802581986
28,46,1.9097623202258085,2.3858027315517103,2.4227480250580915,2.202412318917828,1.8638340000062765,0.10945813675770313,1.0,1.0,0.5,1.0,0.8,84,1162.0037420007409,86887.61813493771
28,47,1.908779884467638,2.3944715611687393,2.4440580381870802,2.2242672639395424,1.8572233630142179,0.1085832585451286,1.0,1.0,0.5,1.0,0.8,89,1287.273980494226,87272.21631375761
28,48,0.8199852927926641,1.2560614152909637,1.2525431124733295,1.0954494746888397,0.7735650207692224,0.12523570910333465,0.1323314756639096,0.7152363846330299,0.5,1.0,0.8,96,1997.6002425261452,68571140.6634252
28,49,0.8183872836488066,1.2500953829882517,1.2455824513320408,1.1018948329914975,0.8075246112568161,0.12455865132056736,0.13246336010514237,0.7152965286253019,0.5,1.0,0.8,97,2051.485871563988,68559410.50777067
28,50,0.8184888739851616,1.2496830663258602,1.2450536045270737,1.1056724939532314,0.7720073344219017,0.12519851603945842,0.13239290005686652,0.7153198422524947,0.5,1.0,0.8,98,2008.9821853440203,68583119.12464021
28,51,0.8165894600873238,1.2417712160501506,1.2357874123245074,1.1085100610290102,0.7948568610129669,0.12475081105549295,0.1324994479588965,0.7154620581705697,0.5,1.0,0.8,100,2043.0384408239056,68597884.38355649
28,52,0.8171579771165707,1.2459065335899981,1.251223506143896,1.1247193331519325,0.8047698392916043,0.1275848947858684,0.1329851508838934,0.7166538258830542,0.5,1.0,0.8,102,1852.1135092224044,68618960.11966012
28,53,0.8135251616396034,1.2320527971365145,1.2351289821012665,1.1299476994632223,0.8150156094565955,0.12965659671143537,0.13257332405292477,0.7149121857599454,0.5,1.0,0.8,104,1976.7091312309367,68620229.68395936
28,54,0.7598641688423494,1.1768087802725407,1.1795410124851666,1.0836665807073804,0.7231097250784412,0.1310099895228537,0.12263116871595019,0.6599489652082496,0.5,1.0,0.8,106,1990.9175964197943,68627809.09174156
28,55,0.8134002224953383,1.2297449293509608,1.232347138551059,1.1445575176601528,0.775095411976001,0.12953067201799712,0.13264051554375175,0.7154815371800308,0.5,1.0,0.8,107,1986.547767513976,68623681.21697
28,56,0.7590187580494456,1.1735907844377382,1.1758091954938144,1.090438205706623,0.7315269532299613,0.13052887335213378,0.12264842313244395,0.6599561401427214,0.5,1.0,0.8,108,1960.4419006847568,68623649.13336027
28,57,0.8127845973416548,1.2266982806052398,1.2287744578831497,1.1515654087941032,0.7756197596663668,0.12923136999298143,0.1327261691651051,0.7155926648209677,0.5,1.0,0.8,109,2003.8560070964984,68635346.90291412
28,58,0.812768399723599,1.237850887181621,1.2529199126539263,1.1697591309944273,0.7699651840915096,0.12887398798395794,0.13274518657411138,0.7157835701798787,0.5,1.0,0.8,111,2001.017246961415,68637437.41935742
28,59,0.7966481667217882,1.218543026963156,1.2329250943780055,1.1687405764928853,0.7825359723056386,0.1244202051818503,0.13217618233851663,0.7001573707072484,0.5,1.0,0.8,112,2011.4147066258377,68615266.54549542
28,60,1.0274184431025835,1.4542719695889579,1.480317806900468,1.3279357825990594,1.0050109515491625,0.11688562180290922,0.23053862875501788,0.8723263441858018,0.5,1.0,0.8,115,2148.751012252877,68480454.54276727
28,61,1.1103918243511348,1.550516496213595,1.6006276951096627,1.4473568155205012,1.0983056696821316,0.11846803475389571,0.2513200657865294,0.9517847117320304,0.5,1.0,0.8,118,2004.165960845336,68377492.65163252
28,62,1.095346190877359,1.5463762501325053,1.609424922621502,1.4398757570324816,1.0595928287961616,0.11501206192079302,0.2502681819867797,0.9365389150740617,0.5,1.0,0.8,119,1899.83059276195,68427035.0458717
28,63,1.1090314853118208,1.5452147358092179,1.5944978317624847,1.4504050804979918,1.1027227079592283,0.11945401482157222,0.2510946671704612,0.950867268497545,0.5,1.0,0.8,120,2042.958505113756,68380665.4380291
28,64,1.4434057603839656,1.8625414867141232,1.8976007148729772,1.8593361379203532,1.4576845825532772,1.0,0.10719001088191996,1.0,0.5,1.0,0.8,121,3.6809624162285695e+19,132095549.8447564
28,65,0.9347590195201096,1.3353923935944918,1.3666440811826939,1.274978515528496,1.0569143237707586,0.11522937757490843,0.21293132076754132,0.7896602445635331,0.5,1.0,0.8,122,1924.19735487862,68476612.19685695
28,66,1.5134775629757902,1.9195925578285855,1.962680760337319,1.9464039984711403,1.5295405021592607,1.0,0.1820660422577532,1.0,0.5,1.0,0.8,123,3.6809624155643728e+19,132132907.47725956
28,67,1.5090130396164416,1.8902648186637527,1.9068539695163473,1.9271072778789582,1.4985364653493631,1.0,0.17805476960967948,1.0,0.5,1.0,0.8,124,3.687103261411226e+21,480351633.3987812
28,68,1.510660907457719,1.8998901691830825,1.9395810732857062,1.952156034340489,1.6002777930958088,1.0,0.1822022372031348,1.0,0.5,1.0,0.8,125,3.680962415449584e+19,132129489.28430375
28,69,1.5105558079332075,1.9103532145020028,1.9629175443686082,1.9634815253084672,1.484785067718179,1.0,0.1822022372031353,1.0,0.5,1.0,0.8,127,3.6809624158172537e+19,132129413.71305884
28,70,1.787020263295636,2.1437915060751167,2.177084826247735,2.233904294117476,2.019182817796736,1.0,0.4634595522851906,1.0,0.5,1.0,0.8,128,3.687103261301397e+21,480145321.2326597
28,71,1.7863816095885645,2.136070037696493,2.1679875504966413,2.24102535399331,1.7918252212085441,1.0,0.46377171951990104,1.0,0.5,1.0,0.8,130,3.68710326125507e+21,480137011.00751054
28,72,1.7853980980932693,2.1192973294113067,2.1590270896685073,2.233028468913104,1.9781993078839346,1.0,0.4660899657867166,1.0,0.5,1.0,0.8,131,3.687103261331296e+21,480196318.5256917
28,73,1.7836674291475203,2.0873522783824177,2.110477962299515,2.250256952930727,1.9128462886328326,1.0,0.4663914391504429,1.0,0.5,1.0,0.8,132,3.687103261287532e+21,480274923.18423146
28,74,1.7823285840388738,2.0707373646981666,2.090991105544239,2.2564696308624237,1.8251060947282798,1.0,0.46654629102644557,1.0,0.5,1.0,0.8,134,3.687103261285444e+21,480272025.68081343
28,75,1.7819815259585807,2.0710137221762546,2.102290601844891,2.263625521567234,1.8074849018725418,1.0,0.4671645780901189,1.0,0.5,1.0,0.8,136,3.687103261285084e+21,480261084.0950256
28,76,1.7863316002395073,2.049977848555561,2.0874830074764663,2.2938977625040105,1.8665343283567093,1.0,0.4744683414171401,1.0,0.5,1.0,0.8,139,3.687103261069562e+21,480204077.2959057
28,77,1.7857988712340434,2.034973919881855,2.0698257436677805,2.311963115391632,1.792991656643941,1.0,0.4749579261254896,1.0,0.5,1.0,0.8,145,3.687103261060936e+21,480140936.45717657
28,78,1.7846062656995592,2.0150023437499742,2.046429282632964,2.3215513563401275,1.8448215511111206,1.0,0.4749846147009612,1.0,0.5,1.0,0.8,147,3.687103261062234e+21,480187260.11746246
28,79,1.7843494703098703,2.0096284129086524,2.040125574964766,2.328708168792719,1.7939997436892972,1.0,0.4750405256787392,1.0,0.5,1.0,0.8,149,3.68710326101468e+21,480193194.7791296
28,80,1.7845181462667128,2.0202991701498387,2.063669200582157,2.3483759005274236,1.7762917419061983,1.0,0.4752514859320686,1.0,0.5,1.0,0.8,154,3.687103261102467e+21,480073409.1707244
28,81,1.7516892973968472,1.9697057969057192,2.0098585458796396,2.3229147529385124,1.8746626659678485,1.0,0.4434445789439871,1.0,0.5,1.0,0.8,155,3.687103261048181e+21,480055345.6001597
28,82,1.8242000893711368,2.0133954799245934,2.037371775456972,2.4057109593730774,1.9464582379998132,1.0,0.5168838455567377,1.0,0.5,1.0,0.8,156,3.687103261109945e+21,479972780.460704
28,83,1.823856516125146,1.9879936465573016,2.0074749239888865,2.411787599593686,1.9093604838280867,1.0,0.5177288691085834,1.0,0.5,1.0,0.8,158,3.687103261146936e+21,479950381.1910151
28,84,1.823847176589384,1.9876966658407285,2.007126384902893,2.419415837040053,1.8187812773109961,1.0,0.5177323590153438,1.0,0.5,1.0,0.8,160,3.687103261164197e+21,479951256.8281539
28,85,1.8233705829620017,1.9877717215973771,2.0182986482586895,2.2919435041437817,1.8435974149929288,1.0,0.5177181711501542,1.0,0.5,1.0,0.8,163,3.687103261144979e+21,479944667.1276971
28,86,1.8237408561543826,1.9874430159170478,2.0178451551500567,2.28478054208239,1.820658006798053,1.0,0.5181179464519154,1.0,0.5,1.0,0.8,165,3.6871032610986514e+21,479936309.70418006
28,87,1.7956612118312074,2.0325509087861473,2.153020891090759,2.3368150777069676,1.8097194637758782,1.0,0.4902608866761257,1.0,0.5,1.0,0.8,167,3.769201408356245e+21,490651986.5204255
28,88,1.7954326495144224,2.026577398925966,2.1460244050815653,2.336245767576071,1.810756432519321,1.0,0.490260886676125,1.0,0.5,1.0,0.8,169,3.769201408409344e+21,490662799.8536372
28,89,1.80566370983963,1.966932099284406,2.0079037444111867,2.440198251912003,1.8198289341395089,1.0,0.5005971185628236,1.0,0.5,1.0,0.8,170,3.8531275777160847e+21,501585708.853501
28,90,1.7949485070844853,1.9560305403772935,1.996969251495768,2.437268740584617,1.7905656285405218,1.0,0.48988926276594524,1.0,0.5,1.0,0.8,172,3.7692009835348833e+21,490665419.8082138
28,91,1.7950594711732124,2.020559620312182,2.1390018490859175,2.331358370156779,1.8105065610124502,1.0,0.4901102778214044,1.0,0.5,1.0,0.8,173,3.769201408455525e+21,490668857.5412674
28,92,1.751948873158887,1.8964634528512796,1.9234473320368586,2.4017673202245744,1.7656524919923937,1.0,0.44709852294470764,1.0,0.5,1.0,0.8,174,3.687103261176955e+21,480021814.41588897
28,93,1.7518614435380704,1.8923321300238318,1.918597027237481,2.4053421223560196,1.756927676826081,1.0,0.4471648131923052,1.0,0.5,1.0,0.8,177,3.687103261143144e+21,480019594.6838929
28,94,1.751576391100176,1.8857677628057954,1.9109173404965156,2.4202846598515846,1.7698508610190105,1.0,0.4471128368613324,1.0,0.5,1.0,0.8,179,3.687103261171676e+21,480024913.3708229
28,95,1.7514845823148633,1.8959890996073774,1.933980942930022,2.4324989879429855,1.7502842920630237,1.0,0.44705354777790446,1.0,0.5,1.0,0.8,181,3.6871032611550265e+21,480020853.317567
28,96,1.7516739705331772,1.8917755842179673,1.92898649731505,2.4402701786776495,1.7792579114645013,1.0,0.4474015440249993,1.0,0.5,1.0,0.8,182,3.6871032611146967e+21,480014290.4726703
28,97,1.723193822627394,1.86273744212967,1.8998493888153478,2.416262693979646,1.7202862328320463,1.0,0.4189412629363417,1.0,0.5,1.0,0.8,185,3.6871032611457566e+21,480009003.7864539
28,98,1.7515900404272422,1.8884257995165954,1.9250574760414703,2.4478402023769434,1.7670574650399606,1.0,0.4474333574426728,1.0,0.5,1.0,0.8,186,3.687103261117569e+21,480003048.6765898
28,99,1.7516514377341181,1.873219809675864,1.8961301684098375,2.4586208952321096,1.7627745879604722,1.0,0.447640271084195,1.0,0.5,1.0,0.8,188,3.687103261205944e+21,480028744.617792
29,0,0.7685321822261556,0.941235126597292,0.8821974509295205,0.007364632186192171,0.0,0.0,0.0,0.0,0.5,1.0,0.8,1,4550.314266473199,6910.691873093363
29,1,0.7922363075680775,0.9759904883983455,0.9161676027639081,0.04967920677694331,0.0553544406661701,0.07828222811733856,8.264843040355e-05,0.00014630752434526998,0.5,1.0,0.8,3,4398.710849393001,6822.243075377565
29,2,0.7919024124419125,0.9929409710058668,0.931841943244167,0.07571307031522438,0.11578362237420929,0.07667874631684042,0.009109039184304819,0.020367546672043248,0.5,1.0,0.8,4,4129.500744887352,6728.591920403141
29,3,1.6808863296201824,1.9215602057695387,1.857279075777249,1.0265679159093302,1.1407171349955703,0.21486972461500292,0.10350778871163077,1.0,0.5,1.0,0.8,5,4655.13506827938,1060241.6583891036
29,4,1.4421309869358947,1.718615476178903,1.6651557281201257,0.8228627114395517,0.8987797155954009,0.07978697239320108,0.2759720072224809,0.6170653812716785,0.5,1.0,0.8,6,2342.9937892053704,6892.016042090561
29,5,0.680231195475083,1.0248190044557297,0.9783587507596578,0.15374960626930373,0.3839120265855483,0.09560495896316087,0.037975799267912405,0.06722626369055677,0.5,1.0,0.8,7,2027.4678165814817,5390.405004828072
29,6,0.7202096324209251,1.0849523986849492,1.021637090670508,0.25083636468270637,0.39655642022971255,0.09406993140947875,0.11491340582180716,0.08931808298540712,0.5,1.0,0.8,8,1539.0065515231986,2253.275923235771
29,7,0.529573715235415,0.9553718472725442,0.8957329676840077,0.15943386777210666,0.5214373037194607,0.09274375558859912,0.03529600232710123,0.08174566427768967,0.5,1.0,0.8,9,2487.5669897678827,4118.33623901456
29,8,0.7102220641272676,1.164039051365049,1.0954462760999053,0.42345424151552574,0.7731118945602917,0.09399142763901433,0.1900852255464792,0.21366784297250424,0.5,1.0,0.8,10,3567.868646527233,4112.657795441179
29,9,0.43492957332978616,0.8904360419348147,0.8210149307822695,0.1519785651073676,0.1730307457187809,0.0907018132754416,0.032833490815367725,0.07633092847295159,0.5,1.0,0.8,11,3322.7339117042275,5985.522489612384
29,10,0.3837505481879926,0.8467784374773044,0.7721776194507288,0.14172372132533734,0.23145633524586925,0.0946150405930771,0.028312453280728678,0.06277075220007786,0.5,1.0,0.8,13,2089.8917954086846,3716.4380842216897
29,11,0.36528482421787656,0.8286743323872807,0.7536875661317901,0.13435373068710932,0.11785882892451596,0.09428729641635626,0.022660796484698688,0.05022774543425272,0.5,1.0,0.8,15,2140.0684522274346,3601.610033230182
29,12,0.36429232630302505,0.8277837018034158,0.7526844226830842,0.14474228699476954,0.1143456569812619,0.09329969139977368,0.02285292585013563,0.050312179638394974,0.5,1.0,0.8,16,2129.260598632798,3595.912264792455
29,13,0.3385651406473596,0.8155190094876279,0.7489801690711144,0.1489831154838402,0.2932808834653157,0.09413211165193727,0.024760611539317582,0.050479308476789254,0.5,1.0,0.8,17,2216.1604598608205,3447.379059122389
29,14,0.32484777429023837,0.801858292534478,0.7347971268807093,0.1478833880951538,0.1122490706902157,0.09459474389504038,0.02064503376521046,0.04207082681834418,0.5,1.0,0.8,19,2112.8860712104715,3536.90051407768
29,15,0.32329094674385983,0.8003016588190979,0.7332358787667084,0.1519312193647557,0.10016308561958578,0.09432265345430708,0.02006826824222927,0.04104981364988025,0.5,1.0,0.8,21,2161.687191844156,3564.9356417217723
29,16,0.3225257510941215,0.7995453274800536,0.7323198534492608,0.15760147033710062,0.10350307392528202,0.09447430073632854,0.02012134174280045,0.04110904422995364,0.5,1.0,0.8,23,2092.6914392800145,3567.793517100608
29,17,0.6803497839303856,1.1449676513361609,1.0603936681688988,0.5317104456662465,0.6596859864501062,0.06841426637578397,0.03368402439169207,0.5179623201140466,0.5,1.0,0.8,24,2280.2287687153243,4686.648663334227
29,18,1.2424349050018875,1.7285409554649793,1.6686247430794208,1.1167322590450313,1.062210332774912,0.07642621060369668,0.21305586697580864,1.0,0.5,1.0,0.8,29,3651.158036222367,7137.604079394128
29,19,2.023791055061422,2.520533115404217,2.472922171969995,1.9110395399316855,1.8502845007371163,0.07223336898175212,1.0,1.0,0.5,1.0,0.8,31,3680.708368172698,7638.12154481826
29,20,1.9908216132757526,2.4779711525426524,2.423019017188045,1.9132372656655974,1.9861111598584895,0.07284213211167448,1.0,1.0,0.5,1.0,0.8,33,3646.6328793384746,7148.4059851489965
29,21,1.9904437354013427,2.4887780170286,2.446815023183455,1.9238943710607157,1.836323176669443,0.07218051630100922,1.0,1.0,0.5,1.0,0.8,35,3653.285670787968,7134.991173970511
29,22,1.9902347303961638,2.4883467215020607,2.4462555441364797,1.9353593051259703,1.8390201862558857,0.07281455104404011,1.0,1.0,0.5,1.0,0.8,37,3563.452249215969,7069.679710497774
29,23,1.979903625097635,2.505040012939804,2.4985173394806166,1.9326377830959136,1.979551131422406,0.07906936323289364,1.0,1.0,0.5,1.0,0.8,38,4243.906577692405,8466.954791858157
29,24,1.966493576232147,2.450576354205552,2.4017433572657882,1.956382327134672,1.882981848289316,0.07600720668713665,1.0,1.0,0.5,1.0,0.8,41,3622.582389230693,2472.0922977626374
29,25,1.894481754590083,2.3836025840395005,2.345312777824529,1.917345929833218,1.7908805658233846,0.07877189515868381,1.0,0.9184872609379451,0.5,1.0,0.8,47,3351.6414788699485,2435.824907459521
29,26,1.8942935902648603,2.3832613383130874,2.3449130461145855,1.9246801946764882,1.775366657543469,0.07877189515868381,1.0,0.9184872609379464,0.5,1.0,0.8,49,3384.436521207831,2408.4078374438827
29,27,1.8940740031837047,2.371346643238945,2.319810821033311,1.9217301236663786,1.7821750097818827,0.07928595902145075,1.0,0.9186414822291489,0.5,1.0,0.8,50,3384.5143592641834,2415.723608828354
29,28,1.893129246209416,2.3690559157945037,2.3170133752093847,1.9285864619858617,1.785556199828319,0.079492644377954,1.0,0.9193472904558732,0.5,1.0,0.8,52,3285.857547685624,2416.6557963985997
29,29,1.8799076178726444,2.365210810048735,2.3346054560113814,1.9413885529773482,1.9619254462293947,0.07300476276291638,1.0,0.9238978799195472,0.5,1.0,0.8,53,3770.471504617565,2606.4133166062807
29,30,1.9663200895192925,2.445419708021892,2.4128192256871834,2.030241392278451,1.9080761045348644,0.13495893240148163,1.0,1.0,0.5,1.0,0.8,55,3357.91555693876,2362.6013038075207
29,31,1.924237223696257,2.4051442039911155,2.3826716260259095,2.000453140929256,1.8913497864242474,0.06554628059038047,1.0,1.0,0.5,1.0,0.8,57,4127.908437480862,2555.4680776018336
29,32,1.9232966004419478,2.402908670485009,2.3800528397312,2.006710348582395,1.84059176752399,0.06555141378306792,1.0,1.0,0.5,1.0,0.8,59,4198.307208352197,2634.700623919024
29,33,1.9158985452485193,2.4008273549941554,2.3892620207449156,2.0200246317395183,1.8992532149799146,0.05894979906737905,1.0,1.0,0.5,1.0,0.8,60,4327.200886249745,2630.615875303152
29,34,1.8583202940145593,2.3543744761349155,2.3557877965582987,1.968420913995327,1.7727953831273378,0.06303012486143875,1.0,0.9255379003543458,0.5,1.0,0.8,61,3778.853985424709,2533.0933310830405
29,35,1.9156260393792048,2.411500042982194,2.4128618905185544,2.0292521535561945,1.8314680240323988,0.05874301133440958,1.0,1.0,0.5,1.0,0.8,62,4187.828709733204,2666.013328409921
29,36,1.77151662098922,2.261041154508172,2.260616321107576,1.894238317664041,1.7622887114592247,0.05731232550501185,1.0,0.8258628309750362,0.5,1.0,0.8,63,4077.010216618821,2651.014025314279
29,37,1.8522314995215439,2.3415305742229,2.3410441296063342,1.9785168157838342,1.7726365987054726,0.05693695749173662,1.0,0.9271577795018333,0.5,1.0,0.8,64,4098.625482735918,2543.8613942783472
29,38,1.7702349350830537,2.2580831480997707,2.2571962234389655,1.9066813627550234,1.6972541942234491,0.05704169375275366,1.0,0.825706107229561,0.5,1.0,0.8,66,4020.0571991251554,2670.033613850375
29,39,1.7708851938678958,2.2580243394688786,2.25694255363422,1.9146638407163945,1.6981102689413372,0.058679143479853604,1.0,0.8260311900255626,0.5,1.0,0.8,67,3742.775489308072,4540.093005509732
29,40,1.7674442581113112,2.2525422735633533,2.2509033095248245,1.9121362710898866,1.7106644739851327,0.052373307596562335,1.0,0.8271876486092269,0.5,1.0,0.8,68,3973.090467680255,2740.743386168041
29,41,1.7640792345558771,2.2375605841309945,2.2228087144316784,1.9202127124818937,1.6859631732472717,0.05349235403268765,1.0,0.8225859173912464,0.5,1.0,0.8,72,3352.970175151296,2668.8087663431597
29,42,1.909947150685665,2.4034246669136508,2.424066350610465,2.211805728374542,1.8442924874584703,0.07626958794082121,1.0,1.0,0.5,1.0,0.8,96,3105.482438163356,101918.73943282836
29,43,1.8993259496689234,2.3693836496216307,2.3842056442566704,2.21580790028814,1.956426983083879,0.07615187129487754,1.0,1.0,0.5,1.0,0.8,98,2850.4615952546787,263204.2741812015
29,44,1.8972641071724816,2.3777795747896393,2.405422707904542,2.232028115091608,1.8387488482536853,0.07263036881042403,1.0,1.0,0.5,1.0,0.8,101,2862.8205025983216,88895.02851235088
29,45,1.8964111863777797,2.383166756844602,2.4226247203401963,2.2544388182020727,1.8535397951721897,0.07484247416769994,1.0,1.0,0.5,1.0,0.8,104,2892.810067552934,93519.81377725845
29,46,1.8959257912224632,2.381402758798578,2.420557640028939,2.261665286921269,1.843606993226029,0.07485379121604903,1.0,1.0,0.5,1.0,0.8,106,2898.448128553023,93464.68756086253
29,47,1.8960295933662101,2.3808153829491134,2.419806863516138,2.258253986702117,1.8444607722709885,0.07558803239344512,1.0,1.0,0.5,1.0,0.8,107,2847.130239287369,93577.52637714948
29,48,1.8940907539903604,2.369753665966524,2.4066070579234737,2.2622393094216866,1.9269348696182442,0.07843366448606862,1.0,1.0,0.5,1.0,0.8,108,2643.626838913403,92702.32054765437
29,49,1.887618675644802,2.3681586979335387,2.4165576953963335,2.2829646385936604,1.894205848235911,0.06982551220690822,1.0,1.0,0.5,1.0,0.8,109,54817.901365634905,93701.62832116552
29,50,1.8914844933617236,2.3708168134549794,2.4189433488832295,2.2834330709403003,1.8499289840725759,0.0783268173395213,1.0,1.0,0.5,1.0,0.8,110,2612.7877566549605,80882.71766018524
29,51,1.880670927764381,2.3537726972011312,2.410987930988481,2.2870498617925312,1.9933668994808444,0.06751236400429486,1.0,1.0,0.5,1.0,0.8,111,53877.49216217581,108915.24932784536
29,52,1.8807973727330716,2.3528499647733234,2.409833370432386,2.294718082546388,1.8436932032639952,0.06837498146651659,1.0,1.0,0.5,1.0,0.8,112,53991.15549099486,109097.57874567792
29,53,1.8769198158155642,2.3413599124086284,2.3966766253452514,2.2884507372608507,1.9001453160598558,0.06485853453741758,1.0,1.0,0.5,1.0,0.8,113,28425.780100565014,108395.380021846
29,54,1.8767386647304525,2.3395152651715785,2.39446993011986,2.296010550738117,1.8474679245771413,0.06539651552991253,1.0,1.0,0.5,1.0,0.8,114,28590.583261060423,108746.16440162688
29,55,1.8761616527734357,2.3358180328761904,2.390096383718273,2.3033948187667077,1.8467445800309221,0.06590165015492135,1.0,1.0,0.5,1.0,0.8,116,28476.675130850857,108671.65891904484
29,56,1.8732740211762353,2.3309486778242254,2.384799055441836,2.3082861323048673,1.8480225784564572,0.06116058287391056,1.0,1.0,0.5,1.0,0.8,117,28527.65061087104,inf
29,57,1.8755015080025002,2.3327007723066533,2.3864485285933927,2.314335310617623,1.83503882168808,0.0658635769658286,1.0,1.0,0.5,1.0,0.8,119,28741.31889080435,107727.67891603777
29,58,1.8743045668802585,2.327669231868581,2.3805929422233634,2.3136717290423143,1.866305344409198,0.06542376234640605,1.0,1.0,0.5,1.0,0.8,120,28813.35335070124,108587.9792393514
29,59,1.6034716408420568,2.07395470077242,2.151749773354952,2.058526676832409,1.5785376342797097,0.05798638832648283,1.0,0.6677397414914834,0.5,1.0,0.8,123,2850.131993030536,128729.9301223804
29,60,1.6026194372876925,2.0567977669203814,2.1205105963334225,2.054301216590531,1.5856168128149584,0.057013643944171535,1.0,0.6688023430781291,0.5,1.0,0.8,125,2824.455142687239,128103.15330796751
29,61,1.6018681866731475,2.066330862809347,2.1428499882941257,2.0689102368030747,1.5669609817927885,0.057156529523966035,1.0,0.668041485464621,0.5,1.0,0.8,127,2794.9188282425653,128542.40645583766
29,62,1.5712568919195566,2.0463632345245655,2.135764148408005,2.0576897013435653,1.5349932687088625,0.05412951160315134,1.0,0.6318351919830258,0.5,1.0,0.8,129,2869.051090897688,105501.254442095
29,63,1.616438589429069,2.064236551232784,2.1266047472557874,2.106992424620264,1.587300165557918,0.05527523415199172,1.0,0.6890017772250073,0.5,1.0,0.8,134,2656.218124949381,102150.55405474742
29,64,1.6154611235126004,2.070538832976018,2.1450883267371657,2.1180363648539524,1.6118182312114726,0.0556097251086294,1.0,0.6886444166525016,0.5,1.0,0.8,135,2785.890857160867,106533.29613948062
29,65,1.6052912192326731,2.0406405725248495,2.1218443101238695,2.11837740505952,1.8334883177244454,0.0609339527943619,1.0,0.6802599276246458,0.5,1.0,0.8,136,2634.676820256075,131631.01078874076
29,66,1.6047874350249192,2.047340026452432,2.140737975025072,2.1335993852974804,1.5913266350904356,0.06059717184489631,1.0,0.6807260425297914,0.5,1.0,0.8,138,2665.55084771835,128982.45111895306
29,67,1.6031837051617703,2.023320732168895,2.1014735450585174,2.1325376181228015,1.6209362336104234,0.05805413664469259,1.0,0.6826788176524827,0.5,1.0,0.8,140,2593.3789037485158,128086.5739183782
29,68,1.6006902445429234,2.017202124547608,2.094633604334719,2.141727748329716,1.5880045692965898,0.057585135888077586,1.0,0.6805887580988035,0.5,1.0,0.8,142,2658.685321271992,127340.6932464486
29,69,1.6166904314953634,2.02257856546525,2.0979092360075384,2.177710416129184,1.6337121370410312,0.07037720008006063,1.0,0.6946478876854625,0.5,1.0,0.8,144,2568.771034270313,20030.623096154864
29,70,1.553382877574018,1.9356422880854574,2.02805169729455,2.174407527006656,1.559653642163668,0.059014152205583516,1.0,0.6301935516316874,0.5,1.0,0.8,158,2669.8429797299987,127039.691726237
29,71,1.5531219683718736,1.9342299151666678,2.026419511983603,2.181957527147255,1.538018310412301,0.05898555833006258,1.0,0.6300506749417525,0.5,1.0,0.8,160,2675.97642051063,127022.73256809074
29,72,1.552614213900176,1.9400266969929527,2.0442827853342562,2.189663542134366,1.571686759305383,0.06028700065494831,1.0,0.6292950360585816,0.5,1.0,0.8,161,2598.294669942009,127791.51831953056
29,73,1.5510070199662827,1.925776131454878,2.0167579100785673,2.1877045605377745,1.5432768282784948,0.05845484931000909,1.0,0.6286305105679284,0.5,1.0,0.8,162,2642.313402605868,126445.02951970843
29,74,1.5512372368465497,1.9095821308938243,1.986570030359296,2.1797488970917036,1.5742163598447418,0.059731967034594505,1.0,0.628846077682666,0.5,1.0,0.8,163,2627.490465290274,127696.24164749152
29,75,1.5505750773396052,1.913744610703949,2.0025270157627877,2.1912325239320958,1.5571527051086238,0.05973196703459458,1.0,0.6288460776826639,0.5,1.0,0.8,165,2566.8712591606622,127435.73632522993
29,76,1.514562678610988,1.8761378373019388,1.9646190014056528,2.1791392739736413,1.5032428440695855,0.05974654911778332,1.0,0.5840275317754557,0.5,1.0,0.8,167,2587.731803854382,127718.70831026466
29,77,1.5495237171029628,1.9290587267413568,2.042701541301904,2.2408685972866085,1.5363126928667694,0.05645758258587681,1.0,0.630349899355726,0.5,1.0,0.8,176,2669.9655956564397,1121609.6308103888
29,78,1.54931213685312,1.9445998211574462,2.082991219156306,2.265532372002112,1.5499803837944879,0.06088088487270663,1.0,0.6281418918540448,0.5,1.0,0.8,179,2549.6815805548763,127688.3707386224
30,0,0.9730560317336571,0.993900489087531,0.9438821166778277,0.012207057973661237,0.0,0.0,0.0,0.0,0.5,1.0,0.8,1,1170.9783780536643,7719.731526176145
30,1,0.985573353531438,1.0248292620697768,0.9738565998033453,0.05159136182773254,0.05596101007877768,0.07258063709722555,0.00010534518783734,0.00013170592161439,0.5,1.0,0.8,3,1145.7727092243035,7700.219769258982
30,2,0.9575068530171841,1.0307277278384712,0.977908419699714,0.06959847923914037,0.12849226390709378,0.059825054517621976,0.01493926568646248,0.01041349088523862,0.5,1.0,0.8,4,1169.878971419404,7465.379835063111
30,3,0.756097235953542,1.1065216121667176,1.044917289336475,0.2522788608601069,1.1334525077124211,0.08893553371902074,0.10024776216838771,0.12533295708335995,0.5,1.0,0.8,5,1555.817979201968,4775.590191410123
30,4,0.6340216420040531,1.038138128496529,0.9678301060318909,0.23469285632388265,0.4050947254605079,0.09393858058418711,0.0807533568541649,0.1246228710835802,0.5,1.0,0.8,7,1672.2249452903875,5821.679954159035
30,5,0.5282187954374454,0.966483488918001,0.8867616711525657,0.21805730719188382,0.40249887085539615,0.10818995213594736,0.06757052226316418,0.11133675785275066,0.5,1.0,0.8,9,1882.80062284089,5678.038233519287
30,6,0.47189830808332633,0.92231511170154,0.8552135332931541,0.17750030095085087,0.1614674371295583,0.10984036030317076,0.04501546804859707,0.07206027252321008,0.5,1.0,0.8,13,1835.6936858507036,4766.626082707609
30,7,0.6436114481184457,1.083356119870649,1.0030465054886717,0.36034134935932915,0.33319167703515756,0.11554769800632347,0.06053726830598305,0.2659108842961873,0.5,1.0,0.8,17,1500.24660414842,74204.0637738819
30,8,0.6608427257657097,1.1028960481163337,1.0215638337939874,0.3936089783789007,0.3773286921336364,0.09218915107081524,0.09137338963044069,0.2738540576357479,0.5,1.0,0.8,19,1954.9701866827425,5802.265774442779
30,9,0.6706342811183854,1.118762461843283,1.0341578623207646,0.4319541584336822,0.45833503067947023,0.10478673989408238,0.061586146300361924,0.3469320586136193,0.5,1.0,0.8,21,1246.6748545294408,73108.15217989663
30,10,0.6894788683000547,1.14195553863008,1.0536371034813576,0.4799513514180759,0.5120529205385311,0.11129244849986986,0.07476675165174392,0.3824899712804895,0.5,1.0,0.8,23,1452.9992078994546,71601.58450982237
30,11,0.6884189946519506,1.1522300097825502,1.0767529084873484,0.48704409570557133,0.4396450863188025,0.11129244849986986,0.07476675165174441,0.3824899712804898,0.5,1.0,0.8,25,1383.976096019025,72006.82344692678
30,12,1.310632810147283,1.800091749357592,1.745312649430372,1.1609852419505093,1.205313971044739,0.15505717505962965,0.3443842607141871,0.838637862758507,0.5,1.0,0.8,27,2080.1306163187774,65098.15400873625
30,13,1.3082794571517522,1.806310061069718,1.760430270492602,1.1853491049802485,1.191058575005536,0.1550630571289367,0.3508150566313333,0.854298012071394,0.5,1.0,0.8,29,1753.6135712237294,67077.31268720166
30,14,1.3254306516330296,1.7890357400057477,1.7030012283418505,1.1890973732208359,1.150540923167456,0.1640741794536144,0.3429132653113089,0.8873837300764702,0.5,1.0,0.8,32,1859.0743328878311,96588.82085020392
30,15,1.1275269389236722,1.6312287262354492,1.5927578505164166,1.0427018937477106,1.1392131452489567,0.15352712290488,0.2934508359736661,0.7349186440445983,0.5,1.0,0.8,33,1706.0577308736647,105129.14813056707
30,16,1.1289425871191343,1.630728661716128,1.5909090835638566,1.0555185799706905,0.9929900311618977,0.1434557107013964,0.2860075165156043,0.7597371392321844,0.5,1.0,0.8,35,1640.9422131227377,92955.33670594728
30,17,1.1357526496766095,1.637125959702261,1.597032399012479,1.0664543442294778,0.9846932613742148,0.1498544538569638,0.30548387630469004,0.7413885307579756,0.5,1.0,0.8,36,1672.479025805648,95034.62954537629
30,18,1.3365494060689806,1.837173283229288,1.7965945352214767,1.2721648661153075,1.1962143490456225,0.13794236888189956,0.36127337732445697,0.9326976113901599,0.5,1.0,0.8,37,1655.6690226627404,104130.16592782114
30,19,1.617116931365394,2.1166917412356328,2.0827099074088444,1.5961959931312875,1.7432503054436075,0.1432387563018109,1.0,0.5131128608222117,0.5,1.0,0.8,38,3670.1870799404337,65021.48636437114
30,20,1.7093020434845698,2.2070073639998844,2.172117696713394,1.6978261305743816,1.5973661457352613,0.1390559679050995,1.0,0.635247799982138,0.5,1.0,0.8,40,3143.4595670675285,75941.7001096269
30,21,1.7032615205916881,2.207638395050081,2.1839384562797557,1.7053840719890847,1.613543617549315,0.1390559679050996,1.0,0.635247799982136,0.5,1.0,0.8,42,3119.700378400338,75755.88873381374
30,22,1.703261520489845,2.2188427437105505,2.208143221800888,1.7239832309678889,1.5777266851097553,0.1390559679050995,1.0,0.6352477999821361,0.5,1.0,0.8,44,3119.70037797808,75755.88872832835
30,23,1.6299979688007182,2.1340861863470586,2.1102687061895367,1.6610046603641493,1.5096916054948242,0.138353992870827,1.0,0.5446040893476163,0.5,1.0,0.8,45,3089.3396574417598,75398.80124082275
30,24,1.6559817704718522,2.15297467608514,2.1264329967147093,1.6910224407995207,1.650772579744347,0.14833895288501192,1.0,0.5818583754431107,0.5,1.0,0.8,46,3088.0983974113174,75456.6502006379
30,25,1.9597814443862736,2.5201973612626007,2.5702617355432595,2.1318840675340853,1.8495678663029667,0.09562207791783636,1.0,1.0,0.5,1.0,0.8,79,3377.242162766596,33508.97880481771
30,26,1.9464310872318635,2.498462285436613,2.545651294671381,2.128839260378299,1.961204852817025,0.08573146314788209,1.0,1.0,0.5,1.0,0.8,80,3447.1169068015724,34908.43875449611
30,27,1.9420297264640138,2.4995336828915056,2.5579286884189205,2.1523122071198353,1.8574155922084903,0.08642242503727054,1.0,1.0,0.5,1.0,0.8,85,3331.7452756774774,40803.12306012736
30,28,1.9367532703275538,2.4877841165231356,2.5441818815833956,2.1512047677647423,1.9246315861720058,0.08624836091083972,1.0,1.0,0.5,1.0,0.8,86,3455.0542578820823,42938.57599087731
30,29,1.9335217186388425,2.4803887779434532,2.5355334349544627,2.164438069570288,1.8688839326663764,0.08609124422578243,1.0,1.0,0.5,1.0,0.8,88,3407.010161641316,41077.16274447243
30,30,1.9327711642344982,2.4897506390319943,2.5575802922771445,2.1818589671085027,1.8493246532209648,0.08609124422578249,1.0,1.0,0.5,1.0,0.8,90,3413.443804221576,40997.25013496359
30,31,2.3874785586776186,2.952392160751356,3.0322777187891354,2.655924994341497,2.312737555927975,1.0,1.0,1.0,0.5,1.0,0.8,93,5890.30635278106,346036184.36039203
30,32,2.3715644211357763,2.9317100368728317,3.0302169220369626,2.702553665723773,2.4505750137363997,1.0,1.0,1.0,0.5,1.0,0.8,95,2684.55601199629,22724663.80197475
30,33,2.371504295270481,2.920362248751209,3.0058440487284237,2.6952809675899907,2.301252387125807,1.0,1.0,1.0,0.5,1.0,0.8,96,2703.051245572537,22721082.481458507
30,34,2.367169454040555,2.918157828712938,3.0143437936796458,2.7049340758039655,2.3932480164696095,1.0,1.0,1.0,0.5,1.0,0.8,97,2636.271588282691,22722776.40130248
30,35,2.363792639735265,2.9296345242883275,3.0499493773778363,2.729641963358434,2.308521871536051,1.0,1.0,1.0,0.5,1.0,0.8,106,2709.8949628210157,22536790.63066258
30,36,2.357564520475743,2.907795823586559,3.024370616123571,2.7202334827644012,2.376068705014797,1.0,1.0,1.0,0.5,1.0,0.8,108,2726.906056789788,22528701.81612124
30,37,2.347575725081934,2.87893491498562,3.001648899865107,2.761030757204784,2.355970631632837,1.0,1.0,1.0,0.5,1.0,0.8,113,2597.9411796896625,22535313.11373236
30,38,2.346168320270377,2.872663071562015,2.994303009496843,2.7717107919140513,2.3218888525749772,1.0,1.0,1.0,0.5,1.0,0.8,115,2671.5721146722594,22508144.88329477
30,39,2.3434113608822558,2.8598516538492937,2.979297519419336,2.7667864040004693,2.3894963663379514,1.0,1.0,1.0,0.5,1.0,0.8,116,2629.619119807674,22529052.51609951
30,40,2.3430902113909813,2.8695120194660513,3.0016940435644575,2.7928731375896856,2.3053906962105497,1.0,1.0,1.0,0.5,1.0,0.8,118,3025.829432976675,22618779.34622841
30,41,2.343081011507513,2.8806720882451877,3.025847038186189,2.8080717890537485,2.3001031872229483,1.0,1.0,1.0,0.5,1.0,0.8,121,3020.8608347448726,22619095.736220676
30,42,2.3416845193470754,2.8738977792955653,3.0179125737144776,2.8150143260513376,2.3238396232623093,1.0,1.0,1.0,0.5,1.0,0.8,123,2858.136778841015,22611001.664262075
30,43,2.341444507777803,2.8726642683155656,3.0164677784877414,2.8186675474518097,2.3083488654861632,1.0,1.0,1.0,0.5,1.0,0.8,124,2845.959014129025,22612077.528623328
30,44,2.340199198023991,2.8663925958567535,3.0091220849670037,2.825836460810275,2.344033012109376,1.0,1.0,1.0,0.5,1.0,0.8,125,2838.1554761225366,22607843.68166712
30,45,2.3400489859075195,2.8768474348656197,3.032448976136962,2.840972096779039,2.3010802778290023,1.0,1.0,1.0,0.5,1.0,0.8,130,2834.679474318475,22631031.42059729
30,46,2.3399645699795126,2.8763803590517103,3.0319020024773913,2.8447246632341106,2.303040657198288,1.0,1.0,1.0,0.5,1.0,0.8,131,2835.198781031664,22630440.46205855
30,47,2.3389586491425707,2.8822885603610437,3.0499037087517493,2.852042575453697,2.3366887977147606,1.0,1.0,1.0,0.5,1.0,0.8,132,2899.0355195918432,22626166.934308257
30,48,2.33766621184448,2.875351834858268,3.0417790239538505,2.8552313247578374,2.3484387052408273,1.0,1.0,1.0,0.5,1.0,0.8,133,2845.8035885135587,22626178.440636385
30,49,2.3372038601993266,2.827999716198444,2.941990779399408,2.838803350216282,2.3177052390630344,1.0,1.0,1.0,0.5,1.0,0.8,134,2856.9985135146635,22632695.5563585
30,50,2.3369964589433527,2.849261923618915,2.9890576790810526,2.854249273278091,2.3080101863257054,1.0,1.0,1.0,0.5,1.0,0.8,135,2851.9325224453187,22633354.333743468
30,51,2.3362895191179227,2.822900862218191,2.9360186223009084,2.8495771679954176,2.32759981495147,1.0,1.0,1.0,0.5,1.0,0.8,136,2842.1173824786574,22639823.756258804
30,52,2.331997316039546,2.8197908416724973,2.9545393498861108,2.854748197839892,2.4790958721480765,1.0,1.0,1.0,0.5,1.0,0.8,137,3679.9861101282286,22576623.117369663
30,53,2.3319973224592734,2.830995190332967,2.978744377870611,2.8666585345581703,2.3000021581684686,1.0,1.0,1.0,0.5,1.0,0.8,139,3679.986343172094,22576623.10239788
30,54,2.331101934887328,2.825198629033326,2.971955106690703,2.866116935620978,2.320020195604404,1.0,1.0,1.0,0.5,1.0,0.8,141,3592.793176561124,22577178.400598407
30,55,2.3304094320737545,2.8318312081697234,2.9908053570348248,2.8851922479333805,2.3316962500236738,1.0,1.0,1.0,0.5,1.0,0.8,142,3567.299872434732,22580988.046088524
30,56,2.3299139581093673,2.8285225265348046,2.986929954169959,2.904486705490932,2.311539416789736,1.0,1.0,1.0,0.5,1.0,0.8,144,3591.7831601874977,22585316.59087813
30,57,2.3296129860521253,2.826494029268318,2.984554201375807,2.899901701621596,2.30708608161937,1.0,1.0,1.0,0.5,1.0,0.8,146,3554.5376809871,22579153.66770836
30,58,2.3370002589616305,2.8941425752341257,3.0859513463780255,2.9324050411919016,2.3200015775320466,1.0,1.0,1.0,0.5,1.0,0.8,155,3295.9801799802563,22513142.788513582
30,59,2.3410887167568113,2.938090784869445,3.1595893813095373,2.9601751546077937,2.4631625508531947,1.0,1.0,1.0,0.5,1.0,0.8,156,3385.591684094538,22515243.94017553
30,60,2.3418381698503192,2.941830297782202,3.1639693699999905,2.9719947556566293,2.328106376911159,1.0,1.0,1.0,0.5,1.0,0.8,159,3411.8289768963778,22521246.68179342
30,61,2.332926909382582,2.892778276187639,3.106516794834091,2.9713275742791083,2.315903878020518,1.0,1.0,1.0,0.5,1.0,0.8,160,3603.216097585224,22517281.304636776
30,62,2.34208048325121,2.954235845076834,3.1895812016386635,2.9797614767335343,2.311248300695593,1.0,1.0,1.0,0.5,1.0,0.8,161,3357.2526146280434,22526569.387736384
30,63,2.3461430283648745,2.9733871502006917,3.2120121741008756,2.9853444174128194,2.314123289447455,1.0,1.0,1.0,0.5,1.0,0.8,162,3472.027060656333,22491770.20375655
30,64,2.3456945472876045,2.960149175329951,3.185425422280594,2.9840759360599174,2.3264749001730625,1.0,1.0,1.0,0.5,1.0,0.8,163,3453.436470500617,22491483.228577934
30,65,2.3499244139880253,2.989855846760837,3.2313011975809802,2.9983344579849227,2.3244456578410695,1.0,1.0,1.0,0.5,1.0,0.8,165,3443.423732965229,22598605.550512068
30,66,2.337598937904147,2.931009252187174,3.162376873512734,3.0016191380661095,2.300591125252298,1.0,1.0,1.0,0.5,1.0,0.8,166,3691.200503313419,22512373.593414985
30,67,2.3391882079919677,2.939520392466779,3.172345494704736,3.0051834823738792,2.321814996724889,1.0,1.0,1.0,0.5,1.0,0.8,167,3800.45270338436,22508759.932300515
30,68,2.3355971168658236,2.908599358112686,3.1250473647956047,2.9983379880414525,2.359882928041934,1.0,1.0,1.0,0.5,1.0,0.8,168,3297.9705487119872,22499948.41639722
30,69,2.3381945877681147,2.9342353578271743,3.166155558626377,3.0238263046223706,2.304966485117041,1.0,1.0,1.0,0.5,1.0,0.8,171,3601.0321404549845,22530469.04949734
30,70,2.333762604646226,2.92022701560011,3.160829848804039,3.015002473173495,2.505596730644205,1.0,1.0,1.0,0.5,1.0,0.8,172,3578.111770517239,22504831.22175783
30,71,2.3332024421879765,2.928023181116255,3.1810428745722996,3.0350299951507758,2.3907228869364725,1.0,1.0,1.0,0.5,1.0,0.8,173,3554.6018960946008,22508811.42026361
30,72,2.332704078071556,2.91375035635474,3.1532440669171358,3.0336531931431674,2.3226294742744966,1.0,1.0,1.0,0.5,1.0,0.8,174,3546.4245551022177,22507503.575310804
30,73,2.3283879409854116,2.8852539446920344,3.1198674533743667,3.042585168298002,2.307213992711164,1.0,1.0,1.0,0.5,1.0,0.8,176,3506.531667083816,22492919.75915894
30,74,2.3326901129083497,2.9360723745257333,3.201552155867546,3.0502393231147593,2.3168582094733248,1.0,1.0,1.0,0.5,1.0,0.8,177,3557.7826970489623,22508723.463919204
30,75,2.3316650445655003,2.9072142013614783,3.145588535390101,3.0470921623646054,2.3562579745889005,1.0,1.0,1.0,0.5,1.0,0.8,178,3530.4175676146942,22509015.802989285
30,76,2.330527141201576,2.911034751586019,3.161145067309387,3.0772849783252996,2.302584371807093,1.0,1.0,1.0,0.5,1.0,0.8,182,3596.192318297848,22510493.976985488
