Run,Equation_Index,Hybrid_MSE_Train,Hybrid_AIC_Train,Hybrid_BIC_Train,Hybrid_MDL_Train,Hybrid_PSM_Train,Extrapolation_Divergence,Sensitivity_Interpolation,Sensitivity_Extrapolation,Lambda1,Lambda2,Lambda3,Complexity,MSE_Test_Interpolation,MSE_Test_Extrapolation
1,0,0.6431445611099564,0.9015169278652524,0.8356772624440771,0.0037126713552783843,0.0,0.0,0.0,0.0,0.4,0.0,0.2,1,6328.096169968375,6994.644494371916
1,1,0.6588162104357139,0.925323677024103,0.8587339531633201,0.03489268573808351,0.043480159202940474,0.07039654402387599,7.806692045648e-05,0.00013697358343827,0.4,0.0,0.2,3,5988.334115031348,7123.986898293119
1,2,0.6532532059263382,0.9324698447934003,0.8646621818968349,0.05081842166771152,0.09215245680206487,0.09060127439829212,0.0091878115898059,0.0310215930538905,0.4,0.0,0.2,4,5541.561691482352,7255.523004847028
1,3,0.5019308746266837,0.8829779016665006,0.8168793390354847,0.052565898461435605,0.5081404388481554,0.08608014532280392,0.037754940592171035,0.06624354432282525,0.4,0.0,0.2,5,3183.3390862262377,5428.108192069795
1,4,0.41224547195927247,0.8427965271466076,0.7658027603610733,0.07478426733295841,0.2932869085639503,0.08715372352446393,0.07156351571980772,0.18128746361430143,0.4,0.0,0.2,7,2916.637912065059,4295.217858363379
1,5,0.3863300704492345,0.8277257773473636,0.7466991077859615,0.08622689698727767,0.1618855251098725,0.08522860632137344,0.09713264237214611,0.22752654699670752,0.4,0.0,0.2,9,3479.8286901760102,5252.9572115475
1,6,0.3775043818412863,0.8216859460988725,0.7393254405770726,0.09277297595830464,0.10848921630819613,0.08686426714277859,0.0968575963716137,0.23299842961378703,0.4,0.0,0.2,11,1969.510719611833,14168.621696157705
1,7,0.3830162824681699,0.8527136670675712,0.7946225872186906,0.1372157209707543,0.13538996094223826,0.06961382854085116,0.23883351986287438,0.36115469805302175,0.4,0.0,0.2,13,6025.922933094537,2837.234247564664
1,8,0.3485388964600301,0.8255610795051896,0.7576349077520123,0.16910703861083676,0.33094013788209675,0.08778278626872223,0.27264209499051156,0.4761986173444971,0.4,0.0,0.2,15,6104.772428213506,2931.9946852391963
1,9,0.3201792166121224,0.7951592277001638,0.7223505209848792,0.1716587632301948,0.22798588045350132,0.09448723930713147,0.26337116270245664,0.4533308964731929,0.4,0.0,0.2,17,4136.610689480518,2444.241596441336
1,10,0.31895867941353206,0.7937611519462331,0.7207214850832405,0.1787273217054087,0.1331222990215078,0.09429890356130172,0.26343557522825506,0.4534608954469112,0.4,0.0,0.2,19,4022.337182298674,2484.484196781635
1,11,0.3187754121365599,0.7935204611163658,0.7204081406308036,0.18744122484865033,0.1315546221746405,0.09464086037260197,0.26402235638299854,0.45369349110560425,0.4,0.0,0.2,20,4098.875606357978,2602.981852046018
1,12,0.28791640261927315,0.770348425941326,0.7067013059703282,0.17066374497537823,0.2598092393918312,0.06694121964413095,0.2873928818921837,0.4404299922096942,0.4,0.0,0.2,21,8243.15895072625,2891.007060490753
1,13,0.27905288672764056,0.7567762888703682,0.6898847566190076,0.1801152143570724,0.18604446150710668,0.06452042684996505,0.3032352200695383,0.47213308106612695,0.4,0.0,0.2,23,5804.317986028517,2561.1076596304165
1,14,0.2687226819726202,0.7515652076684352,0.694271711765788,0.18940993606994372,0.19315312878627217,0.06725936895691631,0.31844474219427477,0.48391714039247463,0.4,0.0,0.2,25,8550.443150440198,2987.713378159697
1,15,0.24596187678181547,0.7294302254162807,0.6722026408993889,0.17173399941256795,0.10369867026779193,0.060032704332071564,0.26990157682873117,0.3857679303426527,0.4,0.0,0.2,26,8506.460303215252,2599.891414294479
1,16,0.2508469827578644,0.7371630485485673,0.6892769142452898,0.195465201613084,0.19094358958013113,0.06737390496356062,0.30183062177700204,0.4605595263351671,0.4,0.0,0.2,28,7899.006476560658,3458.1028734563743
1,17,0.23612971559608004,0.7078668834570325,0.6455618269739962,0.18798402765473693,0.16711492157642202,0.06046706269023414,0.2734049812220929,0.42532778530865817,0.4,0.0,0.2,29,7307.2914297927155,3450.47873264765
1,18,0.24252658595887283,0.7236420369632155,0.6736002762014265,0.20308173946793,0.14817633291422144,0.06317868308554267,0.30292491595919196,0.464279616863368,0.4,0.0,0.2,30,7444.055630945647,2903.1022254951195
1,19,0.23496616462101752,0.7107007828218417,0.6585866137091502,0.20923792760165189,0.15954700591423387,0.059957544601741644,0.30439906100111386,0.4665226277653679,0.4,0.0,0.2,32,7690.131884198636,2902.542296279419
1,20,0.24193586314089865,0.7051402860042851,0.6395338740070213,0.22072445021455275,0.14589826893309693,0.06146520355142734,0.3079024653944759,0.5060824827313732,0.4,0.0,0.2,33,6782.236656136689,3256.3461289250727
1,21,0.39952913448785965,0.8688145763646342,0.8143777890084531,0.38429606833228536,0.36358888420926905,0.22240865263609472,0.5216388325064656,1.0,0.4,0.0,0.2,34,10116.158741711388,9425.6006087327
1,22,0.38434093333539043,0.8602558343344093,0.8172213575138354,0.38133261401972657,0.3118933091233033,0.1963333460057572,0.425783951770111,1.0,0.4,0.0,0.2,36,8498.607852504074,6007.443138355504
1,23,0.7027309278512202,1.1526926741158876,1.082523154846432,0.711848976221295,0.6223555040785071,1.0,0.6259944782907843,1.0,0.4,0.0,0.2,38,8595.839919872722,3256.0590994238555
1,24,0.24358084263537802,0.7328206609362693,0.722502381118928,0.2890921890955146,0.1841991486615551,0.08233903764238659,0.6439025311091745,0.6062551446450517,0.4,0.0,0.2,45,9570.20142699098,3727.4786944710913
1,25,0.24329609740378016,0.7314241424575066,0.7207817170206954,0.29612787305209853,0.16129410963496482,0.08248298454782312,0.646395552951412,0.6084484145454109,0.4,0.0,0.2,47,9561.31839213575,3748.201384023275
1,26,0.243196525636111,0.7309149829828151,0.7201536943213842,0.3084951071665312,0.1572907885292929,0.082925847906852,0.6464378603936549,0.6084874757475894,0.4,0.0,0.2,49,9705.557712532089,3583.84311730946
1,27,0.2417340750445215,0.7380342345332586,0.7395178098813253,0.31738129417447114,0.17060432519722307,0.08360309937819582,0.6467277158083763,0.60876792929279,0.4,0.0,0.2,51,9633.119897299764,3832.613140724848
1,28,0.30776051725439213,0.7529238647257004,0.7105861938880118,0.41546820241162713,0.2646008312979885,0.07960217787318763,1.0,1.0,0.4,0.0,0.2,57,11337.079588677689,2807.411987883761
1,29,0.29857848474904986,0.724082400881729,0.6767054951042855,0.43651017569907413,0.27352672716835735,0.08106124930614911,1.0,1.0,0.4,0.0,0.2,62,10611.275908947067,3156.212082844278
1,30,0.28450648425071173,0.7075545980415072,0.6595650220774176,0.45100128286205293,0.22310956024755996,0.04868662016451417,1.0,1.0,0.4,0.0,0.2,69,15390.119064109016,5234.998447289922
1,31,0.2837256344013009,0.7161416466891117,0.680704281072464,0.4605188302790012,0.2284500157905433,0.04868662016451417,1.0,1.0,0.4,0.0,0.2,71,15325.56946086114,5317.958188428599
1,32,0.2798840057538974,0.7034992662840232,0.6659285438372309,0.459823184201291,0.3061958535024139,0.048223615806930534,1.0,1.0,0.4,0.0,0.2,72,14354.33883738282,5603.154041790418
1,33,0.27708057373278716,0.7061702378194881,0.6802341060754167,0.46771113090602573,0.2746017139745597,0.04682894195388049,1.0,1.0,0.4,0.0,0.2,73,14033.516645459458,5768.7992379947145
1,34,0.276134966848102,0.6769836759843575,0.6236783803141822,0.45260687553662354,0.2755467658396784,0.04985681517443951,1.0,1.0,0.4,0.0,0.2,74,14199.007979697251,5958.761703516523
1,35,0.2730531455710262,0.6618031101951096,0.6057102681348989,0.46847746817324537,0.27788427682544825,0.05259758585790013,1.0,1.0,0.4,0.0,0.2,76,13608.983603749535,10557.362024724212
1,36,0.27223970796669866,0.6662773100113232,0.6218461377103304,0.47935671988249834,0.24942529781134504,0.05531690885933398,1.0,1.0,0.4,0.0,0.2,78,15295.48919162837,10769.357200950337
1,37,0.27112999592417936,0.6628725345887896,0.617925972498848,0.48869858163231855,0.23224209548892322,0.05432870342182962,1.0,1.0,0.4,0.0,0.2,80,14951.993003528318,10700.82117029474
1,38,0.26958006404059265,0.662535127760834,0.6283626491095331,0.4990405963753479,0.2690719851961747,0.05797600404662551,1.0,1.0,0.4,0.0,0.2,82,16003.337898775764,10502.06654939472
1,39,0.267183250543802,0.6546770710953775,0.6193135735323563,0.5117536948777234,0.23418906571375597,0.05571669957406722,1.0,1.0,0.4,0.0,0.2,86,15231.715914005686,10844.247982604322
1,40,0.27127044257095906,0.6920191976253116,0.6955792480706706,0.6307938761246357,0.2266107389090366,0.0661805909372731,1.0,1.0,0.4,0.0,0.2,109,8794.23912938791,6105.388259922191
1,41,0.2653247234478448,0.6769633525187759,0.6891554701955257,0.6313969251171574,0.3148635018692494,0.06430040164345995,1.0,1.0,0.4,0.0,0.2,111,7629.1723900761235,4026.613259309728
1,42,0.2608802583253088,0.6521011371019303,0.6600203839701053,0.6438433415873068,0.31287624229436595,0.06452051292783784,1.0,1.0,0.4,0.0,0.2,113,8002.092321554922,5975.318973310629
1,43,0.2574966204225563,0.6324251929019601,0.6370044830532334,0.6456747482317227,0.2937390976928322,0.06408639203656533,1.0,1.0,0.4,0.0,0.2,115,7821.334746314828,5828.936375085071
1,44,0.25997052583524144,0.6315516510091139,0.6354512429944139,0.6668705636880532,0.2426304789978399,0.07182533387814435,1.0,1.0,0.4,0.0,0.2,117,7785.010282005525,5780.627814053751
1,45,0.2564362824117084,0.6166203893067383,0.6074807543488172,0.6559607164036843,0.22673474122968518,0.0630730899135597,1.0,1.0,0.4,0.0,0.2,118,7717.383181209467,6380.580817986641
1,46,0.2594107811282383,0.6394224598495012,0.655761673487219,0.6740074127057769,0.249960065830523,0.07167941566676861,1.0,1.0,0.4,0.0,0.2,119,7759.938739131021,5795.820228316348
1,47,0.2581964802649045,0.633855256237474,0.6493166577072753,0.6768158868351881,0.24613349778208032,0.07057650009246734,1.0,1.0,0.4,0.0,0.2,121,7632.205486952586,5949.759447132623
1,48,0.2540044218220991,0.5919251056200849,0.5783209535927332,0.6657603753712806,0.28911366037177255,0.06650794194549045,1.0,1.0,0.4,0.0,0.2,123,7984.945537069683,4988.933585259872
1,49,0.2510906560418503,0.5775671211596791,0.5725055196617979,0.6751656198075107,0.4088700766513094,0.06767943010790248,1.0,1.0,0.4,0.0,0.2,124,7757.031193723972,4877.755047992804
1,50,0.25044976870316826,0.5700468097595162,0.5636458899220379,0.6932036338218259,0.24102110910061447,0.06843061272326284,1.0,1.0,0.4,0.0,0.2,128,7674.260760413978,4803.362045408829
1,51,0.2500067343640361,0.5664821523984123,0.5594753786232682,0.7002361657061897,0.23970867512108007,0.06836212322771083,1.0,1.0,0.4,0.0,0.2,130,7676.614758570559,4894.02812137863
1,52,0.24873432504374776,0.5465846779375934,0.5251424415284995,0.6986072838395818,0.2855718938058618,0.06757676996377623,1.0,1.0,0.4,0.0,0.2,131,7554.579755984851,5012.347098535693
1,53,0.24666505912639386,0.5453894100189844,0.534961368345281,0.7083593327641875,0.307218025129696,0.06557378478572251,1.0,1.0,0.4,0.0,0.2,132,7246.870320325116,4989.657187308454
1,54,0.24663541125498098,0.5626634761959064,0.5772591050592396,0.7621360124561396,0.23180872024062465,0.06700763818009595,1.0,1.0,0.4,0.0,0.2,140,7171.091917643597,5046.858925735816
1,55,0.24445488909269314,0.529451938807298,0.538167342435333,0.7676377459269954,0.3477170256060515,0.06981466081407822,1.0,1.0,0.4,0.0,0.2,142,7368.542247943496,5114.297166473772
1,56,0.24180704653906843,0.5245809787232563,0.5328786630190581,0.7725302013031985,0.23401403367109266,0.06373557476289321,1.0,1.0,0.4,0.0,0.2,144,7183.940876443232,5121.394111190539
1,57,0.2397908123566248,0.5068234638445159,0.5012694509947999,0.7698773766177691,0.25862932788257625,0.059778380357397506,1.0,1.0,0.4,0.0,0.2,145,7074.605981784121,5348.290620038972
1,58,0.24061578914760676,0.5255181237105057,0.5451154972110437,0.8059358530791381,0.24248694043978536,0.0628984920850703,1.0,1.0,0.4,0.0,0.2,147,7091.73830598036,4486.718238857771
1,59,0.24088716224053375,0.5078871892228713,0.5132332155991393,0.7828136052947259,0.27706326405316206,0.06509234962337605,1.0,1.0,0.4,0.0,0.2,148,7247.753862140467,4587.507250188146
1,60,0.23979613752843856,0.506660991562854,0.5119818199258418,0.8005938289620163,0.2260043263968739,0.06239528460180134,1.0,1.0,0.4,0.0,0.2,149,7046.621428978373,4463.946306758511
1,61,0.2397961375545899,0.5178653402189801,0.5361865854426304,0.8240554624208098,0.224958857629074,0.06239528459094292,1.0,1.0,0.4,0.0,0.2,151,7046.6214272483685,4463.946310591512
1,62,0.2397291282299827,0.5052577006129918,0.510329368243106,0.8239694735494931,0.230073853236178,0.06252262354588475,1.0,1.0,0.4,0.0,0.2,153,7013.100858046007,4577.646807804758
1,63,0.2433019967413695,0.5310474046428169,0.5620844318420384,0.8243644175816613,0.2288893577514524,0.07149701034810027,1.0,1.0,0.4,0.0,0.2,158,7273.6438554753795,5096.966572995997
1,64,0.23986623022835432,0.5593058577336122,0.628986900590645,0.879820747205236,0.22898635205375112,0.0633292284215678,1.0,1.0,0.4,0.0,0.2,162,7100.963396002274,4761.276312501997
1,65,0.23822361936789221,0.5144299555450143,0.5542485297949007,0.8656028253307204,0.383129105346594,0.06353044549611919,1.0,1.0,0.4,0.0,0.2,163,7590.362047498338,5064.942779711408
1,66,0.24186750611559005,0.511288329220847,0.5498559990898595,0.8729300577250747,0.2803106385695497,0.07393627437993688,1.0,1.0,0.4,0.0,0.2,164,7203.502157687723,12532.060298691727
1,67,0.23387904144214425,0.5001533787555401,0.5490831160224026,0.876867800404824,0.3313566323112092,0.056604684733787644,1.0,1.0,0.4,0.0,0.2,165,7494.16673011415,5050.91683520646
1,68,0.2317518206470847,0.4411744446832282,0.4687985091596542,0.8723978521559719,0.39217136025672744,0.05840662177725566,1.0,1.0,0.4,0.0,0.2,167,7345.127736500493,5182.024878802625
1,69,0.2317201101150742,0.4517752876251391,0.4922964608299121,0.8924211224367147,0.2254609007200848,0.05840662177725566,1.0,1.0,0.4,0.0,0.2,169,7353.495522995616,5132.485865631728
1,70,0.2319850562440029,0.44869633076005006,0.48861328427539846,0.7995507716587118,0.2320251970302047,0.059529730686696036,1.0,1.0,0.4,0.0,0.2,172,7264.301896217085,5222.239452338032
1,71,0.231650380951114,0.4225974199256114,0.4688674798546415,0.9243149335810676,0.2592119317271998,0.06331077092664164,1.0,1.0,0.4,0.0,0.2,180,7199.769859332659,4715.554768224953
1,72,0.23171460308040326,0.41331048754548555,0.45790796006715745,0.9354496260455207,0.23944846439084383,0.0645127687429058,1.0,1.0,0.4,0.0,0.2,185,7331.818470948148,5279.939057356641
1,73,0.23215929928642604,0.4349551685598364,0.5053375779754937,0.9729974757672688,0.2292494862301776,0.0657561735794989,1.0,1.0,0.4,0.0,0.2,188,7319.36226005884,4791.621246208718
1,74,0.2321224433976101,0.44526562780118895,0.5284953771204146,0.9935301040019324,0.23251621978429612,0.06575617357949884,1.0,1.0,0.4,0.0,0.2,189,7322.175100045131,4779.686534309889
1,75,0.23133149954082605,0.42045285690881773,0.47739357658088105,0.9631156896376967,0.22949605306451493,0.06395193725961305,1.0,1.0,0.4,0.0,0.2,192,7393.492532911425,5193.092420886734
1,76,0.2309101018471805,0.47480134372776517,0.5965211854516999,1.0284983115874704,0.2267312992671549,0.0630318728275549,1.0,1.0,0.4,0.0,0.2,198,7226.576534675088,4578.492355489445
2,0,0.6561914119546178,0.9059938119293248,0.8409208212321314,0.004125318391028411,0.0,0.0,0.0,0.0,0.4,0.0,0.2,1,5838.701153768161,7738.23237532027
2,1,0.6775240318305304,0.9369440736637203,0.8710090708678733,0.043041511416963156,0.05356080233508985,0.08987579566720164,7.440955467995e-05,0.00016658966063781,0.4,0.0,0.2,3,5679.354008972681,7642.945016623757
2,2,0.6843069070053301,0.9580123698910371,0.8907398503325926,0.07352071783256567,0.11941794962919854,0.10800611807934957,0.022430491372228557,0.10829834911869689,0.4,0.0,0.2,4,5822.3512821982295,7059.985935587387
2,3,0.4927084416697933,0.8859767871107824,0.8177576737181296,0.06680753723257558,0.6318517337025138,0.11081320709110401,0.04184456055100686,0.09368247359772808,0.4,0.0,0.2,5,3265.6686866489363,5723.367621327269
2,4,0.3833531894620588,0.8222928264054206,0.7423049848277607,0.07016170232592828,0.30810350032545447,0.09269950465145495,0.06982152941436194,0.15508742208952878,0.4,0.0,0.2,7,3422.9398909841925,4470.444789811565
2,5,0.38238310656628693,0.8234157548993127,0.7425442166831602,0.07597011877267304,0.11041416109993224,0.092769407207143,0.0839029857381175,0.1863651207998679,0.4,0.0,0.2,8,3308.572999901912,4317.147880922094
2,6,0.350872656568297,0.7984731950928097,0.7142875609097635,0.07374070795431584,0.20478417637549015,0.0798262452495069,0.09860879068103881,0.18429787981164142,0.4,0.0,0.2,9,3711.3224161299695,5367.1042281542495
2,7,0.32119543983916354,0.774351219436203,0.6851460520971071,0.08173134589414788,0.17589104607336956,0.08140792003490817,0.1124634629000862,0.20707310786791014,0.4,0.0,0.2,11,2222.7458937491347,3841.525569583164
2,8,0.3024718796756135,0.7680655096671398,0.6893146116537845,0.09514426400690176,0.12331628020237755,0.08356045644473827,0.12136579184594738,0.18966349269446764,0.4,0.0,0.2,13,3977.2989680676897,5390.264802338143
2,9,0.30120670649929754,0.7892547865134633,0.7363455874488246,0.09413776572877064,0.07759309884290409,0.08325758661285053,0.11780200074390837,0.18882322717309408,0.4,0.0,0.2,14,3951.22130659503,5383.738381026376
2,10,0.28408026351666615,0.7496573287184582,0.6673477366384903,0.10220190388596292,0.2122638039650375,0.07944906618529561,0.12378457229537196,0.2097423826980624,0.4,0.0,0.2,15,2412.391741205386,3719.8436869287216
2,11,0.2733177942117444,0.7498152280234541,0.6796227462246744,0.10265901206469855,0.08589056015381101,0.08368912747922702,0.10659891401518524,0.17182432644544615,0.4,0.0,0.2,17,2404.84210360047,3605.822586671703
2,12,0.2741946450774675,0.7389488312548409,0.6546362057357158,0.11004398129181475,0.09751615394764693,0.08199535994495186,0.13903499668220604,0.2095917990031894,0.4,0.0,0.2,19,2507.9352284913634,3524.590880666465
2,13,0.27036914894337905,0.734638737595202,0.649526732652356,0.11525715786060411,0.0913728329302843,0.08261733854372025,0.13930369721726027,0.21013406772367701,0.4,0.0,0.2,21,2471.6344169475096,3488.071957367991
2,14,0.28630350775112046,0.7496131171329947,0.6631980619711817,0.14162303006333915,0.1509153836819121,0.08237214244063953,0.15002077831720353,0.32354115295898656,0.4,0.0,0.2,22,2476.5015324475303,3379.5327743978405
2,15,0.4331069610556638,0.9067272494745233,0.8317274264801173,0.3088546998826123,0.3224914080497132,0.1320589724752152,0.4059552787674793,1.0,0.4,0.0,0.2,23,3163.516237224464,2497.270088632175
2,16,0.32620924623205366,0.7926593828896509,0.7127231533482279,0.22562668967141014,0.36385418417663257,0.08826810372169766,0.2133817098728353,0.6613640152590818,0.4,0.0,0.2,24,2841.904738382148,2637.568694535067
2,17,0.28413393574586954,0.7607613751222092,0.6930994217288249,0.203670992978293,0.1365549850183101,0.07088899543081147,0.2330757333005863,0.5018143581274265,0.4,0.0,0.2,28,2713.028640665136,2485.992274421532
2,18,0.3844246892646884,0.8599649780192089,0.7917793378180382,0.30973167974160964,0.23586279043303632,0.07744859021080816,1.0,1.0,0.4,0.0,0.2,32,4030.9493324238647,33556.47141927933
2,19,0.38177216334521824,0.8560567315812118,0.7871689562569417,0.31756303255989293,0.24549107832898587,0.07792902309167173,1.0,1.0,0.4,0.0,0.2,34,3973.5001121817086,33517.26489323686
2,20,0.38425301629172554,0.8469552230680666,0.76486102195373,0.319437933008591,0.24287717464385208,0.08619253934124506,0.9567736305862423,1.0,0.4,0.0,0.2,35,4223.553397680983,34281.40490846838
2,21,0.35985035216326217,0.8341878492706902,0.7729472864918951,0.3108346011700345,0.43987354770439535,0.07339309762582356,1.0,1.0,0.4,0.0,0.2,36,4675.282416450754,34915.3529570833
2,22,0.21051887216537857,0.7063928671585351,0.6708060535381931,0.18148633201513498,0.09475546093405648,0.06746812598937284,0.43585113293807654,0.27097488726382823,0.4,0.0,0.2,37,2685.5275428844543,73938.55654988304
2,23,0.35445742107787065,0.8246686893138153,0.7617262028193048,0.32522810877257047,0.28562942480129905,0.07443937401030509,1.0,1.0,0.4,0.0,0.2,38,4577.232328521272,35064.89364758703
2,24,0.18736591718704426,0.6690525918421872,0.6372746385725048,0.19136940185083012,0.40531580238279197,0.05691542163697971,0.4194149162655371,0.3177163372115793,0.4,0.0,0.2,39,2594.7879216299057,72572.1165400867
2,25,0.18437920497585836,0.6674739516196914,0.6456554855661761,0.221617098432495,0.13262350659027644,0.06410946614361326,0.41797892734947534,0.3281995948006084,0.4,0.0,0.2,42,2488.113016332871,71590.6655486162
2,26,0.1817195921769923,0.6724096078393194,0.6625170060794972,0.23649235052415424,0.11320262394124962,0.06410379348965356,0.42565930150390996,0.328241227029731,0.4,0.0,0.2,44,2487.602592966964,71614.78090974892
2,27,0.1812511716569201,0.6702513572127317,0.6598630554153078,0.24585283715400907,0.10213400720946719,0.0658660730664199,0.4257355377134543,0.32839843927713475,0.4,0.0,0.2,46,2480.6247901608804,71594.91460552523
2,28,0.31188672933497213,0.7778695916035843,0.7413019126349127,0.3522793292705792,0.2267587816405902,0.05773641577870061,1.0,1.0,0.4,0.0,0.2,48,2849.525556613854,73658.33500605848
2,29,0.3091944220423826,0.7659844376080767,0.7367537602598484,0.36484233543286226,0.34874390130075117,0.08268866846146775,1.0,1.0,0.4,0.0,0.2,50,9096.307823044408,73754.23964648621
2,30,0.3073652714599747,0.7453246039167862,0.7011016860040975,0.36916153475773406,0.31606534002460873,0.0881255107827065,1.0,1.0,0.4,0.0,0.2,51,8874.280145222074,69589.23079450181
2,31,0.29613724787677376,0.7364050546293317,0.7029175533367675,0.37978432884534474,0.27453816240716966,0.07088121166298945,1.0,1.0,0.4,0.0,0.2,53,3344.211042149912,68579.50942928165
2,32,0.295770454652455,0.7471826167542335,0.7266804967027141,0.4010855942183128,0.22816819355115187,0.07003436249479085,1.0,1.0,0.4,0.0,0.2,57,3292.935022500229,68550.63127579037
2,33,0.2915992384186949,0.74258649869496,0.7322148526756218,0.39791863860957266,0.25823698336288164,0.07243324711309519,1.0,1.0,0.4,0.0,0.2,61,3394.26992006475,66401.96876135639
2,34,0.2930446666918115,0.7541786837522195,0.7565471358907787,0.43120547088498,0.23363437151993394,0.07720424027281844,1.0,1.0,0.4,0.0,0.2,65,3701.081801660081,73355.38597299662
2,35,0.2921612711964511,0.762297972675974,0.7771385025536968,0.45082318688148226,0.2521003125858126,0.07720424014589602,1.0,1.0,0.4,0.0,0.2,66,3701.42957399811,73129.19939039978
2,36,0.29210598344238414,0.7504698846940556,0.7521735189898588,0.4474522993647457,0.23659159105596655,0.07763748650227417,1.0,1.0,0.4,0.0,0.2,67,3506.7603616884016,73137.97690208197
2,37,0.2913490267677149,0.7486752825506817,0.7501296146675858,0.45738712342343013,0.24089243366424773,0.07678996675843446,1.0,1.0,0.4,0.0,0.2,68,3674.472907995848,73140.01507713055
2,38,0.2894534826657505,0.7548384618579098,0.7685397063562875,0.4555704445748561,0.261025715670576,0.07518777296758442,1.0,1.0,0.4,0.0,0.2,69,3554.980852301948,73064.86697364012
2,39,0.2891847611311258,0.741542644458657,0.7418129189948803,0.4743075575042058,0.23626650472827543,0.07624333949170745,1.0,1.0,0.4,0.0,0.2,72,4112.44290661466,74179.25608750251
2,40,0.43040729722031695,0.8646482094763412,0.8711089403621795,0.6582307174317511,0.5261895591223533,0.45540941550988867,1.0,1.0,0.4,0.0,0.2,74,5212.475070874376,75893.58212431768
2,41,0.2807353213401743,0.7101154721596408,0.7155715550772825,0.5197553466390885,0.23862147581184692,0.08374335955588665,1.0,1.0,0.4,0.0,0.2,80,2439.830679658377,75489.43024457147
2,42,0.2688761757469197,0.6860805584705582,0.7207415860837332,0.5436055339298793,0.6324833507363654,0.08263337249093297,1.0,1.0,0.4,0.0,0.2,81,6681637.407857104,74893.45208641599
2,43,0.27096704607631494,0.6747276427277821,0.6959217687337074,0.550562941749343,0.25504489670258784,0.08907020024615815,1.0,1.0,0.4,0.0,0.2,82,950661.1128519996,75152.64498545209
2,44,0.267362405649079,0.6789671398314376,0.7124692976628708,0.5537992278801455,0.2605716880853949,0.08176978402385375,1.0,1.0,0.4,0.0,0.2,83,6680877.475840451,74746.83405837962
2,45,0.26801011850470113,0.6641050960533765,0.6837174972560032,0.5527542210654672,0.27107824725320384,0.08560391106275891,1.0,1.0,0.4,0.0,0.2,84,2681.695823903238,75105.95861204722
2,46,0.26446946832995233,0.6596589536098043,0.679088069368238,0.5588246198735742,0.23779238882087578,0.07716415396103565,1.0,1.0,0.4,0.0,0.2,85,9676251.350520618,75125.36271415232
2,47,0.26617160777197724,0.6363089294564042,0.6399161071924441,0.5667333719085967,0.3503367361118403,0.08798709346042459,1.0,1.0,0.4,0.0,0.2,86,950056.7976171154,74666.09980230831
2,48,0.2653687141041418,0.6325627416390633,0.63557477318652,0.5734719799413688,0.24711316578413794,0.08730962727482103,1.0,1.0,0.4,0.0,0.2,88,949804.4181689952,74526.30189070952
2,49,0.2611393268319448,0.6427643450498237,0.6701739839726188,0.5826620625293633,0.26473442736280717,0.08019910969262015,1.0,1.0,0.4,0.0,0.2,90,2699.4078550967006,74879.80795714425
2,50,0.2614069122912229,0.59760473611864,0.5836588747406476,0.5642902701911825,0.2534519220186438,0.08569534343359007,1.0,1.0,0.4,0.0,0.2,95,2513.367836625521,75113.4723738186
2,51,0.26437312904140037,0.6351438613256083,0.6711763663833028,0.6207774458535612,0.28015620155667387,0.09704409568884134,1.0,1.0,0.4,0.0,0.2,97,5609.320492903253,77463.21046028374
2,52,0.25832144000020557,0.5778909417164484,0.560668845189308,0.5762313885087283,0.259166248804004,0.08423569374000756,1.0,1.0,0.4,0.0,0.2,99,2614.774086191652,74712.69217940285
2,53,0.2572648674272812,0.5762986655274331,0.5697883700899115,0.5898908443630757,0.2653704584997496,0.08565620848377595,1.0,1.0,0.4,0.0,0.2,102,2382.768261466481,74874.91915818918
2,54,0.25583561707568,0.5681220812314169,0.5603045870655095,0.5995440113848862,0.2603775511082907,0.08429698309130476,1.0,1.0,0.4,0.0,0.2,104,2398.275584458532,74528.18212124801
2,55,0.2557271120101015,0.5668401592971172,0.5587958396425452,0.6031018393590962,0.24303923535640737,0.08440333887997012,1.0,1.0,0.4,0.0,0.2,105,2438.267900826192,80794.21457298148
2,56,0.2554747604448247,0.562579888319698,0.5537624641151483,0.61020207283468,0.26551275133664065,0.08503804740867524,1.0,1.0,0.4,0.0,0.2,106,2372.464547872782,74356.2972457294
2,57,0.2546496416116418,0.5692668951692499,0.5727390933251579,0.6277263505250525,0.2433427228114901,0.08412140097994113,1.0,1.0,0.4,0.0,0.2,109,2968.076084815394,74585.50985456108
2,58,0.2458703061338774,0.6068742250354064,0.6843684889184192,0.689609620515283,0.3084012373929864,0.0681909851643322,1.0,1.0,0.4,0.0,0.2,111,4843.193891814075,75563.95482756609
2,59,0.24548184799358921,0.6014620724513879,0.6780037481597727,0.7004362246234217,0.24686057256159682,0.06857072665789023,1.0,1.0,0.4,0.0,0.2,113,4865.931158309728,75239.47402128117
2,60,0.2453298994138045,0.6001728158733427,0.6764990985586811,0.7079411990821742,0.23178847590727703,0.0684916277522367,1.0,1.0,0.4,0.0,0.2,115,4916.585579188118,75237.69238983572
2,61,0.25221130829826083,0.5891054741498674,0.6511564919839525,0.6918809149679401,0.2869600772107521,0.08744067090634529,1.0,1.0,0.4,0.0,0.2,116,5057.915012398112,75787.74298328624
2,62,0.2497422715354342,0.5570146698040342,0.5917062322488341,0.667357069303586,0.2886578462818392,0.08306603707212976,1.0,1.0,0.4,0.0,0.2,117,2964.970808526802,75260.6515654718
2,63,0.2510801702884774,0.5862807054363814,0.6589064605503001,0.7018162525917695,0.27860741870000255,0.08777896017866735,1.0,1.0,0.4,0.0,0.2,118,4971.4795044300645,75466.68633406424
2,64,0.24830759436111627,0.556044247712806,0.6017222787681629,0.6771376772511651,0.27143932531935167,0.08202992560946495,1.0,1.0,0.4,0.0,0.2,119,2535.717940033686,74631.80297629799
2,65,0.24967749118651433,0.5297055624461582,0.5593067794224473,0.681802687809894,0.3610933905262578,0.0891014062169059,1.0,1.0,0.4,0.0,0.2,120,2960.972868992433,74789.27918339072
2,66,0.24687111539441503,0.5325167934834718,0.5740817771223247,0.6936832795939687,0.24743972071822468,0.08325327044099964,1.0,1.0,0.4,0.0,0.2,123,2921.0930000625776,75058.3916193453
2,67,0.2465143090460149,0.5422169195605634,0.5965700402371135,0.7661555120541306,0.23381637390756632,0.08259401532381629,1.0,1.0,0.4,0.0,0.2,134,4808.860118395226,74418.82903341699
2,68,0.2466505069508046,0.538380796042202,0.5919984141591854,0.7700469866284227,0.2635322564314906,0.0837385858673733,1.0,1.0,0.4,0.0,0.2,135,4808.82696008037,74417.38900435601
2,69,0.24745328733024002,0.5424574790307696,0.607611240911755,0.7823238462061677,0.2945371183292562,0.08729643196644912,1.0,1.0,0.4,0.0,0.2,136,4859.9261495022565,74317.78085059187
2,70,0.2475464770965623,0.5529040104296827,0.6309015704779171,0.78630088757766,0.24147933403957753,0.08769238962400001,1.0,1.0,0.4,0.0,0.2,137,4892.818809504688,74324.21658328906
2,71,0.24546056736917532,0.5385424996710135,0.6033409937155638,0.7599642388269754,0.24167334971733304,0.08269520055642912,1.0,1.0,0.4,0.0,0.2,138,4899.507087976309,75262.6170854931
2,72,0.2447339839110339,0.5420768996154961,0.6185989473129438,0.7628041137026336,0.284594469375461,0.08216446683249924,1.0,1.0,0.4,0.0,0.2,139,4866.736872625312,75391.30036775631
2,73,0.24366633402538423,0.5139948539375785,0.5746183444777957,0.7650307324170325,0.3509603442086603,0.08227631708942333,1.0,1.0,0.4,0.0,0.2,140,4424.52551157184,74681.05185426943
2,74,0.24366268307613073,0.5331282559724283,0.6191548301036509,0.784887253963537,0.2453137544130892,0.08281583154627345,1.0,1.0,0.4,0.0,0.2,142,4361.071410090803,74810.32237773904
2,75,0.24258742746693193,0.5222068195060409,0.6064377667951171,0.7910871999562314,0.26930944805072676,0.08172498982328011,1.0,1.0,0.4,0.0,0.2,144,4299.472567426103,74551.85827211376
2,76,0.2437134610220274,0.5778090066933946,0.7377257822290855,0.9414287242668979,0.24509865547311346,0.08649403143453543,1.0,1.0,0.4,0.0,0.2,153,87668.50809929523,74483.38474204946
2,77,0.24317614105061602,0.5697699923787403,0.7283272283184425,0.9484418525431833,0.26222274573389515,0.08624337103123446,1.0,1.0,0.4,0.0,0.2,155,87553.6134098535,74257.50187585162
2,78,0.23995686305086886,0.5532003153595719,0.6983684233355255,0.9267719453288674,0.24740609222686835,0.07850351678331675,1.0,1.0,0.4,0.0,0.2,156,5713.832377413076,86091.90680029233
2,79,0.24142637160762032,0.5532685204563771,0.7091601587299936,0.9316166608974463,0.27991294492869045,0.0839021328889337,1.0,1.0,0.4,0.0,0.2,158,5507.253432457396,78137.2680493107
2,80,0.2386063937896475,0.4899161797026522,0.601966516044864,0.9275126566925591,0.3307771272842548,0.08020124987193272,1.0,1.0,0.4,0.0,0.2,160,4301.421858717869,85719.85042942077
2,81,0.2386444828195367,0.4981868372434806,0.62270549651049,0.9435689022048399,0.2431075117684027,0.08063950896517318,1.0,1.0,0.4,0.0,0.2,162,4313.521618375065,78157.9831265019
2,82,0.23813980856431216,0.5053240611608987,0.6422053985023122,0.9631255776678707,0.23841454883570484,0.07978286713502376,1.0,1.0,0.4,0.0,0.2,166,4386.398301477983,78026.41992714076
2,83,0.23964908160020712,0.5718094655389523,0.7972898005699414,1.0251527189073952,0.25852664104682177,0.0850240500141063,1.0,1.0,0.4,0.0,0.2,170,7663.065375645594,76415.4268733229
2,84,0.24059564285129847,0.548301023441721,0.7584186970708873,1.017160256832138,0.3319074612883961,0.08874656030454742,1.0,1.0,0.4,0.0,0.2,171,7177.41031571683,85531.16282224187
2,85,0.23453486865607523,0.5003687377569055,0.7030578029012096,1.0289785509595815,0.5345640377188465,0.07735838674900565,1.0,1.0,0.4,0.0,0.2,172,23742.30133654205,88029.83868927864
2,86,0.23455590343306434,0.464333599935879,0.6386116255860976,1.0323980268835,0.32899147389727945,0.07847384797167212,1.0,1.0,0.4,0.0,0.2,173,24545.09939767473,88196.63904454604
2,87,0.23573935955686048,0.4847503224837122,0.6844691191977439,1.0333723335814398,0.24406804519721897,0.08167137078417858,1.0,1.0,0.4,0.0,0.2,175,23564.705222598488,86814.54918698111
2,88,0.2338801291032021,0.44525567678192546,0.6162905223086459,1.038773759586716,0.3407149643309486,0.07812303791895456,1.0,1.0,0.4,0.0,0.2,176,23623.16459507788,87987.01748783805
2,89,0.23381479982849163,0.44953160050412233,0.6323594486076531,1.0588755748989054,0.25596800220663,0.07842930053417567,1.0,1.0,0.4,0.0,0.2,178,24577.35861494053,88112.49141598037
2,90,0.23362614035410534,0.4354224190431589,0.6047721142529559,1.0585106864835714,0.25072973652878155,0.07813959019501344,1.0,1.0,0.4,0.0,0.2,179,24549.481663603925,88145.43097679442
2,91,0.2354006067024368,0.45869501289455034,0.6538855511048429,1.0726157408692283,0.23635159389337687,0.08263684765060422,1.0,1.0,0.4,0.0,0.2,181,23377.72562407559,87061.42957441324
2,92,0.2329018672206539,0.44261231016843905,0.6243841150649494,1.0782722022168447,0.24769538304350952,0.07654697006109488,1.0,1.0,0.4,0.0,0.2,182,24419.5362179787,87789.57680215336
2,93,0.23305117847088824,0.43638410894218654,0.6170355657934119,1.078009737139616,0.2766094583046431,0.07733181389798757,1.0,1.0,0.4,0.0,0.2,183,24583.964621701285,87868.41856461414
2,94,0.23489770873716465,0.47167646407527136,0.6913000874491542,1.088047827751034,0.23316787937292852,0.08195835358312459,1.0,1.0,0.4,0.0,0.2,186,7344.8965911845635,89415.42609056638
2,95,0.23329605976331108,0.4773439647377671,0.7203123352940537,1.0924187090513677,0.24058085795561535,0.07888295512030821,1.0,1.0,0.4,0.0,0.2,198,7120.288914890235,80994.04581608498
3,0,0.8893577374420154,0.9738199903148445,0.9203627086272101,0.010360729544651427,0.0,0.0,0.0,0.0,0.4,0.0,0.2,1,2476.329664230657,8284.225276350258
3,1,0.8826408023840023,0.9838934403228219,0.9294559959960929,0.029026825543983455,0.03578310033744255,0.03945945654403858,0.00011592375110809001,6.442396946943e-05,0.4,0.0,0.2,3,2402.9189792846782,8069.217531638076
3,2,0.8323402322774442,0.9639199123889193,0.9076217201666671,0.02123744077318079,0.08257942212938496,0.016395304085963,0.015089625713914251,0.00065428106980675,0.4,0.0,0.2,4,2451.6920959042045,8220.79690507463
3,3,0.5641023927439236,0.8998891171014594,0.8401594648288196,0.0357257685199645,0.6980470616778497,0.04826697799299396,0.07283991919410687,0.04048037339596096,0.4,0.0,0.2,5,1667.5946985626713,5060.923192823444
3,4,0.44330216828546704,0.8476597125455847,0.7772816283677556,0.04768824099431549,0.25423838585433817,0.05131948196576874,0.11898449245124501,0.08411670565322824,0.4,0.0,0.2,7,1579.145554223645,2960.6955991132586
3,5,0.32842743449689554,0.7749397933065951,0.6913128939274603,0.05059974543161043,0.3121474342888416,0.04539132189242688,0.15672233482162964,0.11918640224247654,0.4,0.0,0.2,9,2066.5858980363205,5497.135804918017
3,6,0.323877318442669,0.7723719423689329,0.6876733032444491,0.06316193423590413,0.06073015480138375,0.044260472248677366,0.19003260229763944,0.13990053286653278,0.4,0.0,0.2,12,2023.990361402436,4557.827077960729
3,7,0.44836860044340754,0.8981648558834263,0.8123586488994314,0.20101750835205132,0.22172433766009864,0.04748334750579869,0.4252939267378236,0.7947556308335879,0.4,0.0,0.2,13,1990.6139585552971,67056.10707435153
3,8,0.315186344315977,0.7652709799553659,0.6793097710397888,0.069859723455379,0.049373439478966503,0.04422969924174576,0.1939298642872836,0.14131898578661778,0.4,0.0,0.2,15,2028.9361429187984,5267.271714492339
3,9,0.3139461235795983,0.7882087538242715,0.7265777240313456,0.09021417443479186,0.09004113036798486,0.04586401598252714,0.39707972569310324,0.18948139349227938,0.4,0.0,0.2,17,2286.5281196982523,7675.806478987511
3,10,0.3019764933694796,0.7666840836880982,0.6899499347141115,0.09376419632950346,0.14397391299860238,0.046940166272249936,0.40430881345755665,0.19711581368242873,0.4,0.0,0.2,18,2246.051334429314,15603.408010590285
3,11,0.292496668237837,0.7685415080494167,0.7045720719760965,0.08980316589469911,0.059814671157412964,0.0433128966171592,0.32113986985904147,0.164518774054692,0.4,0.0,0.2,19,2122.097385900641,14929.78865965272
3,12,0.2915160591396573,0.7677028842133575,0.703471288127164,0.09872416895874897,0.056267793089791754,0.04349299968904289,0.3250285027747015,0.16762039732792833,0.4,0.0,0.2,21,2129.641470316505,14822.6461384105
3,13,0.28902072939267603,0.7653205183063716,0.7008635100675117,0.10192276911983039,0.059049522735168516,0.04227731017401065,0.3212376134678826,0.16472209134558655,0.4,0.0,0.2,22,2119.400204441511,14823.373453791944
3,14,0.2725915081724976,0.7383078157663351,0.659763444337053,0.09676241290046136,0.055594179570392664,0.03218526420367795,0.28903092053216806,0.13759547943076195,0.4,0.0,0.2,25,2428.063246077634,6784.975289129061
3,15,0.25931297353417304,0.7362811817134562,0.6678912224720207,0.10675102217888764,0.10118437033598118,0.0328433852257176,0.3064251682119546,0.15321834206102952,0.4,0.0,0.2,27,2207.786253911245,16525.04519221182
3,16,0.24419028071476603,0.7203937211350467,0.6495546202606596,0.11155971325242373,0.0921297987625398,0.03278170259479485,0.2957372875743121,0.14541042901641907,0.4,0.0,0.2,29,2249.529749178163,14603.868505488086
3,17,0.24469579648977793,0.7202779749155561,0.6483343001824132,0.12799622817435918,0.09357380249860897,0.03301326870901842,0.36593657103937527,0.17661679973106117,0.4,0.0,0.2,30,2494.210245452184,16877.597932133394
3,18,0.2308195789652697,0.6942857614420697,0.6078606474175279,0.12831809489224813,0.06300896415509794,0.026883616201933108,0.5484114167953476,0.1581746316014136,0.4,0.0,0.2,33,2421.162239466227,6269.204461456907
3,19,0.21750542704752618,0.6886846262450457,0.6120662132058244,0.13952248614496676,0.10863103183201296,0.0264393741981535,0.5196520905542739,0.16828074913466667,0.4,0.0,0.2,35,2199.964141176953,4719.377414485475
3,20,0.21187127839061545,0.6793799865575916,0.6001205526799621,0.15245278693774408,0.10419783630963675,0.03690565875853976,0.5634204020126015,0.17793352242203614,0.4,0.0,0.2,37,2044.671297985052,15484.553342412975
3,21,0.20162758093047278,0.6777500796338196,0.6098988130616234,0.15732364003194016,0.07929469687394103,0.0289833048769028,0.5263584575964183,0.17609569872032355,0.4,0.0,0.2,39,2105.2073883426137,12673.19365748101
3,22,0.2023440000486887,0.6766306208387571,0.6077440379382426,0.17017396419125516,0.07283598073152121,0.03252937892186722,0.5446702726925883,0.1936336868448149,0.4,0.0,0.2,41,2021.5681629667656,10973.073542589747
3,23,0.19789879679441608,0.6702011319166791,0.6002570804407883,0.18111458508653355,0.09465016260439446,0.031176510193874678,0.5823262685764001,0.19506651162086297,0.4,0.0,0.2,42,2232.679624821994,14753.64330029218
3,24,0.4595544227552708,0.947941193172984,0.9009634238344528,0.4580125992915053,0.3492933827056677,0.31133900036317547,0.6052343307738594,1.0,0.4,0.0,0.2,47,1830.9226575411008,9663.86951539729
3,25,0.46272697026737875,0.9487824324042773,0.9007833969951575,0.4674953947955241,0.37294078840147293,0.3283498009609596,0.6102330755796885,1.0,0.4,0.0,0.2,48,1656.3940302225262,7847.258205646275
3,26,0.4626492395013589,0.9598570187870168,0.9248364586894029,0.476267218112698,0.33179106929549873,0.3283498009609593,0.6102330755796886,1.0,0.4,0.0,0.2,50,1655.6632093648072,7832.352679861297
3,27,0.45591736023309853,0.9328504403604976,0.8811793457077373,0.49947239271603355,0.37411774071675674,0.34212583163169524,0.4943822278441143,1.0,0.4,0.0,0.2,54,2200.613211351103,9831.234576221425
3,28,0.43208984729494426,0.8904530733695082,0.823071954620292,0.5083610616221248,0.43340552010484845,0.30369470838206575,1.0,1.0,0.4,0.0,0.2,55,2024.481268609208,424673110.7253392
3,29,0.4292467040899216,0.8831102797070354,0.8142172251900017,0.5062451625764424,0.3532458066152342,0.30740970638741694,1.0,1.0,0.4,0.0,0.2,57,1961.481460722239,424621513.0206232
3,30,0.4214124975084784,0.8647086847536811,0.7924047576763513,0.5124814643671571,0.39416874902374444,0.311197077845027,1.0,1.0,0.4,0.0,0.2,59,2042.66591470277,424597967.63064766
3,31,0.417845266041029,0.8581948859203394,0.7849685953860004,0.51704502592827,0.3618605401798701,0.30837776784203447,1.0,1.0,0.4,0.0,0.2,60,2011.5520550440065,424615968.6254064
3,32,0.4162876153898752,0.8531456001304607,0.7788162008388315,0.527367583411455,0.3726040209398893,0.31185772720049254,1.0,1.0,0.4,0.0,0.2,61,1960.3210034172268,424862060.7240087
3,33,0.41177479527006805,0.8655719847714103,0.8157198475418368,0.5617253078141095,0.3812103338814858,0.3091487391626825,1.0,1.0,0.4,0.0,0.2,62,1910.61824368768,425066424.1673599
3,34,0.408362464835383,0.8550017329310329,0.8031134157380782,0.5385834499678526,0.40802671259211265,0.3124466210247149,1.0,1.0,0.4,0.0,0.2,63,1889.2647665064585,425128374.0264574
3,35,0.40944920834620857,0.8307713008086619,0.7520737709819865,0.5381703664751388,0.3608377722739033,0.31968757248789303,1.0,1.0,0.4,0.0,0.2,64,1860.8786723619207,424851602.8006171
3,36,0.40899114423108207,0.8296457856835868,0.7507552239608075,0.5350966999541733,0.33637409944431074,0.31969299410835833,1.0,1.0,0.4,0.0,0.2,65,1884.3820772648503,424579520.4649898
3,37,0.40589931201589025,0.8206829994453511,0.740206239966678,0.5442277710019257,0.39223049042483943,0.3204402178126811,1.0,1.0,0.4,0.0,0.2,66,1829.5586502714648,424837598.57187855
3,38,0.40293505495597665,0.8124087189810099,0.7305204034819222,0.5467978897774692,0.38574811962573285,0.3203617579511091,1.0,1.0,0.4,0.0,0.2,67,1842.5260841215852,424855216.2396029
3,39,0.40108730568085044,0.8231185569009256,0.7646836833990194,0.5564560460551369,0.43523219464744334,0.328305863060717,1.0,1.0,0.4,0.0,0.2,68,4276.132193751399,6558.139248318703
3,40,0.39820386695064564,0.8130129953160716,0.7527622080997853,0.5664849915918986,0.3564885557330305,0.3295496228091247,1.0,1.0,0.4,0.0,0.2,71,4200.428031652251,6638.930342242695
3,41,0.38285533081959877,0.7882451154436867,0.7256820553747247,0.5609862253792004,0.414858702135079,0.3013860666411387,1.0,1.0,0.4,0.0,0.2,72,4233.600804165255,4405.797286395549
3,42,0.37952543261740646,0.7806912976719942,0.7171100172986657,0.5874021601613146,0.3293264871660492,0.2973643464733502,1.0,1.0,0.4,0.0,0.2,76,4854.954155018302,7485.878046546997
3,43,0.3742987735203442,0.766241857024442,0.7004728823468576,0.5879936033410351,0.4066014013679805,0.29317696814816613,1.0,1.0,0.4,0.0,0.2,77,4698.216062307592,7580.157797666638
3,44,0.37439826694978734,0.7405022383555568,0.6583542334962331,0.5982287262463084,0.4601266233998211,0.30615486984415835,1.0,1.0,0.4,0.0,0.2,78,4038.514634392762,18422.244433482407
3,45,0.365049724315763,0.7318892952564007,0.6709033537490432,0.6030729527636325,0.35931448424209356,0.29924213893996265,1.0,1.0,0.4,0.0,0.2,83,4533.729660251171,19702.908056007967
3,46,0.3561056333821437,0.7020902386634607,0.6260113144859714,0.5991732570562485,0.3556270524173385,0.28330164863707724,1.0,1.0,0.4,0.0,0.2,85,4638.2638238878,22590.0440026166
3,47,0.36289733970433624,0.717058673151681,0.6533285579700003,0.6237933637357725,0.334174544254388,0.3022260539253747,1.0,1.0,0.4,0.0,0.2,87,4666.090895862029,20300.961061240632
3,48,0.35887325834649525,0.6877031188814398,0.607966717223084,0.6215243981159286,0.38158821920492847,0.3007261539712195,1.0,1.0,0.4,0.0,0.2,89,4629.453256637964,19977.941918864584
3,49,0.3457398505327841,0.6725348600529595,0.6030299315417731,0.6309251658062047,0.42319734860268476,0.27521755085677635,1.0,1.0,0.4,0.0,0.2,90,4680.985106649243,20365.290578306725
3,50,0.3521701824458866,0.6641088692671511,0.6022737714376998,0.6466999601731012,0.4301846171598314,0.30395760991667453,1.0,1.0,0.4,0.0,0.2,92,4612.444370782816,15533.339086652846
3,51,0.3508243270274463,0.6532691126983774,0.5895253833900036,0.6565930472195425,0.3608084606283117,0.30472035077618437,1.0,1.0,0.4,0.0,0.2,94,4589.55807685291,15443.911244123468
3,52,0.3524313174381575,0.6455008801536842,0.5798847357215511,0.6658528756569972,0.4022462606908216,0.31263319307418336,1.0,1.0,0.4,0.0,0.2,95,4664.62549502296,15718.838052745288
3,53,0.35460635671701957,0.6462422963630341,0.5803444971961893,0.6822234085920924,0.33103068573667704,0.318599291688189,1.0,1.0,0.4,0.0,0.2,98,4611.558095311942,14991.289932059011
3,54,0.35163561346105165,0.6619333321777578,0.6212949592734123,0.6869700382076904,0.35521785591174176,0.3126331930741833,1.0,1.0,0.4,0.0,0.2,99,4635.0093419950645,15537.24477160545
3,55,0.34118964233569543,0.6213415613925568,0.5422586586172164,0.6727005390628239,0.32600245150233786,0.28705273104758444,1.0,1.0,0.4,0.0,0.2,100,4332.081671239404,17544.299801874666
3,56,0.34038091969230505,0.6100585427294425,0.5398424516663345,0.6724713681474193,0.45118037047828713,0.29117676376682844,1.0,1.0,0.4,0.0,0.2,101,4278.78127864771,16903.11749491593
3,57,0.33835081069379624,0.6064472796092399,0.5358952998682427,0.6883992712855935,0.3367405127938431,0.2870527310475845,1.0,1.0,0.4,0.0,0.2,102,4292.173951979631,17294.442344276846
3,58,0.3379749815484985,0.6001991337680486,0.5285320295336314,0.6773907230701324,0.3526325492105523,0.2877112066023546,1.0,1.0,0.4,0.0,0.2,103,4292.070516237803,16975.223111594805
3,59,0.341950314794524,0.5768064901246444,0.4781786210005397,0.6779836502464986,0.3294016140084822,0.2992610507415981,1.0,1.0,0.4,0.0,0.2,107,1904.590590755856,9799.013346539305
3,60,0.3318899203874849,0.5615227495362023,0.47273423433169054,0.6922294860926935,0.4406059553510755,0.27918807190193584,1.0,1.0,0.4,0.0,0.2,108,4307.430186800394,12231.439305024707
3,61,0.33210026905340073,0.5246748818827998,0.4179712278104478,0.6754617083688004,0.5151466977018497,0.2868220852432141,1.0,1.0,0.4,0.0,0.2,109,2056.2974031606173,10449.884748160292
3,62,0.33085549705301853,0.5178928653520072,0.4101449111310545,0.6776209650956488,0.3567454270494317,0.28511069225362073,1.0,1.0,0.4,0.0,0.2,110,1889.1863185841853,7971.760150989711
3,63,0.3291417448884783,0.5115433769536548,0.4029238333289141,0.6792875068766424,0.3483020883267741,0.2819623081972904,1.0,1.0,0.4,0.0,0.2,111,1845.8937034670284,9923.544776986037
3,64,0.32828334746221843,0.5000848906939512,0.38947904547772083,0.6817531640206556,0.39388185032142664,0.2823112939937098,1.0,1.0,0.4,0.0,0.2,112,1888.582197775265,10068.436821594714
3,65,0.3283178264784048,0.49912070397605035,0.3883281633731194,0.68517302972311,0.3206477594875556,0.28262515117211096,1.0,1.0,0.4,0.0,0.2,113,1900.255912742081,10024.882615400897
3,66,0.32818372596405365,0.5100938535232133,0.41228383139225677,0.7002037075267291,0.3136430949037484,0.2823112939937098,1.0,1.0,0.4,0.0,0.2,114,1884.9520427153036,10025.62012224621
3,67,0.32763210891421146,0.4946195776696886,0.3831148171981965,0.6912372023780635,0.34102313115310057,0.2817704141038652,1.0,1.0,0.4,0.0,0.2,115,1907.2130976819549,10071.017203934043
3,68,0.32708779125483556,0.4980089697104772,0.4090722029681238,0.7222674187565248,0.34173605450865696,0.2843383428507911,1.0,1.0,0.4,0.0,0.2,120,5091.212756598155,10844.604811753648
3,69,0.32683383872737193,0.5176101024990216,0.45420159501697965,0.7453637326399389,0.3330473373066435,0.2842195705569225,1.0,1.0,0.4,0.0,0.2,121,5475.0382965678855,10908.709210365803
3,70,0.3275467336092829,0.5058615945317666,0.4292202828549811,0.7496172887747379,0.3239047045042415,0.28625025895500494,1.0,1.0,0.4,0.0,0.2,122,5542.566542073389,10967.908040662474
3,71,0.32498059934801227,0.504647069111424,0.4501293169513313,0.7554253559513584,0.471690791865663,0.283796935347571,1.0,1.0,0.4,0.0,0.2,123,6485.359578346075,30489.791414921965
3,72,0.32478579730849977,0.4978438955245808,0.4421129740237262,0.762347197256342,0.3646304876134533,0.2845005265018159,1.0,1.0,0.4,0.0,0.2,124,6471.518764106872,31348.62857767003
3,73,0.32411238770667067,0.49025192430086534,0.43325813444847466,0.765060201317779,0.36377944252884775,0.28395530463739377,1.0,1.0,0.4,0.0,0.2,125,6519.503953566226,31263.860910806798
3,74,0.322505844961141,0.4813072365668997,0.42297439923460434,0.7748762186450782,0.33983812697211624,0.2811399900624814,1.0,1.0,0.4,0.0,0.2,127,6494.790684749456,31111.67164832568
3,75,0.3228471186512756,0.4778616585478865,0.41883905215453143,0.788866115457248,0.32010367170741344,0.2825967261344088,1.0,1.0,0.4,0.0,0.2,131,6173.481265730336,31525.32442414585
3,76,0.32373826351079893,0.4536761281456588,0.3681664581315435,0.7801769356037256,0.3241363020149931,0.2852466904482145,1.0,1.0,0.4,0.0,0.2,133,6204.425346011896,31716.78711544182
3,77,0.3221066233574895,0.4512585883202232,0.3656068657070756,0.7905211040638502,0.3177391852394208,0.28127664382120243,1.0,1.0,0.4,0.0,0.2,134,5485.474219775022,30927.76074886076
3,78,0.3222903238399422,0.43950574680773874,0.34072040550547766,0.785788981211611,0.31809125173439456,0.28184714432531005,1.0,1.0,0.4,0.0,0.2,135,5077.316550760034,30164.23765984744
3,79,0.3209743599904382,0.4276872502605427,0.32699533970171,0.7876605486194774,0.38995376110974733,0.28013439863597034,1.0,1.0,0.4,0.0,0.2,136,4236.70283987531,30967.283787639517
3,80,0.3221406626193678,0.45462255228152376,0.3915121741331449,0.8247949888130683,0.33294741448265264,0.28417122950895785,1.0,1.0,0.4,0.0,0.2,139,6216.364231630072,31445.26604560951
3,81,0.3211729640586696,0.46435026068385915,0.41414843757982067,0.8432387712557352,0.3136514319306536,0.28182212989902805,1.0,1.0,0.4,0.0,0.2,143,6241.072743205893,31543.155591524952
3,82,0.3202882299559092,0.4623247086524507,0.4119160862866295,0.8497093998849772,0.32069731159263426,0.27977663323726387,1.0,1.0,0.4,0.0,0.2,144,6193.595306186884,31799.81530268407
3,83,0.31995370004506674,0.45304893280037567,0.4010261674596014,0.848976440319932,0.37753236069137397,0.2801508435857272,1.0,1.0,0.4,0.0,0.2,145,6165.468892671036,31605.88952215412
3,84,0.32076955274858865,0.452182495294389,0.3998563629783136,0.8961503669316131,0.31404546516867926,0.2824135927780581,1.0,1.0,0.4,0.0,0.2,154,6777.740033249494,34038.238280293226
3,85,0.3207654756860799,0.4633056356782819,0.4239661167601155,0.9107935745120592,0.3131774069639862,0.28241359277805833,1.0,1.0,0.4,0.0,0.2,156,6777.490426020997,34079.08031525767
3,86,0.3205372761230296,0.4561288668232584,0.41553756351128107,0.9193221678540884,0.36351102749750286,0.28274609734212286,1.0,1.0,0.4,0.0,0.2,157,6759.460065075135,31637.77987710398
3,87,0.32043156754180935,0.4563027078752414,0.4267480362557803,0.9276691367473717,0.3980207516812633,0.2838376321883867,1.0,1.0,0.4,0.0,0.2,158,6802.059900997071,34490.37596136312
3,88,0.3222086924025522,0.4674148992957204,0.4505233443410515,0.9740394254722655,0.3183053440408108,0.2885335895927351,1.0,1.0,0.4,0.0,0.2,163,6802.152709653429,33728.907357804695
3,89,0.3212610526976444,0.46395843606183873,0.446615575244243,0.9767042890087159,0.33397045888157956,0.28647927756235586,1.0,1.0,0.4,0.0,0.2,164,6925.461707249999,34051.984616527174
3,90,0.3212347012824242,0.462454928621785,0.4448479250351818,0.9803166399796692,0.32481987403179713,0.2865774746876273,1.0,1.0,0.4,0.0,0.2,165,6909.210455295708,34107.17259220297
3,91,0.32073986352334616,0.46204709210857775,0.4554519700418753,1.003469912022154,0.3541649075556131,0.2865774746876273,1.0,1.0,0.4,0.0,0.2,167,6907.741281556046,34404.05970312928
3,92,0.32069876963047905,0.46177774034711055,0.4551418332759118,1.003417450639899,0.3150154735438078,0.2865001212928332,1.0,1.0,0.4,0.0,0.2,171,6779.13453303198,33423.26323702989
3,93,0.3220934652650972,0.46164105237542996,0.4547307486429854,1.0215895693933315,0.3199592281162855,0.29016410645876733,1.0,1.0,0.4,0.0,0.2,174,6732.997726297375,33324.0321590911
3,94,0.3199743802094671,0.45160943050040614,0.4432858251341766,1.0228065336610308,0.371433764056458,0.28571515961152494,1.0,1.0,0.4,0.0,0.2,175,6824.894903924498,34009.20130659267
3,95,0.3205440643516091,0.46676536194148305,0.4830474013854175,1.0360308176936794,0.37209335089885415,0.2879543410911059,1.0,1.0,0.4,0.0,0.2,176,6777.021239890208,26189.64017354471
4,0,0.8021607911716064,0.9507901779016893,0.8933888889545047,0.00824319303519446,0.0,0.0,0.0,0.0,0.4,0.0,0.2,1,3753.92073634071,7410.693878293279
4,1,0.8291139149018133,0.9853587808330695,0.927451253245977,0.04889598098911009,0.04786130760118116,0.09369478138847172,8.747159149222001e-05,0.00023335821689445002,0.4,0.0,0.2,3,3958.795927546421,6862.047535684059
4,2,0.9708175313785394,1.2524069602951762,1.1852026611398145,0.36767182761530437,0.759689835908864,0.3971463261430096,0.7174334184462141,1.0,0.4,0.0,0.2,4,3659.968685104716,376024.5898549557
4,3,0.5466003914280565,0.8909165362080512,0.8301355327752126,0.0339893427146686,0.2718144573382676,0.04541492374557134,0.09177382814576324,0.03201574149782202,0.4,0.0,0.2,5,1959.498479403781,4287.403531135229
4,4,0.5464842774477261,0.8909350011249088,0.8301365892573,0.038918654495746156,0.025392063498271354,0.04541811344422379,0.093475712718907,0.032609452119399966,0.4,0.0,0.2,6,1948.0924863103749,4271.230351113555
4,5,0.427672677963692,0.8448355816896342,0.772030573741754,0.057803140517236534,0.5453678803682638,0.05442966673582496,0.14713211609714316,0.1346346046782348,0.4,0.0,0.2,7,3947.291066152824,7433.902147918459
4,6,0.37693944173991156,0.8129437262543916,0.7342445601947926,0.06251333739097431,0.16858199266637522,0.0587937070883255,0.1751943341204819,0.13852929451072984,0.4,0.0,0.2,9,2048.005418912624,4903.349108828619
4,7,0.37897437758138214,0.8220444733025568,0.7403929607039621,0.09074232090324999,0.19762333473056382,0.0756797654800475,0.20100913476183302,0.2364596518463172,0.4,0.0,0.2,10,3190.539218605925,9185.377117421192
4,8,0.32195661817504184,0.7831496702219805,0.71064499527614,0.06561883016682084,0.20881513057581272,0.04938585679095679,0.1735300093323085,0.15106962442396427,0.4,0.0,0.2,11,2764.677099233155,4646.19599991217
4,9,0.3405838403930441,0.7930133361881624,0.7047475386494687,0.10268467528697231,0.19633458835839063,0.08465541605905151,0.21574244822728422,0.26646167269563403,0.4,0.0,0.2,12,3195.395150471015,16834.465079709753
4,10,0.34057607374100934,0.7930066685612438,0.7047397959801035,0.10890114591106499,0.08720205353871782,0.08465541605905152,0.2157424482272831,0.2664616726956357,0.4,0.0,0.2,13,3196.7646859563847,16826.15211410814
4,11,0.32030466433822535,0.7746099135024116,0.6831102302533032,0.10764599663713972,0.2194763965140656,0.08562853741472844,0.2038846415409036,0.26691618784724697,0.4,0.0,0.2,14,2415.4888598473817,17812.982704310234
4,12,0.3062096499749644,0.7608085677109955,0.666817783449221,0.11351715962796258,0.13917583092137453,0.08625619847034516,0.20032133976547212,0.2693834144569568,0.4,0.0,0.2,16,2426.921770601072,18110.10299437986
4,13,0.28769441292079867,0.7417664011792015,0.6455534939846324,0.11294391274668852,0.1276222232269278,0.07077768057112986,0.23998323924227655,0.27000477269354073,0.4,0.0,0.2,18,3025.51291845904,16575.15249574486
4,14,0.2585442731424495,0.7216411634653835,0.6349924767802668,0.11760008699586941,0.14112477334668067,0.058112684437242566,0.22466189489885777,0.2390192313882656,0.4,0.0,0.2,20,1986.112450380556,23745.6693255165
4,15,0.38858380612599003,0.8484515529146579,0.7587475618841399,0.29090482416779784,0.257236624463337,0.0451657412189842,0.3406899506343847,0.988171929478548,0.4,0.0,0.2,23,2039.9315248873595,1069781.469080275
4,16,0.3892531803373893,0.8487356386820568,0.758723702374692,0.29580229902111704,0.22407243660547937,0.04445444771936965,0.3719893619985599,1.0,0.4,0.0,0.2,25,2047.002898703468,1134928.7359745137
4,17,0.38897296715766083,0.8483413522306198,0.758243386812042,0.30181586237871205,0.22137234522131585,0.04472575022978572,0.3593051391417287,1.0,0.4,0.0,0.2,26,2045.98873251691,1109174.4238603646
4,18,0.3862804737763043,0.8449061629343781,0.7542435385082045,0.30138023307409173,0.24083033652211075,0.04438084447368666,0.37210445176115087,1.0,0.4,0.0,0.2,27,1999.9140462537675,1135149.892113844
4,19,0.2293986630664301,0.6970141663769884,0.6177988816970748,0.1505298629237095,0.13138634000872546,0.04770783668455325,0.2509253304749538,0.24321099112933608,0.4,0.0,0.2,28,1914.6063490520323,23079.62560387315
4,20,0.7566383407750066,1.2223020152902362,1.141890203436669,0.7076621114412314,0.6161567764853026,1.0,0.5264000983064794,1.0,0.4,0.0,0.2,31,2035.361584859696,3820713.45034074
4,21,0.7483474749549346,1.2327877989265976,1.1763351085043248,0.7133885217706728,0.6416168914834799,1.0,0.4968095967456955,1.0,0.4,0.0,0.2,33,1853.63948384959,3933914.822233501
4,22,0.744030546647326,1.2263220814279663,1.1687620560907839,0.7206738645224549,0.6225790127959221,1.0,0.5232227087212602,1.0,0.4,0.0,0.2,35,1929.8539355982996,3816882.982311548
4,23,0.730081016546219,1.1928512781541616,1.1184774867452718,0.7217643823464799,0.7555201730960945,1.0,1.0,1.0,0.4,0.0,0.2,36,2088.488881605953,3829310.19698544
4,24,0.7264106703351627,1.1866059342734403,1.1111625670544694,0.7274639772509162,0.6218123867919947,1.0,1.0,1.0,0.4,0.0,0.2,38,2039.88817098712,3831894.262602876
4,25,0.7180855473449197,1.1941979678269905,1.1422181514153795,0.7428121051921379,0.6518524151503966,1.0,1.0,1.0,0.4,0.0,0.2,40,2208.6702968462696,3931025.389646505
4,26,0.7176805763798322,1.182223935669368,1.1171118242240827,0.7383326248460782,0.6052230495575377,1.0,1.0,1.0,0.4,0.0,0.2,41,2034.9717897283008,2378070.5668767085
4,27,0.7155935443500061,1.200726429404577,1.1609465531407612,0.7554653144907628,0.6272049324188136,1.0,0.657289183382112,1.0,0.4,0.0,0.2,42,2322.6285244559253,3946567.494137041
4,28,0.7040795801790918,1.177929642003998,1.1342456953711042,0.7590825062013817,0.6796091583787509,1.0,1.0,1.0,0.4,0.0,0.2,44,2377.749640216291,3945583.4282342033
4,29,0.7001631221296643,1.1472064139151665,1.0760973298157992,0.7483709661950557,0.6290358237420376,1.0,1.0,1.0,0.4,0.0,0.2,46,1847.459325632736,2391378.151319665
4,30,0.6979901111120348,1.1424561571474185,1.0705335001025575,0.7545660791556741,0.6165881939863221,1.0,1.0,1.0,0.4,0.0,0.2,48,1873.7948003043089,2391365.4445237587
4,31,0.6976476968468827,1.1419730106429857,1.0699676290804685,0.7726589092884508,0.6052931671535623,1.0,1.0,1.0,0.4,0.0,0.2,49,1574.432393680012,2400528.986474728
4,32,0.6945504089434196,1.1571369039045367,1.1098920475042946,0.7796571793943836,0.6487030636941545,1.0,0.6255116088138359,1.0,0.4,0.0,0.2,50,1300.002794704195,2542752.8012107625
4,33,0.6882952926744825,1.1199547969087855,1.0441787002840244,0.7682328337880819,0.7032342320381213,1.0,1.0,1.0,0.4,0.0,0.2,51,1716.1067394280774,2397112.532457625
4,34,0.6862564944770981,1.1373210586310936,1.086682608691658,0.7939061029823551,0.6117261177141777,1.0,0.6298124681403946,1.0,0.4,0.0,0.2,54,1293.9813519858722,2544879.9088555174
4,35,0.6845083244120358,1.121707186034912,1.057312892161282,0.7968965690520902,0.6308058572529983,1.0,0.5983417722192519,1.0,0.4,0.0,0.2,55,1410.0229053892467,2544187.73725194
4,36,0.6814947832982126,1.125092630861795,1.0723599826826669,0.8056230634233033,0.6272832642176656,1.0,0.637362931337784,1.0,0.4,0.0,0.2,57,1889.9810893110807,2544207.1056169835
4,37,0.6803208243751315,1.1219737201468758,1.0687069519066057,0.8156351573554068,0.6108907310143414,1.0,0.6419392396582357,1.0,0.4,0.0,0.2,59,1897.1708492158969,2544235.7388616446
4,38,0.6706798925745958,1.0833724344061517,1.012412955664294,0.8175404663862709,0.7913816977910608,1.0,1.0,1.0,0.4,0.0,0.2,60,4463.669496306078,1635890.625375397
4,39,0.6703477939449656,1.0823714355443497,1.0112405974138696,0.8275201754090389,0.6035131262366773,1.0,1.0,1.0,0.4,0.0,0.2,62,4500.120916002398,1645658.7574115372
4,40,0.6612218940441688,1.0642611350438076,1.0011106268661962,0.8481273761777948,0.6344375509539,1.0,1.0,1.0,0.4,0.0,0.2,68,3731.4984560590287,3426912.4032042176
4,41,0.6580311420038456,1.0526447612327074,0.9875049195477597,0.840445090413289,0.6791948089791868,1.0,1.0,1.0,0.4,0.0,0.2,69,3929.4767894525817,3396172.0353880017
4,42,0.6497330641775976,1.020152218503263,0.9494477967578163,0.847645532730416,0.7134803890384449,1.0,1.0,1.0,0.4,0.0,0.2,71,3838.9735223870985,3398711.527530843
4,43,0.6487832917179659,0.9937321742490264,0.8963395808801209,0.8439018470333022,0.6282108695030967,1.0,1.0,1.0,0.4,0.0,0.2,72,3357.626092919268,3414170.252584096
4,44,0.6468815914789847,1.0078119797594782,0.9349941359121932,0.849910134003061,0.6580519042384878,1.0,1.0,1.0,0.4,0.0,0.2,73,3927.873213810272,3407090.731504731
4,45,0.6454018353585698,0.9900249736821072,0.903079246483417,0.8629022703626417,0.623358394828408,1.0,1.0,1.0,0.4,0.0,0.2,75,6280.903664175449,1167223.3475022423
4,46,0.6409541951900586,0.9685078577555828,0.8778771201626852,0.8710848557075479,0.6747144805577067,1.0,1.0,1.0,0.4,0.0,0.2,77,6570.749417049793,1215471.813222005
4,47,0.6375341554498815,0.9505486901318694,0.8568423872040709,0.8762294914379205,0.6627331945312296,1.0,1.0,1.0,0.4,0.0,0.2,79,6029.914324081407,1151230.5943041672
4,48,0.63510795686734,0.9369113415051651,0.8408695227667944,0.8851720044525548,0.6955298245664202,1.0,1.0,1.0,0.4,0.0,0.2,80,5762.279451450012,1223296.4614282218
4,49,0.6338784288519874,0.9296024256484801,0.832308886314123,0.8810902863250403,0.6507309615841512,1.0,1.0,1.0,0.4,0.0,0.2,81,4409.128491521768,1467479.3846082026
4,50,0.630711664433018,0.9097315297117576,0.809034947128723,0.8860530177660133,0.6693921400884888,1.0,1.0,1.0,0.4,0.0,0.2,83,4124.6487681198505,1482995.143336656
4,51,0.6268441956716707,0.8603938259484378,0.7290844057258483,0.8888370939735242,0.6470245191420483,1.0,1.0,1.0,0.4,0.0,0.2,87,4103.120164659695,1483602.7730313437
4,52,0.6261372982542845,0.8551000721044013,0.7228841023444408,0.8949814768805275,0.6123217290183636,1.0,1.0,1.0,0.4,0.0,0.2,90,4022.7929571131695,1523598.669681966
4,53,0.6261027124703673,0.8660430155966907,0.7467828355781168,0.909351246955677,0.6009153790238868,1.0,1.0,1.0,0.4,0.0,0.2,92,3994.763514793934,1523268.708945687
4,54,0.6259271708448925,0.8535345474967977,0.7210504020217028,0.9081126357934306,0.6093264308322004,1.0,1.0,1.0,0.4,0.0,0.2,93,4309.874139910491,1475030.7593211543
4,55,0.6258222586045105,0.8639045879684382,0.7442781476542792,0.9158666570932499,0.6056028139655183,1.0,1.0,1.0,0.4,0.0,0.2,94,4040.3068576429528,1522856.2344914218
4,56,0.6233779689627137,0.8443795538075356,0.7214093206778744,0.9184342375569992,0.736512087412899,1.0,1.0,1.0,0.4,0.0,0.2,95,3858.1538771947767,1475779.847151424
4,57,0.6233324848613286,0.8887944973271791,0.8177576547113288,0.9760945808398283,0.6002953393060966,1.0,1.0,1.0,0.4,0.0,0.2,104,3155.322135305011,2406316.3013460687
4,58,0.6188791211576601,0.8368247905788142,0.7458059469212455,0.9714527337093317,0.7423638658609371,1.0,1.0,1.0,0.4,0.0,0.2,106,101181.10617842074,2774800.267840656
4,59,0.6167367812085128,0.8254250291601826,0.743535638785314,0.9886483984478907,0.6526445080807418,1.0,1.0,1.0,0.4,0.0,0.2,109,99272.61334041094,2772889.814104682
4,60,0.6164870266610274,0.8226502705731553,0.7402856861271443,0.9954731920623541,0.6097461448262906,1.0,1.0,1.0,0.4,0.0,0.2,111,99866.18827607646,2771901.16180439
4,61,0.6153444735559566,0.8093928057160369,0.7247578283308473,1.0048557742984539,0.6924116012474807,1.0,1.0,1.0,0.4,0.0,0.2,112,101043.45342740792,2773491.0536507363
4,62,0.6146108512772974,0.8116709115800012,0.7385077592701732,1.0111120244345333,0.6311744632256617,1.0,1.0,1.0,0.4,0.0,0.2,114,100521.96156015983,2773179.931695689
4,63,0.6142415075064237,0.8294468049458406,0.7814914507150879,1.041057778446964,0.616178645699204,1.0,1.0,1.0,0.4,0.0,0.2,116,102045.04250528544,2772181.1085495087
4,64,0.6135461547355117,0.8092645821214424,0.7467709591107008,1.047443534837273,0.6313953748984686,1.0,1.0,1.0,0.4,0.0,0.2,118,104709.61290246509,2834415.942678672
4,65,0.6135156997819655,0.8200628893990289,0.7705004690876549,1.06636499750252,0.6014040096220636,1.0,1.0,1.0,0.4,0.0,0.2,120,104695.94232163456,2834355.7376468563
4,66,0.6123240684742273,0.8485514366812656,0.8481948753764872,1.1235248552686277,0.6228084241025055,1.0,1.0,1.0,0.4,0.0,0.2,125,4360.468471249218,2460494.6135838185
4,67,0.6122671227475527,0.7805059104665928,0.7020055350899743,1.0733901258079679,0.6028306299174128,1.0,1.0,1.0,0.4,0.0,0.2,127,2400.004320938659,2488604.120507246
4,68,0.6086518606176528,0.7667582895485376,0.7302304520235989,1.0909051261643676,1.0093830134795458,1.0,1.0,1.0,0.4,0.0,0.2,128,2100.496940796485,2515553.485489846
4,69,0.6080861835985361,0.7559745142783385,0.7175998617342976,1.101060161187804,0.6249938147057552,1.0,1.0,1.0,0.4,0.0,0.2,131,2013.7145966490684,2519633.956654028
4,70,0.6079353314826264,0.7530219523068067,0.7141417100092111,1.1045078724588095,0.610309440747506,1.0,1.0,1.0,0.4,0.0,0.2,133,2025.9012195576167,2519683.836157494
4,71,0.6078681050119679,0.7628973916328976,0.7367900677562307,1.120447396782412,0.6092655443512718,1.0,1.0,1.0,0.4,0.0,0.2,134,2035.0538598611445,2519479.41683828
4,72,0.6077059605431758,0.7484606116350945,0.7087992681471436,1.1181182299754278,0.603229730781601,1.0,1.0,1.0,0.4,0.0,0.2,141,1292.7812247813656,2521030.012709008
4,73,0.6063517523624113,0.7531269246895813,0.7475098591083513,1.171060030413932,0.7013632153003382,1.0,1.0,1.0,0.4,0.0,0.2,143,7025.958714562157,2500894.803972333
4,74,0.6055887212254454,0.7460771059763736,0.7503343586464817,1.2597123814285587,0.6057700261298014,1.0,1.0,1.0,0.4,0.0,0.2,165,7126.705970870593,2687140.15905576
4,75,0.6051948643951317,0.7360832735312735,0.7386290829621771,1.2699535496204208,0.6698244972814624,1.0,1.0,1.0,0.4,0.0,0.2,166,7072.474399752074,2686971.7278645234
4,76,0.6049716991027001,0.7302091796981021,0.7317489338409899,1.2768491405195987,0.6204966697075986,1.0,1.0,1.0,0.4,0.0,0.2,168,6965.437521418309,2685929.826542914
4,77,0.6049679913186301,0.7301205344530384,0.7316451951946632,1.284286486049651,0.6003451738873766,1.0,1.0,1.0,0.4,0.0,0.2,170,6982.20181945884,2687319.425475452
4,78,0.6044973005186773,0.750814454902266,0.7891281504954453,1.3149193693579255,0.6450948388495434,1.0,1.0,1.0,0.4,0.0,0.2,172,6992.765177201351,2686123.9670664435
4,79,0.6044890164374271,0.7617844108318164,0.8130586417966876,1.3355674971938496,0.600814122621969,1.0,1.0,1.0,0.4,0.0,0.2,174,7030.280215869703,2685752.2768933857
4,80,0.6043317146213425,0.7572943624786985,0.8077996632857447,1.3428052125393626,0.6156738284753686,1.0,1.0,1.0,0.4,0.0,0.2,176,7054.994078478512,2688456.2390108537
5,0,0.6082461388547634,0.8890836842741882,0.8211147449164453,0.0025701283600943494,0.0,0.0,0.0,0.0,0.4,0.0,0.2,1,6548.559839128705,7949.630026841793
5,1,0.6184948986629374,0.9084353767999788,0.839547935966561,0.030187205373161587,0.04344403987538449,0.06174640415969551,9.799641766906e-05,8.14820591139e-05,0.4,0.0,0.2,3,6385.956396009149,7831.4716797377405
5,2,0.5826354933272105,0.8871610011241985,0.8167284936671307,0.019431446861875513,0.0755856121189445,0.03033653889744859,0.01410778814344465,0.00164181407894401,0.4,0.0,0.2,4,6189.284138990312,8153.5815942592335
5,3,0.5399434055082837,0.8692149874533636,0.7958999585898564,0.021010878182097927,0.12911079998432817,0.01540158793765382,0.3930626752851636,0.02593650242472741,0.4,0.0,0.2,5,5802.47726154762,8040.831517271692
5,4,0.49875340027692683,0.8838349798821263,0.831890629059743,0.061777473626211415,0.21933017685570805,0.06842259628360924,0.02314442352358241,0.01614564529266829,0.4,0.0,0.2,6,4595.335725600586,7040.523422620817
5,5,0.4486074303546614,0.8798930688382569,0.834565694520853,0.0915956590091205,0.18290646146044817,0.08571629142617408,0.04031862358961852,0.09219824158117643,0.4,0.0,0.2,8,3930.247297800598,6197.821778566593
5,6,0.447174538123201,0.8784446536447499,0.8331080246473712,0.09018435036580373,0.0514834589144567,0.0856144563010399,0.03714575616038756,0.08543081506048625,0.4,0.0,0.2,9,4019.6013737543135,5852.2448163395175
5,7,0.4388141845694864,0.8838103956395927,0.8351489111607718,0.11318180164597128,0.21172221913467695,0.08570646895054898,0.08771897397202058,0.20914674461154528,0.4,0.0,0.2,10,3266.4287321377674,5441.664564452776
5,8,0.3763140128621671,0.8401608130831205,0.8022694465306729,0.08651969179574094,0.1252310752854291,0.04285031606140585,0.18771014812984171,0.08571073870386989,0.4,0.0,0.2,11,2570.0123315067003,9362.792035819928
5,9,0.38797569578304075,0.857676249837638,0.8177887298928397,0.10999706478855127,0.144855075581075,0.060174150792315015,0.10797223552283271,0.19691702193392305,0.4,0.0,0.2,12,2610.373195706202,4445.656210761883
5,10,0.316968130150799,0.7876413390664636,0.7289336475833861,0.07541968659056182,0.27601180116050333,0.04081843000958058,0.1762946698605939,0.11138644779110751,0.4,0.0,0.2,13,4555.215402175225,131116.28977856174
5,11,0.3271161203604752,0.8005720268172041,0.739747025368221,0.11734473554981618,0.09271985124109092,0.04751927066085871,0.1969571966611156,0.22445480019631298,0.4,0.0,0.2,16,4350.684023844607,131344.20659696238
5,12,0.31653351073624425,0.8135089728656554,0.7787061429879609,0.12633477072466792,0.06010758787513286,0.06335829088008524,0.20720478463821138,0.14479996566947592,0.4,0.0,0.2,17,4287.113675752175,150739.5684221392
5,13,0.3030816638767454,0.7996602154089677,0.764157414343442,0.1267701438035912,0.05548913716393646,0.06455415123884875,0.1254074251317411,0.09360158899896348,0.4,0.0,0.2,19,4095.100934444104,80889.20857713198
5,14,0.2794948862809636,0.7900583015320108,0.7625519133806679,0.1306571574926638,0.15490122877918816,0.049334140827198905,0.21534100539937978,0.1661065511682974,0.4,0.0,0.2,21,3832.400646130841,117678.87760347864
5,15,0.27892311294767025,0.789499417624371,0.7618973953559305,0.13655920179439973,0.05685098578278896,0.049334140827198905,0.2153410053993797,0.16610655116829715,0.4,0.0,0.2,22,3867.389860235413,116585.6381323506
5,16,0.4348751888862734,0.9221782923840225,0.8641309298833155,0.32116648454676555,0.4152402933717037,0.08498363876985607,1.0,1.0,0.4,0.0,0.2,23,4398.821504038895,7714.384329694129
5,17,0.4045090492309378,0.9067707026778498,0.8672735979817157,0.345283604879703,0.39161925307063367,0.09921029496487944,1.0,1.0,0.4,0.0,0.2,25,3676.6380233576433,8490.33696926804
5,18,0.37861173735099557,0.872370603134669,0.8279401635404735,0.342293556939323,0.3347156154807381,0.08522554577504202,1.0,1.0,0.4,0.0,0.2,27,3659.8675349963696,6907.499380738474
5,19,0.37734882833755157,0.8707182566966549,0.826093320104891,0.35010145024504546,0.23753243824459708,0.08393483230027782,1.0,1.0,0.4,0.0,0.2,29,3602.7315901820307,7015.434637508418
5,20,0.3595997029230962,0.8822090035096266,0.8745102570777781,0.3462310623346868,0.26586989596064436,0.058927464957926834,1.0,1.0,0.4,0.0,0.2,31,2957.6952957454296,11974.083405349404
5,21,0.3745947438187885,0.8956351264071007,0.8872350610672652,0.3678769651500988,0.2553980880420591,0.10273142622999198,1.0,1.0,0.4,0.0,0.2,33,3222.101368186577,14321.050167364596
5,22,0.2514024077954572,0.7882522815198418,0.8030991574758481,0.2623774014138467,0.23969942830078325,0.06596952261560567,0.8215522820202036,0.5049776768299521,0.4,0.0,0.2,34,2994.381103713759,15212.76589277737
5,23,0.2501609085305278,0.7861515429068409,0.800658897512191,0.2653059106157791,0.13418358451858678,0.06470006409141857,0.8243514349518424,0.5069194557317009,0.4,0.0,0.2,36,2888.4215755843243,15105.104868880366
5,24,0.24799970998182963,0.7940609365529865,0.8211272196778753,0.2787686808841273,0.1355574026064446,0.06380765429081674,0.821637381437483,0.505128793877501,0.4,0.0,0.2,38,2974.5804315151554,14971.967237120338
5,25,0.27000120835300184,0.7973937865022778,0.8086931660946708,0.3064835288605503,0.27008108918140833,0.03023400778780886,1.0,0.7257224287517878,0.4,0.0,0.2,39,3381.8501036321272,13449.210110959555
5,26,0.26502321758103226,0.7866437347678005,0.8053275077921008,0.3298549006474273,0.2825856139660651,0.04851232077355283,1.0,0.7433669883971137,0.4,0.0,0.2,41,3122.716227208226,14588.358496725788
5,27,0.2658164607181487,0.7744386572746336,0.7795686436322511,0.33833644587384404,0.17782980690987926,0.04962748933331003,1.0,0.7522874703851042,0.4,0.0,0.2,44,3068.0262124023475,14787.182840545458
5,28,0.2620966085620673,0.7911134286652861,0.8216300893914017,0.35104639499788104,0.17652384017685405,0.04823262701579911,1.0,0.7443443366045521,0.4,0.0,0.2,47,3123.6034708311017,14151.650597323776
5,29,0.2619356928006755,0.7571278504003822,0.7485789881672857,0.2965402135775391,0.1707494905501476,0.04823262701579905,1.0,0.7443443366045523,0.4,0.0,0.2,48,3123.5832867032573,14189.802676128074
5,30,0.27802617410283564,0.8004610857967039,0.8290194696166062,0.4009926859357811,0.20829968712563224,0.052740339648012766,1.0,0.8392403881790207,0.4,0.0,0.2,52,3541.8065943305146,23980.23915854096
5,31,0.27685443682940974,0.7971064670110842,0.8250311672375541,0.4077117697123793,0.20222599407621683,0.052949329691947836,1.0,0.8405485595671973,0.4,0.0,0.2,54,3533.2193595547105,23978.38187382776
5,32,0.3184869460208909,0.7860950190525522,0.7598065517323902,0.4188338899395253,0.3259647627395753,0.09001363717931987,0.37840432075914776,1.0,0.4,0.0,0.2,55,3559.691657407281,22861463.89607367
5,33,0.3097665548295032,0.7655081770046381,0.7360051633994984,0.41947840700809597,0.3652913578970131,0.08547294838530417,0.3806147510064189,1.0,0.4,0.0,0.2,56,2916.276697790075,22860666.032216765
5,34,0.3090428251051114,0.7627110600006186,0.732661729419074,0.4255783585863715,0.24572244401583612,0.0864560908710221,0.3807127474240878,1.0,0.4,0.0,0.2,58,3016.9958006730485,22858231.66116668
5,35,0.3111753788945761,0.7622955818479542,0.7315800718531225,0.42869872505973283,0.2652475084607145,0.09514187290341594,0.4110476860253843,1.0,0.4,0.0,0.2,59,3013.51575976648,22869643.05064789
5,36,0.3057533631338861,0.7495889835468139,0.7170020955555778,0.4428890919521738,0.31257889216771617,0.09069384139092894,0.48153717201692803,1.0,0.4,0.0,0.2,60,2953.583139657777,22859475.19945782
5,37,0.3045927529702629,0.7457238349770481,0.7124532556068202,0.44604460030271603,0.2503454261874252,0.09101103974579364,0.48294527977778207,1.0,0.4,0.0,0.2,62,2939.821029950609,22866500.02378117
5,38,0.3046161417464424,0.745079377658775,0.7116408729071484,0.44968519075081553,0.2435850544126398,0.09185110416677772,0.48550417989595684,1.0,0.4,0.0,0.2,63,2939.0492084148614,22867552.64378643
5,39,0.30626803983899664,0.7555976668801925,0.7345744537482821,0.4617777571878911,0.263338247573205,0.09867906626500472,0.508238271845812,1.0,0.4,0.0,0.2,64,2934.7477410782026,22876160.726402137
5,40,0.30204730948863634,0.7488798905118836,0.7272359690018242,0.47551644865581355,0.24481723184062604,0.09094490453828746,0.4868574042344653,1.0,0.4,0.0,0.2,67,2918.728365884042,22866069.619954266
5,41,0.30035429884713005,0.7548058444229795,0.745278981428642,0.4905987765303983,0.24527256812674808,0.09064692904512525,0.4875839915377528,1.0,0.4,0.0,0.2,71,2857.2301181043813,22801866.859390013
5,42,0.299389172062388,0.7637000006288743,0.7668442527577233,0.4977126683386092,0.24261235790592578,0.08968196976589603,0.48922204485979764,1.0,0.4,0.0,0.2,73,2864.5523218951,22797285.00787735
5,43,0.29889379334223654,0.7620021508342805,0.7648526927591801,0.5045823515963881,0.24190439973680056,0.0897251422826548,0.4904097208009054,1.0,0.4,0.0,0.2,75,2854.774213817626,22804854.42302589
5,44,0.29871678273492563,0.7480859514597984,0.737320550146626,0.515215374574284,0.24514183006605675,0.09192672347501152,0.48667516934186067,1.0,0.4,0.0,0.2,78,2717.930975053957,22798776.35794572
5,45,0.2980727808283147,0.7337503279174782,0.7093861727067781,0.5124629647218997,0.2613856792064691,0.09283056306227712,0.5169099253801541,1.0,0.4,0.0,0.2,79,3013.6138456593035,22809752.90192647
5,46,0.30482394659530254,0.7398116254206379,0.7152819573767999,0.5434123729495581,0.24512594425328119,0.11040167640224881,0.41027689034127224,1.0,0.4,0.0,0.2,86,3332.4228538271864,110916982.91564412
5,47,0.303400915781741,0.7109917550230074,0.6592717096619303,0.5297062611415472,0.2932026360187321,0.11173521841862974,0.4216435759328652,1.0,0.4,0.0,0.2,87,3318.7788527761345,110820108.61814617
5,48,0.3027596882372395,0.7319332447284259,0.7060187993422109,0.5460479917161379,0.2523329714008654,0.1109206017715407,0.41853805041515224,1.0,0.4,0.0,0.2,88,3238.4595210467,110787426.37888391
5,49,0.30216049751430724,0.7180102864149733,0.6785952114447896,0.5428098487042448,0.26496580962076566,0.11142427429133558,0.4228911698154413,1.0,0.4,0.0,0.2,89,3350.1537987390234,110940878.42673048
5,50,0.3020469330874713,0.7287967971218572,0.7023107452473814,0.5530834766979613,0.24602712206159794,0.11142427429133565,0.42289116981544145,1.0,0.4,0.0,0.2,91,3350.314330284696,110935427.2493574
5,51,0.30222777910434645,0.7172851274647101,0.6776837730495785,0.5572220711301676,0.24727255014705418,0.11233099935702928,0.4189434043741135,1.0,0.4,0.0,0.2,93,3325.929359067998,110823350.68980904
5,52,0.30211863371929265,0.7506607933794245,0.7500309343538976,0.5747597319506977,0.24611977769602073,0.11217906576768133,0.5337671252207163,1.0,0.4,0.0,0.2,94,3418.765235414948,110856651.32001242
5,53,0.2904035826138312,0.7648218244732565,0.8013918756817873,0.614490680483156,0.3094035994863234,0.08984854262405811,1.0,1.0,0.4,0.0,0.2,95,4537.889149272063,841080029.337857
5,54,0.2992939606264686,0.7045132669098011,0.6626254588408762,0.5707242678451885,0.26404585820556165,0.11377880446669657,0.46444833693849275,1.0,0.4,0.0,0.2,96,2934.1653784188265,110780236.87215474
5,55,0.2810283465558687,0.7516646100188837,0.8083377650198063,0.6175820408225661,0.34581713391751506,0.08703376989614761,1.0,1.0,0.4,0.0,0.2,98,4651.557587614108,841027448.550568
5,56,0.28066874374092066,0.7612011691282126,0.8305872396996012,0.646781579832014,0.23677931051604117,0.0870614816813586,1.0,1.0,0.4,0.0,0.2,104,4703.202610073893,841010571.3207535
5,57,0.28082389610589353,0.7602217269037903,0.8293590147689656,0.6545610417749842,0.24037031093884373,0.08824545055516833,1.0,1.0,0.4,0.0,0.2,106,4781.548665314648,841011085.1845518
5,58,0.2791255179228918,0.7649381971360663,0.8460303593420984,0.6722169696275828,0.2562386751813908,0.08728991859720893,1.0,1.0,0.4,0.0,0.2,108,4688.804156014713,841014530.8183553
5,59,0.2779727828031392,0.7491359834913074,0.8164802502740895,0.6715774256169003,0.24992562880939517,0.08670622921252198,1.0,1.0,0.4,0.0,0.2,110,4698.466488126129,840984807.618557
5,60,0.2785571323714706,0.7357869277012437,0.7895412034945382,0.6986057759782522,0.2600378823653606,0.0899491194097984,1.0,1.0,0.4,0.0,0.2,111,4680.934170039189,840961369.8954703
5,61,0.2759146905532618,0.7576520639777136,0.8484582094045232,0.7386802691384449,0.25151553529248777,0.0890407090276347,1.0,1.0,0.4,0.0,0.2,116,4663.642787003328,841029449.0462215
5,62,0.2742238599143294,0.7405738981782206,0.8174916244820385,0.7337099805497551,0.2470142278645103,0.08731786194566343,1.0,1.0,0.4,0.0,0.2,119,4565.104807176854,841010563.8068736
5,63,0.27380285203364063,0.7599646923047012,0.8623351217440813,0.7564025171982569,0.2462605304851409,0.08777682073411226,1.0,1.0,0.4,0.0,0.2,121,4691.761698062006,841014956.6231589
5,64,0.27366832832590715,0.7372915087861165,0.8136335318577219,0.7520509902165187,0.2361212236714974,0.08751566285513328,1.0,1.0,0.4,0.0,0.2,122,4688.466618960776,841024056.500603
5,65,0.27304337131475775,0.7453615568379519,0.8341755938508961,0.7595652061308045,0.2565402522660909,0.08739469760832402,1.0,1.0,0.4,0.0,0.2,123,4560.904990765925,841006269.9181144
5,66,0.27881543712666135,0.7246159860893526,0.818668212084426,0.7721696460671934,0.5648713081446155,0.12083450892476093,1.0,1.0,0.4,0.0,0.2,124,3816.36328182084,146890859.06153852
5,67,0.27522788616355087,0.7250861564878379,0.8307015415055854,0.7982818583533013,0.2577209396309101,0.11498413676115371,1.0,1.0,0.4,0.0,0.2,129,3845.073477894325,146883365.26506147
5,68,0.2765339460808617,0.7232840322171912,0.828277154074766,0.8230202018258037,0.256280935702255,0.11956261293760077,1.0,1.0,0.4,0.0,0.2,132,3672.172338267895,146891274.87456733
5,69,0.275501214720652,0.7213347996701616,0.826144739614477,0.8295363357182337,0.25067904753337794,0.11736342092930611,1.0,1.0,0.4,0.0,0.2,134,3760.711609459637,146884952.4868696
5,70,0.27533519522261085,0.7315992553754458,0.8492551953373697,0.8415406464681696,0.2532154994977396,0.11726999639422624,1.0,1.0,0.4,0.0,0.2,135,3774.5357091899846,146882549.8311124
5,71,0.2884964928201431,0.7306300235764036,0.8347018570194158,0.8539907489749248,0.2843612165441681,0.15137610934869572,1.0,1.0,0.4,0.0,0.2,136,3708.802363571637,66195637.28817078
5,72,0.2902795614061967,0.8984255929437175,1.0907659599126371,0.9116379894976894,0.24194053974691127,0.09117714609270341,1.0,1.0,0.4,0.0,0.2,150,5337.960769404832,840947674.72892
5,73,0.2857415947579608,0.8747770466186571,1.0628611987964853,0.9182829209617325,0.3134321142710119,0.09418780527681483,1.0,1.0,0.4,0.0,0.2,151,5149.020297161855,841094467.5818121
5,74,0.27978527926012653,0.8473598530989439,1.0307481000855228,0.9235838920912063,0.3097241058855522,0.09419571961969923,1.0,1.0,0.4,0.0,0.2,152,5035.690743929325,840960301.6135005
5,75,0.2793310610206544,0.8411344926527873,1.0232909814724374,0.9277778595729147,0.27575362884270993,0.09661396799827382,1.0,1.0,0.4,0.0,0.2,153,4955.755170091802,840954502.3299211
5,76,0.28247928826616286,0.8697093221276189,1.067925176858458,0.9372614379805018,0.28420763760583523,0.09538630321660704,1.0,1.0,0.4,0.0,0.2,155,5467.2895395669175,841000627.4698942
5,77,0.28249424319524213,0.8689513136697291,1.0669999695537227,0.9491533114953505,0.24068417618976615,0.09593265931296394,1.0,1.0,0.4,0.0,0.2,157,5469.059414467341,841002548.1535137
5,78,0.280244141691975,0.8694889124590062,1.0787197919907228,0.9514330004534663,0.2600598507387334,0.09580892354003093,1.0,1.0,0.4,0.0,0.2,159,5433.628007140162,840954650.9373952
5,79,0.28145407838138625,0.887690059344693,1.1111703550100125,0.96810772082879,0.24259227839748873,0.09506923359964921,1.0,1.0,0.4,0.0,0.2,163,5469.897454326581,841002225.3190068
5,80,0.28077594636380787,0.8836494104301511,1.106403862125273,0.9803090215610526,0.2638509450490163,0.09556358175861099,1.0,1.0,0.4,0.0,0.2,165,5470.219638830355,841000621.8468442
5,81,0.28106875931986613,0.8855267004253069,1.1086210598940691,0.9922213962522015,0.23949325760778478,0.09529498104767016,1.0,1.0,0.4,0.0,0.2,167,5483.641493559744,840994178.3182288
5,82,0.28740122465494444,0.9171074544768112,1.1353204355495448,0.9849352973643652,0.27190584583595445,0.08373468557606253,1.0,1.0,0.4,0.0,0.2,169,5900.442847630609,1813971830.0815637
5,83,0.28574963302675294,0.9240910933440474,1.1547110569853014,1.0085136380934752,0.28218426404949515,0.08184697937973742,1.0,1.0,0.4,0.0,0.2,170,5936.967371123899,1813974664.575254
5,84,0.2844023087681042,0.9171447499498755,1.146491981406374,1.0164123321844756,0.2562749128513158,0.08306029233908438,1.0,1.0,0.4,0.0,0.2,172,5876.962020987418,1813982369.5828
5,85,0.2832873447481174,0.921617790751192,1.162703961806116,1.0285065900300774,0.24905667725903557,0.0846513420547169,1.0,1.0,0.4,0.0,0.2,174,5838.269550367737,1814042426.517012
5,86,0.2845873300781529,0.913714890572149,1.1422411874787548,1.0417996789897752,0.2717109285105285,0.08646984845756213,1.0,1.0,0.4,0.0,0.2,176,5798.984410338582,1813876119.93422
5,87,0.28424781221542694,0.9234409066693392,1.1647144821591076,1.0621407201889919,0.2346927657935554,0.08646984845756214,1.0,1.0,0.4,0.0,0.2,178,5800.8820104547,1813882620.4021611
5,88,0.2857157327231179,0.961182366692797,1.231595498840461,1.1131305426627323,0.2316150415041358,0.07898874710115265,1.0,1.0,0.4,0.0,0.2,190,4495.70035082023,14820.40469252616
5,89,0.28547948096108466,0.9580578808821871,1.2277919360494804,1.1095691504730503,0.2511490161929737,0.08109007126075476,1.0,1.0,0.4,0.0,0.2,191,4456.353126187021,15044.331420684755
5,90,0.2858087642726662,0.957062028784887,1.2265136250347153,1.1141026765125437,0.2791022406906316,0.08272411181966732,1.0,1.0,0.4,0.0,0.2,192,4479.263640473443,15154.16205954157
6,0,0.9646302106311722,0.9919586709709902,0.9416077403596876,0.012028603597799217,0.0,0.0,0.0,0.0,0.4,0.0,0.2,1,1347.1691016899426,8216.98775085299
6,1,0.9634237001653357,1.007761750883313,0.956520136419744,0.03595059591003816,0.039167577232543514,0.052450937713635196,0.00010509115076175,0.00011897876605684,0.4,0.0,0.2,3,1341.80318662831,8239.858363615698
6,2,0.8121654299499199,1.0080338325772424,0.9611460218378486,0.08751892396687741,0.4132040762043303,0.11395097522842364,0.0399646599349393,0.07490589158956878,0.4,0.0,0.2,4,1248.596089582216,44668.34011157035
6,3,0.6404805975453806,0.9438090478279084,0.8879687288651724,0.059074052799436505,0.42062868705068124,0.06433498715060723,0.10104030911537949,0.1143926126358524,0.4,0.0,0.2,5,1282.749269164623,6439.282240658859
6,4,0.5503662868691909,0.9146542535384273,0.8511350644327754,0.09170113744543446,0.21741812465358337,0.0991296743248014,0.20666881454528654,0.12321967374908831,0.4,0.0,0.2,7,1416.1717732584932,5393.393186140242
6,5,0.49299454018710964,0.8990333475529675,0.8435254294380159,0.09359669851007182,0.2700922496092829,0.07186239832136733,0.1410049690503202,0.18929850422542122,0.4,0.0,0.2,8,1058.5915193191315,40953.47374054111
6,6,0.4834992630217108,0.8940426009083671,0.8376743428580946,0.09705904531523256,0.1017217350420281,0.09571200201340246,0.0770342061737452,0.1417637109754683,0.4,0.0,0.2,9,1086.6891100351525,6502.772056229416
6,7,0.4760964098493991,0.8895014924119993,0.8325645701087541,0.10603084706442074,0.07701338889396493,0.09260924265559932,0.07711736761453233,0.1418669330613095,0.4,0.0,0.2,11,1065.566741399091,6388.428698502228
6,8,0.46666285995582724,0.8849099585080763,0.8269665607769011,0.10825848221892295,0.10774728848839049,0.08696471036130063,0.08511573591802264,0.1595837567155186,0.4,0.0,0.2,12,1071.570150236836,6176.258820247997
6,9,0.47616529026028753,0.8956903928424202,0.8374711592312678,0.12578641414483308,0.0903403287785767,0.06995760092255811,0.21178955962542254,0.25555258900526445,0.4,0.0,0.2,13,1223.2886564473993,39506.07846953344
6,10,0.4487850875625404,0.8750316234154184,0.8152820861225245,0.11748807305139788,0.1297830168460978,0.09534098497651872,0.08839510926839873,0.1461710578868436,0.4,0.0,0.2,14,1066.364886908645,6250.726604149906
6,11,0.3914062425108021,0.8509085260784479,0.7976857100217016,0.12915768515624898,0.2021221528494575,0.08276675388173126,0.1668222250956097,0.1836898522894162,0.4,0.0,0.2,16,1150.643899190881,39491.374763334985
6,12,0.5855818782118618,1.0341021093581877,0.967758353085185,0.33255208419259363,0.26568994212504227,0.16236488277083566,1.0,1.0,0.4,0.0,0.2,22,790.2778639420325,103420985.57414784
6,13,0.5652465148856061,1.0308065561147897,0.9749618894982965,0.33784220024846523,0.36702252868371393,0.1626302158678379,1.0,1.0,0.4,0.0,0.2,23,734.5705906724946,103421554.15532738
6,14,0.562824335940332,1.0177781166885154,0.9486355886217266,0.3366403141508633,0.2770435460809568,0.16241078504233517,1.0,1.0,0.4,0.0,0.2,24,775.0268846860771,104662693.81425647
6,15,0.5617306778259674,1.0282654295681433,0.9719401900322411,0.3436876498324377,0.27285003254762424,0.16329336718545548,1.0,1.0,0.4,0.0,0.2,25,725.6404905409217,103425372.38743392
6,16,0.5612446415242784,1.0278267239149248,0.9714719428268148,0.342192778907426,0.26619691225239694,0.1626270069182662,1.0,1.0,0.4,0.0,0.2,26,725.9415131381295,103486917.3576418
6,17,0.5470338653257099,1.015454969391862,0.9581162672142569,0.3479200549746855,0.2784873958360873,0.14606122767709695,1.0,1.0,0.4,0.0,0.2,28,710.7283711661908,103552724.2299913
6,18,0.371691022405376,0.8588914295575139,0.8080080650654426,0.23614630951606833,0.21784915687640205,0.05575142356565958,0.502844503892627,0.532870079125199,0.4,0.0,0.2,31,858.0976470199382,332361.6680819966
6,19,0.3907683072918357,0.8894104938237493,0.8510904892526874,0.2639542266626918,0.15668863902281577,0.03813245723582317,1.0,0.677447530891542,0.4,0.0,0.2,34,783.0691003809536,2760680.2840503408
6,20,0.3516644299890672,0.8508778775043846,0.8110655354182768,0.2448538594060748,0.15135237047931938,0.03990282110135577,1.0,0.5248140990068988,0.4,0.0,0.2,36,765.1876352719921,389565.653495873
6,21,0.3584399520509275,0.8797964176382485,0.8617364636322019,0.2845708719782212,0.32552625643080535,0.04080822047350498,1.0,0.6796011486818311,0.4,0.0,0.2,37,747.8226056313441,2893852.0613173167
6,22,0.35435103478234675,0.8640183512224999,0.831885769267189,0.2889101805095853,0.19764053560648007,0.04060178251645326,1.0,0.6884396863163003,0.4,0.0,0.2,38,796.4340646310869,2767895.360539624
6,23,0.352506615093183,0.8504692483546242,0.8044066123397835,0.27975818034002353,0.19530377242845107,0.04178433718011375,1.0,0.7014889023359128,0.4,0.0,0.2,39,875.0759250824531,2769448.190060781
6,24,0.4246688318240945,0.9334936240050224,0.8999573791387407,0.36364246165254066,0.2380032654785897,0.0790007928710914,0.9716545076921672,1.0,0.4,0.0,0.2,42,957.9203357111772,273881.85192823235
6,25,0.320734283993353,0.8449728748645509,0.8311838309182471,0.3021293077190881,0.4119838195070987,0.04134940021861787,1.0,0.703246806524576,0.4,0.0,0.2,43,712.4274290733512,2882794.9491026704
6,26,0.3166774214551069,0.829072042626355,0.8018594679704977,0.3029920036430539,0.17221107989458823,0.04061750958051521,1.0,0.6935769568955763,0.4,0.0,0.2,44,816.0983096468162,2767367.562689167
6,27,0.29996627139449933,0.8259772279863782,0.8198498369022982,0.3056758939699371,0.35924589900953313,0.04497127863080585,1.0,0.7008768025399778,0.4,0.0,0.2,45,691.9119551855094,2887790.844251926
6,28,0.2977603394089875,0.7988334787473697,0.7655173307439159,0.31176513524851523,0.2085780181965897,0.04071609563501052,1.0,0.7203878430394222,0.4,0.0,0.2,46,997.375241368352,2765698.0863983296
6,29,0.29324044074391653,0.8028846884887032,0.7813809998688059,0.316452645357693,0.2087280400331829,0.04399314728050353,1.0,0.7127559467864534,0.4,0.0,0.2,47,803.2334682985136,2888568.1661403514
6,30,0.28996438967863525,0.7960138462871893,0.772998544524634,0.3231118535529385,0.22325048046812207,0.04359976831665771,1.0,0.7233196356701816,0.4,0.0,0.2,48,964.1255044669304,2764482.0188059374
6,31,0.28994957583146364,0.7956894509966348,0.7725305677357577,0.32474606351993485,0.16893938227238242,0.04576718810179165,1.0,0.7215565860143509,0.4,0.0,0.2,49,807.1280111320631,2888243.53941772
6,32,0.28926710504130426,0.7944803222468388,0.7711214060257094,0.33019083160938345,0.17026972337791765,0.04358381866342944,1.0,0.7257169836399335,0.4,0.0,0.2,50,968.2987771513478,2764399.6134127597
6,33,0.28596039800314765,0.7769720168089808,0.7394127466110282,0.3347120227324918,0.18776690781527977,0.04217963523268783,1.0,0.7320371074816838,0.4,0.0,0.2,52,968.1487177106944,2770025.203261249
6,34,0.35144773336358887,0.861564941571477,0.8487376505598201,0.42376704036610063,0.24582622709329982,0.0821836477004872,1.0,1.0,0.4,0.0,0.2,56,766.010228125396,283003.58731923613
6,35,0.3386642993837651,0.8418365320157664,0.8357642269476528,0.43530039277985827,0.36571875638459483,0.09602385686058544,1.0,1.0,0.4,0.0,0.2,58,864.917538907602,384376.5183987196
6,36,0.3240205896386787,0.804595460233706,0.7820224646060059,0.45783985981003533,0.30423213343611094,0.08202744185463172,1.0,1.0,0.4,0.0,0.2,60,813.5026310199794,405411.31774480006
6,37,0.3208746281231425,0.7783508530307901,0.7493082049390425,0.4562535325436246,0.5080914469630184,0.11085943985798026,1.0,1.0,0.4,0.0,0.2,61,981.3770336264892,403126.8284782436
6,38,0.3177792796238829,0.7746336701068606,0.745425598862534,0.4568101155212349,0.24496884719190595,0.10398178765833772,1.0,1.0,0.4,0.0,0.2,63,945.777663589898,403779.8452371492
6,39,0.3175074320670867,0.7850703868476903,0.7687313617313427,0.46641256547735077,0.24426905206440064,0.10398178765833772,1.0,1.0,0.4,0.0,0.2,65,954.5375491090967,404087.0017411215
6,40,0.3222376547555004,0.7737639135264855,0.7431454907178581,0.48472609363577424,0.30181850318242376,0.12239583137947443,1.0,1.0,0.4,0.0,0.2,66,1079.3383049601794,403074.0899065568
6,41,0.3179204002945387,0.7886727853194635,0.7832368951427717,0.48943367151745093,0.2626969384403709,0.11559456951587796,1.0,1.0,0.4,0.0,0.2,68,971.9047132690214,369789.7220210833
6,42,0.31792040064714305,0.7998771343182123,0.8074419234655519,0.5027830093828721,0.2462379978090924,0.11559457036157653,1.0,1.0,0.4,0.0,0.2,70,971.9047112516556,369789.7069027673
6,43,0.3168098989010565,0.8063486373257704,0.8259737469988173,0.5236517121531112,0.2666875013057344,0.11748580014677781,1.0,1.0,0.4,0.0,0.2,72,1192.1940579894913,354718.92173399945
6,44,0.3150287945141029,0.8128668456201413,0.8447698604779597,0.5192065089514578,0.2606965342183407,0.1163189769468466,1.0,1.0,0.4,0.0,0.2,74,1012.0895872763838,346706.8756090183
6,45,0.3148817902142309,0.7861889363267016,0.7910391691821095,0.5213389210029683,0.2929653462826134,0.12100072246829949,1.0,1.0,0.4,0.0,0.2,75,956.7748994366968,373609.5668769524
6,46,0.3126179426515296,0.7601014777417296,0.7386191709863992,0.5200651854067151,0.25834759916857164,0.11664212294425365,1.0,1.0,0.4,0.0,0.2,76,999.0095363669012,405372.09642297926
6,47,0.31192954712104254,0.7764107791905182,0.7795911182608632,0.5277250316317215,0.3035606537067103,0.12093234460820376,1.0,1.0,0.4,0.0,0.2,77,940.1031131230042,374115.79028886737
6,48,0.3058654691667624,0.756030707558377,0.7557816905912089,0.5365053885955802,0.2944790145915335,0.12004407615344057,1.0,1.0,0.4,0.0,0.2,80,945.9903619197028,391478.4959149016
6,49,0.3036584608696236,0.759095328072348,0.770458658062267,0.5494324799330284,0.27622392397864165,0.11995750302899819,1.0,1.0,0.4,0.0,0.2,82,924.7483757833144,392250.4792587569
6,50,0.3001912798425307,0.7246952321095006,0.7080921398149314,0.5459648333766592,0.2875640235967123,0.1186711727746802,1.0,1.0,0.4,0.0,0.2,84,980.8776414844126,394135.9043760836
6,51,0.29859849939020355,0.7429363995709517,0.7517476042387803,0.5660570541119148,0.258681771445918,0.11681768424488033,1.0,1.0,0.4,0.0,0.2,86,953.7683113432548,122574.32218604696
6,52,0.2975775019878083,0.7045235972589297,0.6734768729072228,0.5674356527953925,0.28184063270296233,0.11731581977150014,1.0,1.0,0.4,0.0,0.2,87,1001.8611640814712,67159.37994071424
6,53,0.29377790880946025,0.7163713350037915,0.709808561367471,0.5669471255545084,0.307145277456081,0.11306276456157975,1.0,1.0,0.4,0.0,0.2,88,967.649571090404,131982.92390529433
6,54,0.29538538387816937,0.6827835816500644,0.6368600200685589,0.5810334957245604,0.26292266717315294,0.1183686315017746,1.0,1.0,0.4,0.0,0.2,89,965.4428082983662,66334.91494532344
6,55,0.29012725131104117,0.6699498455585053,0.6329208874299077,0.5752062132184137,0.4137820355021441,0.1182111115029699,1.0,1.0,0.4,0.0,0.2,90,1044.5826287978252,66891.99806718824
6,56,0.28902369927745,0.6651165655714613,0.6272847283960767,0.5852427444296036,0.27987838646355573,0.11784754808130674,1.0,1.0,0.4,0.0,0.2,91,1046.3606798518774,67348.98089795609
6,57,0.28802827073614523,0.6600133764704987,0.6213021464624411,0.5848050537706457,0.28307155459565975,0.11792860385565851,1.0,1.0,0.4,0.0,0.2,92,1047.2368556944634,66805.78553955979
6,58,0.2914077149010399,0.6575381747194704,0.6175823148601339,0.5603921404124752,0.3027049122761698,0.12990988283214325,1.0,1.0,0.4,0.0,0.2,93,1153.4510419895964,66635.26528476637
6,59,0.28222698741573793,0.6311341713305678,0.5875688572017728,0.5888355390212925,0.39395019185154556,0.11658908643872037,1.0,1.0,0.4,0.0,0.2,94,1023.2030448526288,106874.4848429965
6,60,0.28217466587421397,0.6310050361940789,0.5874238046147118,0.5852204262838971,0.24724924714088248,0.11649876071569634,1.0,1.0,0.4,0.0,0.2,95,1023.356118418005,115068.40228352044
6,61,0.2806895365056902,0.6202651207741579,0.5747745709144235,0.5953163506606907,0.28595272331990745,0.11752136233490515,1.0,1.0,0.4,0.0,0.2,97,1022.6388075690433,114901.68929350744
6,62,0.28621761974170473,0.6540970192449473,0.6465181492670223,0.6482660454652442,0.2648803252623937,0.13398061423556706,1.0,1.0,0.4,0.0,0.2,101,1185.556558561669,73684.37754787007
6,63,0.2851578930937113,0.6584940627507858,0.6627499994329845,0.6436209661745962,0.2769297122380786,0.13398061423556704,1.0,1.0,0.4,0.0,0.2,103,1166.415128944635,74070.06127992574
6,64,0.28507151637626665,0.6691436306586427,0.686304971270009,0.6543598240255111,0.2555255649048676,0.13398061423556706,1.0,1.0,0.4,0.0,0.2,105,1154.9872163680036,74353.79078155819
6,65,0.280115005442913,0.6077241137534126,0.5597932230838579,0.6245592715329651,0.25237050678638234,0.12179277865727962,1.0,1.0,0.4,0.0,0.2,106,1113.9216927403247,73669.42270699341
6,66,0.2777207155510935,0.6282764444529998,0.617176044210421,0.648312946278318,0.34142757655087463,0.12083658080056725,1.0,1.0,0.4,0.0,0.2,107,1109.4698498224118,73585.90135739624
6,67,0.27270093246540034,0.5795919737782775,0.5382809019540906,0.6445885198247858,0.41379301169663135,0.11660001477350176,1.0,1.0,0.4,0.0,0.2,108,1081.7685230989491,73721.18444285894
6,68,0.2733143732488973,0.5987662625429125,0.5826983991521937,0.6599692716199993,0.27874578147618134,0.11957627030040056,1.0,1.0,0.4,0.0,0.2,109,1089.830912735733,74307.8284376035
6,69,0.2693654460790536,0.5690063343020915,0.547909591576772,0.6568760301633558,0.4525631402197004,0.11858659466366968,1.0,1.0,0.4,0.0,0.2,110,1148.007769365306,74118.66128861136
6,70,0.2676621888780985,0.5497677744029194,0.5253029485625047,0.6592168675352176,0.31654928020716144,0.11965838708700505,1.0,1.0,0.4,0.0,0.2,112,1151.92920212484,73987.22814767889
6,71,0.2671432142464573,0.5330689555801298,0.49465450331014743,0.6625200830571213,0.2672289698365947,0.11977762590111614,1.0,1.0,0.4,0.0,0.2,114,1152.9806767589116,73837.68815614707
6,72,0.2667571375690202,0.5197118781761598,0.4788342978133214,0.6511571291996798,0.3495562993600958,0.12234182019939273,1.0,1.0,0.4,0.0,0.2,115,1145.3990056562066,75544.69110253561
6,73,0.26488584523203823,0.5042131937021852,0.46076606391409347,0.6566630881683146,0.3008011408042063,0.12110350231725212,1.0,1.0,0.4,0.0,0.2,117,1104.5078524893904,74416.45815517347
6,74,0.26419125027803825,0.4954616389493326,0.4505033775761773,0.6633062502256997,0.2793116495739174,0.1212854848851227,1.0,1.0,0.4,0.0,0.2,119,1119.0665764458274,75188.37865773466
6,75,0.26372884630195165,0.48684393023262046,0.4403616776224103,0.6738376480977508,0.31088394646732787,0.12198843416748859,1.0,1.0,0.4,0.0,0.2,120,1132.4305201422776,75896.56060158683
6,76,0.25850952473435845,0.4096077022220096,0.3718127322728241,0.6884564462991449,0.9564247771713557,0.12562106743989795,1.0,1.0,0.4,0.0,0.2,121,8655.067421216248,78380.6566283319
6,77,0.257927611777832,0.3989738338428134,0.3593647258735146,0.6986860527806862,0.3242490833276562,0.12551798807154937,1.0,1.0,0.4,0.0,0.2,122,8689.172447851011,78113.8819199951
6,78,0.25761192132664307,0.3983984783925134,0.3587426810815876,0.6983561742856559,0.2508279137734765,0.12476174896904288,1.0,1.0,0.4,0.0,0.2,124,8555.055741430027,78364.75686409659
6,79,0.2577819595364251,0.4072151916793907,0.3800993319704597,0.7134993340845182,0.2689193296056067,0.12551798807154937,1.0,1.0,0.4,0.0,0.2,125,8635.885759295388,78311.96542801347
6,80,0.25769595006907997,0.3954347322139711,0.35522944092873376,0.7058096514346668,0.2541487313214521,0.12537319677656153,1.0,1.0,0.4,0.0,0.2,126,8682.90056807857,79106.3898532933
6,81,0.2572873636960773,0.38073488142946993,0.3379607690715502,0.715668349139311,0.3548466391693029,0.12612426970242924,1.0,1.0,0.4,0.0,0.2,127,8511.991630918725,79211.96314502535
6,82,0.2571236611937902,0.3871771525640263,0.3565785052391416,0.7193255838345698,0.2673804124966265,0.12626311812791863,1.0,1.0,0.4,0.0,0.2,129,8419.804871539774,77313.53517033267
6,83,0.25609353689787406,0.3892030284527083,0.3701454396689061,0.7408485436893222,0.3092696197379884,0.12462470573619885,1.0,1.0,0.4,0.0,0.2,130,8502.933031533217,77290.72629089514
6,84,0.2571726418110478,0.37798019968072644,0.3457255156170159,0.7379321392930134,0.2589902910112633,0.1274460124445352,1.0,1.0,0.4,0.0,0.2,131,8510.634919230937,79332.99210515509
6,85,0.2562560566445384,0.37030293151610527,0.33683916702138894,0.7517726510694123,0.2750889777159192,0.12590388835888486,1.0,1.0,0.4,0.0,0.2,133,8442.421475351022,76175.3791655753
6,86,0.25571402297443707,0.3867703685347109,0.3783435266681865,0.7743184300546824,0.2892219780713675,0.12512562787571035,1.0,1.0,0.4,0.0,0.2,134,8535.757193331141,81328.70076035468
6,87,0.2563604113256668,0.3671922672863456,0.3441560018356572,0.7817343268802803,0.272939861871607,0.1276760388739458,1.0,1.0,0.4,0.0,0.2,137,8476.924832951674,77762.42092590309
6,88,0.2523874825450392,0.3670915750626528,0.36675892191597725,0.7965293528301454,0.3150575632502332,0.11954090801304648,1.0,1.0,0.4,0.0,0.2,139,8315.89444617992,77463.85394504984
6,89,0.2523369309642554,0.37424114424165067,0.386197924442103,0.8079252787519979,0.2624125415589847,0.11978216334986383,1.0,1.0,0.4,0.0,0.2,141,8302.591895385378,77079.50720721099
6,90,0.25206721663168463,0.3539108104493863,0.3512964733439393,0.8070709996442669,0.3120094645138677,0.1198963574117752,1.0,1.0,0.4,0.0,0.2,142,8262.239277191293,76966.50525422285
6,91,0.25199282535956324,0.36058840073534726,0.37018577090083166,0.8223782113939118,0.25608061038902474,0.12009436768208148,1.0,1.0,0.4,0.0,0.2,146,8401.47960803878,77871.58243925034
6,92,0.25139635857022824,0.3446886707220726,0.3405597583721254,0.8368775212551629,0.2549776455891992,0.1189495339794839,1.0,1.0,0.4,0.0,0.2,150,8329.465366621906,81724.2143204876
6,93,0.2479096256639602,0.32923976842554953,0.32299562036440627,0.7854031629596774,0.28761987762816443,0.11120565687646733,1.0,1.0,0.4,0.0,0.2,152,8281.91520166061,76139.75073291003
6,94,0.24737167772047364,0.28809933665279225,0.2526439534587309,0.8444980349644347,0.309953393134827,0.11123862527539416,1.0,1.0,0.4,0.0,0.2,154,8311.808037393615,76344.0965241031
6,95,0.24664370382608616,0.28060733352829503,0.2439606027811746,0.8547260111532389,0.25610786201998137,0.10990150695293646,1.0,1.0,0.4,0.0,0.2,158,8300.641497869636,77541.90839982513
6,96,0.2484232493242751,0.27321256918226833,0.27909193748632366,0.8869709685985279,0.3436935870821373,0.11770000556778201,1.0,1.0,0.4,0.0,0.2,162,8391.643824326673,82762.58911073356
6,97,0.24777069487241976,0.2639760471505472,0.2793966277687763,0.9049061451782239,0.28211056467618567,0.11709954639235505,1.0,1.0,0.4,0.0,0.2,166,8440.757043295187,82520.17584271505
6,98,0.24713914792153005,0.2578965178800283,0.272365639511688,0.9117626761395901,0.2657235794075668,0.11578840704060875,1.0,1.0,0.4,0.0,0.2,168,8357.963034132456,82581.66109200066
6,99,0.2475367176914357,0.24712517538590212,0.27069274546460564,0.9187379993984861,0.2869045908883958,0.1178129384647553,1.0,1.0,0.4,0.0,0.2,172,8447.695505826265,82461.06815743093
6,100,0.24734491642248335,0.2579350011604789,0.29446772520765685,0.9387134971068258,0.24722515419054816,0.11734230380628481,1.0,1.0,0.4,0.0,0.2,177,8459.706670439507,82667.54161849954
6,101,0.247293773157003,0.25615490820419673,0.29238641717898334,0.9465084856246386,0.2592159239468904,0.11728971329819242,1.0,1.0,0.4,0.0,0.2,178,8390.01967818335,80939.05475991135
6,102,0.24761828283799175,0.2525741411064502,0.28812530302891065,0.9585046790168485,0.27511139683127234,0.11826914036716034,1.0,1.0,0.4,0.0,0.2,179,8346.664559339259,80826.62296134446
6,103,0.24759018960041515,0.2508794525978915,0.28614048942186493,0.9503668022757166,0.25907421720267965,0.11826914036716034,1.0,1.0,0.4,0.0,0.2,180,8358.346248916405,80775.23275847916
6,104,0.24790582671013414,0.26165408429336523,0.3097857280435202,0.9629374565480635,0.252945396038783,0.11908977897678823,1.0,1.0,0.4,0.0,0.2,181,8349.327565392234,80728.32515957323
6,105,0.24784327088325597,0.2612118644073634,0.30927732227603655,0.9628452787696018,0.2502738158386949,0.118949325517099,1.0,1.0,0.4,0.0,0.2,182,8356.871628315703,80501.27513195692
6,106,0.248037121774791,0.25655002795340054,0.30377029468951716,0.997535485859917,0.2593441948296791,0.11963561424394986,1.0,1.0,0.4,0.0,0.2,185,8392.828087850825,80375.59941801775
6,107,0.24767628889896834,0.24816890330320784,0.2939932292730045,1.008456063830248,0.2760909142659785,0.11905710438756903,1.0,1.0,0.4,0.0,0.2,187,8382.022702126416,80093.053538111
6,108,0.2479724361410181,0.2815511265495101,0.36628549380735953,1.0493306247634973,0.2482665434801427,0.11981827446538915,1.0,1.0,0.4,0.0,0.2,198,8300.200060855956,79841.61448143396
6,109,0.2474859692874815,0.2781897928723308,0.36242425561953084,1.060584952464696,0.25768660811399025,0.11871492321870378,1.0,1.0,0.4,0.0,0.2,200,8312.343057931404,80077.51503604407
7,0,0.7080529351620791,0.9229536903391642,0.8607852300314258,0.005684717174335176,0.0,0.0,0.0,0.0,0.4,0.0,0.2,1,5272.118751306345,8587.343653980564
7,1,0.7109139542482743,0.9369999786747423,0.873936038936983,0.0278763721633405,0.037540800279395145,0.0481506145590692,0.00010521765220967,7.671314551957001e-05,0.4,0.0,0.2,3,5205.5116331844665,8599.742662838558
7,2,0.6198205598153858,0.9512723202713492,0.8920934043442256,0.09595565325128291,0.4485517374359141,0.12977108852196678,0.04142382783169663,0.11830551012944332,0.4,0.0,0.2,4,4410.455193163619,43614.71142003719
7,3,0.4985871155505295,0.8729847635235722,0.8079622185609915,0.036880608389480936,0.26875641917688864,0.05883971727207192,0.05396188451206363,0.03934307421000492,0.4,0.0,0.2,5,3229.0901160406984,6597.545714095783
7,4,0.5026428162949009,0.878636337051823,0.8134010048259493,0.043674180972553725,0.04776679077875204,0.05900207381978345,0.10079562491570429,0.07348908932592457,0.4,0.0,0.2,6,2735.000803502143,6063.407108942711
7,5,0.49272919168627755,0.8851201755720789,0.8320204906880945,0.06607802118208372,0.07328448071930875,0.07237457647515629,0.04130030053043442,0.04839730732943004,0.4,0.0,0.2,7,3020.450130362157,6215.3022336109925
7,6,0.42498004854780136,0.8600486276218149,0.7980675056542836,0.08895187195923782,0.42766831413429035,0.08472121870891339,0.09538571234376028,0.15764858433944814,0.4,0.0,0.2,8,2377.9462815708507,40880.13710417795
7,7,0.4181481164088958,0.8669299605317253,0.8172089591055521,0.09480368695467692,0.08028680276127065,0.08472121870891337,0.09538571234376028,0.15764858433944814,0.4,0.0,0.2,10,2437.045289628796,41639.3222603148
7,8,0.41196653554810303,0.8519439822257853,0.7885180421503225,0.09880607579743497,0.09463631318427507,0.08509661208506637,0.09613513561765104,0.15855756875672655,0.4,0.0,0.2,11,2389.3375110356947,41567.26905435579
7,9,0.3900030024677953,0.8378350232100822,0.7717502776527978,0.1037306800945513,0.17547949050346723,0.08803513803575753,0.09610106286107747,0.15976228594440472,0.4,0.0,0.2,12,1845.7618210558423,37616.00346218917
7,10,0.3731932574742704,0.8282481957378176,0.7590774100411514,0.11733611765186835,0.13861130078913306,0.10320397727358036,0.10255212060245548,0.17158891590924613,0.4,0.0,0.2,14,1696.9409155823807,38388.12133837413
7,11,0.3518384003495947,0.8117559548483392,0.7397374923155242,0.12030769347324555,0.1336965883324175,0.10129941621457783,0.10719979545945937,0.17607957678689323,0.4,0.0,0.2,16,1304.1913146371433,33449.802124298345
7,12,0.3502751791712675,0.810270204411692,0.7382191545604468,0.12340148765291603,0.07594037546752672,0.10727992544797191,0.07390875384851119,0.15764037038479659,0.4,0.0,0.2,17,1605.8639860952833,33541.52080556502
7,13,0.3478812746113837,0.8214963000143933,0.7604982013976129,0.14261443416882255,0.1650722846994095,0.08078974583277293,0.21011246297718472,0.26758893511338616,0.4,0.0,0.2,18,2513.7106098504155,1070370.658746797
7,14,0.32987869523363456,0.8172300097613154,0.7660752961922379,0.1495978732767557,0.15317798521965198,0.0746329392768169,0.21346132919521882,0.2947258765157686,0.4,0.0,0.2,20,3133.8759782460884,1089788.085262251
7,15,0.3265111452713068,0.8140996706014774,0.7624655626863712,0.15653418351307558,0.09824493956460564,0.07678849154020971,0.21641376800961193,0.28875825412780987,0.4,0.0,0.2,22,3125.731158600967,1068898.3369256645
7,16,0.3257143958763749,0.8138436503379131,0.7606848643843074,0.17203722170383945,0.11792548111204419,0.08497535958310984,0.2854577253172949,0.3156193746476169,0.4,0.0,0.2,25,1977.505586981784,1060444.2362632882
7,17,0.3295529806605011,0.8177776517977148,0.7637847092839559,0.19121564344586978,0.12284823238768701,0.06403265674998064,0.3895343747132693,0.4015278675222538,0.4,0.0,0.2,27,2641.691969690072,2496431.379878114
7,18,0.3196855864068207,0.8079189332639863,0.7533917810085276,0.1822917628609932,0.12089288283520823,0.08503530866570647,0.28734563080944425,0.3258286535405416,0.4,0.0,0.2,28,1943.9966535780688,1059414.9636438803
7,19,0.2912431689781085,0.7765748851509906,0.7156768000479133,0.19573454827701547,0.36521801975455137,0.05791355329006866,0.4305785979491512,0.4093556345176661,0.4,0.0,0.2,29,2075.7882624454214,2496178.015657014
7,20,0.28347621682731783,0.7773313936575366,0.7269329953318546,0.20666054919071902,0.1600004477438508,0.06726117305389433,0.40518897245573643,0.4114359831023856,0.4,0.0,0.2,31,2136.778475991747,2495939.332399483
7,21,0.2754989273261281,0.7524558867115537,0.6851001907632915,0.2179735430312178,0.199302523328269,0.06252791153507968,0.4573870084424702,0.46806677037858363,0.4,0.0,0.2,33,2086.8252613284835,2527315.103871404
7,22,0.25120040109231273,0.7350116866836224,0.6782266968870847,0.2127118342305776,0.15372337931214253,0.05478261489149686,0.45292229685880814,0.4112547513451948,0.4,0.0,0.2,35,2031.620515951045,2472934.8788446924
7,23,0.27682981084675523,0.7547939988208366,0.6951713651681456,0.2506725512790586,0.1983669455445093,0.050670119156962165,0.4595156018417068,0.6012416969116933,0.4,0.0,0.2,37,4190.463463365615,2474902.0380896046
7,24,0.2590704366539009,0.7255970613281763,0.6612351238857906,0.25601484364040766,0.235632380294712,0.051162254859219734,0.4735668470533751,0.5926388189709163,0.4,0.0,0.2,39,4163.060816212885,2474797.674482484
7,25,0.25288931166390693,0.7146269581067547,0.648487411410237,0.26074230305066154,0.1746503487207685,0.04758869688186359,0.48428281805123746,0.5968352009666333,0.4,0.0,0.2,41,3913.7712532256073,2473355.977969396
7,26,0.25177665236197977,0.7132387071284936,0.6469996625155272,0.26929127153508603,0.13962385041695902,0.04747299997915757,0.4829477161281758,0.5930300317102896,0.4,0.0,0.2,43,3912.1132958360017,2472811.596904972
7,27,0.4158278780465017,0.8968003048750359,0.8647767958444961,0.47471319068357604,0.4134884145814348,0.2887275771177744,1.0,1.0,0.4,0.0,0.2,45,2680.77640377047,28703634887.94477
7,28,0.43922716743158297,0.8764712878082124,0.8220008757668482,0.5254957308191797,0.5540695043956994,0.40381439832064003,1.0,1.0,0.4,0.0,0.2,47,2632.2548883681693,6017745080.622872
7,29,0.39073041899275374,0.8374854825854952,0.7955690704362144,0.48421017787556625,0.32280595079812324,0.2848570463378991,1.0,1.0,0.4,0.0,0.2,49,2748.0494670338526,28703714863.84209
7,30,0.387197522613371,0.8110322461569337,0.7530576466698442,0.4884416466952581,0.4411182002520437,0.2913703150200154,1.0,1.0,0.4,0.0,0.2,50,2763.090779317235,28702755311.04349
7,31,0.30193338984995444,0.7228686081625657,0.6641549685777524,0.4168816512020913,0.23701306050056342,0.08174909845932195,1.0,1.0,0.4,0.0,0.2,57,2243.079564945845,382193715096670.9
7,32,0.3030963713996747,0.7344905890339322,0.6885878996525858,0.43112486601739963,0.2420349833634975,0.08556109898188059,1.0,1.0,0.4,0.0,0.2,58,3556.397238294571,382233678015830.4
7,33,0.30001310324371344,0.7168091726414265,0.6570529327720955,0.42298427823099016,0.26746852431371976,0.08182150515881823,1.0,1.0,0.4,0.0,0.2,59,2222.2232294662376,382193765027499.8
7,34,0.29299309350147973,0.6906585997672325,0.626241685699928,0.41490671276247537,0.42375951430623005,0.08448136708919479,1.0,1.0,0.4,0.0,0.2,60,2693.320885757425,382233616881124.9
7,35,0.2901094257679594,0.6807884935248164,0.6147239673331744,0.427286945313729,0.2671607402236015,0.08385742853324657,1.0,1.0,0.4,0.0,0.2,62,2405.816959292845,382233627783337.06
7,36,0.2881852028445348,0.6754188995436553,0.6085509766505572,0.4327288658330157,0.24928397609292938,0.08216162836593047,1.0,1.0,0.4,0.0,0.2,64,2470.56733790719,382233548929068.1
7,37,0.28582932520659926,0.6622519109476525,0.5929029061715088,0.44249939963894513,0.335287433976028,0.08546176599313374,1.0,1.0,0.4,0.0,0.2,65,2599.653399998219,382233646748292.4
7,38,0.2830978787888252,0.6497320764920689,0.578180743883428,0.4384182744855002,0.3243351899664447,0.08631296396282628,1.0,1.0,0.4,0.0,0.2,66,3667.5480913634287,382233601456425.25
7,39,0.6376617754257119,1.0072672859296403,0.9786831320436147,0.8250021573810307,0.722825409518765,1.0,1.0,1.0,0.4,0.0,0.2,69,2196.1948309282807,277590728324564.6
7,40,0.6369778409626055,1.0035082830305044,0.9742803090401173,0.8379923366031135,0.6065654540588336,1.0,1.0,1.0,0.4,0.0,0.2,73,2216.201656046393,277590708448557.6
7,41,0.6303858074366622,0.9188651528019207,0.8308146823583016,0.83832110787791,0.8786562455948828,1.0,1.0,1.0,0.4,0.0,0.2,74,3586.5871227386683,382194085903401.9
7,42,0.6289669880008556,0.9315950203084804,0.8678879612121133,0.8544302427321244,0.6335292175423776,1.0,1.0,1.0,0.4,0.0,0.2,76,3520.2378136230536,411328227339716.9
7,43,0.6270507003276012,0.917935788188299,0.851889506596426,0.8566050070617699,0.6476977421819388,1.0,1.0,1.0,0.4,0.0,0.2,78,3527.793338762492,382194103504174.1
7,44,0.6264966112008687,0.9138261364991453,0.8470761252690413,0.8630931680893965,0.6143506802807255,1.0,1.0,1.0,0.4,0.0,0.2,80,3479.2542658934026,382194113995829.6
7,45,0.6258956987066757,0.920487095791146,0.8659594459975712,0.8730127252832052,0.615867854202739,1.0,1.0,1.0,0.4,0.0,0.2,82,3517.2473846261337,411328249555448.3
7,46,0.6253389426030248,0.9161936569497402,0.8609307134764834,0.8830254431522016,0.6149952428025895,1.0,1.0,1.0,0.4,0.0,0.2,84,3481.7317912790904,411328320491752.6
7,47,0.6244633490137613,0.9316835800711469,0.901236950485367,0.8928582034167492,0.6241776930781834,1.0,1.0,1.0,0.4,0.0,0.2,86,2467.4371090243267,382194120378967.2
7,48,0.6237177539593541,0.914416477928659,0.8699307792235571,0.8958071979406561,0.642388787664653,1.0,1.0,1.0,0.4,0.0,0.2,87,2425.8772273772165,382194071157387.6
7,49,0.6233302445027693,0.9111917400070011,0.8661539313534932,0.9060301134743898,0.6112466199795996,1.0,1.0,1.0,0.4,0.0,0.2,89,2407.935793100598,382194084792827.4
7,50,0.6228291696493264,0.9069533518288746,0.861189830436853,0.9091758672001693,0.6295716144365211,1.0,1.0,1.0,0.4,0.0,0.2,90,2407.895641805625,382194084791961.0
7,51,0.6220607635745887,0.8890936857145666,0.8291897060292166,0.9085169836997715,0.6464607230984694,1.0,1.0,1.0,0.4,0.0,0.2,91,2379.437017051706,382194108204549.3
7,52,0.2480839552371079,0.5388990324367411,0.5161029218080093,0.6761186246372325,0.22974259606477213,0.06812789590642221,1.0,1.0,0.4,0.0,0.2,122,2087.0899332414147,34399834056770.555
7,53,0.2475239158272986,0.5363169213014658,0.513132631074692,0.6682685320430828,0.24276548248978042,0.06733839130138743,1.0,1.0,0.4,0.0,0.2,123,2084.6281589790333,34399826612001.867
7,54,0.24662309016655093,0.5390763207345344,0.5274485369741794,0.6711432424001741,0.28580910666463477,0.06730469494829246,1.0,1.0,0.4,0.0,0.2,124,2114.807695496813,34399834017888.805
7,55,0.246239069560516,0.5488265102704033,0.5499949119535902,0.6895729547038141,0.23499362711499377,0.06665177794706192,1.0,1.0,0.4,0.0,0.2,125,2139.180609235291,34399779832308.883
7,56,0.24622249228248064,0.5359904472909758,0.5238502159769599,0.6973317589618647,0.23939580430566415,0.06707057584804528,1.0,1.0,0.4,0.0,0.2,126,2153.940034813561,34399782633561.945
7,57,0.24608759067203717,0.5341440918898768,0.5216777063175237,0.681645220219808,0.24018644765444203,0.06721648423655989,1.0,1.0,0.4,0.0,0.2,127,2119.962609242129,34399834298733.105
7,58,0.24613166773503758,0.5453642391648004,0.5458929831034198,0.6968857442278293,0.22715491047769115,0.06733462457737947,1.0,1.0,0.4,0.0,0.2,128,2079.103890172395,34399836360647.797
7,59,0.24599357355837628,0.5429919348087984,0.5430953112826999,0.7078452562488595,0.235721502842083,0.06761330496160929,1.0,1.0,0.4,0.0,0.2,130,2117.800689499346,34399833793867.08
7,60,0.2448413815253772,0.5049739489144291,0.48722688141777426,0.7030583260862604,0.42635448362861983,0.07137829704425472,1.0,1.0,0.4,0.0,0.2,131,2175.6005349943525,34399804619646.824
7,61,0.2452812882474427,0.5022489640969479,0.48390748897862057,0.7034942373835187,0.2537481197341176,0.07324272564676769,1.0,1.0,0.4,0.0,0.2,132,2231.04228156734,34399803322490.133
7,62,0.24440639586852328,0.4931702953540647,0.4732934224157976,0.7099401965755459,0.29179941062924675,0.07295996553667881,1.0,1.0,0.4,0.0,0.2,133,2234.8740626232798,34399803603550.75
7,63,0.2444063961854604,0.4931702953323152,0.4732934223940481,0.7099401966678303,0.22918544312798794,0.0729599654823051,1.0,1.0,0.4,0.0,0.2,134,2234.874062572294,34399803603550.75
7,64,0.24383697503573623,0.47325553716860325,0.43886028204922034,0.7086107963104289,0.29108746016597375,0.07334140628212885,1.0,1.0,0.4,0.0,0.2,135,2238.0143685606963,34399803538194.586
7,65,0.2427630523749661,0.47908152088855793,0.4568862817471539,0.7155206750004885,0.26125262309402414,0.07158179234219421,1.0,1.0,0.4,0.0,0.2,136,2186.1387633019326,34399800194347.52
7,66,0.24300256776605172,0.5079054830924279,0.5237781699536377,0.7390888694554423,0.24203245917220537,0.07324010582771853,1.0,1.0,0.4,0.0,0.2,139,2242.612561774098,34399795944421.773
7,67,0.2422652918167728,0.5010772350964272,0.5158213683920898,0.7457443202932117,0.2521625420208897,0.07264408068321378,1.0,1.0,0.4,0.0,0.2,141,2240.040114669334,34399794832059.05
7,68,0.2408494950819579,0.5116763585749758,0.5505030391597064,0.7561911231422511,0.30634895266535345,0.07112546137264601,1.0,1.0,0.4,0.0,0.2,142,2297.375448693136,34399793702993.2
7,69,0.2405863800612184,0.5059175021425018,0.5437323802165033,0.7634010385348418,0.26991404718494205,0.07149925097677726,1.0,1.0,0.4,0.0,0.2,143,2295.23520233587,34399792590633.32
7,70,0.240417005886516,0.49215377367094165,0.5165284650179056,0.7627794790770543,0.24668831314887477,0.07151881977049294,1.0,1.0,0.4,0.0,0.2,144,2303.238107886308,34399792517297.3
7,71,0.23889422791248036,0.49710351148758075,0.5336102572367757,0.7611175198769209,0.2626214070755983,0.06855975945848566,1.0,1.0,0.4,0.0,0.2,145,2296.061053857919,34399797332058.92
7,72,0.23954572711201833,0.49300799699244024,0.5286444613248944,0.7696423766484493,0.2639592470545829,0.07102579438504994,1.0,1.0,0.4,0.0,0.2,146,2287.5715472081297,34399803100307.73
7,73,0.23869237351588113,0.4916287727799626,0.5271690317571665,0.7839678335524598,0.23146382177407926,0.0689822096266488,1.0,1.0,0.4,0.0,0.2,147,2212.7539942043904,34399794043357.074
7,74,0.23847670327854542,0.47569737007016955,0.4974114543583118,0.786842531827944,0.24454293986101855,0.0692175923952328,1.0,1.0,0.4,0.0,0.2,149,2269.0329230067177,34399792202737.52
7,75,0.23838848575815105,0.4855030557608011,0.5199781203819434,0.7986916076023411,0.23255430920677006,0.06921759239523284,1.0,1.0,0.4,0.0,0.2,151,2275.332076343183,34399795111549.35
7,76,0.23764880213183412,0.48065867027361187,0.5143837282206138,0.7933958451678831,0.25786550198294106,0.06805393177176527,1.0,1.0,0.4,0.0,0.2,152,2327.7461653933656,34399776372090.84
7,77,0.23938442793008474,0.4466886394085856,0.4629569550953814,0.7980264876097349,0.32131383014652926,0.07619268474200086,1.0,1.0,0.4,0.0,0.2,154,2045.721483759347,39714835152924.23
7,78,0.23880071784861573,0.4356298068262904,0.4500022850703124,0.8121166970914822,0.30781254411258585,0.07622138394356247,1.0,1.0,0.4,0.0,0.2,155,2095.080695131814,39714835268790.37
7,79,0.23918450165797744,0.4267714332196678,0.43947537743114184,0.8149197089926896,0.2994316732602238,0.07843109430827039,1.0,1.0,0.4,0.0,0.2,156,2225.737135586466,39714896969197.92
7,80,0.23887680727509525,0.42398254873674185,0.436239363295458,0.821994986932747,0.2403107994783622,0.07798760112573008,1.0,1.0,0.4,0.0,0.2,158,2254.616556046293,39714897357492.36
7,81,0.2381940486338065,0.43378119197384796,0.4589082450842981,0.8383384893117818,0.2358541519298454,0.07637489347515967,1.0,1.0,0.4,0.0,0.2,159,2137.154146227356,39714836845795.14
7,82,0.2389620839216856,0.43300413189934767,0.4578528089859095,0.8456450687236243,0.24279652890471368,0.07849607641359478,1.0,1.0,0.4,0.0,0.2,160,2214.933630338909,39714917303774.29
7,83,0.23882998325218144,0.4097830807355684,0.41949377000606225,0.8411904204670646,0.3190887013967464,0.07965710448793498,1.0,1.0,0.4,0.0,0.2,161,2084.040370611224,39716980843193.05
7,84,0.237171138262558,0.37154774778024113,0.374715107687139,0.8414212835901473,0.49864159898430577,0.07958808406890476,1.0,1.0,0.4,0.0,0.2,162,2152.896478738828,39716978783012.92
7,85,0.23711557759249002,0.38132248884337716,0.39724548815010097,0.8536847351390187,0.23680551437935687,0.07958808406890476,1.0,1.0,0.4,0.0,0.2,164,2155.996414456129,39716979930625.945
7,86,0.23628499390589053,0.3736242326074542,0.38832424868764687,0.8600706195247751,0.25621353196497687,0.0781954419664863,1.0,1.0,0.4,0.0,0.2,166,2139.472953049542,39716983312540.22
7,87,0.23762871683132994,0.384440296073502,0.41183265795987656,0.8737504386826271,0.2452374524904707,0.08172366750277486,1.0,1.0,0.4,0.0,0.2,167,2113.09147491935,39716980222070.08
7,88,0.2371767963338241,0.37114267908713794,0.3852425324887492,0.8721722527433162,0.24421228987289093,0.08075264897236303,1.0,1.0,0.4,0.0,0.2,168,2147.399834945535,39716961395619.24
7,89,0.23710027693651883,0.41857570519907716,0.5071781412835725,0.8253403632804928,0.3043426285065226,0.08237413908882234,1.0,1.0,0.4,0.0,0.2,170,2112.9605516629936,39716980222069.484
7,90,0.23436528017703073,0.29821425852851263,0.299912868510723,0.842218824960927,0.32253269887706215,0.07946493442815847,1.0,1.0,0.4,0.0,0.2,174,2042.3372939070389,34401825393685.168
7,91,0.23425077519194673,0.2978388868689717,0.29949174894017194,0.8495308907528327,0.2326243716844736,0.07919690097304496,1.0,1.0,0.4,0.0,0.2,176,2017.5821000750725,34401833474710.76
7,92,0.2346789087041033,0.2840368764737476,0.2721566432220204,0.848058625563995,0.25393612325471143,0.0804745924105284,1.0,1.0,0.4,0.0,0.2,177,2046.4546542517155,34401830619843.1
7,93,0.23365790058765684,0.3111885307137384,0.3373531297869497,0.888924081626137,0.2508391720530074,0.07828744068621987,1.0,1.0,0.4,0.0,0.2,179,2042.499158884662,34401825393685.04
7,94,0.23452098172151556,0.28610275589828793,0.28564404921011705,0.8899215247327732,0.24081149278487596,0.08067981603895083,1.0,1.0,0.4,0.0,0.2,182,2062.021538561083,34401837666007.125
7,95,0.23322987980345827,0.35339506634556167,0.4422110978348681,0.8804970545934319,0.30142162971149955,0.07807594631284057,1.0,1.0,0.4,0.0,0.2,183,2082.752139791519,34401837384527.8
7,96,0.23341551856213605,0.28281644533785566,0.29300814160138033,0.9084164562697556,0.25683136394346984,0.07875832219052839,1.0,1.0,0.4,0.0,0.2,184,2078.68870854242,34401835167443.625
7,97,0.23450450921831192,0.3163314597979826,0.3653167268066474,0.9545104625952086,0.23356446483721763,0.0815532111091719,1.0,1.0,0.4,0.0,0.2,193,2055.4097142985347,34401791907860.96
7,98,0.23476433409586062,0.3141653871151534,0.36272499411483616,0.9490025081443811,0.2387684349370442,0.08235067626619844,1.0,1.0,0.4,0.0,0.2,196,2025.6031657902445,34401790871813.117
7,99,0.23455838076207874,0.29097682961672733,0.32447171157615606,0.9459476754582341,0.3170662086701249,0.08252398113698535,1.0,1.0,0.4,0.0,0.2,197,2076.1706170274374,34401851051443.77
7,100,0.23441853745333308,0.31257134573240103,0.3719490023712895,0.9609740549348862,0.2376971717784001,0.08221270805913772,1.0,1.0,0.4,0.0,0.2,198,1993.6809179691604,34401812485043.312
7,101,0.2336948817877385,0.30047433394927214,0.3468220598760401,0.9696760069140604,0.23338101021441138,0.08041316376627314,1.0,1.0,0.4,0.0,0.2,199,2074.6445785808564,34401851376061.24
8,0,0.9715185392425278,0.9935479596847923,0.9434691961836249,0.012176214320389107,0.0,0.0,0.0,0.0,0.4,0.0,0.2,1,1198.4437216261465,7671.279404044189
8,1,0.9817738306939761,1.021113066961606,0.9701360232411551,0.04789953833321302,0.05112657578476177,0.0819237728721522,9.158662429444001e-05,0.00020398985418201002,0.4,0.0,0.2,3,1364.070827993687,7012.180407012359
8,2,0.8493810343979953,1.1254355242697136,1.0720012986673935,0.23963150720433052,0.8466007641622143,0.10118013589516975,0.37137507466127034,0.8785835543492599,0.4,0.0,0.2,4,4006.501595852733,3135.569295109509
8,3,0.6181226976490231,0.9511966974361654,0.8917742103223356,0.08704815614350217,0.3211590782661587,0.10036314098789148,0.08254789338033316,0.1838579908737494,0.4,0.0,0.2,5,1254.860433665775,4662.49042929165
8,4,0.5389412815977559,0.9191710326629751,0.8532937475255821,0.09536842975005476,0.21510126070639757,0.09131061849941949,0.13713745069238117,0.23028749343232646,0.4,0.0,0.2,7,1307.059635101676,5297.274420616968
8,5,0.4534847534468348,0.8820355165930853,0.805664166446107,0.11922353099195415,0.3197937098896627,0.10451849422972914,0.13620343582319144,0.3245758926664283,0.4,0.0,0.2,9,1326.601567652399,1862.882493045617
8,6,0.4460932975856474,0.8772314690257502,0.8000492570419828,0.1244600238322448,0.12319041047583601,0.1042998558317368,0.13629892754043435,0.324669845779615,0.4,0.0,0.2,11,1352.5658947886398,1850.877489662988
8,7,0.44224396612595035,0.8755338041751098,0.797637945136408,0.13022316694874259,0.13823427829308743,0.10407012073037711,0.14431254211004063,0.3374756162028283,0.4,0.0,0.2,12,1410.6791391449185,1809.296752902996
8,8,0.4393172410889088,0.8727488666185075,0.7948040110388681,0.13081200824093994,0.10861633595878074,0.10408564745051237,0.13658540269216174,0.32495170511918525,0.4,0.0,0.2,13,1380.1295981219826,1840.784957439478
8,9,0.42806724130484325,0.8651804433309052,0.785907015075842,0.13586210162130938,0.16100626569813462,0.10444148404658216,0.14231547619425308,0.3251881173257945,0.4,0.0,0.2,14,1302.8677062778163,4139.0100282831045
8,10,0.39042295356498513,0.8677426797338114,0.8246222714728437,0.1445542236354154,0.15047941541202825,0.09792226779500252,0.14191001662524627,0.2661400350384307,0.4,0.0,0.2,16,1888.7567707503915,30332.83537367561
8,11,0.35333875774170764,0.8383458797227403,0.7901720171175118,0.14919585259713927,0.19555692894493246,0.0942073270613274,0.15130049453683678,0.2741268229826926,0.4,0.0,0.2,18,1666.9625745967492,31235.592108908902
8,12,0.3513676791277336,0.8367551525672786,0.7882061253123999,0.15991256267394946,0.10075921267360677,0.09563345668537107,0.15137620236580154,0.2742746422315306,0.4,0.0,0.2,20,1680.9591941480612,30954.30087956924
8,13,0.3275213895169586,0.826838301688354,0.7865767677271377,0.17305720617825038,0.1635789593520771,0.09072007863487348,0.19622868944956945,0.3160964141148487,0.4,0.0,0.2,23,1682.8709288726125,40978.85955574019
8,14,0.46838626906558933,0.9453599788278821,0.8770293217850891,0.33902556851152754,0.294679850488887,0.13128403977878342,0.5185427106556899,1.0,0.4,0.0,0.2,25,1537.692568184592,57156.13808189639
8,15,0.45417655223275283,0.9302748934490424,0.8592137885464788,0.34649926140960957,0.3090735019040688,0.13343005812339856,0.5281505158141602,1.0,0.4,0.0,0.2,27,1032.1208469875014,50277.89969599218
8,16,0.45216428785663126,0.9280491081497237,0.8565980100397605,0.35229619776333443,0.2613716715083384,0.1335591498870853,0.5280413382587226,1.0,0.4,0.0,0.2,29,1013.4415670239076,50314.54722010674
8,17,0.451274548559933,0.9270956873172103,0.8554843896065332,0.3574624681019172,0.2601691069538394,0.13351439617120736,0.5271706921196609,1.0,0.4,0.0,0.2,30,986.1722235731736,51060.92990276196
8,18,0.4479554828352613,0.9233973064241467,0.8512329633506257,0.36035855797115485,0.27525043318747683,0.13234140145422446,0.5361344752156882,1.0,0.4,0.0,0.2,31,942.87170514742,48324.63778806567
8,19,0.445258710130237,0.9204948945017857,0.8480348584681818,0.3614175166153194,0.26380540913448514,0.12940266007832274,0.49462340786635994,1.0,0.4,0.0,0.2,32,1055.2995237039058,47569.15234907328
8,20,0.4401133663960345,0.9255688285378798,0.8648633094417038,0.3618919177721187,0.3037103003504217,0.13226471299864634,0.5030142511298786,1.0,0.4,0.0,0.2,33,2263.6123687900026,58272.46052412357
8,21,0.44123167612848924,0.9265216341248295,0.8656292523131945,0.37227892670478924,0.2587595278470464,0.1373748976470126,0.4956287199258946,1.0,0.4,0.0,0.2,35,1462.7997227809683,54347.44035176147
8,22,0.43250003030961537,0.9611195419785838,0.9507279156377162,0.4062831631954815,0.2841138544790279,0.13374429452472314,0.4988704760026124,1.0,0.4,0.0,0.2,37,1139.4518914240812,49487.71621408224
8,23,0.7641707343236472,1.266212783635934,1.2265660040910165,0.7526945516641526,0.6663513156341313,1.0,0.4542767410959977,1.0,0.4,0.0,0.2,39,1177.0845528993948,44484.83691142061
8,24,0.7538408346346668,1.2519585940368334,1.2098707092324508,0.7591939016056404,0.6995555058819677,1.0,0.40756831369619667,1.0,0.4,0.0,0.2,40,1430.0985436625035,45261.530516503095
8,25,0.7423257638594429,1.223716577985804,1.1657103288915345,0.7636012050846452,0.6396658518701039,1.0,0.4680112565743924,1.0,0.4,0.0,0.2,43,1120.6142083019952,45047.53280817807
8,26,0.73671782195982,1.2149252264108121,1.1554134972574548,0.767860844075553,0.6614005491356354,1.0,0.4383590051536645,1.0,0.4,0.0,0.2,44,1244.337810341229,45480.08747512072
8,27,0.7319334423291992,1.2183464028793891,1.1705021882227173,0.7762422287361557,0.6271794863060178,1.0,0.4232008089103977,1.0,0.4,0.0,0.2,46,1347.7731539273173,45945.6670140355
8,28,0.7290223296142189,1.2134752740031363,1.1647968251381113,0.784956476595621,0.6170119879994684,1.0,0.4081806716660165,1.0,0.4,0.0,0.2,48,1267.8799253049017,47239.80075077758
8,29,0.7201090761445679,1.197865333597189,1.1465136269012353,0.7877847816464199,0.6545113980285684,1.0,0.42589663050071325,1.0,0.4,0.0,0.2,50,1342.9996623924349,48442.74827816962
8,30,0.718798045099333,1.1954747328995672,1.1437135364563584,0.7968828920393911,0.6083480231243756,1.0,0.42599212221795585,1.0,0.4,0.0,0.2,52,1351.2151807303112,48200.65351066611
8,31,0.7174217061628727,1.2041417930701985,1.1649468229531041,0.8094583604118355,0.6059076489786535,1.0,0.4171541310458887,1.0,0.4,0.0,0.2,55,1411.4687993908676,48485.53757552736
8,32,0.7123737540753341,1.1945814418572247,1.1537492170389643,0.8145790949110454,0.6667721111306881,1.0,0.4435475798685241,1.0,0.4,0.0,0.2,56,2515.8730140991474,48317.02288666236
8,33,0.7115698328006754,1.2042250529242888,1.1761260564314615,0.8723798069828115,0.6010901474637707,1.0,0.4980350079918051,1.0,0.4,0.0,0.2,66,1393.929796683027,47513.41717113858
8,34,0.7111519787124216,1.203410234721838,1.1751717396242651,0.8793817930727199,0.6028482683550724,1.0,0.49960388857108723,1.0,0.4,0.0,0.2,68,1395.655329010891,47462.048925699135
8,35,0.7097287463619337,1.2006088056271353,1.1718904882094237,0.8836261439601374,0.6195578798380764,1.0,0.43098410104244733,1.0,0.4,0.0,0.2,69,1306.0086489612254,46086.09563811584
8,36,0.7089072286739937,1.2101806114812261,1.1941832737082176,0.8937406482915682,0.6057014714050689,1.0,0.45407374993358396,1.0,0.4,0.0,0.2,71,1292.1713451347964,46743.30080892908
8,37,0.3670758404814742,0.8617837927419658,0.8435933282329513,0.5262835358406343,0.30912872977674055,0.16102196542626634,1.0,1.0,0.4,0.0,0.2,73,2239.393837525449,54118.87940931972
8,38,0.3665007093000268,0.8604214907762007,0.8419720155514683,0.5297012696636666,0.27529186356711144,0.16139709690446655,1.0,1.0,0.4,0.0,0.2,74,2134.728059041496,54680.014450774375
8,39,0.3625357638438798,0.8531847390627154,0.833675060089186,0.5280355848958891,0.3074775597500752,0.1587822329003042,1.0,1.0,0.4,0.0,0.2,75,2177.704915693292,56065.48620217674
8,40,0.3593920250987652,0.8449116466476418,0.8238222653600564,0.5383792191667917,0.2963814262942406,0.16116051535046066,1.0,1.0,0.4,0.0,0.2,77,2122.5673551602317,55128.48135612482
8,41,0.3605078709636347,0.844916262265538,0.8234792612740016,0.5436320361422298,0.2811851015720425,0.1662471442692552,1.0,1.0,0.4,0.0,0.2,78,1947.169948903,55103.85610243592
8,42,0.3576989178549188,0.8407561599772866,0.8189193518925808,0.5484633233291802,0.2805392397993878,0.16168191692664508,1.0,1.0,0.4,0.0,0.2,79,2119.062762551884,54906.85546537508
8,43,0.35324606885700655,0.8317044069018187,0.808497715648328,0.5535466091199115,0.3197817516575143,0.15905071346293234,1.0,1.0,0.4,0.0,0.2,80,2134.530968711721,54970.6965549374
8,44,0.3354827743353773,0.8114133139301316,0.7973280775009464,0.5564479900481679,0.4124346707571172,0.13693821322741068,1.0,1.0,0.4,0.0,0.2,81,1926.8730594192195,56576.157802773385
8,45,0.3330533938420931,0.7952694322013361,0.777524773450242,0.5597076282101854,0.33462131223274566,0.14999859547344443,1.0,1.0,0.4,0.0,0.2,83,2332.352140065591,56727.373195504304
8,46,0.32966561135209227,0.7893581738098521,0.7709612703399089,0.5607199058565013,0.2711552939257973,0.1447419062173485,1.0,1.0,0.4,0.0,0.2,85,2316.9124293059467,57223.8168584103
8,47,0.3297566002940781,0.7884983097790197,0.7698565373496637,0.5646280687111342,0.2684635724095566,0.14616669254558304,1.0,1.0,0.4,0.0,0.2,86,2131.0209784988087,56975.1127639202
8,48,0.32881317338492067,0.7867115686551582,0.7678538199322451,0.5674532801270922,0.26671536050672096,0.14485243051502855,1.0,1.0,0.4,0.0,0.2,87,2278.701533281629,57690.38593566336
8,49,0.3283169623735176,0.7899073916859713,0.7821324620109251,0.594269528024089,0.34076430461271867,0.15282831090863788,1.0,1.0,0.4,0.0,0.2,88,1900.671707839712,62460.25816794429
8,50,0.3245009507749217,0.7910238310009898,0.7947084000723754,0.592333057756729,0.3216615051100611,0.1501049398046525,1.0,1.0,0.4,0.0,0.2,89,2280.226104408946,58473.399652272186
8,51,0.31902143273204797,0.7605073325079714,0.7478530550830658,0.5907228262506548,0.3964348657955248,0.1505550875249971,1.0,1.0,0.4,0.0,0.2,90,2155.844457523446,72637.50810806386
8,52,0.3173364463219197,0.765953383768414,0.765341192004992,0.6042104720728165,0.2794603386358592,0.15015238490303834,1.0,1.0,0.4,0.0,0.2,92,2274.654521361186,69997.14009824317
8,53,0.31635235432002407,0.7508627974748026,0.7365704112185274,0.6075023944610887,0.27401366008741257,0.15035873256991394,1.0,1.0,0.4,0.0,0.2,94,2106.866589703538,72547.87430752422
8,54,0.3157560906641306,0.7491639585422714,0.7346144510098194,0.610733733463225,0.2651736147291001,0.14986132055651388,1.0,1.0,0.4,0.0,0.2,96,2228.3376506997447,65177.98316081306
8,55,0.31377660840742694,0.7888013764863657,0.8255110695636849,0.6820132201019191,0.2621403277586897,0.14775909491475891,1.0,1.0,0.4,0.0,0.2,106,2294.015623889401,62500.56061583587
8,56,0.3113557363114907,0.7678886742833098,0.7899259427270848,0.6921512630552726,0.327277492547808,0.14789471746541188,1.0,1.0,0.4,0.0,0.2,107,2126.9488379448057,66229.60556119129
8,57,0.3113406429206831,0.7678278108170755,0.7898545526909031,0.692145457025509,0.2595832715910644,0.14789471746541188,1.0,1.0,0.4,0.0,0.2,108,2143.980083195529,66098.6867076385
8,58,0.30994217763449,0.7619874324694536,0.7830067015211051,0.706524742183283,0.27974507257596803,0.14800187272032234,1.0,1.0,0.4,0.0,0.2,110,2077.217636107371,66429.1826923996
8,59,0.4587637168755697,0.9098696722554565,0.9306672099566418,0.8404565048911179,0.41867914677853635,0.5209442631248795,1.0,1.0,0.4,0.0,0.2,111,1995.9048915843089,67798.52934830527
8,60,0.46079308072321995,0.9018405743619091,0.9203991380833068,0.8551778891032347,0.44349272881321433,0.5335548578292123,1.0,1.0,0.4,0.0,0.2,114,2086.697699109057,66561.00663360443
8,61,0.45460591897333263,0.893241778517432,0.9112683620482394,0.8602924503096852,0.4151182026975788,0.5198252261665786,1.0,1.0,0.4,0.0,0.2,117,2023.2910839610076,66566.53786838625
8,62,0.303687490497913,0.7513985697696581,0.781956949180024,0.7285005605107693,0.27672184376308095,0.14404877106552033,1.0,1.0,0.4,0.0,0.2,118,2309.3276830888176,66990.18452553819
8,63,0.4532788716650112,0.9064000312825684,0.9486882232070346,0.8979392675672555,0.4349672646670643,0.5220920880386065,1.0,1.0,0.4,0.0,0.2,120,1968.305072391005,68062.45404538795
8,64,0.458921048699943,0.8768314191715987,0.911639075867335,0.919580976154396,0.5752739361002457,0.5573708998617322,1.0,1.0,0.4,0.0,0.2,122,3086.63192884523,65934.93163503305
8,65,0.5070167503814065,0.9210813462711125,0.9550915286510611,0.9871137199145177,0.4799806121146619,0.6796358555278154,1.0,1.0,0.4,0.0,0.2,126,2598.2366554999835,53349.66919073276
8,66,0.4535379074887557,0.8652597646205078,0.9094882655712251,0.9460838101324323,0.5345562946418405,0.5526884178098633,1.0,1.0,0.4,0.0,0.2,127,3129.9368231011176,66586.28242219656
8,67,0.4479325792979066,0.8309094172175326,0.8478485467388552,0.9534810265515341,0.43417177637867643,0.5416387101640535,1.0,1.0,0.4,0.0,0.2,130,2650.5761640575406,58744.07679164061
8,68,0.4478119280857358,0.810870381327532,0.8345905248711658,0.9570486960647273,0.6753725435874851,0.554322384236445,1.0,1.0,0.4,0.0,0.2,131,2443.5827016095463,67506.04825756924
8,69,0.4423978914804999,0.8016777430810194,0.824653766239106,0.9666783747952676,0.43204501947916124,0.5422038915542183,1.0,1.0,0.4,0.0,0.2,133,2583.9362839992405,64476.08521963992
8,70,0.4391894217723127,0.7961562812099865,0.8294877108133436,0.9759819345348391,0.5234950502743645,0.5390051829735745,1.0,1.0,0.4,0.0,0.2,134,2376.5029389020738,66203.1957953927
8,71,0.4362792670647832,0.7742294231752309,0.803880858874378,0.9848074974573331,0.49019675874088103,0.5379077402540774,1.0,1.0,0.4,0.0,0.2,136,2499.263448239241,66402.9455434338
8,72,0.4357752104046546,0.758050755721513,0.7738430929376339,0.9760218279517208,0.45021041000785356,0.5380057996425793,1.0,1.0,0.4,0.0,0.2,137,2524.086281374984,66921.43481051116
8,73,0.4352072110115621,0.7561841528551989,0.7717272378398705,0.9940803499774378,0.41818926510144144,0.5369752862075149,1.0,1.0,0.4,0.0,0.2,140,2490.0325254716645,65840.75360373236
8,74,0.43623987790896696,0.7491774757252763,0.7631833890137585,1.0026679031954489,0.4272160040646314,0.5419007143206386,1.0,1.0,0.4,0.0,0.2,146,2531.366962695534,288373.6026961028
8,75,0.4331086320832796,0.7159927938426736,0.7243114018647034,1.0107926697607548,0.6486596473794914,0.5419629322901751,1.0,1.0,0.4,0.0,0.2,147,2689.203803732299,289502.31267743144
8,76,0.43164626262634676,0.7032976665723247,0.6986099678090647,1.0227712088407026,0.4156056292414627,0.5383159118061076,1.0,1.0,0.4,0.0,0.2,148,2405.2429474766623,289398.34125679487
8,77,0.4320653026408793,0.71333042443513,0.7213450822113474,1.0171811896789347,0.42801778347170866,0.5397443999682533,1.0,1.0,0.4,0.0,0.2,149,2428.8540798990507,291331.9169868759
8,78,0.42915790326876235,0.7062087550178737,0.7134328841409514,1.021695709601493,0.44566335937144935,0.5334765032307897,1.0,1.0,0.4,0.0,0.2,150,2392.1011242195736,289953.31440924096
8,79,0.429079311291104,0.7048847737582227,0.7118756872997485,1.029049005112917,0.41818981108359,0.5335713139301305,1.0,1.0,0.4,0.0,0.2,152,2398.671009766861,290347.5249651809
8,80,0.4290723873048917,0.7126516665704725,0.7320016827331532,1.0265674689376592,0.43984776996834873,0.5343435530707533,1.0,1.0,0.4,0.0,0.2,153,2565.346906310484,291121.39435386576
8,81,0.4245816488600202,0.6664478305980255,0.6671306269640165,1.04266463572514,0.6431024535596517,0.5295648675476637,1.0,1.0,0.4,0.0,0.2,154,3188.595958980321,65728.27395680209
8,82,0.4248644115719077,0.6534621275699029,0.6517018220699196,1.0537811790693248,0.46283262746376475,0.5327647205779014,1.0,1.0,0.4,0.0,0.2,156,3181.9258582285324,65414.67561178552
9,0,1.0,1.0,0.9510262383316989,0.012767904366277633,0.0,0.0,0.0,0.0,0.4,0.0,0.2,1,781.8546428463583,8001.541735541956
9,1,1.0001815222202697,1.018391768287214,0.9685074638685233,0.03938285300911671,0.04227468570901017,0.05922232646947889,0.00010725661360837,9.750412846396e-05,0.4,0.0,0.2,3,750.5536819822771,7868.089025500393
9,2,0.9231436832216995,1.0657657480654226,1.008830074066229,0.13740225859787425,0.4019570770207807,0.0727610151370449,0.44975293536534294,0.41576155504565593,0.4,0.0,0.2,4,2050.2562396800377,3963.041035090403
9,3,0.6269560124430064,0.9406624135381081,0.8834739994773603,0.06302741016488547,0.592381512434698,0.07263612672476423,0.13355810384718295,0.12141411216340567,0.4,0.0,0.2,5,779.0753984461219,5405.576237134425
9,4,0.5162990094336131,0.9103185283219051,0.8419618214324402,0.0965130762568666,0.31561618944381464,0.09575475663982565,0.197762604831506,0.24952575318652928,0.4,0.0,0.2,7,1247.6255921705292,7399.780792509689
9,5,0.5026261633072473,0.9107503097327757,0.839807658045926,0.11582908744920765,0.15857599608620632,0.09905172431749666,0.25263500651185666,0.32059048703077336,0.4,0.0,0.2,9,1721.7920019007738,7319.256854731728
9,6,0.6254101654336075,1.0612975484041731,1.0149174493236808,0.30517752091823597,0.24935175388941413,0.1006942089437162,1.0,1.0,0.4,0.0,0.2,15,2213.304288933668,35492.74537043269
9,7,0.5873852389859642,1.0437711613249612,0.9916402027390214,0.32070676629291783,0.3736047955103593,0.14082922051064908,1.0,1.0,0.4,0.0,0.2,17,612.4299927960712,39691.16904283609
9,8,0.5821639737857291,1.0403820742501295,0.9875978994338277,0.32846188584203007,0.27008044089299127,0.14189291896555264,1.0,1.0,0.4,0.0,0.2,19,628.8954259616494,39685.89636065059
9,9,0.5821640732448146,1.0179733770018846,0.9391879747692051,0.3132417949369666,0.2567572968547816,0.14189291914728755,1.0,1.0,0.4,0.0,0.2,21,628.8963216463865,39685.87603044779
9,10,0.5814840658309739,1.0623239623327718,1.0354614758094223,0.3469070454476954,0.2599737485336014,0.14188332751701815,1.0,1.0,0.4,0.0,0.2,22,598.1921676945465,40780.10540076605
9,11,0.5741720290290135,1.0120851903413517,0.9325067747131217,0.3237073376433961,0.28466524065119503,0.13874976085190246,1.0,1.0,0.4,0.0,0.2,23,884.7040492976181,39617.12219789638
9,12,0.5392688263399288,1.0164884428675582,0.9734354249441863,0.32802691333762596,0.2913067821839559,0.10187279076606318,1.0,1.0,0.4,0.0,0.2,25,288.87565812600644,38486.023624619
9,13,0.8879044480325486,1.3789023461925927,1.3474727074185664,0.7045690386320269,0.6280040151259385,1.0,0.7806148479743223,1.0,0.4,0.0,0.2,27,1468.9327005439336,95715.08846857928
9,14,0.86480172595901,1.3491794331063918,1.3015779035239776,0.7038871209940547,0.6646521132679069,1.0,0.8516208819211235,1.0,0.4,0.0,0.2,29,2258.2451985872062,246025.01732873885
9,15,0.5014021632438301,1.0199066843717122,1.0109222762057797,0.37035961297393505,0.24745274834790065,0.09839956959311368,1.0,1.0,0.4,0.0,0.2,31,179.8677083804359,39259.59280760762
9,16,0.5063798692801642,1.0249279813076058,1.0158315538667846,0.3754118517216211,0.24915026596933063,0.11258809017590996,1.0,1.0,0.4,0.0,0.2,32,184.24386023021844,41182.9776050631
9,17,0.4754962906715618,0.9967339593609366,0.9840391874911154,0.3755567211511197,0.38461839242617346,0.09463154048284587,1.0,1.0,0.4,0.0,0.2,33,209.22173926909716,34388.48376289515
9,18,0.46236454777799263,0.9841555412864254,0.969477151233068,0.3734903144366673,0.31769109747073687,0.09214180225188587,1.0,1.0,0.4,0.0,0.2,34,208.4242762044392,35321.190570928295
9,19,0.4496783952568393,0.9263461075724764,0.8566499090818092,0.34724055052366787,0.30296864352293007,0.10368342906792852,1.0,1.0,0.4,0.0,0.2,36,238.91099429427783,35742.16817602085
9,20,0.44844246053721665,0.958647459119153,0.9277282812672218,0.38254070921680966,0.2460522338820667,0.10368116064695505,1.0,1.0,0.4,0.0,0.2,38,246.56569455937296,35999.38182481952
9,21,0.437849338279552,0.9581203013568329,0.9379195891831342,0.40076676423660196,0.33646127490920663,0.10766958599746153,1.0,1.0,0.4,0.0,0.2,39,227.32650730652125,35869.989470396315
9,22,0.4125894040819211,0.9390955931220364,0.926931334283926,0.4058709254331524,0.3428909946823666,0.10456079859651064,1.0,1.0,0.4,0.0,0.2,41,230.3155448191388,36613.0646568298
9,23,0.4105068143830066,0.9474664543003577,0.9477402225995326,0.4151095423202543,0.25373954312490143,0.10568809147699668,1.0,1.0,0.4,0.0,0.2,43,268.96763980974475,36230.49752363672
9,24,0.4082552730349253,0.933069514949791,0.9196733426483508,0.41929447551263527,0.2566407969495946,0.10747981713175421,1.0,1.0,0.4,0.0,0.2,45,265.4136241079358,36827.49497585967
9,25,0.3917845444850107,0.9207824712421937,0.9161945349888971,0.4272993372440367,0.32946603594084933,0.10994946602771882,1.0,1.0,0.4,0.0,0.2,47,269.53553610799787,36866.29359112364
9,26,0.37313371089898684,0.8942796353630651,0.8859261161008136,0.43611008433835863,0.31625095143860005,0.09866183133260432,1.0,1.0,0.4,0.0,0.2,49,422.6372309469958,36844.33976536013
9,27,0.37003204919809196,0.8838828129087068,0.8724948437754065,0.4485152555271248,0.3086604685175097,0.11696675300932544,1.0,1.0,0.4,0.0,0.2,51,770.4420601709969,31948.17691396044
9,28,0.3620074051171646,0.9125369829330008,0.9500983902021316,0.4984354710454148,0.2692028237690963,0.12112536623861395,1.0,1.0,0.4,0.0,0.2,57,2841.1238373882984,48131.41445083877
9,29,0.3568637152722579,0.9034353772419572,0.9396057326391156,0.5035728205368044,0.2758317748250454,0.11867684045100632,1.0,1.0,0.4,0.0,0.2,59,2684.244576294727,47047.545935067705
9,30,0.3506590016107176,0.9029709820077716,0.9503002163818393,0.5116491737850846,0.2841277326670266,0.11638919438103797,1.0,1.0,0.4,0.0,0.2,61,2774.2942231530324,46925.325588080486
9,31,0.3336398595863447,0.879050406133115,0.9337778494342015,0.5092325253704055,0.35838035050215955,0.1103591739116084,1.0,1.0,0.4,0.0,0.2,63,4037.055503330332,46860.01822274733
9,32,0.33439914008533256,0.8652196039284716,0.9059649370124938,0.5288650113476481,0.2672544784845371,0.11812202674712076,1.0,1.0,0.4,0.0,0.2,65,2727.740137011022,46691.95558137919
9,33,0.33419028215162566,0.8759049034780222,0.9295618373726067,0.5460408766854787,0.24905597274555877,0.11812202674712076,1.0,1.0,0.4,0.0,0.2,67,2710.9800526044087,46576.06781481984
9,34,0.3328470005342687,0.8601201855288099,0.8998549344085922,0.5436022517509322,0.2856412421634669,0.1201264601300398,1.0,1.0,0.4,0.0,0.2,68,2816.085783935734,43657.70370889078
9,35,0.3195048196124152,0.8229620114322704,0.8562916715136049,0.5400925373445102,0.5099362627997577,0.12073081524311424,1.0,1.0,0.4,0.0,0.2,69,2689.467832806901,47679.44561921786
9,36,0.312927709914581,0.8207825476638828,0.8653873183042593,0.5393867625974751,0.28001454790818653,0.11245824485719,1.0,1.0,0.4,0.0,0.2,71,4075.8162910839615,50207.27943857327
9,37,0.3128242648429662,0.831657960063019,0.8892071812957563,0.5567443145397892,0.24611779135943776,0.11245824485719,1.0,1.0,0.4,0.0,0.2,73,4070.63787622316,50170.87823295129
9,38,0.31186474303474276,0.8112188356223831,0.8537142429897815,0.5655363138250125,0.28959904921934726,0.1193422884073172,1.0,1.0,0.4,0.0,0.2,75,2663.478856278071,46336.96618482115
9,39,0.30122072500450114,0.7659361651191874,0.7691799928126852,0.5519735591372428,0.23896998877200426,0.09381875284095724,1.0,1.0,0.4,0.0,0.2,82,1658.7707364957955,30204.628482876546
9,40,0.2969058188413547,0.7979496944036497,0.8511429284331202,0.5925407169911918,0.32043216286285636,0.09177323385624946,1.0,1.0,0.4,0.0,0.2,83,1752.2384893266972,27363.18878273406
9,41,0.29677462982157643,0.7970184232659487,0.8500204131259403,0.5961948870452368,0.24079832015128316,0.09223691107830431,1.0,1.0,0.4,0.0,0.2,85,1764.120179531657,27257.4036425749
9,42,0.2963017758678424,0.7962869894501952,0.8492272146158335,0.6101803733608681,0.2377879448829482,0.09131016582090248,1.0,1.0,0.4,0.0,0.2,87,1724.2937733683757,27162.80126524375
9,43,0.29522179409397586,0.7924258491884584,0.8447049373135405,0.6098233345056894,0.26347162275757774,0.09130827771971466,1.0,1.0,0.4,0.0,0.2,88,1742.945567697109,27214.42942461906
9,44,0.2889485330885955,0.7611441397598135,0.7972020937405939,0.5996182142152839,0.26808775331389556,0.08813019381729846,1.0,1.0,0.4,0.0,0.2,92,1757.2383140840527,22093.53043541829
9,45,0.288636885210808,0.7766522105975588,0.8372066607168815,0.625909079040365,0.29849260524037646,0.09284247453940604,1.0,1.0,0.4,0.0,0.2,93,1825.9735118836008,28324.162681465405
9,46,0.28589688069064073,0.7891812217644301,0.8741277451144249,0.6574217745679036,0.30227046182282824,0.09163211203604084,1.0,1.0,0.4,0.0,0.2,94,1819.058522721229,24318.32825009354
9,47,0.2736688983183312,0.6849835253144898,0.7077509635415844,0.5903233952603884,0.6517352048398486,0.09174249644914154,1.0,1.0,0.4,0.0,0.2,95,1301.9791651945868,28427.208528089715
9,48,0.27360447201560434,0.6835159083384484,0.7059904664270809,0.6012156228732501,0.24291379256712228,0.09234971088876835,1.0,1.0,0.4,0.0,0.2,97,1276.8178526945733,28158.443035344942
9,49,0.2733007780781733,0.679597395022441,0.7013194839412218,0.6121193942066478,0.2527569912123445,0.09353706071172377,1.0,1.0,0.4,0.0,0.2,99,1328.7103373054583,28498.394361177467
9,50,0.2726889383604307,0.6972840169964171,0.7548537382627671,0.6456129215472951,0.3042228566763552,0.0997648112761198,1.0,1.0,0.4,0.0,0.2,101,1462.9310291694856,33584.1991856969
9,51,0.2725737818279968,0.6950097108420492,0.7521387683787124,0.660455581665726,0.24918972219195795,0.10051074139506573,1.0,1.0,0.4,0.0,0.2,103,1482.797862781928,33616.17258400573
9,52,0.2679240506549998,0.6399044088627357,0.6546267443520795,0.6275251459882596,0.37746311864048043,0.09648768749283004,1.0,1.0,0.4,0.0,0.2,104,1517.3993287115634,30555.562226817136
9,53,0.2678104144899488,0.6389076485714917,0.6534528419145533,0.6385471493437991,0.24224478240603323,0.0965807744317472,1.0,1.0,0.4,0.0,0.2,106,1510.481641855537,29755.29614690703
9,54,0.267467765787212,0.6148467332086033,0.603128515057697,0.6164026539710743,0.24922075649883166,0.09628026809741433,1.0,1.0,0.4,0.0,0.2,107,1514.389797097038,29699.185392702253
9,55,0.25798866998583175,0.6460909643447347,0.7179418689725745,0.6675362217217237,0.5379351373403639,0.0868461867282755,1.0,1.0,0.4,0.0,0.2,108,1530.8279851984466,27328.319436105
9,56,0.25875288732440804,0.6576842213562779,0.7424626442452518,0.6977849455924932,0.2361489694901669,0.08888356826505919,1.0,1.0,0.4,0.0,0.2,113,1473.974269064633,33325.56396917159
9,57,0.2564490512115381,0.641840112373069,0.7239988005081306,0.6958342618971933,0.3418662788913349,0.08751940219073391,1.0,1.0,0.4,0.0,0.2,114,1480.3783178893416,25691.763528223863
9,58,0.2553659566047094,0.6382315313879316,0.7307567580554217,0.7066947171279578,0.2892785900494351,0.08893748738780143,1.0,1.0,0.4,0.0,0.2,116,1650.4291354285026,25771.472743782284
9,59,0.25370252207492555,0.6042093395921007,0.6688369560450201,0.7234864623075181,0.24795838346615834,0.08758637044958276,1.0,1.0,0.4,0.0,0.2,122,1536.058902817048,21971.072467647664
9,60,0.2507296546123557,0.5968826354768537,0.6824618093350237,0.7285943147317409,0.44051377403582354,0.08696232915561106,1.0,1.0,0.4,0.0,0.2,123,1732.9328645976752,21666.740121345483
9,61,0.25262346418917947,0.5726752387909857,0.6424703751776164,0.7338577863262061,0.29479443289837215,0.0950874839831998,1.0,1.0,0.4,0.0,0.2,125,1680.3810120509977,25318.86239617235
9,62,0.2526204985573053,0.583842659056212,0.6666320967063447,0.7454434793564231,0.23816378796219795,0.0950874839831998,1.0,1.0,0.4,0.0,0.2,127,1679.8117709813723,25313.523418244917
9,63,0.2518238736504482,0.5707792166422552,0.6403703166412742,0.7559577020893462,0.24540071415002018,0.0933277723617338,1.0,1.0,0.4,0.0,0.2,128,1776.3204555740783,24195.60407568353
9,64,0.2509617149691134,0.586003275551336,0.6804199940652568,0.7628731106687208,0.2849453677028603,0.09252463034875684,1.0,1.0,0.4,0.0,0.2,129,1764.661069736737,26306.40860249359
9,65,0.24717602243353656,0.5365591424533955,0.6116203251786732,0.741999597189055,0.49505626719176304,0.08969622218022294,1.0,1.0,0.4,0.0,0.2,130,1650.1459428726769,21448.92130341125
9,66,0.24542652468746873,0.5157012156840766,0.5872704217292668,0.7556660952499992,0.30661845721374215,0.08852712269999294,1.0,1.0,0.4,0.0,0.2,132,1693.835702332644,21493.070742006887
9,67,0.24567952986364489,0.5115689170262374,0.5823396254786607,0.7633163488757293,0.2522220570728685,0.08985232821602714,1.0,1.0,0.4,0.0,0.2,134,1719.129359940449,21629.97250837749
9,68,0.24427897547959165,0.4914529129069031,0.5588272029661534,0.772541743065968,0.3049835924412544,0.08914424488751543,1.0,1.0,0.4,0.0,0.2,136,1855.182788122504,21228.2441752682
9,69,0.24429397544212855,0.49060965768215314,0.5578285816335362,0.7843720723369878,0.2388666291453288,0.08930267256609115,1.0,1.0,0.4,0.0,0.2,138,1931.9448302988724,21346.822955102027
9,70,0.2439214655922775,0.4815391366754746,0.5471859667121772,0.7874343325785889,0.2678579760121038,0.08957582900993742,1.0,1.0,0.4,0.0,0.2,140,1931.9534190271224,21550.08037223653
9,71,0.24399698733547664,0.4847824622083567,0.5619802507164365,0.8105073355267951,0.2560282066179319,0.0908327287709708,1.0,1.0,0.4,0.0,0.2,143,1817.330856107924,21141.94553220977
9,72,0.24371705088635118,0.48360366885795925,0.5606395994523676,0.8216640847048564,0.23940338059131142,0.09024976106731984,1.0,1.0,0.4,0.0,0.2,145,1854.2636525082803,21416.6574865333
9,73,0.2433943102699994,0.47987637992459903,0.5562991587747678,0.8173627235040573,0.2609566360950918,0.0898811182246408,1.0,1.0,0.4,0.0,0.2,146,1931.0064842342128,21288.223184948387
9,74,0.2432057411124526,0.47451774752312337,0.5500105545169073,0.8284138708928164,0.2739672996233071,0.09006127882861051,1.0,1.0,0.4,0.0,0.2,147,1912.9639582248376,21617.98546923052
9,75,0.2433727878290561,0.4721320241302021,0.5471658789465913,0.8399464198410207,0.24574995652030895,0.09079708057585753,1.0,1.0,0.4,0.0,0.2,149,1928.8859697326172,21790.63481877153
9,76,0.2436359060552276,0.4834098458595606,0.5714103654951777,0.8638864315519339,0.2369963625450211,0.09147527891123408,1.0,1.0,0.4,0.0,0.2,152,1988.9933359568024,19802.57258311497
9,77,0.24293452727259468,0.5028223028126368,0.6274028044221998,0.9251088883810827,0.2431142007512427,0.0913250513701358,1.0,1.0,0.4,0.0,0.2,167,1877.035231738068,21929.956060611992
9,78,0.2429345272867792,0.5252308291815652,0.6758123354772463,0.9540373762755356,0.2365300637152145,0.09132505140209111,1.0,1.0,0.4,0.0,0.2,171,1877.035234448506,21929.956082318407
9,79,0.24288304350920537,0.5229413106427827,0.6731220263014234,0.9452549496029012,0.2529565988833319,0.09145252508846871,1.0,1.0,0.4,0.0,0.2,172,1906.8841380986544,22834.07885859636
9,80,0.2426710649041491,0.5206543374121553,0.670463620988813,0.9660641983713532,0.25158357331331227,0.09115681300334226,1.0,1.0,0.4,0.0,0.2,173,1805.5910168494927,21791.193223623264
9,81,0.24281058976758035,0.515245875280985,0.6640629365511479,0.9612551091278663,0.27734591008278114,0.0921217182747422,1.0,1.0,0.4,0.0,0.2,174,1927.3827113916925,22840.53604776848
9,82,0.2427617386750586,0.5252785167468108,0.686895281132119,0.9736963465535289,0.24092429022140616,0.09212171830664674,1.0,1.0,0.4,0.0,0.2,176,1920.2744061580056,22797.09254099238
9,83,0.24258644750587452,0.5226335835015271,0.6838090888542787,0.9812810550654836,0.245782144763802,0.09195091117388857,1.0,1.0,0.4,0.0,0.2,178,1977.214613328185,23050.09189781844
10,0,0.7922326238700641,0.9480128548427701,0.890135917967599,0.007990598170689141,0.0,0.0,0.0,0.0,0.4,0.0,0.2,1,4142.118626963242,8787.441425597292
10,1,0.7973863421701157,0.9642644955459878,0.9056343786348041,0.03163633536650641,0.03604131451377786,0.05157062828531409,0.00010196117805215999,0.00010985789032766,0.4,0.0,0.2,3,4167.72697989299,8929.762531177656
10,2,0.7808699458873306,0.9549251891922095,0.8958523860620962,0.026989261667467866,0.03360110824304373,0.033029202424883594,0.01469684997786569,0.00341769688157765,0.4,0.0,0.2,4,4442.534521102825,9643.839795151038
10,3,0.5305506159843227,0.8957328222574026,0.8322556045638233,0.05147287512743772,0.7570088117333416,0.06323992110201436,0.09203802457461996,0.09916620622521369,0.4,0.0,0.2,5,2976.852578017777,6589.6696206581255
10,4,0.45347282053412363,0.8565185256803697,0.7864411130375296,0.05185422586699319,0.17744263700760815,0.0555236481013322,0.10072594189691286,0.11122510659404336,0.4,0.0,0.2,7,2260.7626319686265,15966.85785334931
10,5,0.4340748574618763,0.8493086551849788,0.7765127725034064,0.06273120636867957,0.10825743978068642,0.059095396424664035,0.1267896938637954,0.1474018077005226,0.4,0.0,0.2,9,1783.9079778738628,35210.97798208216
10,6,0.9676681752520906,1.3996745685169187,1.3385572861077746,0.6207828806672384,0.6550609030927814,1.0,0.28415558657058965,1.0,0.4,0.0,0.2,10,3015.461226495648,6696.251669074087
10,7,0.3768610993039839,0.808465282230739,0.7311481721904711,0.05642209202467939,0.16822896142219407,0.04009005778823767,0.13096555863114534,0.11319582706957396,0.4,0.0,0.2,11,2208.075488472858,15887.647316322826
10,8,0.3594380565323074,0.7960079597441613,0.7169599954072312,0.0630352205320986,0.10694762029144586,0.03478215073562269,0.2340624056986786,0.11206051184354326,0.4,0.0,0.2,12,2695.081068168636,15858.19841336781
10,9,0.3528248660427769,0.7933677377500622,0.7127080273180478,0.06508645982915907,0.10859274209862455,0.04507014923787312,0.14026652801249467,0.12533804478890995,0.4,0.0,0.2,13,2206.5335649196654,15839.769050270226
10,10,0.5687377061579624,1.010663175656928,0.9293949038145783,0.2959212067223549,0.2888116001839167,0.15986237926895377,0.24398083169045268,1.0,0.4,0.0,0.2,14,2625.6700285959405,15987.887213973016
10,11,0.35032918829549564,0.7949351198966478,0.7123567329733572,0.08156730087261785,0.10921959714815357,0.053287597201573535,0.15833315916659435,0.1727592384248938,0.4,0.0,0.2,15,2214.141045561318,15794.605591607466
10,12,0.5880692721026775,1.0343708423386246,0.9508665008366839,0.3299554615781436,0.319592324591055,0.25177342644914413,0.16955120589450773,1.0,0.4,0.0,0.2,17,2106.6785225797485,15418.788587569585
10,13,0.3219387252293823,0.781199204852145,0.7096336149966388,0.07786116590634122,0.0859472628712644,0.04381608033966499,0.16016529720464856,0.12503922665718792,0.4,0.0,0.2,18,1053.2507789206943,12445.873326741748
10,14,0.877305643793324,1.3369821209293817,1.2651283032491258,0.6451136030252356,0.6116569716421947,1.0,0.2186508970077587,1.0,0.4,0.0,0.2,19,1406.498804345208,12493.53675784094
10,15,0.43535170137025553,0.9223829677484636,0.8638406835101748,0.28096582589944485,0.7545957584120648,0.09272115414834632,1.0,1.0,0.4,0.0,0.2,20,1108.0781251996086,14412.438778360116
10,16,0.4303882010080862,0.9279317043670674,0.8813330431831519,0.2881560581342707,0.2591566406877745,0.0940104143572878,1.0,1.0,0.4,0.0,0.2,22,1147.853852601444,14179.867499483847
10,17,0.4082834871800616,0.9022826950681031,0.8519963280496674,0.2970129060402074,0.2711100515508722,0.08372085765249389,1.0,1.0,0.4,0.0,0.2,26,1438.9318500907684,13141.12975234572
10,18,0.4072523453050454,0.8998197204613259,0.8484035039226545,0.3075870884723598,0.26063878514917754,0.0940572495202375,1.0,1.0,0.4,0.0,0.2,28,1428.7956721939504,15564.37120637729
10,19,0.40645819180191367,0.9099880224774708,0.8713948356762204,0.32328851966955885,0.2412214975289037,0.0940572495202375,1.0,1.0,0.4,0.0,0.2,30,1411.0526339617998,15413.093830635862
10,20,0.4004972368229057,0.9029670901681,0.863594474339827,0.3223147105314564,0.2458352247981766,0.08788390794311743,1.0,1.0,0.4,0.0,0.2,33,945.0187170327396,22546.7740781618
10,21,0.40096994538297903,0.9027151913563474,0.8616047857831055,0.34886901467705506,0.29000073413692623,0.1126223442803151,1.0,1.0,0.4,0.0,0.2,35,1198.675804292189,23488.15645190256
10,22,0.3785465932648519,0.8771744190314443,0.842771858021292,0.3537110992096502,0.363717119882559,0.11262234428031506,1.0,1.0,0.4,0.0,0.2,37,1040.326297874571,21191.56361337016
10,23,0.377814419693068,0.8719534046472706,0.8356437549078608,0.37883458684576665,0.27692250263476903,0.1274097151782617,1.0,1.0,0.4,0.0,0.2,40,1459.3267558175453,22829.40716065246
10,24,0.3675062997855866,0.8649437171942236,0.8385605911439082,0.39220850546064256,0.31347220466943326,0.12674818147078115,1.0,1.0,0.4,0.0,0.2,42,1458.6875188015788,20267.30435372835
10,25,0.36707914135535474,0.8526379068452545,0.8130129668971795,0.4000117115336383,0.25420257474707764,0.12751597456908212,1.0,1.0,0.4,0.0,0.2,45,1440.1587954754525,22208.65182241906
10,26,0.3651496784358205,0.8492800701448608,0.8091351657423242,0.4059591698802739,0.26128689424389384,0.1267130744420623,1.0,1.0,0.4,0.0,0.2,47,1408.7764237605877,22309.24499686132
10,27,0.37337190573876483,0.8647880530595085,0.83625079153488,0.4189992224031799,0.2916109919595836,0.15780500288435634,1.0,1.0,0.4,0.0,0.2,49,1362.6956398422235,11835.778634584223
10,28,0.37400851779281863,0.8652874351166131,0.836705725833826,0.4219063762620613,0.26556459388181164,0.15970184200378482,1.0,1.0,0.4,0.0,0.2,50,1368.3144723241828,11829.265906300709
10,29,0.36355562339059844,0.8441573409997496,0.8120302770419179,0.42636775333484755,0.4080872665707578,0.15863192360982886,1.0,1.0,0.4,0.0,0.2,51,1312.064686749596,7684.871781936677
10,30,0.36355562285424975,0.8441573409530465,0.8120302769952146,0.42636775328678067,0.2634534669421359,0.15863192349307087,1.0,1.0,0.4,0.0,0.2,52,1312.06467516168,7684.871649779394
10,31,0.3596636622513518,0.8351059104190388,0.8013635628279654,0.43492269434214387,0.32978473206940684,0.15958366620399994,1.0,1.0,0.4,0.0,0.2,53,1304.1553844874825,7593.89501504797
10,32,0.3596636618784599,0.8351059103735416,0.8013635627824682,0.44056077692016415,0.26383359483028784,0.15958366609025693,1.0,1.0,0.4,0.0,0.2,54,1304.155374347698,7593.894885805523
10,33,0.35871800656462705,0.8334646723177856,0.7995077876518866,0.4412865727542681,0.27225449252977557,0.1586126459548311,1.0,1.0,0.4,0.0,0.2,55,1313.9017685372723,7537.790033167461
10,34,0.3576640981308541,0.8300421397242199,0.7953670712529659,0.4473796697232343,0.29341824786274134,0.16053987556497198,1.0,1.0,0.4,0.0,0.2,56,1291.9523094398992,7651.808604537798
10,35,0.353355742619361,0.8479097947861758,0.8391672517706228,0.45591045808145253,0.26278247112313174,0.1501874139553519,1.0,1.0,0.4,0.0,0.2,57,1452.3927512651694,5872.037571292622
10,36,0.37837007539722434,0.8694913631912149,0.8597260113554077,0.489915281272889,0.32926263460060035,0.2190712629105628,1.0,1.0,0.4,0.0,0.2,58,1396.1861922633657,7858.721366964548
10,37,0.37719353224860314,0.8657084292932351,0.8551783993399555,0.4936943995992575,0.3195165278154341,0.2207775017230027,1.0,1.0,0.4,0.0,0.2,59,1423.1829438457048,7699.969487224122
10,38,0.33885573521009293,0.8091853697011993,0.7935501139561916,0.46661037898512264,0.4722300034960177,0.15399554298120724,1.0,1.0,0.4,0.0,0.2,60,1471.083865490257,6122.57052330877
10,39,0.3636230197737049,0.8310116372913037,0.8146263628397974,0.4923717892916903,0.301881449693319,0.21950979728692022,1.0,1.0,0.4,0.0,0.2,62,1409.2478284092954,7536.849521164813
10,40,0.36329485418400953,0.8304295362809135,0.8139770009054792,0.49797358164159056,0.29035581281228473,0.21903631008355823,1.0,1.0,0.4,0.0,0.2,63,1406.856825892357,7532.547016201586
10,41,0.3610137988320168,0.8249381615946811,0.8076407757603872,0.49820923371484127,0.3215098121487463,0.2176404186960863,1.0,1.0,0.4,0.0,0.2,64,1424.0205914913945,7179.304864943301
10,42,0.3536445201393963,0.817027135784641,0.809713969290593,0.5188484976136556,0.3472374650868122,0.21388439231558123,1.0,1.0,0.4,0.0,0.2,66,1535.0669468843512,6426.211444164961
10,43,0.32494869426045986,0.7869898016668841,0.7895821370588194,0.5000461312480029,0.32531848741563973,0.1559640430452454,1.0,1.0,0.4,0.0,0.2,68,1338.4906429949406,5881.6736924444
10,44,0.3230614568137614,0.7788784439501728,0.7799714287305559,0.5070936427487445,0.29362208653762734,0.15757256152680263,1.0,1.0,0.4,0.0,0.2,70,1345.5213943597212,6208.501006678477
10,45,0.3179418177556911,0.7302226272874472,0.6899690161211078,0.5316763586223809,0.2703912300222144,0.15419748787243145,1.0,1.0,0.4,0.0,0.2,81,1186.3660147089054,14515.041302549083
10,46,0.3169238616904122,0.7375399204189794,0.7096209608237507,0.5453214529906777,0.2751359914632297,0.1541974878724315,1.0,1.0,0.4,0.0,0.2,83,1145.4298542947377,14199.952763892008
10,47,0.3309802828267199,0.746230218228038,0.7170732536370354,0.5672922060184347,0.3281054918604833,0.1939972028771516,1.0,1.0,0.4,0.0,0.2,84,1258.527292439072,14188.693759016403
10,48,0.313976046952134,0.7170894836031458,0.6747182639104581,0.5469529876998064,0.2696368804755889,0.15227677284654562,1.0,1.0,0.4,0.0,0.2,85,1178.3932660712835,14587.304934028343
10,49,0.31415768952491585,0.7163478216004917,0.6737654729574684,0.5408681585922794,0.2699857976415958,0.1535038308180184,1.0,1.0,0.4,0.0,0.2,86,1090.560506978727,11989.9076675146
10,50,0.31312929976817694,0.7132452603476822,0.6701897918882257,0.5505652564466987,0.27071024294703605,0.15265440531482416,1.0,1.0,0.4,0.0,0.2,88,1067.3194136379504,12104.25333755689
10,51,0.32999195477794435,0.7281542888359269,0.6846548261704937,0.5746119752979987,0.2966859991059488,0.19640825183021154,1.0,1.0,0.4,0.0,0.2,89,1229.4176447688217,12001.050968678954
10,52,0.31172325625046327,0.7086478470218882,0.6648681291073661,0.5568160698274736,0.2721102954968933,0.15173376219862847,1.0,1.0,0.4,0.0,0.2,90,1071.4581081288682,11908.780284936774
10,53,0.31143379894572115,0.7038258487988451,0.6590248906964684,0.5679215652735392,0.28265914716214563,0.1545860417485899,1.0,1.0,0.4,0.0,0.2,92,1126.4872651267106,11824.824238655468
10,54,0.3090516723386293,0.703643060819245,0.6698381504505764,0.5950914388359718,0.30303215157583296,0.15537925184688678,1.0,1.0,0.4,0.0,0.2,94,1205.4803828083204,12954.515513092225
10,55,0.3067580911348571,0.6962982230335806,0.661382219299602,0.6008428305091356,0.28395427496943537,0.1532370146869615,1.0,1.0,0.4,0.0,0.2,96,1235.1267197666384,13108.300704294084
10,56,0.3060525969090586,0.6932014534447706,0.6577626068188678,0.607722736872529,0.2719146361197082,0.15312781388917135,1.0,1.0,0.4,0.0,0.2,98,1235.084719145342,13064.236798803602
10,57,0.30461421828357715,0.6899203446468312,0.6540797996702004,0.6066566283325796,0.2767134699933374,0.15078913428711604,1.0,1.0,0.4,0.0,0.2,99,1271.0724395350912,12687.859192246313
10,58,0.30470263803678355,0.6894367244328812,0.6534717941193229,0.6139527312201173,0.2656228403516072,0.15139572985170088,1.0,1.0,0.4,0.0,0.2,100,1243.5809688850743,12725.271893826935
10,59,0.30327808697582637,0.6753280625340343,0.6260413945943228,0.6161480244809125,0.26389139470459766,0.1488245110220643,1.0,1.0,0.4,0.0,0.2,103,1078.3538216913153,12848.229631834614
10,60,0.3033764254121706,0.6710739434039703,0.6208460125882815,0.620424900848147,0.29916751794748786,0.15192965359366212,1.0,1.0,0.4,0.0,0.2,104,1198.3098577388937,13447.233959914618
10,61,0.30298166069855414,0.6692196044952491,0.6186771848314419,0.627316084792078,0.2671842811558922,0.151884638420328,1.0,1.0,0.4,0.0,0.2,106,1228.720172217239,12887.70421521797
10,62,0.29605316763057354,0.6387118422758953,0.5831776035485136,0.626809049957325,0.4629113341535161,0.1484859839160042,1.0,1.0,0.4,0.0,0.2,107,1197.7074973786318,14841.590935361408
10,63,0.2724995970511439,0.7295312889970511,0.8151613445542047,0.6628321183203398,0.24072623027137302,0.0942992262226518,1.0,1.0,0.4,0.0,0.2,132,1285.9855852533467,30442.613433755207
10,64,0.26875941949661536,0.7304755332776205,0.859986161044491,0.7868171377730648,0.27439161162424797,0.10317445035344538,1.0,1.0,0.4,0.0,0.2,142,1300.9484856138104,55207.08423779606
10,65,0.26642860861361506,0.7305391129616741,0.8713060313348349,0.8004028577235698,0.27589934927526405,0.10078559673898475,1.0,1.0,0.4,0.0,0.2,144,1352.6117064873863,46869.87174969306
10,66,0.2662330453182151,0.728131956797277,0.868462917337947,0.8118591090201912,0.24638166734096142,0.10113144332772228,1.0,1.0,0.4,0.0,0.2,147,1342.389019660237,46530.4682839577
10,67,0.2656695311121924,0.7247569170514339,0.864534949610569,0.8191146497004018,0.2515594086784115,0.10076594665482683,1.0,1.0,0.4,0.0,0.2,149,1349.2524865169908,47033.27087106968
10,68,0.2651728407699522,0.7408536994134565,0.9054922727059844,0.8306295031831847,0.28725617019639615,0.10163727525159168,1.0,1.0,0.4,0.0,0.2,150,1232.7680850718702,48334.6622169061
10,69,0.26403281074435764,0.7054596435854705,0.8417891480104147,0.8254596454765706,0.2881519179129671,0.10286334622776154,1.0,1.0,0.4,0.0,0.2,152,1245.6752658457203,49721.37501850864
10,70,0.2629543281215842,0.7014486191685971,0.8480480685297169,0.8368860224646548,0.3532306098064064,0.10468620979801065,1.0,1.0,0.4,0.0,0.2,153,1240.0185984468349,57934.7556989497
10,71,0.2591257861873223,0.6556925521202421,0.772559181496117,0.8446070567361978,0.31640060409156046,0.1007952892909169,1.0,1.0,0.4,0.0,0.2,155,1233.5149234429148,51388.13390481493
10,72,0.25910493943666324,0.6666864431207833,0.7965174939144006,0.8488049596681355,0.24105185017910397,0.10079528929091697,1.0,1.0,0.4,0.0,0.2,157,1236.161330388452,51400.28792090497
10,73,0.2540756090375113,0.6517862203375819,0.7797456601901933,0.8670767664843264,0.27451770474410625,0.09086704328111343,1.0,1.0,0.4,0.0,0.2,159,2716.220411190975,47950.71652081631
10,74,0.2540711841951687,0.6629437246448262,0.8038958333307158,0.8869293766524513,0.23651020092452213,0.09086704328111356,1.0,1.0,0.4,0.0,0.2,161,2708.936254753485,47929.27608528753
10,75,0.2544634808938383,0.6762956366649837,0.8523631141165902,0.8954573899398048,0.2651939832124263,0.09694374592249572,1.0,1.0,0.4,0.0,0.2,167,1235.6096248136316,48653.917412749695
10,76,0.2551423355703254,0.6842117281007314,0.8725375503994297,0.923959019122538,0.2549559413033631,0.09955671436798949,1.0,1.0,0.4,0.0,0.2,169,1348.1114816279728,51666.31168236321
10,77,0.2553671862070368,0.6700049498146008,0.8447275609315683,0.9159063518281598,0.2526185496563053,0.10084977077690085,1.0,1.0,0.4,0.0,0.2,171,1339.2318389324562,51942.748053054114
10,78,0.2547091672600683,0.6743978346849555,0.8609739550334894,0.9391996828975937,0.2636289325913871,0.10056412087179552,1.0,1.0,0.4,0.0,0.2,173,1338.4559920813676,51509.03299692814
10,79,0.25479999589605806,0.6732670803837164,0.8596159352371175,0.9554921694042866,0.2450684754728503,0.10105566174680616,1.0,1.0,0.4,0.0,0.2,175,1348.3833277222427,51146.14778445404
10,80,0.2532272815134818,0.6744331643726817,0.8722101212598223,0.9418906316084728,0.2609319869033434,0.09891202350048012,1.0,1.0,0.4,0.0,0.2,178,1241.488703518961,49760.59108435125
10,81,0.25252084081433146,0.682441546276408,0.8927579369612502,0.9689059276145968,0.2453394590611554,0.09765683720871297,1.0,1.0,0.4,0.0,0.2,181,1241.751641816023,49112.2343498663
10,82,0.25160804314865737,0.686465496167137,0.9086229144582143,0.9802319662251053,0.2623111495747277,0.09663220959481375,1.0,1.0,0.4,0.0,0.2,183,1227.4595885395595,49164.16358640449
10,83,0.25156709960032153,0.6714376959443067,0.8798961894703379,0.9829996664279073,0.25314100860304317,0.09726906610711053,1.0,1.0,0.4,0.0,0.2,185,1266.867961008324,49576.706960224
10,84,0.25077461721067484,0.6669037707444454,0.8746723380949992,0.9900153599282226,0.2524802348997666,0.09600536163889994,1.0,1.0,0.4,0.0,0.2,187,1253.1185470482692,48250.93694905691
10,85,0.2511457307573015,0.6665892359119965,0.8742313834040218,1.0307045901006495,0.2395741282195069,0.09706501690795796,1.0,1.0,0.4,0.0,0.2,194,1274.0273939498252,49752.72872791114
10,86,0.2506129695951077,0.6636799681587219,0.8708844338894572,1.034083921397988,0.24740973116626427,0.0961808018314386,1.0,1.0,0.4,0.0,0.2,196,1270.4558394724947,49573.32937380108
11,0,0.9479124776397997,0.9880552028219449,0.9370358909469955,0.011670124676483594,0.0,0.0,0.0,0.0,0.4,0.0,0.2,1,1594.1202572244688,7447.518020471225
11,1,0.9492160054376936,1.0029074137289586,0.9511646944967889,0.03375608001813076,0.03383364691007616,0.04763842942806326,9.836315272015e-05,0.00010433135660194,0.4,0.0,0.2,3,1581.351922312843,7112.236651167639
11,2,0.901366549347583,0.9877628603422178,0.93419432382934,0.030606646678034945,0.08903478245407602,0.034426236360832155,0.01449090885411963,0.00410935365430019,0.4,0.0,0.2,4,1479.0671787135002,7243.502654430772
11,3,0.6768522511038453,0.9561108975157148,0.9027477707539402,0.05825373361636539,0.5780485498449447,0.05840500879488052,0.10883419048372797,0.11543772666723182,0.4,0.0,0.2,5,672.148991959103,6258.860415249133
11,4,0.5665786391079951,0.9249817526474894,0.8626230037739947,0.07944200365730936,0.25006961958633955,0.07628838735027345,0.17045192706977602,0.18665879543173805,0.4,0.0,0.2,7,587.2918940694009,8454.806955516327
11,5,0.5697673068010053,0.9527294124724536,0.9011016626679894,0.11430701996747332,0.1402460324714134,0.08756204184205296,0.15735951853966007,0.31309399595714604,0.4,0.0,0.2,9,779.6410640237222,3943.817064781512
11,6,0.5048437112927097,0.900497146015831,0.8468321670882724,0.08443429431899718,0.09884907668536372,0.08117765517137598,0.06382540104492809,0.12418094325196857,0.4,0.0,0.2,11,680.9375057650906,2672.2040780504717
11,7,0.44938178146854196,0.873208388868075,0.8140282802777986,0.09261036252210829,0.17469869423135553,0.08456215928048373,0.0792298351914402,0.1419862104430957,0.4,0.0,0.2,13,773.416488488858,3215.931495577045
11,8,0.44765965627255216,0.8946224130245453,0.8612729988914776,0.09187891147802917,0.0691374248006842,0.08456215928048379,0.0792298351914396,0.14198621044309606,0.4,0.0,0.2,14,732.7921917939135,3330.1892671335445
11,9,0.49092620266077813,0.9107836666959459,0.8368399686715895,0.14926062404775226,0.18624308388983643,0.0753792649040716,0.4246185444465995,0.4557207921558251,0.4,0.0,0.2,15,636.6334115305863,5390.0281675922215
11,10,0.4572342860747004,0.8875382326327808,0.8106339686987915,0.1481362861690378,0.17578648313922857,0.07814081861147916,0.41627385954949164,0.420406039541407,0.4,0.0,0.2,17,851.9340343496588,7069.618665881288
11,11,0.5966659094509428,1.0358279116056544,0.9557561410542244,0.31569050842870877,0.41127782105072525,0.2053076010850922,1.0,1.0,0.4,0.0,0.2,18,627.4293184772005,47562.53098732099
11,12,0.5672367175442262,1.014518179219617,0.9304370714753751,0.3223693932844282,0.36594139281295585,0.21056092987270567,1.0,1.0,0.4,0.0,0.2,20,605.4024863590231,49390.38200016271
11,13,0.35757356821321373,0.8186519620673162,0.7457812477381331,0.1478514981783548,0.10584748896107042,0.04951217419578925,0.431610353715687,0.33901545803845645,0.4,0.0,0.2,24,543.1205893418369,10271.718242655374
11,14,0.49923740202452865,0.9736036210279402,0.9118631638695045,0.30536501369724794,0.3185429837377994,0.1056886919025239,1.0,1.0,0.4,0.0,0.2,25,1071.3535542447246,3869992.941665076
11,15,0.4739780692469741,0.9390223688423853,0.861671815296069,0.29651929230443413,0.34057424405349634,0.08534166304386652,0.5907747930769964,1.0,0.4,0.0,0.2,26,633.8941476988996,26464.90021971913
11,16,0.4756378400646191,0.9406867545749276,0.8633301094961676,0.3027850602047879,0.2360973046911188,0.08959238389143913,0.5791560003032494,1.0,0.4,0.0,0.2,27,632.1862403119899,26489.486300143188
11,17,0.43053524543042887,0.8938819371566731,0.8074887615642086,0.30517484534924527,0.6105841368789305,0.10449463740482404,1.0,1.0,0.4,0.0,0.2,28,641.879047698956,155778.7618623991
11,18,0.42996908973233094,0.9044137103222956,0.8309058745170252,0.31277375897767945,0.24410679257032183,0.10449463740482397,1.0,1.0,0.4,0.0,0.2,30,649.2224304520522,155649.475532883
11,19,0.42822625028024985,0.9026110966244774,0.8290607061366233,0.3392395734272936,0.24055231561653867,0.10060956018208007,1.0,1.0,0.4,0.0,0.2,35,1166.095828818201,322624.2541850255
11,20,0.4242638868629584,0.8979684466770774,0.8236621271294151,0.3468383972060811,0.2554305419188582,0.10003828527637412,1.0,1.0,0.4,0.0,0.2,37,1127.202178650296,322355.4438068168
11,21,0.41507611930314803,0.8981203469984542,0.835052895771937,0.35453851079897825,0.27517476570881744,0.09812326114855487,1.0,1.0,0.4,0.0,0.2,39,1152.5400773160943,376587.9482567275
11,22,0.4141946773966285,0.8857989456075419,0.8095153203210301,0.34618963459360585,0.24387168529482764,0.09847851856974445,1.0,1.0,0.4,0.0,0.2,41,1256.1580795642178,361918.66553262086
11,23,0.4092987027044527,0.8795981417465604,0.8022769964633534,0.3516623336108938,0.260401881574201,0.09812227991080533,1.0,1.0,0.4,0.0,0.2,43,1219.306413777992,361597.2595590004
11,24,0.4041866412752386,0.8728869230724257,0.7944241454774548,0.3540798623969582,0.28559532270195875,0.0980098812269118,1.0,1.0,0.4,0.0,0.2,44,1132.5004276603954,361305.7267668289
11,25,0.39868422229445416,0.876603112320798,0.8098379999279661,0.36517112546762154,0.2658895809542152,0.0983080336589236,1.0,1.0,0.4,0.0,0.2,46,1126.6595279331962,384584.9622242687
11,26,0.39684616796054367,0.8851351270801768,0.8307488052418297,0.3877862522113601,0.25383910366698115,0.1007037197555671,1.0,1.0,0.4,0.0,0.2,48,1163.8737145436617,17102721.68370723
11,27,0.39160462120663897,0.8777220639172172,0.8221103342717193,0.39268576048735326,0.2647843181777236,0.10005868070609687,1.0,1.0,0.4,0.0,0.2,50,1123.9870173268716,17103007.860682648
11,28,0.38993303032559923,0.8957488555926492,0.8647422729692011,0.40471504004708225,0.29972015765589466,0.10948377471719697,1.0,1.0,0.4,0.0,0.2,51,762.306487318625,17119586.58858426
11,29,0.37795449230106326,0.8652871773182711,0.8178439742108827,0.39145179151859,0.38442659433027765,0.11149810159197937,1.0,1.0,0.4,0.0,0.2,52,1211.1591782536966,5261091.01627739
11,30,0.3668061776010046,0.8491690295430394,0.7996262096145836,0.40122653385942103,0.28359609974665434,0.10185244538183096,1.0,1.0,0.4,0.0,0.2,54,1220.8644154498909,83615208.59166361
11,31,0.3579658224836829,0.8442048376082767,0.8048314950060524,0.4091343979562988,0.35648933013093387,0.10276183255141061,1.0,1.0,0.4,0.0,0.2,55,1185.1719224929243,83613919.92197384
11,32,0.3558809136351652,0.8403397467112586,0.8003145217484535,0.41535759645661574,0.25433779738864515,0.10261457826373199,1.0,1.0,0.4,0.0,0.2,57,1218.7942781408012,83609298.04632679
11,33,0.35217780713346075,0.8212727794799226,0.7667696389135008,0.4094466380809651,0.30205579117273956,0.1045231033874688,1.0,1.0,0.4,0.0,0.2,58,964.3726240034764,83615563.28465873
11,34,0.3494004928957224,0.8160102997377143,0.7606519771719942,0.4119924357601926,0.27641290165256716,0.10384947096573276,1.0,1.0,0.4,0.0,0.2,59,972.2135584773284,83610994.03797017
11,35,0.34684057743645963,0.810819026369215,0.7545750882066931,0.41477351761460945,0.27765364571071177,0.10380007258745765,1.0,1.0,0.4,0.0,0.2,60,984.4235874866464,16793698.777908858
11,36,0.336323538460233,0.836257714409121,0.8291648180395064,0.4445467176576851,0.3550640322983124,0.09697553971190198,1.0,1.0,0.4,0.0,0.2,61,1130.503924478109,17163981.758465976
11,37,0.33601415466082074,0.8354663350262337,0.8282233358337256,0.45141713919714077,0.24193542860765047,0.09718757766234169,1.0,1.0,0.4,0.0,0.2,63,1140.6865666694289,17174824.089557577
11,38,0.31983998181606926,0.7760189098833141,0.7466268007775079,0.451696187579868,0.6175101199121886,0.11013074399424665,1.0,1.0,0.4,0.0,0.2,64,926.9816482469312,19547579.13792851
11,39,0.3020515219241092,0.7212303573562675,0.68256585848036,0.4529743855072847,0.4342139673723965,0.1085177454864618,1.0,1.0,0.4,0.0,0.2,66,1035.5646343412986,17172379.401118387
11,40,0.29994330620833554,0.7242810531188624,0.6972206974977968,0.46874986570491584,0.2704415069069217,0.1085177454864618,1.0,1.0,0.4,0.0,0.2,68,1051.2160491320044,17168953.91195851
11,41,0.2940009278114649,0.6916157459530725,0.6479900704909782,0.459925940627007,0.38747808660319116,0.10690446767740018,1.0,1.0,0.4,0.0,0.2,69,1026.041027686358,17127792.135511693
11,42,0.29299664002853804,0.6986261572815418,0.6672828340740811,0.47618573911540635,0.25726858984468576,0.10690446767740018,1.0,1.0,0.4,0.0,0.2,71,1057.411664614679,17122855.85911023
11,43,0.2914429969883534,0.6702098512824346,0.6118664354480592,0.4457459742290542,0.2833307956398349,0.10646874280720624,1.0,1.0,0.4,0.0,0.2,72,1052.0229165633814,17125809.092684265
11,44,0.29050613456242236,0.6868345612884892,0.653407771655134,0.4965677502322106,0.25215290827190107,0.10783883209666374,1.0,1.0,0.4,0.0,0.2,77,1873.3523301662092,17125987.8408131
11,45,0.2879941110715092,0.6755264727016493,0.6401696896746918,0.5023472475971527,0.28214749396762673,0.10774232624587284,1.0,1.0,0.4,0.0,0.2,79,1791.3569363396405,17125184.66658543
11,46,0.2815564805813814,0.6730140573130916,0.6490729103629345,0.48989400619433826,0.30396270088972793,0.09658879117988328,1.0,1.0,0.4,0.0,0.2,80,1440.153940295835,5206200.73206474
11,47,0.2800026587777305,0.6764441239508936,0.6641720998629301,0.5167191183868702,0.2653125895027314,0.09658879117988328,1.0,1.0,0.4,0.0,0.2,82,1374.543763011066,5210753.572491505
11,48,0.28153457437550766,0.6864747362705077,0.6866147371237954,0.5289516879427337,0.2666257730775552,0.10224500375360143,1.0,1.0,0.4,0.0,0.2,83,3410.585436256584,5210149.575754503
11,49,0.2793909415981817,0.6933917714193765,0.7060861742561242,0.5265646935606405,0.2556837710965618,0.09803919634405957,1.0,1.0,0.4,0.0,0.2,84,3349.2648347400805,5205266.2657558825
11,50,0.2783579250721969,0.6721310293168319,0.6699115605354891,0.5341862281006158,0.31940896368039573,0.10082915834941467,1.0,1.0,0.4,0.0,0.2,85,3393.3655280098915,5209847.463759988
11,51,0.271117593283726,0.6226452263744766,0.601021924097356,0.5265187760549841,0.369487340924298,0.09860095051615045,1.0,1.0,0.4,0.0,0.2,87,3159.8040973118527,5206056.506999488
11,52,0.2705437902501633,0.6183142161541568,0.595929307408519,0.5332342048718827,0.25508698133721214,0.09889169285264916,1.0,1.0,0.4,0.0,0.2,89,3118.751830848315,5205347.410529341
11,53,0.26791315100405577,0.6320716819608321,0.6344729863446681,0.5305318874827263,0.262771425753005,0.0949969371994238,1.0,1.0,0.4,0.0,0.2,91,1532.809042820418,5213503.859273693
11,54,0.26450222819832003,0.6162256961472445,0.6053789915699428,0.5343446345844196,0.2449009589977516,0.08700575780032267,1.0,1.0,0.4,0.0,0.2,92,1566.0109427340035,5211670.025420465
11,55,0.2594057976080026,0.5866698883073516,0.5817621998482311,0.5312926740111183,0.5232621482789572,0.08818944318780415,1.0,1.0,0.4,0.0,0.2,93,1543.2502394003682,5213216.779378878
11,56,0.258661104468079,0.5658084925841855,0.5461650461647692,0.54815504280192,0.2711678708515294,0.08937782405520908,1.0,1.0,0.4,0.0,0.2,95,1512.2149212203483,5215512.339547252
11,57,0.26119068629809306,0.5639909361250953,0.543504829064821,0.5582207227670211,0.2732466437977987,0.0971335675129803,1.0,1.0,0.4,0.0,0.2,96,3203.29747838801,5210376.071584813
11,58,0.25732719259369446,0.5540574359362535,0.5432470353372589,0.5722959971407663,0.30495826584092656,0.09282542265159832,1.0,1.0,0.4,0.0,0.2,98,3388.109450522368,5214551.187381242
11,59,0.255392007553712,0.5495107733099106,0.5382012506984492,0.570605413891614,0.25570071838417285,0.08874528555457063,1.0,1.0,0.4,0.0,0.2,99,3278.8874463340208,5209570.816560088
11,60,0.25255292666016843,0.5181624490376666,0.5014444113073763,0.5822621878540356,0.4566615390013597,0.08932772583360755,1.0,1.0,0.4,0.0,0.2,100,3157.4241816049007,5209710.261254503
11,61,0.25141804623641917,0.5028560398471613,0.4834782630386281,0.5701636577772571,0.2902880405287448,0.08988823471257297,1.0,1.0,0.4,0.0,0.2,102,3162.845988148419,5215330.630390702
11,62,0.25115726041233477,0.50066904782526,0.4809314405471375,0.5807808940833183,0.25041734229319823,0.08967364791637844,1.0,1.0,0.4,0.0,0.2,103,3157.94337796042,5214056.167164346
11,63,0.2502986724302435,0.49134215693473726,0.47002501648933487,0.5870957018670018,0.30020689693451263,0.0894157245299845,1.0,1.0,0.4,0.0,0.2,104,3094.2661616407004,5214972.040492254
11,64,0.2502332039283738,0.4568930931165724,0.39643094417201546,0.5264491052145068,0.24147763997955704,0.08941572452998474,1.0,1.0,0.4,0.0,0.2,105,3095.015655186676,5210913.089538195
11,65,0.24987721181312567,0.497164875847675,0.48792652737283765,0.6046977289928464,0.26719160003221787,0.08941572452998443,1.0,1.0,0.4,0.0,0.2,106,3093.2681608339367,5212698.420471912
11,66,0.2467021627588855,0.4533272742094325,0.43659173448838173,0.5896292771178924,0.3886041731558708,0.08926568736465826,1.0,1.0,0.4,0.0,0.2,108,3330.7004460768426,5269311.265202606
11,67,0.2460212330791127,0.45512933008993567,0.4498003409124865,0.6033313975266912,0.26812200874503966,0.0890321104216816,1.0,1.0,0.4,0.0,0.2,110,3141.6135143916435,5272707.8591283085
11,68,0.2455093747876999,0.439386225073359,0.42032185819506573,0.6026879841215923,0.2503489575282247,0.0884089861593426,1.0,1.0,0.4,0.0,0.2,112,3279.3358489080592,5269950.98853896
11,69,0.2455427110775843,0.39842597573048,0.3390159283059943,0.5378135726290236,0.29071431689836275,0.08966217961251476,1.0,1.0,0.4,0.0,0.2,113,3353.1583522503047,5279933.812161548
11,70,0.2448910146468692,0.41310488724787925,0.37840980063393825,0.6052053340253947,0.28801879157457955,0.0891122138242085,1.0,1.0,0.4,0.0,0.2,114,3327.72656375992,5280792.8878641
11,71,0.24423503289875548,0.40447569592283983,0.3683348058390794,0.6115070104758284,0.2649381555174922,0.08864483918188135,1.0,1.0,0.4,0.0,0.2,116,3259.266537444285,5280433.89128164
11,72,0.24379166268675234,0.4251680186834474,0.41479758726183213,0.6368319406456983,0.23743707260140576,0.08771934472717918,1.0,1.0,0.4,0.0,0.2,120,3205.0235356284597,5267875.547974998
11,73,0.24388724042947307,0.4137335801133174,0.3903037143424648,0.6406060852407229,0.2376054337467281,0.08800492768473968,1.0,1.0,0.4,0.0,0.2,121,3249.081436756963,5273937.6771456525
11,74,0.24367343806858197,0.41336107647011056,0.4008776804395351,0.6473049164506232,0.31940242743823966,0.08905044899338951,1.0,1.0,0.4,0.0,0.2,122,3221.107788817165,5273415.397024152
11,75,0.24326879411047608,0.3901503359212013,0.36257491306361456,0.646190321343525,0.27846756222688407,0.08956279749733784,1.0,1.0,0.4,0.0,0.2,124,3274.5500688878697,5281838.6361514665
11,76,0.2427361654216295,0.3829615945508664,0.35418903536638185,0.6563370733047238,0.2600413213473268,0.08906696519078149,1.0,1.0,0.4,0.0,0.2,126,3244.082082560781,5280840.835815891
11,77,0.24263510973454439,0.3940306763929357,0.37825270500003816,0.6675939126385697,0.23565335990289926,0.08881855466099725,1.0,1.0,0.4,0.0,0.2,128,3239.847214717115,5280663.812545579
11,78,0.3360030298972162,0.5147560638516253,0.5368561719594687,0.8174169528598294,0.33492649362841376,0.32299920610285027,1.0,1.0,0.4,0.0,0.2,136,3196.666677257444,5196931.261493864
11,79,0.3353562998165632,0.504266460515693,0.5246020898810884,0.8162823552156009,0.3649943680228459,0.32253318085716615,1.0,1.0,0.4,0.0,0.2,138,3158.747459034676,5196186.597263126
11,80,0.3349349290750808,0.49454887389641694,0.5132214016610135,0.8229309204651645,0.36291982380933596,0.32251706970951866,1.0,1.0,0.4,0.0,0.2,140,3166.654083872846,5202196.588518609
11,81,0.33388781262210476,0.49089134246907407,0.5090973993374589,0.8292971707274797,0.3471047476157263,0.3201823414261169,1.0,1.0,0.4,0.0,0.2,141,3179.7614134514524,5205794.60373487
11,82,0.3338231901117226,0.48497849784562025,0.5021404495949139,0.8289190444227155,0.3708300236303025,0.3206417411449612,1.0,1.0,0.4,0.0,0.2,142,3182.4404825034103,5203227.583221254
11,83,0.2413481893021363,0.4247157314766704,0.4806294360374152,0.8170422487359066,0.2367656129292386,0.08960038524127312,1.0,1.0,0.4,0.0,0.2,153,3252.7596131216574,5269073.9431008
11,84,0.24046624083178242,0.4021446824112322,0.45419734500888004,0.8111219718017839,0.31456075549552565,0.08953707658358352,1.0,1.0,0.4,0.0,0.2,155,3198.138805356507,5235010.956917767
11,85,0.239889038884111,0.40372920224019826,0.467176933530508,0.8335601712323271,0.2682957475690213,0.08892271718289027,1.0,1.0,0.4,0.0,0.2,157,3214.3417912544446,5234530.125662112
11,86,0.2399314118063829,0.4024607123200161,0.4656760261953487,0.8412238953982631,0.24040270624454013,0.08914578463734502,1.0,1.0,0.4,0.0,0.2,159,3213.387941880753,5235011.995796753
11,87,0.23955535903369232,0.4190079844715172,0.5072517229105158,0.849154751443344,0.275239818354707,0.08868956551924716,1.0,1.0,0.4,0.0,0.2,160,3227.8740315383584,5235988.840499097
11,88,0.23967334335589724,0.39083071433999217,0.4520308935576428,0.8570036768446927,0.2783199567473374,0.08948848787715276,1.0,1.0,0.4,0.0,0.2,161,3211.8781701291955,5235756.740560631
11,89,0.23946281718040704,0.40022505911803985,0.4741427045069522,0.8844493998141079,0.24135750038216292,0.08909526980091827,1.0,1.0,0.4,0.0,0.2,163,3222.359890044684,5237139.738994184
11,90,0.23935831205325886,0.396946907375813,0.4703028540409551,0.8880931957614142,0.24708634404975954,0.08909786596575746,1.0,1.0,0.4,0.0,0.2,165,3226.987839251023,5235757.328385701
11,91,0.23927963783410403,0.3921514767341754,0.464673352321561,0.8956091758316962,0.25272243618183443,0.08928604302234014,1.0,1.0,0.4,0.0,0.2,167,3225.246383088636,5232508.60486632
11,92,0.23855631330005345,0.3734255081797424,0.44276889070671666,0.8900130016763432,0.365173080002113,0.08886989787027078,1.0,1.0,0.4,0.0,0.2,168,3614.2365990158055,5234342.971552664
11,93,0.23831131733968425,0.38359984053586427,0.46580543307528266,0.9177236329267635,0.23645464063876553,0.08831544725422188,1.0,1.0,0.4,0.0,0.2,173,6012.050300007582,5234422.202789898
11,94,0.23839465395104273,0.39458445731687336,0.48973712845510564,0.9178985982902255,0.2375944575913047,0.08854614442268807,1.0,1.0,0.4,0.0,0.2,174,6180.30857434988,5235663.368184437
11,95,0.2384085453260889,0.37131765580843556,0.4403154411207017,0.9210805655723004,0.23673498267218535,0.08864629280128349,1.0,1.0,0.4,0.0,0.2,179,3515.380873088196,5242033.507427296
11,96,0.2383310837728192,0.3797716938472471,0.46129892810665235,0.936595439055067,0.24500622027076005,0.08864629280128346,1.0,1.0,0.4,0.0,0.2,181,3524.969087719221,5243085.474567154
11,97,0.23821376308419245,0.3785640286563366,0.45989911103257564,0.9442949783665802,0.2392999295001929,0.08843180724977316,1.0,1.0,0.4,0.0,0.2,183,6165.686937585022,5242610.327336657
11,98,0.23795334897174453,0.3963551949323371,0.502924065551327,1.0117082623053577,0.23808102917433357,0.08809172992112257,1.0,1.0,0.4,0.0,0.2,194,6087.542760087578,5235496.595368184
11,99,0.2375211200638537,0.382930374464294,0.4872131020222923,1.0262772618140952,0.2662615213625571,0.08790200630417097,1.0,1.0,0.4,0.0,0.2,197,6168.9960428159375,5234536.967848124
11,100,0.23727671218653537,0.3697304273202377,0.46070478672454657,1.0170215061627605,0.24120625691294084,0.08740617855578905,1.0,1.0,0.4,0.0,0.2,199,6165.084996108472,5235202.778415684
12,0,0.8836262484414701,0.97237807325243,0.9186738224679404,0.01023079352208939,0.0,0.0,0.0,0.0,0.4,0.0,0.2,1,2551.7963512014067,8255.198064372069
12,1,0.8940265245647638,0.9949283553996973,0.9405138675027803,0.039946791837900196,0.04120859991042522,0.06669854473793489,9.620781181176e-05,9.14958022705e-05,0.4,0.0,0.2,3,2507.6608697246384,8386.102500889901
12,2,0.7936182106848187,1.0015965764497066,0.9399859173494579,0.09800116093965737,0.36931549257425467,0.1445757930111493,0.03944502497231627,0.08777502872104063,0.4,0.0,0.2,4,2086.108972204232,42540.36484392266
12,3,0.5605412231760865,0.9121416554215922,0.8504154873983334,0.058568824276784,0.5864847237837592,0.08232038590538168,0.09665909799690162,0.09192498562662989,0.4,0.0,0.2,5,1711.0437220441822,5606.264866714444
12,4,0.4925133511464567,0.8932167422301369,0.82357876116012,0.08620154180019218,0.23952758398782564,0.09496450647530814,0.15354721343581118,0.20300527454375472,0.4,0.0,0.2,7,1332.1504836781216,7174.364424400463
12,5,0.47390403668626446,0.8954480574410023,0.8367913888635361,0.11060690788305166,0.16389527008631619,0.11366401217060591,0.13610412296922028,0.1797000143476672,0.4,0.0,0.2,8,1727.4502227881578,38937.94775701349
12,6,0.46795476284722753,0.8919278194261442,0.8327191684959225,0.11889687236139446,0.0923598578867145,0.11288244747868796,0.13617766177225882,0.17977709502586242,0.4,0.0,0.2,10,1669.2312005746558,38605.81588751462
12,7,0.4915292083769045,0.9062275582842032,0.8338664271609906,0.12864063353897992,0.11883056505531386,0.04629166627693586,0.7953394098580505,0.4449096476272336,0.4,0.0,0.2,11,4641.890005584062,4818.501759511902
12,8,0.47405736111105007,0.9129421542307967,0.8498363286466942,0.16631092714178877,0.27239558890037346,0.10769141487214547,0.1487081907514963,0.4090130328096075,0.4,0.0,0.2,12,1884.0000894130349,38954.98454670135
12,9,0.4728654938645601,0.9009651160816651,0.8247328263509811,0.16356286110903945,0.12997054418381093,0.10759518891350114,0.1487105217436321,0.4090152158567391,0.4,0.0,0.2,13,1888.62345404737,38949.09620735694
12,10,0.38135383409722273,0.8307472329777011,0.7452404136063646,0.1400244907026041,0.48698421493693783,0.048595825236456405,1.0,0.44670113098815084,0.4,0.0,0.2,14,4869.539380157772,4432.93995366234
12,11,0.3738803297855179,0.8252414121539132,0.7381031190210535,0.15442158796683772,0.1793716912043823,0.06778982195559237,0.6366288118178258,0.4284165343509437,0.4,0.0,0.2,15,4369.336946567224,38293.39781777503
12,12,0.4433188844284549,0.918355598696551,0.8559129546495486,0.25501264605609636,0.24463476789848426,0.07505073450808611,0.8472717802431964,0.8055396107315687,0.4,0.0,0.2,16,5257.373848536941,304015.04080030124
12,13,0.43454717670378223,0.8990556480937116,0.8226694432668521,0.25148471633925934,0.20769767569167685,0.07348823429098944,0.8501716703911774,0.7957187716852664,0.4,0.0,0.2,18,5268.515896993198,299813.22593438666
12,14,0.34856988789773724,0.825369508272164,0.7597518906543711,0.17843333831007852,0.20787568379009608,0.06443786298201912,0.6951377851493831,0.4545303026661022,0.4,0.0,0.2,19,4305.896869194008,37605.78848271826
12,15,0.4203043170632422,0.886165699421392,0.806844982646401,0.2646012923922897,0.2221097192384704,0.07660523243525556,0.8544607974816797,0.8107097638234337,0.4,0.0,0.2,20,5591.218583624337,304033.1273163674
12,16,0.36028927957405465,0.8371966506420897,0.7684403673072441,0.2068872444111718,0.2451843058808617,0.06531898047350963,0.9280328492672286,0.6035409084696945,0.4,0.0,0.2,21,27354.894928788457,38035.232403461065
12,17,0.3890535220640948,0.8533724825206543,0.7683187805641879,0.2680688085896589,0.3280110896838031,0.07470453912864794,0.9568256490404412,0.8179238721969394,0.4,0.0,0.2,22,25290.744946000294,298755.2072142939
12,18,0.3875796937415112,0.8628993246342413,0.7905589421576351,0.27597623004446037,0.19928309175352849,0.07470453912864791,0.9568256490404426,0.8179238721969423,0.4,0.0,0.2,24,25413.67110726265,298275.0005891729
12,19,0.38780575601394796,0.8517099299310746,0.7660712839127959,0.28309695812080204,0.2073681520319683,0.07362375887112955,0.9762579944486289,0.828852907388044,0.4,0.0,0.2,25,25658.092451817083,298700.03899904486
12,20,0.2969173755072612,0.7691176883336287,0.6933644246578589,0.18846701524824677,0.2466422819876834,0.0709480230348741,0.7221084656255841,0.45617127824089554,0.4,0.0,0.2,26,4439.024453350082,38926.09457457802
12,21,0.29616294987374425,0.7564053119987114,0.6670049070377205,0.1910528109557802,0.1350750786091001,0.0727892665059305,0.6599614951544711,0.46382658534672566,0.4,0.0,0.2,28,4447.755026183055,38831.75479945942
12,22,0.28749669097250874,0.7572758776255254,0.6795803062595805,0.19767825726187188,0.17193641873021448,0.06855878824914272,0.7650756506034573,0.45844715156932264,0.4,0.0,0.2,29,4430.750583173567,39161.51000625835
12,23,0.27472713440454033,0.7759099494228026,0.7356795079203868,0.2316278294192083,0.1445224326385609,0.06961837385135575,0.6864485205862648,0.42628914212929114,0.4,0.0,0.2,31,4773.165067806507,38666.27672106346
12,24,0.2644115330646542,0.7396168938135028,0.6787707315788615,0.23359865095360338,0.4428736683523205,0.06703020457519898,0.937185582374414,0.5283556751967525,0.4,0.0,0.2,32,4574.54340140572,39236.4011617714
12,25,0.25617525966427046,0.727343957081103,0.6648070188862963,0.2355415666335349,0.1645690035816692,0.06054265672310334,1.0,0.5293296066859765,0.4,0.0,0.2,34,4451.973102273714,39279.76507644188
12,26,0.2534025710181409,0.7223800165376209,0.6589664585986525,0.24047345407213735,0.16601863452497345,0.057857791511876235,1.0,0.5354747735200296,0.4,0.0,0.2,35,4443.545728729261,39260.623259491935
12,27,0.24874045040400816,0.711897799209112,0.646027865628443,0.24945750322853066,0.17045605288579274,0.06224543343266464,1.0,0.5460030046687094,0.4,0.0,0.2,38,4958.276044849867,37281.42085519536
12,28,0.24426508868317845,0.7136686525328604,0.659183710733587,0.25712839638968543,0.16433368488034195,0.06224543343266464,1.0,0.5460030046687094,0.4,0.0,0.2,40,4982.306066550303,37574.13563100941
12,29,0.23531137934010282,0.6961448089351336,0.6388668901320917,0.26405936946712805,0.18809254071527434,0.0621910187778217,1.0,0.540036838384186,0.4,0.0,0.2,42,4908.371113229446,38548.238181993525
12,30,0.2351190555809964,0.7066249729549438,0.6621763482045772,0.2752520243404916,0.13663743603987757,0.0627632189823924,1.0,0.5402773639047209,0.4,0.0,0.2,44,5017.130784880379,38247.275483844605
12,31,0.22025047295022437,0.6749718062955683,0.6253849145781996,0.2808029402465927,0.2363735481912273,0.06202267509176529,1.0,0.5335073854730756,0.4,0.0,0.2,46,4654.252044222683,38334.3113164026
12,32,0.22017355966138058,0.6738365105229187,0.6239431145654512,0.28792382055605326,0.1383974357314717,0.06190110558351537,1.0,0.5370223428811028,0.4,0.0,0.2,48,4724.718591047453,38270.458601670616
12,33,0.22304667141349177,0.708505158420676,0.6970920012490393,0.33771479078572997,0.14683291043160906,0.05930845950549908,0.9240604112784766,0.5627057852972587,0.4,0.0,0.2,50,4973.582985541272,206004708.0969134
12,34,0.22030044413257047,0.7116928895359711,0.7117878273783436,0.3505627546867842,0.16742671392556532,0.06037328897745371,0.9247587661548549,0.5640693998384733,0.4,0.0,0.2,52,4900.353819414509,206014568.33143327
12,35,0.22000138653718315,0.7095357422163686,0.709114681116548,0.34434408313794246,0.15879209822538998,0.060816868926498624,0.9267611763288544,0.5674619208832725,0.4,0.0,0.2,53,5299.647359943156,206046434.34502175
12,36,0.21638589152300122,0.685565775173429,0.6696524022318673,0.344069184742377,0.24153389338349926,0.06436607886420187,0.9276923161640249,0.5692800736048914,0.4,0.0,0.2,54,5063.2009459988085,206048503.9484344
12,37,0.19165832421953452,0.679993264460252,0.689221879924927,0.3432009825292118,0.12823171505769088,0.057556221888549954,0.884939706975995,0.4680777017841766,0.4,0.0,0.2,57,5266.628823001168,206064581.73375437
12,38,0.1914727108100278,0.6515341133562432,0.6332329872674402,0.34327992590713535,0.15065359948164514,0.05613023724946804,1.0,0.4853060516576261,0.4,0.0,0.2,59,7047.553574400657,205689099.7278929
12,39,0.18743179802761306,0.6384284142108141,0.6178215468082479,0.34172036994139576,0.16691080622378418,0.05696336444561882,1.0,0.4854295435243112,0.4,0.0,0.2,61,6847.634636481972,205721058.0692586
12,40,0.21886470461374624,0.6581384599687611,0.6244011767577204,0.3643333883688702,0.15684347327324016,0.06586903916686984,1.0,0.6259830201019996,0.4,0.0,0.2,62,4987.173962028244,95556.76770286074
12,41,0.1876693321590135,0.6599414660028873,0.6650526802977887,0.36249719655386686,0.12684411138734034,0.058924193350893675,1.0,0.4852975154488928,0.4,0.0,0.2,63,6815.569777059929,205724252.5858957
12,42,0.17427372071946598,0.5980746971359638,0.5813110789794869,0.36299685846005364,0.4836878889768468,0.0522155745687221,1.0,0.5044903923948629,0.4,0.0,0.2,64,4856.025159807161,195765074.4168731
12,43,0.19866802824864666,0.6108483321408297,0.5914365247530372,0.3967969175188961,0.20572440383799384,0.05703929787395712,1.0,0.6360282387013417,0.4,0.0,0.2,66,5306.642274026194,195772009.9851576
12,44,0.19582826277413531,0.609010802547893,0.6003661847015603,0.40553175076969816,0.19389113482327724,0.057039297873957076,1.0,0.6360282387013437,0.4,0.0,0.2,68,5552.702289475029,195815727.5597323
12,45,0.1699690331203143,0.591031133903231,0.6052343232106403,0.4126343405367265,0.19231167718212142,0.05247200576768217,1.0,0.5352804050610329,0.4,0.0,0.2,70,5700.287707135501,195832176.74302223
12,46,0.18215969512743696,0.5556674010505667,0.5385592466320552,0.41414770099361137,0.16275685499607156,0.05809183693860498,1.0,0.6143058422286823,0.4,0.0,0.2,83,6254.881889719438,37255019.03228549
12,47,0.18031505542728682,0.5577768965083063,0.5521681121108558,0.4231288247986683,0.17637731301439166,0.05775227647999145,1.0,0.6133383765886601,0.4,0.0,0.2,85,6325.096492666668,37124980.21267165
12,48,0.174923845778243,0.5456160345163403,0.5386163156282268,0.43209886790311397,0.17009541367783998,0.05778856004252282,1.0,0.5930707667358435,0.4,0.0,0.2,87,6025.833220724479,37003141.11164237
12,49,0.1783170401391572,0.5471624319849536,0.539784683860102,0.453139799788877,0.15322547566902245,0.05811280628791993,1.0,0.6111917486108192,0.4,0.0,0.2,89,6153.105146043274,36981890.54775056
12,50,0.17482977006046768,0.5617190969327791,0.5794524202410494,0.47180357530958317,0.1791238465568084,0.056386276679092295,1.0,0.6013661655236303,0.4,0.0,0.2,90,5681.595398563231,37010087.31565605
12,51,0.1741329611177026,0.5545152869852077,0.5709289678548528,0.4820889490038229,0.17025206849955368,0.05695828232593699,1.0,0.6027308753719074,0.4,0.0,0.2,92,5680.462062405042,36990944.3586669
12,52,0.17578031971577074,0.5465638760649058,0.5610461899380591,0.4770465910472415,0.22532977505011315,0.05890075508413598,1.0,0.6154773380368875,0.4,0.0,0.2,93,5350.22871928898,37428330.7495615
12,53,0.17340139745872252,0.5513753269017365,0.5780554807852425,0.49275174428006396,0.17768460886721926,0.0596308709519644,1.0,0.6054927450988948,0.4,0.0,0.2,94,5643.716170638681,36991742.13933887
12,54,0.173116737106088,0.550799113795033,0.5774210543727181,0.4851006826097393,0.14708929885931105,0.05927513785545595,1.0,0.6050225357987551,0.4,0.0,0.2,95,5644.12575250129,37000061.9367118
12,55,0.1731354660592484,0.5355813384087489,0.5483990994300131,0.4890396492566392,0.17816125450206355,0.05882061014498553,1.0,0.6093242464576515,0.4,0.0,0.2,96,6329.62712612847,36908929.66511006
12,56,0.1711185918624652,0.5429106223188311,0.5683596789541193,0.5018906769955842,0.15121118551313184,0.058278938906175505,1.0,0.6018167243127059,0.4,0.0,0.2,98,5659.462023074861,36997012.18227842
12,57,0.1597045621730112,0.5255177866578468,0.5497820194447923,0.4976903775867725,0.18151612620122431,0.053768017056743424,1.0,0.5584631317605253,0.4,0.0,0.2,99,5680.825523889655,36253350.22986555
12,58,0.17699242422713168,0.5366619721281174,0.5597146144210416,0.5416947456559897,0.1637691501452399,0.0590328197519143,1.0,0.6390253597024417,0.4,0.0,0.2,103,6185.392012098664,36904277.212935805
12,59,0.17730106476686935,0.524385094023563,0.5341655008535822,0.5420279726320114,0.16305079636296096,0.05913427677157077,1.0,0.6413925648282912,0.4,0.0,0.2,104,6198.221445930416,36896534.66881578
12,60,0.1775462071700317,0.5431507637251273,0.5781695473137841,0.5569484871285018,0.16310426463823874,0.05899120621202893,1.0,0.6457368610555467,0.4,0.0,0.2,107,5794.144044977296,37203678.08799447
12,61,0.24823734550818766,0.6439516280207456,0.7281056515150297,0.790777596284082,0.22923970856588458,0.06367006473785078,1.0,1.0,0.4,0.0,0.2,138,4805.976981856308,50153643.003738895
12,62,0.2477753247905714,0.6390117414970726,0.7222984637249956,0.7942894823978193,0.24328997696567822,0.06398029133497572,1.0,1.0,0.4,0.0,0.2,140,4792.855677483059,50153255.96516124
12,63,0.24664392498355842,0.6278975883444458,0.7092600186521922,0.8164764181828441,0.24532349677640705,0.06428314167332198,1.0,1.0,0.4,0.0,0.2,144,4810.398604813437,50156392.35943562
12,64,0.24625123097477267,0.6706583149324274,0.8037034202390869,0.8434838017096096,0.23855601650413022,0.0638066733219145,1.0,1.0,0.4,0.0,0.2,145,5059.867626674044,43182212.67164043
12,65,0.24579673061206747,0.6189086203101122,0.698710363286063,0.8196148873037814,0.27645925381876085,0.06459348987505692,1.0,1.0,0.4,0.0,0.2,146,4797.068368686256,50155990.493320525
12,66,0.24544401758262252,0.6166463162012866,0.7069482672453355,0.8235745680454565,0.27836347005067097,0.06742997827299371,1.0,1.0,0.4,0.0,0.2,148,4782.658170173058,50193901.19752839
12,67,0.24416296053803457,0.6034362820308145,0.6806022554209721,0.8412210220061218,0.22669833240093076,0.06439211750267183,1.0,1.0,0.4,0.0,0.2,153,4758.639483073328,44584056.22149272
12,68,0.2438159504905288,0.5758786180699293,0.6261333666487395,0.8447476987037812,0.2630344831780278,0.06480452012677136,1.0,1.0,0.4,0.0,0.2,154,5718.31291351305,46231307.92329264
12,69,0.2444145383176763,0.5673245596973318,0.6158503073219458,0.8447823503504177,0.29826117391372964,0.06865976137924372,1.0,1.0,0.4,0.0,0.2,155,4400.924499894058,50169774.79939826
12,70,0.2440571597867618,0.5745271354529,0.6353680676275373,0.8565456921363337,0.24130209867715957,0.06865976137924372,1.0,1.0,0.4,0.0,0.2,157,4440.465302146375,50158732.3569437
12,71,0.24270159200145752,0.5912208989720951,0.6772440291211503,0.8833405736334425,0.2332100098298887,0.06632842224686744,1.0,1.0,0.4,0.0,0.2,162,4324.890426306714,50173870.34557937
12,72,0.23477286762716454,0.547533648523556,0.6159728605005559,0.871263144830271,0.2831209723386191,0.052026102376249085,1.0,1.0,0.4,0.0,0.2,165,5363.41296301113,51350205.62224669
12,73,0.234455815879967,0.554769423152488,0.635531794073189,0.8786867488225949,0.23463149900762328,0.051995835384432934,1.0,1.0,0.4,0.0,0.2,167,5410.986488924236,51340414.72086662
12,74,0.23370114584263502,0.5177550786850136,0.5590253926407627,0.8987065421456086,0.2302368508140143,0.05065045763152122,1.0,1.0,0.4,0.0,0.2,169,4760.770469454153,51235262.69671079
12,75,0.2352859497385736,0.5220355241709254,0.5747330342647438,0.8972893504038455,0.2546040785387992,0.05630768254693132,1.0,1.0,0.4,0.0,0.2,171,4705.190187474969,51276807.47451
12,76,0.23344126706525914,0.5147777293346574,0.5664768003740317,0.9310346614279079,0.2618889733577507,0.052738371453829515,1.0,1.0,0.4,0.0,0.2,172,6095.1826843243625,47112540.2487656
12,77,0.23321561990648587,0.5144899215922105,0.5661763677422114,0.9347040737099188,0.22146047668692603,0.052203494073928366,1.0,1.0,0.4,0.0,0.2,174,6103.107912363894,47088318.39372717
12,78,0.23249176994746262,0.5038013241689927,0.5536565621576615,0.9375769273932155,0.29484630554999325,0.05221405551696749,1.0,1.0,0.4,0.0,0.2,175,6024.8804465016165,47099052.7893955
12,79,0.23201345455181593,0.5024550089199225,0.5521508894057228,0.944826671852733,0.22372067492221206,0.05117424340023803,1.0,1.0,0.4,0.0,0.2,177,6023.923258519526,47081157.71022628
12,80,0.23286557938499952,0.49092404105781595,0.5383519254843065,0.9453197119631738,0.2684251227790966,0.05545415586929917,1.0,1.0,0.4,0.0,0.2,179,4714.27281711843,51220673.24813935
12,81,0.23252630773572058,0.5176075104717568,0.6028338769317881,0.9808366776708093,0.2304585313744352,0.055695992086127286,1.0,1.0,0.4,0.0,0.2,185,4780.054533010866,51508506.777675696
12,82,0.23246337437449444,0.5062872067903246,0.578503135442056,0.9989648494197072,0.22250357583643496,0.05555099719561244,1.0,1.0,0.4,0.0,0.2,187,4816.279592986502,51497045.9704793
12,83,0.23240667602924667,0.5049819216183491,0.5769704156281721,0.9872305415148412,0.23134736795568822,0.05560792054171089,1.0,1.0,0.4,0.0,0.2,188,4779.292941397526,51471264.28940424
12,84,0.23201475640300212,0.5227164551897201,0.619925680942776,1.015223519286987,0.25395541719169423,0.05531261307562896,1.0,1.0,0.4,0.0,0.2,189,4780.982912448266,51500653.55934947
12,85,0.23214107807475995,0.5281050293600216,0.6372337034311494,1.0281457217480896,0.2446659265073161,0.05655408204894905,1.0,1.0,0.4,0.0,0.2,191,4763.76586598041,51501561.83244991
12,86,0.23227642790544265,0.5025769250094834,0.5851132463894184,1.0307514649737257,0.23099355456490303,0.05738800427504196,1.0,1.0,0.4,0.0,0.2,194,4781.408326293062,51465422.34123978
12,87,0.23225056693379686,0.5021216457662763,0.5845800520566847,1.030708037402534,0.22454319332728917,0.05738800427504198,1.0,1.0,0.4,0.0,0.2,196,4763.136874940488,51468922.33760162
12,88,0.2321932976974929,0.4986141003089634,0.5804463158420236,1.0422172468272892,0.24864558374689627,0.057760200690409415,1.0,1.0,0.4,0.0,0.2,197,4746.69115215052,51466120.6209138
12,89,0.23156022604486803,0.495886038317206,0.5773383056552195,1.0376057079419263,0.23808604654759577,0.0564861435892147,1.0,1.0,0.4,0.0,0.2,198,4723.149229874544,51449556.66142339
13,0,0.7780583715403271,0.9439833856414367,0.8854163672943871,0.0076173987845341365,0.0,0.0,0.0,0.0,0.4,0.0,0.2,1,4439.243963808355,8925.380749018175
13,1,0.779361808430948,0.9594832141201293,0.8999209716316341,0.031789705451516825,0.04160685563257212,0.05321837477035628,0.00010929867962031,0.00011956903581750999,0.4,0.0,0.2,3,4443.399649323817,8930.219642020938
13,2,0.6886760458796791,0.9644052021325127,0.9110008804406691,0.07844008197778704,0.33403923469716945,0.09706405966067572,0.039283706432725676,0.08079132086503696,0.4,0.0,0.2,4,3306.8851281729358,47686.68966544165
13,3,0.6319669296917004,0.9397937756799254,0.8833085994854732,0.07372479684631783,0.17650738782555053,0.09489154640085676,0.20514660158014242,0.052028066729852995,0.4,0.0,0.2,5,2793.8855959114344,5626.585897739209
13,4,0.5321287581801886,0.8969294642560248,0.8335194816036404,0.06407143787383829,0.3299022996158482,0.06468114735886196,0.09264498472649034,0.10030428788336836,0.4,0.0,0.2,6,3224.796228306267,6861.043247053836
13,5,0.5223531469499383,0.9133172585196688,0.8604332652191733,0.09786534848024965,0.16251361417717908,0.09672999614900868,0.14035754142073753,0.13437610422507842,0.4,0.0,0.2,7,2179.353439353036,4324.831165930189
13,6,0.439454543300535,0.8687944226067835,0.8082887353418384,0.08985539869705722,0.37630388489089217,0.0733854449418444,0.1310207323730004,0.18097196278238892,0.4,0.0,0.2,8,1879.1053191170265,41475.857265357634
13,7,0.5891197933603627,1.010388731868747,0.9362728823053725,0.24982500616390235,0.23590958502715764,0.05476465154407721,0.8582397501157292,1.0,0.4,0.0,0.2,10,2905.411108768405,6515.216034108932
13,8,0.4326018066454296,0.8658544319779767,0.8043395599944144,0.10410175074680522,0.0817029902254201,0.07322360762649446,0.14302383253981452,0.1960597566589668,0.4,0.0,0.2,11,1924.6495109488656,42563.513223343085
13,9,0.539288553918716,0.9892666506934824,0.922345829617736,0.259594102923432,0.4439395055793581,0.05869924403799287,0.8696666876000148,1.0,0.4,0.0,0.2,12,2096.604894722529,19048.55395320166
13,10,0.5239969159150174,0.9772188415519414,0.908902485437286,0.26688461812276243,0.24801780658623132,0.04895274071729519,0.9848290680077035,1.0,0.4,0.0,0.2,14,1865.3659730761915,18719.44865818192
13,11,0.5173505258852455,0.9841231587642545,0.9276709798971385,0.2683164999870239,0.2682570520918332,0.05479009370564467,0.37495120774966656,1.0,0.4,0.0,0.2,15,1564.407960816578,42405.14981374961
13,12,0.5134800228248693,0.9700249470556732,0.9000572980144805,0.27298498764681284,0.2325310075402751,0.055073612848428856,0.33788207936129544,1.0,0.4,0.0,0.2,17,1131.3532393302676,41071.97123719063
13,13,0.5105998324047236,0.9677154107198402,0.8974328966218861,0.28233310607494494,0.22797705181119876,0.05389573305109948,0.3379229128740864,1.0,0.4,0.0,0.2,19,1129.258541600097,40522.27928478141
13,14,0.5021016818870505,0.9828770809557585,0.9378657482110819,0.2998109357316564,0.24835447739878333,0.04643269122539514,1.0,1.0,0.4,0.0,0.2,20,1751.044146641124,20256.464623964
13,15,0.3627260887849139,0.8339167918188218,0.7748505140553772,0.1562200461085649,0.1299713144386342,0.0533690969208722,0.2673711068996765,0.3281314068169833,0.4,0.0,0.2,21,1253.2147712340193,41780.16118984976
13,16,0.5034354798536154,0.976768060227083,0.9160262889180668,0.31147163782605125,0.30792850723926884,0.09902162201893812,1.0,1.0,0.4,0.0,0.2,22,2105.744031783689,58853583.81860708
13,17,0.5015109102065782,0.986481387298445,0.9383420688850475,0.32583985246337716,0.24855855923334058,0.10110516135319647,1.0,1.0,0.4,0.0,0.2,24,2099.064229075268,58853615.29207863
13,18,0.4796070848071887,0.9537236092440158,0.8922410757264929,0.29940375766465294,0.234869199361316,0.052225727353342875,1.0,1.0,0.4,0.0,0.2,25,2042.279714334113,20647.306948296085
13,19,0.478370473599442,0.9526744762215678,0.8909995440259026,0.30813104927962054,0.22880814509001043,0.05241056410686298,1.0,1.0,0.4,0.0,0.2,26,1995.6127672699936,20622.60760717868
13,20,0.47352534447432676,0.9487779484648349,0.8860017987694373,0.30915642712289193,0.2684044374843644,0.058743354533410196,1.0,1.0,0.4,0.0,0.2,27,1931.5394072713457,20425.433599648382
13,21,0.4707687130893572,0.9463097093109156,0.8831409744987397,0.317705133167538,0.2393427670074218,0.05830477873897329,1.0,1.0,0.4,0.0,0.2,28,1986.4575251718904,20531.792950860945
13,22,0.46758080868534563,0.9431226755770084,0.8799515041518546,0.31453019882649763,0.2202444964582455,0.05037309701069124,1.0,1.0,0.4,0.0,0.2,29,2134.8729382108127,18116.120639634955
13,23,0.4547345422514785,0.93160465373023,0.8655201252097569,0.32051927342582254,0.34445809388619264,0.06410724424888455,1.0,1.0,0.4,0.0,0.2,30,2667.2985749301843,47329.7949545072
13,24,0.44855304943349505,0.9367799843745785,0.8824650740269933,0.33315023393083953,0.2769955568856274,0.06700267151912401,1.0,1.0,0.4,0.0,0.2,31,2533.1288853784386,47904.49134810695
13,25,0.4223544663718032,0.9100169072803117,0.8525674917574513,0.31776636240929385,0.3467478334945494,0.04585242333850629,1.0,1.0,0.4,0.0,0.2,32,1926.388456804568,28852.50969654321
13,26,0.4093019962617449,0.9069459330427454,0.8604825184232225,0.32548420775254205,0.25663120461197714,0.039570487865761964,1.0,1.0,0.4,0.0,0.2,34,1819.470481185152,32317.943033025367
13,27,0.4049200231901914,0.9019685498341743,0.8547215197631184,0.33310700026996076,0.24739036370375464,0.03856756636604683,1.0,1.0,0.4,0.0,0.2,35,1817.145651088147,34569.652179450335
13,28,0.4037437318647643,0.9117981705957967,0.8773162037513176,0.3415107226298908,0.22021266141933005,0.0385675663660468,1.0,1.0,0.4,0.0,0.2,37,1775.9513325193789,34090.1699509413
13,29,0.39434834504227034,0.9005431387045069,0.8641310490527578,0.34363176508431603,0.2941990242676577,0.03860583931404061,1.0,1.0,0.4,0.0,0.2,38,1633.0670915101534,29016.137749785677
13,30,0.393024107635474,0.8854437814131426,0.8339207691514479,0.3509217296502752,0.26688559175944515,0.059676173398068064,1.0,1.0,0.4,0.0,0.2,40,2236.6064417763337,23312.44721136016
13,31,0.38685471130056265,0.8772872793765223,0.8243673566550123,0.3588405636173797,0.25235498078223756,0.05967631655489748,1.0,1.0,0.4,0.0,0.2,42,2158.6243202278306,23408.2978764088
13,32,0.38314842607289945,0.8726325367096985,0.8190956002626146,0.35745802027901763,0.24798078819889643,0.05704631258414537,1.0,1.0,0.4,0.0,0.2,43,2205.2305260447715,19032.47283680674
13,33,0.3684409160606069,0.8515647703850708,0.7944255239967188,0.36424357635641674,0.3697134975138873,0.0569643847996967,1.0,1.0,0.4,0.0,0.2,44,3323.905021898233,24299.405059062643
13,34,0.3584841617608751,0.8417668915789012,0.7926025029785599,0.38853801432688195,0.333604615444663,0.07782280060436741,1.0,1.0,0.4,0.0,0.2,46,2524.615016557538,6123917.51042462
13,35,0.35626021334523555,0.8378128863443102,0.7879457396172502,0.3948589866470681,0.2456107024395276,0.07819695732140478,1.0,1.0,0.4,0.0,0.2,48,2538.568062487192,6120593.440361563
13,36,0.3556062412610036,0.8366232670833007,0.7865419715224171,0.40060224332910654,0.24007326009793833,0.07834857299311561,1.0,1.0,0.4,0.0,0.2,49,2544.082794215589,6118303.773897362
13,37,0.3506731526554082,0.8281407544083137,0.7766788041317378,0.40275618039239636,0.2872241371227318,0.07729775813997389,1.0,1.0,0.4,0.0,0.2,50,2537.765257695773,6119601.607226107
13,38,0.3238132654930892,0.7968527112525607,0.7529024819801076,0.3835290903607109,0.3324073921064099,0.051194557685550465,1.0,1.0,0.4,0.0,0.2,52,2479.6504933724245,46691.38426498464
13,39,0.3207947527589359,0.800941269858509,0.7686713112037997,0.38925472525599847,0.2749338920608849,0.05267837105276378,1.0,1.0,0.4,0.0,0.2,53,2024.3149703976287,47311.33368504552
13,40,0.3183856334272083,0.7955401033633802,0.7623300742564487,0.3921550272529787,0.2595081877799925,0.05289837132043802,1.0,1.0,0.4,0.0,0.2,54,2039.2929725740853,47642.74831231345
13,41,0.30934865428699293,0.7516913164117034,0.6887627866189325,0.3970635115778144,0.2972990957514663,0.05356194506404881,1.0,1.0,0.4,0.0,0.2,56,2775.328191806745,45357.119451971565
13,42,0.30612445223943796,0.7456946112276959,0.6819605587132928,0.39593242710778714,0.2535664105146057,0.050329140552319254,1.0,1.0,0.4,0.0,0.2,57,2788.175104107762,44111.05524994621
13,43,0.29164475152016756,0.7186743141191039,0.6615204162373067,0.40110271069132525,0.3499926159869451,0.04849512707048509,1.0,1.0,0.4,0.0,0.2,59,3164.032860813145,44504.55529023758
13,44,0.2862836239049219,0.7069210642916839,0.6481329833576767,0.4013226352977877,0.2837208144297769,0.04296757486427974,1.0,1.0,0.4,0.0,0.2,60,2571.9126462813338,45090.61113040937
13,45,0.2854796138758395,0.7038822766964912,0.6445301717908656,0.4079080468521984,0.2289472916553026,0.04360427029719957,1.0,1.0,0.4,0.0,0.2,62,2560.1551900030563,45545.027139034486
13,46,0.28253462214700326,0.6923927939791772,0.6309191150349354,0.41720740193047484,0.26159796318933315,0.04585169054229562,1.0,1.0,0.4,0.0,0.2,64,1610.5487423510965,47080.80305433212
13,47,0.28740191237312523,0.6964159276378269,0.645033651997856,0.448950049974442,0.2450979924725975,0.07036588015549781,1.0,1.0,0.4,0.0,0.2,71,2417.7460710768987,58094905.9669107
13,48,0.2856283540513952,0.6911311900687954,0.638917648338493,0.46132620706399985,0.2446551344047796,0.06928826240138868,1.0,1.0,0.4,0.0,0.2,73,2536.3133027489325,58094156.35663191
13,49,0.2847227609905106,0.6787685417485986,0.6134921436941936,0.4639092602452953,0.229767216647501,0.0673033281856739,1.0,1.0,0.4,0.0,0.2,74,2543.684424353157,58093443.24970893
13,50,0.2829986456475198,0.6715548545873962,0.6049950960653713,0.4668868208433146,0.2792878650324075,0.0680042871008678,1.0,1.0,0.4,0.0,0.2,75,2525.54063105136,58089290.5675499
13,51,0.27715010644910587,0.6634058408171826,0.6067465243220004,0.4705485593697943,0.3523507909501654,0.06487312461650643,1.0,1.0,0.4,0.0,0.2,76,3311.9125704350163,58088909.08364685
13,52,0.274685398617065,0.6567519713238015,0.5991448345309958,0.47579948845736625,0.26386710250318696,0.062076341211703766,1.0,1.0,0.4,0.0,0.2,77,2332.559804144735,58114258.93165137
13,53,0.27425859178176004,0.6544595462655496,0.5964333803354462,0.4757301769131749,0.24213590356979747,0.06246197144021872,1.0,1.0,0.4,0.0,0.2,78,2326.942521052718,58114242.92070018
13,54,0.27284450231063156,0.6495136319978698,0.5906984302168417,0.48183455616728227,0.2568967813470218,0.0616142290375065,1.0,1.0,0.4,0.0,0.2,79,2342.5353258808764,58103233.27356144
13,55,0.27144601236042454,0.6444016205651101,0.5847625937643675,0.4947154899821437,0.24114966512939168,0.060860718804617395,1.0,1.0,0.4,0.0,0.2,81,2373.1622249975794,58103463.48552096
13,56,0.2697698158157007,0.627186147020456,0.5535952522066772,0.4938393601069982,0.26215312617115305,0.05972208636064391,1.0,1.0,0.4,0.0,0.2,82,2468.2693372055774,58106821.68759024
13,57,0.2692110193796803,0.6245202591533802,0.5504673266628763,0.49705748381952564,0.24277650519876612,0.059801927768630456,1.0,1.0,0.4,0.0,0.2,83,2474.0728137837486,58105926.05627833
13,58,0.269180400893326,0.623265099652751,0.5489443556233979,0.5006565805100887,0.23517227563691545,0.060573993828229,1.0,1.0,0.4,0.0,0.2,84,2452.223127748116,58102850.14577167
13,59,0.2580351162865217,0.6455678765810843,0.6207868161958482,0.5792263677375361,0.22137983060152336,0.040231942405091446,1.0,1.0,0.4,0.0,0.2,103,17962.705010835933,90795.61090537877
13,60,0.258193293385986,0.6284760052432568,0.5894019369144794,0.5947205739067598,0.2309172769495039,0.044381237656292497,1.0,1.0,0.4,0.0,0.2,107,17635.83006651383,90276.13114985406
13,61,0.25661448677642423,0.6379903310941126,0.611893493887619,0.6040486574359106,0.2171265199872765,0.04049896504180827,1.0,1.0,0.4,0.0,0.2,108,17889.003334809582,91096.55700490132
13,62,0.25692614121545587,0.6487506465615684,0.6354934830776213,0.6227219159592466,0.22325552741833382,0.04173665607630121,1.0,1.0,0.4,0.0,0.2,109,17093.687096141955,77269.10691836037
13,63,0.2558112604309055,0.6340238232801436,0.6072547391926353,0.6109116910925669,0.2370091200817725,0.04039436496526508,1.0,1.0,0.4,0.0,0.2,110,17869.62306492146,91784.24799191552
13,64,0.2573327493236104,0.6515286419008339,0.6493923117608824,0.631619664310662,0.24817510959839817,0.04810848495662695,1.0,1.0,0.4,0.0,0.2,112,17581.226729419286,74897.97718468182
13,65,0.25607400804333136,0.64658807262989,0.6436903051681973,0.6270298447996185,0.24783898036605645,0.04687362001863753,1.0,1.0,0.4,0.0,0.2,113,17483.667826329096,62376.96307922263
13,66,0.25610831172197024,0.6445768714962927,0.6412500419173068,0.6346495084117636,0.2369913837338531,0.04810848495662695,1.0,1.0,0.4,0.0,0.2,114,17469.149741017878,74501.44562657498
13,67,0.2535454637130913,0.6420085688514605,0.6493561953809996,0.647979496815512,0.3140070616689712,0.04763302901391654,1.0,1.0,0.4,0.0,0.2,115,17514.872077577547,74450.74979450954
13,68,0.25330252023471,0.6274148875473673,0.6211160734435055,0.6442045147052016,0.24545658703525458,0.048589260551344285,1.0,1.0,0.4,0.0,0.2,116,17458.899884530296,74974.36095207438
13,69,0.25045355473041536,0.6127552609521142,0.6040445707301775,0.645996015795451,0.31722463868651896,0.04714825607898121,1.0,1.0,0.4,0.0,0.2,117,17498.375645342796,62766.96775400235
13,70,0.25009390398537207,0.6109869190515786,0.6019877162948241,0.6494341105630762,0.23115275608777971,0.04693911899809264,1.0,1.0,0.4,0.0,0.2,118,17536.824685886524,74850.26411764341
13,71,0.24973391647744475,0.608828679745151,0.5994685058605189,0.6528319998542862,0.2327264032660815,0.046813083057879665,1.0,1.0,0.4,0.0,0.2,119,17489.486421260084,45314.24064382777
13,72,0.2490783398963233,0.6154420905869664,0.6182875444731799,0.6674177497197712,0.25118212278502206,0.04693911899809264,1.0,1.0,0.4,0.0,0.2,120,17359.68324809942,74190.77829094767
13,73,0.24784839305726614,0.5987096849633973,0.5876874207225875,0.6625320221552964,0.23627777097538752,0.04577891949665086,1.0,1.0,0.4,0.0,0.2,122,17244.09048993867,62244.36408928344
13,74,0.24852993354396302,0.6093476433261547,0.6110778312729233,0.6859869305629467,0.22158569599035496,0.04798526029966822,1.0,1.0,0.4,0.0,0.2,126,17171.996623105348,72541.07812936488
13,75,0.24614288074175517,0.5927062440213198,0.5808247148876353,0.6798111492203429,0.24226472033267404,0.04331272175271938,1.0,1.0,0.4,0.0,0.2,127,17233.30234635683,84771.4413912576
13,76,0.24701038101134898,0.6025221485976454,0.6031895511005796,0.6922447783000869,0.23715938733099184,0.046433586540468405,1.0,1.0,0.4,0.0,0.2,128,17247.63887198198,74233.81119582051
13,77,0.24125901487601206,0.5666670706462291,0.5613970892218083,0.6990250815453563,0.4593719281162112,0.04347162231202552,1.0,1.0,0.4,0.0,0.2,129,17266.70460009825,83952.91547365715
13,78,0.24078258240442799,0.5618350748026995,0.5557168985927543,0.7061300528400294,0.2348038462908976,0.043772902997256655,1.0,1.0,0.4,0.0,0.2,131,17252.844363116998,84570.55870788373
13,79,0.23982603198974,0.5546293290063324,0.5472975416311399,0.7165313568233196,0.2672384334246375,0.04347519257147603,1.0,1.0,0.4,0.0,0.2,132,17303.64526757056,85911.59298210134
13,80,0.23917876279364886,0.5497441158189811,0.541594063451474,0.7048107991911323,0.2502796152090809,0.043206614851566974,1.0,1.0,0.4,0.0,0.2,133,17255.017421803812,83975.66817557203
13,81,0.2396793202573802,0.5594048627131044,0.5638608922779489,0.7543925979566555,0.22033903236316077,0.04510527724498145,1.0,1.0,0.4,0.0,0.2,140,17150.66883006469,84225.22445251465
13,82,0.23882810066807783,0.5559889360652865,0.5599508342249278,0.761091830269983,0.22758735035126665,0.043779320057329305,1.0,1.0,0.4,0.0,0.2,142,17017.208656869967,85532.07940024624
13,83,0.23543538866391,0.5944958644480496,0.6498987179443476,0.7967205976581897,0.2160046233340702,0.03619621469215566,1.0,1.0,0.4,0.0,0.2,157,17260.254970248585,72402.37143830357
13,84,0.24385989364037194,0.5864591284382638,0.6278527029804415,0.8401702644176932,0.26469762004456776,0.05884087133409115,1.0,1.0,0.4,0.0,0.2,158,17868.505957426707,71742.00588394236
13,85,0.2339991431119534,0.5742296371190113,0.6260337182121992,0.8061970537167016,0.26802602374507034,0.03806513531091589,1.0,1.0,0.4,0.0,0.2,160,17148.347019082525,71149.12373387595
13,86,0.233876311841059,0.5729505444727996,0.6245349167047634,0.8136315281972231,0.22419237040828102,0.03807513062016163,1.0,1.0,0.4,0.0,0.2,161,17151.029835659043,71128.72954852853
13,87,0.23392985893761,0.5833345615784847,0.647753527245172,0.8182816704304174,0.22215382902959224,0.03844730025905685,1.0,1.0,0.4,0.0,0.2,162,17049.84149808667,71339.50286398244
13,88,0.23326291167313862,0.5776688681889455,0.6411397908277497,0.8214430069036118,0.253906693672149,0.03812138452584059,1.0,1.0,0.4,0.0,0.2,163,17194.45193204187,71889.15550618108
13,89,0.2405753375837955,0.5780695328229495,0.6402336070592778,0.8761822853050218,0.23662050376203914,0.058200579926617924,1.0,1.0,0.4,0.0,0.2,167,17630.920812416836,67707.71156865927
13,90,0.2397680498224281,0.5840192157856146,0.6583457178598857,0.8876536980156344,0.2314601883532435,0.05730157555021607,1.0,1.0,0.4,0.0,0.2,171,17332.997367234173,66840.82072154814
13,91,0.24041391941941656,0.5730310745257521,0.6342760122504277,0.8966694627661371,0.22686909859383636,0.05902175112200427,1.0,1.0,0.4,0.0,0.2,172,17281.480907236364,44683.85601726423
13,92,0.23968193414155642,0.5942653067824804,0.6814280587864157,0.911531036505026,0.22631716738934965,0.05730157555021613,1.0,1.0,0.4,0.0,0.2,173,17305.665884094713,66755.46827355544
13,93,0.23964110484085185,0.5679848040373989,0.6284259947347087,0.9036829497557368,0.2526443269168689,0.05813896121851057,1.0,1.0,0.4,0.0,0.2,174,17368.02966778809,44824.651914850125
13,94,0.2387031439360268,0.5682810322692315,0.6398539332063948,0.9267343225133158,0.26135962368001464,0.05814951213286591,1.0,1.0,0.4,0.0,0.2,176,17369.514218539407,44938.65681920501
13,95,0.2328056405169187,0.5395763292868354,0.5850736150419105,0.8893328380355887,0.22047238884333414,0.04349811629733125,1.0,1.0,0.4,0.0,0.2,177,17302.180854113372,82089.11718042576
13,96,0.23916276791094904,0.5559300784520196,0.6141889019278723,0.9258379629584823,0.2317737060127818,0.059860154156055355,1.0,1.0,0.4,0.0,0.2,179,31112.12926762365,67398.82645089919
13,97,0.2377683079341356,0.5529703323440589,0.6218626637933438,0.9193477327704163,0.31439263938448236,0.05900318409435231,1.0,1.0,0.4,0.0,0.2,180,17397.07346400425,81755.83242926563
13,98,0.23707174165068223,0.5287315977808447,0.5823354762328996,0.9173364706893652,0.31750719558984375,0.05981647384551163,1.0,1.0,0.4,0.0,0.2,181,17472.492273537784,82048.1302582828
13,99,0.23681307520730394,0.5390421725261486,0.6055294080092638,0.9258771753991588,0.2283701617305075,0.05929296922147159,1.0,1.0,0.4,0.0,0.2,182,17478.458982110893,81825.9340576722
13,100,0.2360735185007452,0.5154759683135137,0.57776103155524,0.9372030184121334,0.39574424879926023,0.06172432787574587,1.0,1.0,0.4,0.0,0.2,183,17773.3296742272,79297.43511503752
13,101,0.23600708160990805,0.5256714537317129,0.6007841869922146,0.9575085987140997,0.22820598790821284,0.06172432787574582,1.0,1.0,0.4,0.0,0.2,185,17728.14292960546,79121.75216803918
13,102,0.2356093545107794,0.5212269327435943,0.5955981754430191,0.9530966874839197,0.2548082780931557,0.06143595161319815,1.0,1.0,0.4,0.0,0.2,186,17733.126365759068,79081.81512309524
13,103,0.23541755874475478,0.5183508063851934,0.592230965263654,0.9645207990051035,0.2445992346161212,0.06141675395089,1.0,1.0,0.4,0.0,0.2,187,17659.56596407249,79025.31092030503
13,104,0.2345558225722568,0.5259194329715454,0.6122927847088733,0.9986606936979914,0.22647832577486596,0.05973150652947122,1.0,1.0,0.4,0.0,0.2,195,17562.936636230854,78971.85348714238
13,105,0.2338846476397935,0.5177254222801219,0.6027255724047329,0.9964599929751463,0.2517199743737638,0.05929295657983299,1.0,1.0,0.4,0.0,0.2,197,17737.923793477363,78509.32566747081
14,0,0.76329614878778,0.9397101206455801,0.8804113877081318,0.0072245257068444075,0.0,0.0,0.0,0.0,0.4,0.0,0.2,1,4304.572328407447,8181.892910831497
14,1,0.7624880869397412,0.9537678444586066,0.8933967349218144,0.030363722854324444,0.042184256252799826,0.05074867923527806,0.00011015451427447999,9.747862683178e-05,0.4,0.0,0.2,3,4330.2558755782575,8336.306807604697
14,2,0.7854507260733117,1.0306938071262288,0.9799737098417299,0.13049628481391584,0.24219787498447023,0.062030249070975915,0.455351707799028,0.4039334156447216,0.4,0.0,0.2,4,3305.359097243057,3310.493602041864
14,3,0.5825350514912135,0.9225502012976508,0.8626948797657523,0.07439072780151451,0.43318523799302816,0.08149931604239562,0.21360659594318193,0.09098831308351812,0.4,0.0,0.2,5,4203.948190466429,6082.025936885833
14,4,0.5607896833860101,0.9093669775447062,0.8484970147977245,0.06873600001899127,0.08648923520150296,0.08443111499272966,0.17213828093507016,0.04883337571326559,0.4,0.0,0.2,6,4170.279026630757,6445.554744287182
14,5,0.4716041411410981,0.8837378270525068,0.8270557151900939,0.08367364352596,0.4061793155243025,0.09536505623069899,0.13669089397628875,0.10009659133130473,0.4,0.0,0.2,7,2877.7146627936395,4448.67386536774
14,6,0.46699090344661237,0.879143129871533,0.8224573251745622,0.08147065631950812,0.053746358564820004,0.0963942370819828,0.08915060431437474,0.0751758708391831,0.4,0.0,0.2,8,2893.104958968802,5061.862991598025
14,7,0.4844304982436859,0.9023745702810003,0.8289251330755141,0.14298449883735015,0.26360862010520075,0.09846560779626028,0.2330346933195869,0.35307063131311495,0.4,0.0,0.2,9,2226.0478069508968,4770.159946788506
14,8,0.4580998058906554,0.8868922923429081,0.8104472791467564,0.14998563262168307,0.17301831843276627,0.09595682871732372,0.2541624865350126,0.36813640400558034,0.4,0.0,0.2,11,1730.0482366876724,5518.992440162861
14,9,0.4287702664217261,0.8633011396841715,0.7849749105411293,0.1388420133649736,0.17613702052122204,0.0988273221313984,0.298878625204846,0.2993646580403291,0.4,0.0,0.2,12,1687.9631850225455,4656.589012667911
14,10,0.408141395926096,0.8467268631519705,0.7668788843553416,0.14236971280192767,0.122748446735926,0.08405243326672648,0.4555339433128194,0.29046996416380766,0.4,0.0,0.2,14,2943.6628708295416,11910.472553596006
14,11,0.5484019407798667,1.0014043619000152,0.9332367988031893,0.3151163435757999,0.2564916449205735,0.10724443389504776,1.0,1.0,0.4,0.0,0.2,18,3515.440741974317,6534.088504830117
14,12,0.5122883529933997,0.9738076446092487,0.9005848117407866,0.3210908253289644,0.3476283183337754,0.11204873865318303,1.0,1.0,0.4,0.0,0.2,20,1949.666460038102,5511.893486191049
14,13,0.5033656901899166,0.9662387762646301,0.891794839394837,0.3229152311002937,0.29417774341688235,0.11095178450019653,1.0,1.0,0.4,0.0,0.2,21,1930.770667131443,5811.531865110198
14,14,0.5025448275083129,0.9656157313590465,0.8909704415095951,0.3321171554169823,0.25315222021616685,0.11233562149623699,1.0,1.0,0.4,0.0,0.2,22,1908.234921567829,7415.43106694553
14,15,0.49506339845765385,0.959018319996294,0.8833623923591194,0.3329400891184799,0.2648448452643233,0.11059379023548413,1.0,1.0,0.4,0.0,0.2,24,1941.6638609578945,6167.17460642643
14,16,0.49470671590553045,0.9699077515084396,0.9071983968477679,0.3409263157718647,0.2453362437493249,0.11059379023548413,1.0,1.0,0.4,0.0,0.2,26,1938.034888491395,6140.352129360718
14,17,0.4896370162757932,0.965388831263249,0.9019050760979108,0.3517281514221431,0.26003258046407496,0.11060110913395124,1.0,1.0,0.4,0.0,0.2,28,1850.0034828771256,6124.58182140575
14,18,0.47246762074495463,0.9493996925069494,0.8831365705891043,0.3535724501763362,0.35799904049804165,0.11120162686879151,1.0,1.0,0.4,0.0,0.2,29,1729.4981735898589,5771.132083380557
14,19,0.45866477381548454,0.9691042214562171,0.9389724710897029,0.3726141953444488,0.2765520455923975,0.11832824864619049,0.7238595335901324,1.0,0.4,0.0,0.2,33,3656.343658524528,22705.39882817308
14,20,0.454197250740717,0.9644028765777253,0.9334908292036099,0.3774396640535863,0.263098735558699,0.11796712541771023,0.7239325414965136,1.0,0.4,0.0,0.2,35,3575.9750870859743,22639.36843844926
14,21,0.45287468092849154,0.9629435589372306,0.9316718225395508,0.38649980358380964,0.25516073349568347,0.1195683052791758,0.7004229527861282,1.0,0.4,0.0,0.2,37,3443.595326985338,21548.14054653646
14,22,0.44894558856894523,0.9585449733415148,0.9262864253845196,0.39056415509016656,0.28943766223669104,0.12297776214259115,0.6915615402982911,1.0,0.4,0.0,0.2,38,3476.993304715152,21735.919140364374
14,23,0.44798963066164615,0.9573627455432121,0.9247079298492218,0.3947133398080609,0.2664814443268916,0.12580635899899725,0.6851366268784853,1.0,0.4,0.0,0.2,39,3510.3637038564907,21883.839520411268
14,24,0.43003706324057267,0.9596222014316265,0.950169128676049,0.41129129938340225,0.36070692139268273,0.11629982466291437,0.7482305393503265,1.0,0.4,0.0,0.2,40,3506.5045474255253,22755.076872506903
14,25,0.42760259286629865,0.9679517603169117,0.971056640933327,0.41472448846802284,0.25525440555758483,0.11557318233261224,0.752281120808113,1.0,0.4,0.0,0.2,42,3371.873027059873,22709.36493405676
14,26,0.42326624746398744,0.9623188597630952,0.9642362728563227,0.41862129265082604,0.2960100987676792,0.11882462387735152,0.7434644312535705,1.0,0.4,0.0,0.2,43,3393.002301165978,22904.34840933439
14,27,0.42083428751625274,0.9595024321594439,0.9610908522899797,0.4207823848906881,0.26011456814571865,0.11658681072173671,0.7563001884194276,1.0,0.4,0.0,0.2,44,5554.399878282394,22863.065220933644
14,28,0.4238325663133006,0.962514169758139,0.9640691863551327,0.4458028653981288,0.25045452752567776,0.12460383178991649,0.8682071668531816,1.0,0.4,0.0,0.2,47,3466.500185221156,23215.702831441493
14,29,0.40393681578923357,0.9239372020531824,0.9075183090887373,0.42732751011085846,0.45430476499130257,0.12877291085014675,1.0,1.0,0.4,0.0,0.2,48,3660.944726242889,27128.63738537221
14,30,0.4027109459878272,0.9333306916283903,0.9296023049780362,0.4362785715093983,0.2576882174032747,0.1287729108501467,1.0,1.0,0.4,0.0,0.2,50,3661.310636257899,27120.48392730282
14,31,0.3948688295388482,0.9433479881831643,0.9632773008298456,0.46608583243640467,0.2845628087158044,0.13200275432464703,1.0,1.0,0.4,0.0,0.2,53,2820.724884276351,27192.26385381192
14,32,0.385432831999582,0.9163254255337403,0.9202778102588038,0.45234965072460553,0.377356770190976,0.1359057843806431,1.0,1.0,0.4,0.0,0.2,54,3435.836079250417,27256.29900524713
14,33,0.37950882840143013,0.9167035085494277,0.9316876017936029,0.4716598010102011,0.29437172754681795,0.13758272123301504,1.0,1.0,0.4,0.0,0.2,56,3394.5890149491424,27183.063774434664
14,34,0.37992399122327236,0.9058395134177031,0.9077930751928369,0.4764578101552314,0.2561556516419805,0.1388691378645157,1.0,1.0,0.4,0.0,0.2,58,3421.2832586874674,27267.068376286607
14,35,0.3703638374354681,0.9150478278702106,0.9415857580232256,0.4899747588118622,0.3084030496093316,0.1265510739135301,1.0,1.0,0.4,0.0,0.2,59,2766.3987424123143,27076.001416218605
14,36,0.36986843507239864,0.9141998917158316,0.9406038453764094,0.4898391744511361,0.2532928760832294,0.12638792558109613,1.0,1.0,0.4,0.0,0.2,61,2756.447902746896,27105.440109269315
14,37,0.3661677521953061,0.88414270911674,0.8830837782383736,0.4907177427290173,0.3110423834938054,0.128602691114274,1.0,1.0,0.4,0.0,0.2,62,2780.6490573798465,1314606690291.455
14,38,0.35572003631910754,0.8849835283558787,0.906089871396961,0.4999168727115982,0.409278596516348,0.13068123155311245,1.0,1.0,0.4,0.0,0.2,63,2747.194299502601,2889006318878.1914
14,39,0.3535047149813637,0.8584647697669205,0.8529660160281107,0.5029285280104063,0.27576382628438556,0.12922187792342604,1.0,1.0,0.4,0.0,0.2,64,2734.978934943959,1314609033239.9993
14,40,0.35113132430417476,0.875268959137909,0.8947389154584044,0.5092723322102497,0.294274718988977,0.13028243676918183,1.0,1.0,0.4,0.0,0.2,65,2674.6439140460207,2889001429544.107
14,41,0.35026020486357373,0.862301310766052,0.8684908242853631,0.5124580833407086,0.2633459755176103,0.12995768156656934,1.0,1.0,0.4,0.0,0.2,66,2816.139046464496,2889001357201.26
14,42,0.3499966549056839,0.8607970606092303,0.8665996423557558,0.519476943228364,0.2685123081969147,0.13184872481226326,1.0,1.0,0.4,0.0,0.2,67,2938.3462535909057,2889001423689.562
14,43,0.5880862412628086,1.1159545553741537,1.1461250994128753,0.7398602010656259,0.5616188544913785,0.7375600491292534,1.0,1.0,0.4,0.0,0.2,68,1725.9111646495628,36437295605473.12
14,44,0.42555064316429386,0.9471368858187872,0.9754511651289222,0.5942011864087731,0.4127506146816588,0.342612940074533,1.0,1.0,0.4,0.0,0.2,69,1313.4946616775103,36437358345154.78
14,45,0.5748408522404971,1.099008688202247,1.1378726103098689,0.7648590470004375,0.5253407979917311,0.7300593765697597,1.0,1.0,0.4,0.0,0.2,72,1388.189654543779,36437358025078.61
14,46,0.5748995385115304,1.094692073443973,1.132349449248321,0.7669425329097985,0.5439686925305507,0.7368819148635353,1.0,1.0,0.4,0.0,0.2,73,1341.0186799862672,36437360638516.47
14,47,0.5898151844918367,1.1176098499929012,1.1774387844606342,0.8270455003995909,0.548928412875715,0.7940588179408115,1.0,1.0,0.4,0.0,0.2,78,1620.8058055825672,38196830173266.5
14,48,0.5885464108457905,1.1022228476901827,1.1483052446691635,0.8232365935038295,0.5479059312070362,0.7944896492522172,1.0,1.0,0.4,0.0,0.2,79,1606.9831676852918,38196826214322.1
14,49,0.5843480827129073,1.1031707941469786,1.1607174234703375,0.8278069614541061,0.5792231399673788,0.7912787971454673,1.0,1.0,0.4,0.0,0.2,80,1540.3141529513146,38196871363133.766
14,50,0.5788464198714426,1.0662696560689977,1.0955711590047694,0.8324420402783728,0.5616166522901953,0.787803694728001,1.0,1.0,0.4,0.0,0.2,82,1454.6583322814267,38201020809472.78
14,51,0.5773732324993968,1.0723353159524942,1.1137573114112107,0.8422939142875803,0.5324769149110291,0.787803694728001,1.0,1.0,0.4,0.0,0.2,84,1427.76188638326,38201017014683.01
14,52,0.5759301439885726,1.0785061191699918,1.1320665591238264,0.8778247161619208,0.5325033542673324,0.7878036946940867,1.0,1.0,0.4,0.0,0.2,86,1374.5602600215234,38201008550797.25
14,53,0.4286074020446724,0.9116716022995148,0.9502570807099913,0.7143503103930491,0.39115284295018193,0.4275520834099704,1.0,1.0,0.4,0.0,0.2,90,1353.6055918572251,35321.8418666557
14,54,0.4231701764761828,0.9264303196644463,0.9904975130756668,0.7192437532791092,0.38758484136723037,0.41601027690427805,1.0,1.0,0.4,0.0,0.2,91,1357.485837602533,35144.66664938774
14,55,0.42561371229730616,0.8991088871574084,0.9354659819558706,0.7392422787178636,0.4411628708292724,0.42867433926741116,1.0,1.0,0.4,0.0,0.2,92,1929.6788095269176,35386.42619524431
14,56,0.40694804283947383,0.8934740137167074,0.9536911497897846,0.7283780933878814,0.4432542035559933,0.38982247801763836,1.0,1.0,0.4,0.0,0.2,93,1285.9574727063125,579961.6451604033
14,57,0.4040961914802452,0.8776729692555547,0.9349947140558599,0.720434483309091,0.4751143549643038,0.3925870651749408,1.0,1.0,0.4,0.0,0.2,94,1387.316409990226,579438.3357168108
14,58,0.4040961914802454,0.8888773179160243,0.9591996108086764,0.7422491987187947,0.3570357094034152,0.3925870651749412,1.0,1.0,0.4,0.0,0.2,96,1387.3164099902276,579438.3357168108
14,59,0.40582223580500776,0.8888346158900269,0.9587663304867506,0.7555991373513615,0.3645803805021869,0.39818027630165964,1.0,1.0,0.4,0.0,0.2,99,1373.5702243121862,579777.4738386119
14,60,0.5489590316160091,1.0181972498130698,1.074562228410561,0.9369210723623822,0.5089537828893118,0.7578638804919731,1.0,1.0,0.4,0.0,0.2,103,1545.563959646012,97205094523621.36
14,61,0.3912711638434564,0.8710773279509618,0.9508644312991597,0.7920189552093142,0.40155464270783325,0.3716900621432787,1.0,1.0,0.4,0.0,0.2,105,1215.2390127065055,652240.5041380601
14,62,0.3713092633814458,0.797979306562858,0.8559714133255294,0.7838824718474475,0.6964648848683064,0.3453363351161856,1.0,1.0,0.4,0.0,0.2,106,1404.435529436606,751416.623959521
14,63,0.3488132503101885,0.7696864047578276,0.8264972149959724,0.7694875964246128,0.3406308482512247,0.29184887184063785,1.0,1.0,0.4,0.0,0.2,108,1341.9275687928755,751080.4015345972
14,64,0.34782951388413025,0.765272041096055,0.8213858741471236,0.7764212264257064,0.3306087106573786,0.2909875049172884,1.0,1.0,0.4,0.0,0.2,110,1371.6836920838882,751315.2149895749
14,65,0.36684732773103484,0.7828390056713566,0.8601644541850897,0.8113705255414061,0.5355949562072813,0.34879837024185006,1.0,1.0,0.4,0.0,0.2,111,1467.7432312464073,597059.1588908078
14,66,0.37868418258819025,0.7728941924940103,0.8351302097261444,0.8434780219612685,0.37414343694505037,0.38244134421614706,1.0,1.0,0.4,0.0,0.2,115,1592.4874520029152,602658.007395537
14,67,0.37881870500485393,0.7807982031952978,0.855359957430136,0.8704673072856781,0.3673192776861818,0.38404234550287797,1.0,1.0,0.4,0.0,0.2,117,1567.8953211746375,603507.9742830402
14,68,0.37814400891487887,0.765261030823642,0.8261050764377578,0.8509187489125267,0.38264644611027504,0.38367803307563375,1.0,1.0,0.4,0.0,0.2,118,1480.068058054053,599555.6433862206
14,69,0.3774577270630899,0.7850931777394532,0.8715685078541453,0.8689441539933838,0.36809879274814505,0.38263487039524746,1.0,1.0,0.4,0.0,0.2,119,1603.6701363531986,602756.907473665
14,70,0.3708046105893594,0.7833056219775729,0.903215541780737,0.8658965512821315,0.38259621081648715,0.37540233511505117,1.0,1.0,0.4,0.0,0.2,126,1411.3150066669857,282447.3364866665
14,71,0.3651054857145565,0.7118085301232393,0.7865919841323621,0.8467447802591856,0.5997397082523028,0.3700991136477011,1.0,1.0,0.4,0.0,0.2,127,1442.279387366562,282294.3285402992
14,72,0.3642290791602115,0.7069208751563705,0.7918514730655326,0.864817638164832,0.3772486335942463,0.3715263859912508,1.0,1.0,0.4,0.0,0.2,131,1416.6395399251255,281707.48711789737
14,73,0.36323563181685037,0.7168960231233807,0.8147829543113321,0.875196285027197,0.34854550985012017,0.3690979215264319,1.0,1.0,0.4,0.0,0.2,133,1432.2569054517226,282735.07704642764
14,74,0.3640258319209907,0.7348561652775945,0.8577649497571904,0.9026645354268552,0.3688428720775896,0.3722704725230434,1.0,1.0,0.4,0.0,0.2,135,1512.8164483662308,281768.2960692013
14,75,0.3551050062300365,0.7166101117393806,0.8377787475092304,1.063760111758932,0.342826916044191,0.3520581424146279,1.0,1.0,0.4,0.0,0.2,171,1483.6486113442138,292646.46168639854
14,76,0.35328427816697894,0.7378979968556494,0.8961215378108955,1.1069108202381304,0.3485522792576311,0.3496651451697101,1.0,1.0,0.4,0.0,0.2,180,1523.488534788274,294757.8667968599
14,77,0.35508111738434145,0.7269282574009353,0.8718621165434142,1.091261034572794,0.3476871385163781,0.35447364374211643,1.0,1.0,0.4,0.0,0.2,182,1481.881921694045,284444.0764119406
14,78,0.35356988846443205,0.7081998605439757,0.8390195242345109,1.0921615260933457,0.3640200159155259,0.3519201379855769,1.0,1.0,0.4,0.0,0.2,184,1583.7348338460904,283679.1961130816
14,79,0.3530132833301335,0.7114358821419577,0.853891486073387,1.1040457376022754,0.36805396617363395,0.3519201379855768,1.0,1.0,0.4,0.0,0.2,186,1595.5826180603267,283760.4624711008
14,80,0.3537644787553119,0.6997639458554219,0.828994586936084,1.0960468043181963,0.350769851442151,0.3540268543503208,1.0,1.0,0.4,0.0,0.2,187,1597.3631792996937,283581.28221274214
14,81,0.3535822123943654,0.7092955599254605,0.8512524818508915,1.1171779876137622,0.34526500722589426,0.35384858590946977,1.0,1.0,0.4,0.0,0.2,190,1594.387389911896,281380.6791861908
14,82,0.3532034898970836,0.7401892763667026,0.9207172756173072,1.1772178891022613,0.34484449599238226,0.3533336456061712,1.0,1.0,0.4,0.0,0.2,195,1488.027597520791,282986.1377744944
15,0,0.8273831469654326,0.9576985232488611,0.9014803065204691,0.008878385824255637,0.0,0.0,0.0,0.0,0.4,0.0,0.2,1,3368.542604888486,8213.391414843176
15,1,0.8300740371952031,0.9765589477424395,0.919298777797866,0.03665901769375625,0.04619078875161234,0.06230900095497295,0.00010561808353773999,0.00010474096353469001,0.4,0.0,0.2,3,3342.601517547411,8174.839370466012
15,2,0.700426902178686,0.971417072704683,0.9184492921158413,0.08313812733527998,0.4145899708743368,0.11608012971452597,0.03860758386293055,0.0650739631394484,0.4,0.0,0.2,4,2923.2399404604494,46118.28535542564
15,3,0.5811232119898917,0.9214168507289404,0.8613401999379522,0.07441029283852152,0.346276557798833,0.10170413855924991,0.207464191652388,0.051374384373826854,0.4,0.0,0.2,5,3339.172579864451,5426.904983220748
15,4,0.567556862532295,0.9130118612045496,0.8522776644946469,0.07163313164770836,0.07301663814965108,0.10072878416806079,0.1689993470055729,0.03049863694092097,0.4,0.0,0.2,6,3219.9818159131028,5763.232747395307
15,5,0.47813960809859596,0.8845277403488208,0.8289543111214736,0.07858500669253826,0.3670022613446175,0.09958111202458104,0.15665457402167943,0.06324528200564863,0.4,0.0,0.2,7,2889.8448875048043,4154.283845552472
15,6,0.4617468533804595,0.8885486715394573,0.8286658824706623,0.1063068247651441,0.14024711802392803,0.0705742015014639,0.25053833422629423,0.2671793144931843,0.4,0.0,0.2,10,2816.8792081072365,37909.04236678792
15,7,0.3935531118150198,0.8618741137791015,0.8224866753259246,0.10757688607447169,0.2892752967259676,0.07538109515968158,0.1113071681385446,0.17289205960200144,0.4,0.0,0.2,11,2190.701603139966,39558.00786454717
15,8,0.3944413313787496,0.874424566612204,0.8478738078808183,0.12219277518600032,0.07037225452267687,0.07733072162516388,0.11192052358510059,0.18050692243654456,0.4,0.0,0.2,13,2198.636521431804,39179.83226142703
15,9,0.3704956355644355,0.8324819724962172,0.7782296072004203,0.11617213976833066,0.12678590665524653,0.039585948605033325,0.12150348493877934,0.20797516032859842,0.4,0.0,0.2,14,2093.687887155853,38331.39282179573
15,10,0.4631115688623347,0.9145032232922199,0.8469947747467076,0.21169595696795787,0.1573637358990409,0.10176507946881479,0.8004164172546041,0.5572092187367299,0.4,0.0,0.2,16,2354.4550657140035,45703.97757069453
15,11,0.41646738132869915,0.8853905321106719,0.8277657798939604,0.19334316066026175,0.19358840519104686,0.10600122943431381,0.6430704522573902,0.438148585383581,0.4,0.0,0.2,18,2702.4200287643616,47697.09308123511
15,12,0.41103717099927994,0.8871139358567116,0.8231129375599576,0.24202938712547578,0.29904171815946134,0.08297499745472392,0.9696327787929189,0.6789799212971197,0.4,0.0,0.2,20,1884.086622877804,44315.197966601365
15,13,0.3977920373230729,0.8856579019904338,0.8334281163817003,0.2494452983304036,0.17607589629912618,0.08518314061255623,0.9427581100076073,0.6471515064747493,0.4,0.0,0.2,24,1948.749068692178,44923.9584496242
15,14,0.36481399695080263,0.8528014394749767,0.8000770029883545,0.22654715537483575,0.14350501209324867,0.07236023939173325,0.7043051230170623,0.522955537562354,0.4,0.0,0.2,26,2494.11125986829,46195.39912125577
15,15,0.364226296590905,0.8522445064849948,0.7994025286111757,0.23474057247873814,0.1360585054820808,0.07264553375611296,0.7043823034939348,0.5230315472750359,0.4,0.0,0.2,28,2501.567275598407,45857.36021629085
15,16,0.3489254650477436,0.8368544844042848,0.7803413929156043,0.2470491502061398,0.28942936305158673,0.05293500752338444,0.9375563863570837,0.5926854468825394,0.4,0.0,0.2,29,2766.015544187833,50166.62167410158
15,17,0.32755015817402333,0.8137141167117615,0.7538481209916463,0.24786887348269004,0.20461132983250813,0.05059909698964371,0.991952004399443,0.5795490150166025,0.4,0.0,0.2,31,2546.8290081243317,46171.81423447263
15,18,0.4115772784148344,0.8862513060201559,0.813048782031229,0.3432438020118541,0.23537484624960642,0.08194832792653019,0.9722303005027255,0.9453673479736364,0.4,0.0,0.2,32,2193.931737023216,47828.214579493615
15,19,0.31111219350645836,0.7938325606311076,0.7304835323180789,0.2495382941310318,0.26503809060430267,0.04991493218841374,0.995587882501322,0.5832002777929188,0.4,0.0,0.2,33,2467.99418115364,45810.407725826015
15,20,0.3075951929952315,0.7888623412509465,0.7243769679758437,0.24581038751880696,0.16139518456935595,0.07544219270558329,1.0,0.5404686682512911,0.4,0.0,0.2,35,2365.4090048020707,45132.45843905847
15,21,0.37315350540511383,0.8526198317040387,0.7868522386196045,0.3365803008036965,0.2618994535959902,0.06801724295774132,0.9782327139175797,0.9115430355142404,0.4,0.0,0.2,36,2217.7653399257256,46568.13949360143
15,22,0.30060488548192854,0.789727566290001,0.735961523037675,0.2651857617493556,0.18190639785552787,0.07648995806885203,1.0,0.5532768544501155,0.4,0.0,0.2,37,2289.8543050965677,45113.91531124948
15,23,0.31601005155929085,0.791259199443626,0.7228834178161732,0.2921448297421918,0.22944178641355165,0.06160767612730097,1.0,0.6937067265829746,0.4,0.0,0.2,38,2086.747462905285,47648.36810571245
15,24,0.2824056887837759,0.7632542212322542,0.7049840364308446,0.2801897114097258,0.19988921638393556,0.057438810687189944,1.0,0.5905176877169717,0.4,0.0,0.2,40,2164.403833617937,45945.30415015891
15,25,0.2815896488414455,0.7610574470954125,0.7021288604268676,0.2846235699991279,0.1561606806520472,0.057585823717561324,1.0,0.5984622174496788,0.4,0.0,0.2,42,2198.132181887151,45374.1165444345
15,26,0.27425944130208985,0.7608224421024615,0.7130431294049407,0.2983231922486623,0.179839280772551,0.0568427736577759,1.0,0.5968003588956659,0.4,0.0,0.2,44,2118.1379883299155,45574.16285966993
15,27,0.27413904151301605,0.7718276167793273,0.7370148930708506,0.3074206770149584,0.14279289707045256,0.0568427736577759,1.0,0.5968003588956659,0.4,0.0,0.2,46,2140.1537482271974,45345.24480173785
15,28,0.2742824175199303,0.7599048478811812,0.7117208807472692,0.3091034607833112,0.158648657404173,0.057711948364133195,1.0,0.6022868507345691,0.4,0.0,0.2,47,2140.812664595139,45782.66855254931
15,29,0.26988665917323834,0.7416480056104253,0.6793532012016098,0.3204231242780334,0.18825947141394822,0.055555545353115056,1.0,0.6037546778905798,0.4,0.0,0.2,48,2111.4106088893086,45146.32419117032
15,30,0.33770857918602093,0.8312694363487055,0.7947274648910564,0.3954148184060253,0.22177040250337282,0.06559938031674813,1.0,0.9269830015602916,0.4,0.0,0.2,49,2098.4461842203536,46142.46052964362
15,31,0.35326545882977156,0.8455667834313954,0.808502874977493,0.4421327827636924,0.23065411834016522,0.07245201255848494,1.0,1.0,0.4,0.0,0.2,62,3367.7853314496447,62466.64682343488
15,32,0.3396920254561719,0.8102740466694258,0.756286956810664,0.43287297210268916,0.3076442415710892,0.06949270776681142,1.0,1.0,0.4,0.0,0.2,64,3241.9160415404613,64512.22639097038
15,33,0.334723250646073,0.8112180401705746,0.7684082766688638,0.45212161998027384,0.26539173555361617,0.07045932845842179,1.0,1.0,0.4,0.0,0.2,66,3235.078347643994,64805.071562166944
15,34,0.3286817122217054,0.8010470342754308,0.7568769787604448,0.4587436261887965,0.2535693679833424,0.06488894699146543,1.0,1.0,0.4,0.0,0.2,68,3037.188819240348,61199.6007187384
15,35,0.3225868923517968,0.8039369072237377,0.7720461184640546,0.4717847211451525,0.2514981435840651,0.054632051887186284,1.0,1.0,0.4,0.0,0.2,69,3008.964949887708,63524.77421700696
15,36,0.3175324305180764,0.775695690844181,0.7271227017749837,0.4637449075598678,0.37622805303263185,0.06578480226379715,1.0,1.0,0.4,0.0,0.2,70,2929.2962644071986,60776.05310508944
15,37,0.3173353817120912,0.7750229934898794,0.7263091701281388,0.4708259991527198,0.22933529258335092,0.06615891051137653,1.0,1.0,0.4,0.0,0.2,72,2968.112116158837,63342.71830012302
15,38,0.30802336610369824,0.820145964840411,0.8353234900146516,0.4835582806198679,0.3056077275911067,0.055135684643911165,1.0,1.0,0.4,0.0,0.2,73,3590.5249597957927,651100654732326.1
15,39,0.3106339287604701,0.7597874918350216,0.7086063918710062,0.4624102627261825,0.24270088932897355,0.06408688185991132,1.0,1.0,0.4,0.0,0.2,74,3036.93134477536,56965.8944633379
15,40,0.29086987382856233,0.7781443603358307,0.797210528143099,0.488283515422121,0.5383677057174727,0.055135684643911165,1.0,1.0,0.4,0.0,0.2,75,3178.459818011984,651100779804639.2
15,41,0.289861282375872,0.7862584022506351,0.8178005892446185,0.49896221334874546,0.23272091163520253,0.05506614861299217,1.0,1.0,0.4,0.0,0.2,77,3175.9114523613466,816828582186521.2
15,42,0.28948693291371697,0.7849702771927067,0.8162833712318238,0.5062149514068832,0.22674893084878964,0.05519118955114449,1.0,1.0,0.4,0.0,0.2,79,3176.5565781330856,816828576367938.6
15,43,0.2852882640067302,0.7593282868563156,0.7751141763539675,0.5051743761328771,0.3254365517211433,0.05598060234647791,1.0,1.0,0.4,0.0,0.2,80,3045.908841144874,1337794127638454.5
15,44,0.2833048244044152,0.7538225333685824,0.768755549884264,0.5115162080850117,0.23925830903397333,0.05466715707426408,1.0,1.0,0.4,0.0,0.2,82,3046.632245233238,1337794109151045.8
15,45,0.28112451681528583,0.7478320818579596,0.7618510560001865,0.5213610875085355,0.25849207660188295,0.053033975551221565,1.0,1.0,0.4,0.0,0.2,83,3021.324815692308,986861468219237.0
15,46,0.2826043022958987,0.7485863984503467,0.7624322495420428,0.5353475428674295,0.22362112241172658,0.057447054081649164,1.0,1.0,0.4,0.0,0.2,94,3016.957695541044,1484513534458434.8
15,47,0.2768587725409586,0.7487332643668803,0.7743197512850508,0.5620057391558053,0.2708659725342463,0.04819573963045989,1.0,1.0,0.4,0.0,0.2,95,3150.25133872215,1484513349419829.5
15,48,0.27773272831457607,0.7495543760839076,0.775130376165239,0.5451715192097129,0.22037399490609752,0.05040110500059567,1.0,1.0,0.4,0.0,0.2,96,2973.5309295653124,1484513599408392.5
15,49,0.2745854079998281,0.741738124233023,0.7662207499766163,0.5541463255523178,0.26336171460304186,0.04682132101653872,1.0,1.0,0.4,0.0,0.2,97,3165.41595510705,1484513424530229.5
15,50,0.27352209625828117,0.7363709442944559,0.7598463680755658,0.5541429459579468,0.2614302489572561,0.04810591593832044,1.0,1.0,0.4,0.0,0.2,98,3231.893570748024,1484513449304015.8
15,51,0.27256839964549306,0.7319691188297723,0.7546615742276854,0.5974910461772643,0.22556792222878203,0.04853120349877496,1.0,1.0,0.4,0.0,0.2,103,3030.016640614242,1484513443632672.8
15,52,0.2684939851458127,0.7172274040998752,0.737500906485381,0.5988232602796582,0.317450405224231,0.04698883980142262,1.0,1.0,0.4,0.0,0.2,104,2900.8960751400045,1484513452826714.2
15,53,0.26840395238536585,0.7280511851315878,0.7612600092071129,0.6206837481336703,0.22012238370649573,0.0469888398014226,1.0,1.0,0.4,0.0,0.2,106,2883.236898406712,1484513460553493.5
15,54,0.26818785174103404,0.7224848467980842,0.7544984535050201,0.6256052406456851,0.24461949617055223,0.050521660720097575,1.0,1.0,0.4,0.0,0.2,108,3048.024741197852,1484513499444346.5
15,55,0.2679821770036361,0.6990077328042513,0.7048291941865239,0.6332112920122114,0.2210285349959216,0.05064033704425912,1.0,1.0,0.4,0.0,0.2,118,2190.33322982556,1484517494332789.2
15,56,0.26508669661321715,0.691179430718259,0.6959106670599489,0.6532774501606414,0.241021736320212,0.046983839566396804,1.0,1.0,0.4,0.0,0.2,120,2130.8012726513816,1484516915618988.5
15,57,0.26473130736764733,0.6892308593604424,0.6936118443556943,0.6643254804242016,0.2260355173976728,0.047225540712306106,1.0,1.0,0.4,0.0,0.2,122,2146.2632481441183,1484516940149761.2
15,58,0.2646932864792445,0.6851219992593591,0.6886122486368784,0.6722597463497978,0.25630775147881707,0.04995697259941907,1.0,1.0,0.4,0.0,0.2,123,2263.500710399142,1484517685059559.2
15,59,0.2626964448198784,0.7011181885444879,0.729649487375047,0.6822588640558349,0.2583196468796949,0.047938404339174616,1.0,1.0,0.4,0.0,0.2,124,2857.378567053273,1484520106041980.8
15,60,0.26034948603379254,0.7255964208780772,0.8022812163104112,0.6662710478037637,0.3782760276205433,0.05327423101197121,1.0,1.0,0.4,0.0,0.2,125,3538.552996603185,14318707.559040274
15,61,0.25962933995587784,0.7211339853997003,0.7970298364796853,0.6736429851743484,0.23754114425244177,0.05363475817053472,1.0,1.0,0.4,0.0,0.2,127,3513.105155031732,14318292.98500728
15,62,0.2587697693822827,0.7406032257019131,0.8420631123909046,0.7099165344678542,0.23889940183022107,0.05266481204281942,1.0,1.0,0.4,0.0,0.2,128,3508.864948015362,14317815.93452369
15,63,0.25826318101429235,0.7371820606877235,0.8380316102721133,0.7175303011983423,0.23366520372518,0.05302258450770695,1.0,1.0,0.4,0.0,0.2,130,3483.3505920666817,14317399.748443255
15,64,0.25819577132787785,0.7256022733422813,0.8133870873773679,0.6914842088487062,0.2225126107134908,0.0530225845077069,1.0,1.0,0.4,0.0,0.2,132,3476.87852888123,14317760.656584289
15,65,0.2574359408368885,0.6575371650990319,0.6779769824430144,0.7187372824682507,0.2546735451876177,0.05710584847806751,1.0,1.0,0.4,0.0,0.2,135,3221.0055363039205,1.2525928192291344e+36
15,66,0.2547110432136089,0.6731093969008355,0.7187041778663383,0.7432851960293736,0.23244831521577586,0.052367318371491264,1.0,1.0,0.4,0.0,0.2,138,3114.092460672212,435042084776164.3
15,67,0.25667932697108004,0.7299257052452668,0.8402824026915763,0.7607471232056542,0.22806686681757893,0.057870049352467236,1.0,1.0,0.4,0.0,0.2,140,3341.567865370534,14318210.406735158
15,68,0.253141748252744,0.6658660956469834,0.7102992180738399,0.7648468674753759,0.2580299274548167,0.05121749044596182,1.0,1.0,0.4,0.0,0.2,141,3165.729377163449,6.194368539097174e+36
15,69,0.2551619902488064,0.7120811957477218,0.8083893105674003,0.740551585480562,0.2243575105720223,0.05656629468293282,1.0,1.0,0.4,0.0,0.2,144,3342.445497787002,14316189.292701757
15,70,0.2546431826132716,0.7217610422927219,0.8308647352207148,0.766392067374311,0.22648130140504397,0.055748632916061545,1.0,1.0,0.4,0.0,0.2,146,3350.786802069037,14314387.975224923
15,71,0.24720589007696897,0.6993639929911231,0.8269830612383064,0.7844648812841528,0.32296717005996833,0.053009405557114565,1.0,1.0,0.4,0.0,0.2,149,3529.802957891226,14325739.164199805
15,72,0.24493562775865746,0.7360326686115026,0.9253078716832968,0.833952482414346,0.28962957093777275,0.05348035330472143,1.0,1.0,0.4,0.0,0.2,151,3277.170659225392,14325023.410882857
15,73,0.2446806727203916,0.701750843556157,0.8519435552404375,0.822061496261032,0.22286017291577348,0.05298635304222149,1.0,1.0,0.4,0.0,0.2,153,3515.00538165028,14325315.54783018
15,74,0.24312381078369538,0.7449838734089183,0.9580017316645311,0.8760407629467977,0.2655149987541625,0.05280675487402435,1.0,1.0,0.4,0.0,0.2,155,3253.0062762415578,14317426.929726971
15,75,0.24158208523392696,0.7144121225983131,0.9110040283859586,0.8590642733818861,0.29169367240789584,0.054390322446797625,1.0,1.0,0.4,0.0,0.2,157,3427.363612087998,14315224.474353423
15,76,0.24132396128194866,0.6455210602196061,0.763840569959632,0.811498996947045,0.22537272653371854,0.05415709475743319,1.0,1.0,0.4,0.0,0.2,160,3221.010912417739,14290536.489455452
15,77,0.24084823161285476,0.6408092705302363,0.7583218183298985,0.8110497668811314,0.23794622404924556,0.05415709475743319,1.0,1.0,0.4,0.0,0.2,162,3164.09806914482,14294124.807157282
15,78,0.23996811110000696,0.6709134604088796,0.826926418303314,0.8651226047395695,0.23147273903758403,0.05270310245601654,1.0,1.0,0.4,0.0,0.2,164,3251.1974873107333,14289708.726968495
15,79,0.2396977799764002,0.6431982550576343,0.7722542961933403,0.8334715327058755,0.25999261886911906,0.053388414296107745,1.0,1.0,0.4,0.0,0.2,165,3193.9696779849373,14291729.520041356
15,80,0.23982440110026693,0.6484441363561965,0.7893481387284274,0.8693213682113718,0.26912768895678785,0.05531603632611585,1.0,1.0,0.4,0.0,0.2,166,3100.840601841836,14296363.225343153
15,81,0.238742904681403,0.6414844334186347,0.7812787575795703,0.8681616692419953,0.26690796446182274,0.05411868498320384,1.0,1.0,0.4,0.0,0.2,167,3110.037238302344,14291289.775771746
15,82,0.23787602906074773,0.668473417965751,0.8461854220423644,0.9392243618051785,0.22872111717703789,0.05338132297044781,1.0,1.0,0.4,0.0,0.2,173,3158.04304989647,14288893.738234255
15,83,0.2382831978997264,0.6572488381678666,0.8218800200978298,0.8913389938509244,0.22261840933243032,0.05450356360546933,1.0,1.0,0.4,0.0,0.2,177,3160.9353135524298,14290895.742394438
15,84,0.23492771397139373,0.6441867518756675,0.8069975489566725,0.9001581094889539,0.2936189104447248,0.048422260442721736,1.0,1.0,0.4,0.0,0.2,178,3142.582838700493,21747248.22625138
15,85,0.2346732652513461,0.6431205150806505,0.8057793818790289,0.8958904878442078,0.22539656735160216,0.047974081817702005,1.0,1.0,0.4,0.0,0.2,179,3071.5498670610264,21732412.297882013
15,86,0.23669601038832588,0.5883202850524555,0.6967368069282789,0.9132985235167568,0.31381984456954315,0.055718711505336346,1.0,1.0,0.4,0.0,0.2,180,3306.8941585694656,17498456.22675129
15,87,0.23585965993444472,0.6235161301834731,0.7823035139312029,0.9079452373537191,0.2885318464774118,0.05547980595224087,1.0,1.0,0.4,0.0,0.2,181,3329.167921242867,17505717.262210324
15,88,0.23498597260692006,0.573896129800094,0.6799532199563783,0.9192656187959767,0.2513573228450575,0.05410003570650688,1.0,1.0,0.4,0.0,0.2,182,3334.145624422066,15994833.195729798
15,89,0.23495868442219206,0.5640099099578058,0.6682452934277092,0.9348176099134504,0.296712585204861,0.05597805961970759,1.0,1.0,0.4,0.0,0.2,183,3340.2472594385654,17539334.644743856
15,90,0.2349043672237289,0.5636563362311893,0.667836566011869,0.9426452280222537,0.22348547668321317,0.05589979688920251,1.0,1.0,0.4,0.0,0.2,185,3352.2272646865395,17535693.19785607
15,91,0.23151968671189246,0.6030295707306758,0.7697723554596703,0.9461486171692015,0.2403672690303924,0.04989989428439595,1.0,1.0,0.4,0.0,0.2,191,3403.2890793457686,16366837.870774578
15,92,0.23143932994887428,0.5998152246998769,0.7659831103794126,0.9538261319327266,0.22595438689635533,0.05025669088559779,1.0,1.0,0.4,0.0,0.2,195,3372.9299261932247,16368111.604493609
15,93,0.2295467703083635,0.5964830724318048,0.7733381426401729,0.9732220886989731,0.25385453674324704,0.04768525926064307,1.0,1.0,0.4,0.0,0.2,197,3314.758956178784,21732175.81604992
15,94,0.23040441593584668,0.5835490718464373,0.7469312783287789,0.9758626631123435,0.2746231525538638,0.05025699436569594,1.0,1.0,0.4,0.0,0.2,198,3391.578573033542,15825129.129988324
15,95,0.23023206017156694,0.5786534600250708,0.7411726949296047,0.9912512191635263,0.23568519386137488,0.050615078157236,1.0,1.0,0.4,0.0,0.2,200,3405.2726760333085,15830535.917431053
16,0,0.9354642426978547,0.9851284565341248,0.9336077912775809,0.011411981210888222,0.0,0.0,0.0,0.0,0.4,0.0,0.2,1,2070.5566563444672,6933.691568460121
16,1,0.9251066104209654,1.0013734595772867,0.9483827523167981,0.03883584382143405,0.05471977176125636,0.0620270319284935,0.00010064936599677,9.166258945734e-05,0.4,0.0,0.2,3,1866.229217607382,7653.741089204409
16,2,0.8932886722613075,0.9811583093091991,0.9275259338472585,0.024361825301585066,0.035171495129436674,0.02048412559105747,0.01453053970713597,0.0008343362701976701,0.4,0.0,0.2,4,2043.0701067656355,6518.057394978125
16,3,0.6327908611300705,0.9010083417814926,0.8342581077271944,0.015174380687299547,0.5391456985263062,0.00539817212518247,1.0,0.013244895786152188,0.4,0.0,0.2,5,2084.623694761413,35156022.36515744
16,4,0.6255471149210243,0.9466326301970316,0.9029633051327519,0.072487942343706,0.08588601015745717,0.07482986646963155,0.08623411379854069,0.07571960473602805,0.4,0.0,0.2,8,970.2182710990484,6078.066978266657
16,5,0.6240307103378344,0.9465059445097072,0.9026937367809083,0.07311973567770765,0.051755965924303746,0.07481758771484198,0.09036621686294488,0.07928141992916682,0.4,0.0,0.2,9,969.8508977864624,6028.655495627337
16,6,0.5222581508997015,0.9251718001516251,0.8851709291195721,0.10151324863098818,0.43834165607548053,0.07780605889445061,0.13791779804689736,0.1789002232152345,0.4,0.0,0.2,10,851.8073871855888,57427.1991474644
16,7,0.5223546487186884,0.9254286434014161,0.885400953958217,0.10191201457352908,0.06839861403188766,0.07704354395516272,0.14202030619211317,0.1824933429177176,0.4,0.0,0.2,11,852.7496143385579,57344.46800296349
16,8,0.5196152909930688,0.9350665584993018,0.9078419899479512,0.1079000723070932,0.07486123538079176,0.07780605889445061,0.1379177980468974,0.1789002232152345,0.4,0.0,0.2,12,820.1653667364378,57744.294730828864
16,9,0.5094257587055357,0.9184261619339578,0.8774034933262724,0.11087021404630297,0.09874798841290688,0.07579543479934835,0.13811665602744347,0.1790240721875555,0.4,0.0,0.2,13,814.8347690167998,56820.41022986921
16,10,0.5136884898850752,0.9523289069463547,0.9360098960972625,0.14929669345628355,0.10277742816036128,0.07280741245345282,0.47559860278856425,0.28034931482780906,0.4,0.0,0.2,16,1795.5940139428542,24700.01221158496
16,11,0.5023115651681325,0.9464919093984152,0.9291203688157441,0.15646314521868623,0.10696532984278101,0.07343117522213356,0.47575264537384865,0.28064772305525887,0.4,0.0,0.2,18,1778.5440261554645,24840.72537431295
16,12,0.4578575658898992,0.938150723861548,0.9281449463334908,0.17353855437501747,0.33047811549795847,0.0701944941218279,0.6734098862936279,0.35390172166217415,0.4,0.0,0.2,19,1397.1621295254995,28684.761724169814
16,13,0.4471845903973229,0.9292785066859227,0.918644595377492,0.17081811027378177,0.11745068198382727,0.07912323433924391,0.49091767335173897,0.31002511314399234,0.4,0.0,0.2,20,1700.1474962946377,26727.85096158008
16,14,0.4308307543261187,0.9316385484696639,0.9316455224074568,0.18110292188569932,0.19482357596673933,0.07233755707200346,0.642938185669135,0.34827032549447806,0.4,0.0,0.2,21,1515.2629216331147,27392.731347696885
16,15,0.4308307558641785,0.9316385483689487,0.9316455223067416,0.18110292178755583,0.0985897206531568,0.07233755646543003,0.6429381938540281,0.3482703262040486,0.4,0.0,0.2,22,1515.2629162967096,27392.731312391104
16,16,0.42956634429396184,0.9322699580381899,0.9316082641842512,0.19123786636776655,0.13040623170484616,0.07421803861585742,0.6528585804170954,0.3671888799384102,0.4,0.0,0.2,23,1494.3460341380426,28533.617609998928
16,17,0.42267339537396564,0.9273874759300397,0.9259827505833758,0.20124050885746222,0.11778969086394663,0.07281091641362837,0.6477170436371983,0.36728529118356124,0.4,0.0,0.2,25,1428.5992664950531,28533.37932667864
16,18,0.4009631587207007,0.9240897872042714,0.9324753656527792,0.2087461127623872,0.17225858261072335,0.08021366447921133,0.6523410766977281,0.37369336235418776,0.4,0.0,0.2,27,1365.746054266239,104231.37532758217
16,19,0.39885358739429194,0.9224857955182892,0.9305967184782169,0.2147655900235413,0.11795765609100672,0.08021366447921122,0.6523410766977304,0.3736933623541875,0.4,0.0,0.2,28,1403.6591731256417,103789.52629873928
16,20,0.3960909271038631,0.9202095109521788,0.9280631212424546,0.21895627325872447,0.1166217047445059,0.07819148218439478,0.6524359529801972,0.3738684971085847,0.4,0.0,0.2,29,1372.085531635376,104118.81326946228
16,21,0.39608751029451944,0.92028221549192,0.9280943858751673,0.21924911841993122,0.10806278987869514,0.07896528986551336,0.6524386677910198,0.3738948351780268,0.4,0.0,0.2,30,1338.4808367805483,104089.635331044
16,22,0.5004741718512873,1.016100700168904,1.009303972456852,0.35989018104173776,0.2883441472054189,0.056947530968432566,1.0,1.0,0.4,0.0,0.2,31,1707.45317605911,44282253648.23396
16,23,0.48383436481342856,1.001887419288424,0.9932383821457116,0.36098176941605997,0.257141683247561,0.04845583004327033,1.0,1.0,0.4,0.0,0.2,33,1552.4345413930482,44281570513.1209
16,24,0.48112801396116206,0.9999167417318648,0.9906573018687086,0.36863013555372093,0.2463009415863242,0.052439821152233314,1.0,1.0,0.4,0.0,0.2,34,1545.101143801298,44281598468.03072
16,25,0.47421464117563455,0.9937523702591511,0.9836498556314017,0.36761923201993874,0.2537766499512496,0.04933536566765806,1.0,1.0,0.4,0.0,0.2,35,1707.154899323669,44281672666.66299
16,26,0.4377078968749447,0.9821422279331053,0.9920988213784157,0.36125232071084334,0.46406482789432846,0.051028108997591956,1.0,1.0,0.4,0.0,0.2,36,1553.316165751993,44286355846.60079
16,27,0.41322218137952704,0.9335678495042679,0.9134805699414557,0.38390674515691764,0.2506030645159267,0.04463308975983264,1.0,1.0,0.4,0.0,0.2,41,1529.853937199225,44282502334.70042
16,28,0.410314517806428,0.9414281268177103,0.9337685946172114,0.4065062943133274,0.22938271797306078,0.04463308975983275,1.0,1.0,0.4,0.0,0.2,43,1557.6380045919436,44282255193.79629
16,29,0.4088426566144658,0.9392080630819091,0.9306101325925209,0.4125352236320887,0.25937481999399764,0.052781484442853875,1.0,1.0,0.4,0.0,0.2,44,1581.084976373481,44281689959.15524
16,30,0.39316864751144953,0.9207252619362258,0.9093885745358719,0.3980503027945844,0.33045142183573306,0.04655417096126207,1.0,1.0,0.4,0.0,0.2,45,1243.4565527977516,44281067191.56736
16,31,0.38047350398701657,0.9043110245200443,0.8902535598816472,0.4065868850035826,0.2735110123904903,0.04523711808243364,1.0,1.0,0.4,0.0,0.2,47,1251.789913456331,44281960724.229324
16,32,0.37668584720708487,0.8994360502672651,0.8846795341870828,0.40541954505193517,0.24582434490255148,0.04325414352030657,1.0,1.0,0.4,0.0,0.2,48,1266.6695742609854,44279204374.91906
16,33,0.3743599618555024,0.8960412178324269,0.8806320429096601,0.41484766257247274,0.2310107349437296,0.04429535774753618,1.0,1.0,0.4,0.0,0.2,50,1265.8478840805133,44279678460.39162
16,34,0.35804145053000613,0.8828227391183399,0.8761252584129315,0.4218814235340843,0.39338010468292584,0.04584645125583518,1.0,1.0,0.4,0.0,0.2,51,1843.1270120470235,44282177933.998825
16,35,0.3487078464164074,0.8665117157943159,0.8567251732480201,0.42600965921083356,0.3459103440284752,0.05016042963289624,1.0,1.0,0.4,0.0,0.2,52,1617.5196053214422,44281734740.9988
16,36,0.34528418445922726,0.8607849329222728,0.8500542508805533,0.42864626816721174,0.239105088878416,0.04962708145972649,1.0,1.0,0.4,0.0,0.2,54,1626.5979590988911,44281321091.19898
16,37,0.3392507797576809,0.8499372505955602,0.8373276995393688,0.43391626943415207,0.258286803891181,0.04993703958664138,1.0,1.0,0.4,0.0,0.2,56,1600.893507701246,44282049934.75506
16,38,0.33673543006753226,0.8454759392844935,0.8321378728825088,0.4435037730217275,0.2346224536050154,0.04941734400870529,1.0,1.0,0.4,0.0,0.2,58,1612.1212974545529,44281636289.39056
16,39,0.4710919637669214,0.96488539523698,0.9463970599822393,0.5964701015597338,0.579354890109534,0.42312488858046926,1.0,1.0,0.4,0.0,0.2,59,7584.504205529047,44280000078.0182
16,40,0.4650595577726961,0.9552581504035753,0.935623243995273,0.596355984732051,0.3897074391719848,0.4157942297113733,1.0,1.0,0.4,0.0,0.2,61,7568.7220478886975,44279895458.46147
16,41,0.4574687337428354,0.9434825951659573,0.9225482158099538,0.5977240659459498,0.4151443268944425,0.4053251676136359,1.0,1.0,0.4,0.0,0.2,62,7400.262463818901,44279562621.193375
16,42,0.46149800466524776,0.9454302807322341,0.92386365700153,0.6168967256728568,0.38062726459193963,0.41942348845626576,1.0,1.0,0.4,0.0,0.2,64,7683.037222893168,44279875278.22478
16,43,0.4491054662485425,0.9341501364470142,0.9226178572234236,0.6066720001456483,0.4835910875852572,0.4065133639866401,1.0,1.0,0.4,0.0,0.2,65,7762.987421576741,44286677573.676834
16,44,0.2929730958681246,0.7600991545613425,0.7436311676245384,0.47915998779543223,0.2578166569750757,0.04343517448715306,1.0,1.0,0.4,0.0,0.2,70,8293.808964141557,44280532125.28719
16,45,0.43841684122229435,0.8960555341081289,0.8771056888062756,0.6352965112778963,0.41901266055291275,0.41955655483078874,1.0,1.0,0.4,0.0,0.2,72,8353.601701709782,44281139836.93551
16,46,0.43352718656904643,0.8862164217714723,0.8660060412001269,0.642192437795575,0.39124963940433044,0.4133592872254551,1.0,1.0,0.4,0.0,0.2,74,8251.577589544248,44280859833.51979
16,47,0.43127870835132476,0.8899769633537429,0.8814925610159141,0.6515683692427605,0.3903044768148549,0.4133592872254551,1.0,1.0,0.4,0.0,0.2,76,8368.434509311246,44280684132.98273
16,48,0.4278213881341012,0.8691532987546693,0.8461579793710587,0.6575429978283269,0.425659432368493,0.4113581896455245,1.0,1.0,0.4,0.0,0.2,77,8709.421877387585,44280539919.41516
16,49,0.4227822992123569,0.8586516868136647,0.8343337430230315,0.6611291659052433,0.3887344865097195,0.40441078643112166,1.0,1.0,0.4,0.0,0.2,79,8686.771629351992,44280435290.58875
16,50,0.41744592387640045,0.8696078750792633,0.8698318226321278,0.6708656866321621,0.4183491340032836,0.39708258179871875,1.0,1.0,0.4,0.0,0.2,80,21937.26305843838,44281488729.71985
16,51,0.4154968561781276,0.861077747180446,0.859754772949177,0.6813440086182407,0.3908789910803955,0.398338719295732,1.0,1.0,0.4,0.0,0.2,82,21846.726291709147,44281309189.49317
16,52,0.4165224949423832,0.8503102634894688,0.8358492752646911,0.6828476572888962,0.3661784179246859,0.4014354439149579,1.0,1.0,0.4,0.0,0.2,83,10496.329232405033,44281333611.32204
16,53,0.41243129952130175,0.8525742103537459,0.8499899502537147,0.6867326885710865,0.4040373985973274,0.3954927854127669,1.0,1.0,0.4,0.0,0.2,84,21808.26304338544,44281221739.03847
16,54,0.41487529081244157,0.8735949129600726,0.8961309013249381,0.7036508499026739,0.3799385820074598,0.40487935104425565,1.0,1.0,0.4,0.0,0.2,86,18530.381934735546,44280643638.57564
16,55,0.4136752586844228,0.8707464197317363,0.8929061027886633,0.7064585457818846,0.36895935089339826,0.40325164417782944,1.0,1.0,0.4,0.0,0.2,88,18553.222166116582,44280288411.90244
16,56,0.4118675048285604,0.8450964851838976,0.8409286330877259,0.702065131546296,0.3732942125638714,0.39991504953364393,1.0,1.0,0.4,0.0,0.2,89,18429.4004747394,44280504296.14715
16,57,0.4104333302983677,0.8432998322712733,0.8390498648106897,0.704301774661912,0.36195944950781933,0.3966223078615426,1.0,1.0,0.4,0.0,0.2,90,18301.44408502205,44280482042.63629
16,58,0.4076114916148386,0.8494669192601179,0.868204440555173,0.7179828257784984,0.48309298799230177,0.40001008768878804,1.0,1.0,0.4,0.0,0.2,91,15159.509884250549,44281774179.831314
16,59,0.40055174589950343,0.8268541287665283,0.8316315367951763,0.7083358131506856,0.3931426515561994,0.3854969834034666,1.0,1.0,0.4,0.0,0.2,92,18654.24290837897,44280001063.38826
16,60,0.3975827106534854,0.8190746513367846,0.8333701701677352,0.7257821277352552,0.42655711116215683,0.38887294449091125,1.0,1.0,0.4,0.0,0.2,94,18447.620980732376,44280119213.49325
16,61,0.39748989604017093,0.8188028938054905,0.8330599667301681,0.7327433202630569,0.35629060043821115,0.3887547425950186,1.0,1.0,0.4,0.0,0.2,96,18451.40165214183,44281011013.20356
16,62,0.391199762798117,0.8008739799289513,0.8020372554916948,0.7268114859580268,0.35312506585998527,0.3733054915414204,1.0,1.0,0.4,0.0,0.2,97,18471.30420325044,44280995000.09118
16,63,0.395489982460525,0.8094662716677845,0.8221554768354007,0.7427955725228215,0.41545664780649805,0.3883015262978724,1.0,1.0,0.4,0.0,0.2,98,18536.247260321976,44279881098.54181
16,64,0.3952984325377876,0.8077970800484953,0.8201723796385043,0.7501747366063578,0.3618871750694992,0.38871083110847887,1.0,1.0,0.4,0.0,0.2,100,18498.53171562137,44278892289.59096
16,65,0.39523569119278784,0.8300783922379147,0.8684409429987381,0.7643558237702477,0.35571480724404997,0.3885928244992295,1.0,1.0,0.4,0.0,0.2,102,18584.41744365855,44279694533.20055
16,66,0.3913507401834752,0.807435337604915,0.841863991734384,0.7703514565294307,0.4092418703789133,0.3894122618158344,1.0,1.0,0.4,0.0,0.2,105,18950.538461395616,44280176480.19661
16,67,0.2509576120310508,0.6643950193592862,0.6982757379325013,0.736549096098386,0.21685638517742117,0.03981304591644775,1.0,1.0,0.4,0.0,0.2,129,1573.1024325294356,44279759580.24877
16,68,0.24942500552569008,0.6437822055152986,0.6630408816311553,0.7383156774770114,0.24904611316615616,0.0399606762838708,1.0,1.0,0.4,0.0,0.2,131,1606.8085194563043,44280068084.87932
16,69,0.24910085232508913,0.6535868457109801,0.6856256206730313,0.7464949354182904,0.22485795429893699,0.03967810769829776,1.0,1.0,0.4,0.0,0.2,132,1938.92875916864,44279995892.53858
16,70,0.24769246715875726,0.6349027774918728,0.6527014824988715,0.7455937464777469,0.26624754176972204,0.03907457729485795,1.0,1.0,0.4,0.0,0.2,133,1533.1002647757043,44280095768.27287
16,71,0.24430948361936894,0.669646296048929,0.7380902577710629,0.7831910116209266,0.2687395215485851,0.03369701315181436,1.0,1.0,0.4,0.0,0.2,134,1595.355059383013,44281247429.37764
16,72,0.24519270010969496,0.6446446052770889,0.6863858930792077,0.7678759871755811,0.243608829601559,0.03745745767276046,1.0,1.0,0.4,0.0,0.2,135,1612.4681736246932,44279592871.70964
16,73,0.24326739008446646,0.6327082640389815,0.6724413586479039,0.7823350873514994,0.2557221494424152,0.036933219833621675,1.0,1.0,0.4,0.0,0.2,137,1716.7120310086225,44279340749.73427
16,74,0.24166734921714816,0.6304241519928697,0.6700203399064246,0.788279062026984,0.2189572112886129,0.03322151814608934,1.0,1.0,0.4,0.0,0.2,138,1633.7486591919806,44279497213.558624
16,75,0.24219941260456937,0.6282614370528211,0.6673206920836132,0.7964520959669947,0.2360800478158103,0.03565303913353611,1.0,1.0,0.4,0.0,0.2,139,1664.4521258673165,44279149258.43882
16,76,0.23871968383748127,0.5965168605990152,0.6192005333056669,0.7891197506443084,0.3512877265645862,0.03356811175335256,1.0,1.0,0.4,0.0,0.2,140,1653.5567843321448,44279859481.42424
16,77,0.23829489547969962,0.5902887760060351,0.6226522796186692,0.7977446764394704,0.2831694642097676,0.03846623267603931,1.0,1.0,0.4,0.0,0.2,142,1572.088478732952,44281161868.59726
16,78,0.23811082371279677,0.5894588721167622,0.621696162932736,0.8088318562946457,0.2180065437365016,0.03823404600718242,1.0,1.0,0.4,0.0,0.2,144,1582.7952320386055,44280301800.30817
16,79,0.23904376188194093,0.5775639167880189,0.5964879204750604,0.8161298754284314,0.21945953972418125,0.041072716716046995,1.0,1.0,0.4,0.0,0.2,148,2162.74020333523,44277433919.0616
16,80,0.23529260842021857,0.5360387473979108,0.5477267326717079,0.8190223768355052,0.36470519578396476,0.04288825340790337,1.0,1.0,0.4,0.0,0.2,150,2984.767345812096,44277983843.00337
16,81,0.23316040604248062,0.5407547372092925,0.575506846041957,0.8457218165582161,0.24056943556535293,0.04153231760653639,1.0,1.0,0.4,0.0,0.2,155,2766.528801551487,44279248760.4268
16,82,0.23226658385593518,0.5187573566004278,0.5386519278956227,0.8433887449819699,0.29242411082340625,0.04165877010474003,1.0,1.0,0.4,0.0,0.2,156,2752.7212772869148,44279294867.85837
16,83,0.23190441979574222,0.5277999376922817,0.5603583244860719,0.8518970013355323,0.23019447373450297,0.041169161564013464,1.0,1.0,0.4,0.0,0.2,157,2733.5382098963805,44275531805.43376
16,84,0.23110744054177557,0.5096801981749814,0.5280953156718384,0.8547905545159191,0.26285933052587435,0.04056214666671164,1.0,1.0,0.4,0.0,0.2,158,2712.5740171241346,44278691781.97804
16,85,0.23085475079569345,0.5188363103613494,0.5499170966992686,0.8633508121417333,0.22980429092050786,0.040329011495423325,1.0,1.0,0.4,0.0,0.2,159,2911.0957142288016,44278326819.53951
16,86,0.23080979642279256,0.5014743109206496,0.5184170135984092,0.8581372782407162,0.26296357908715734,0.04154154969277593,1.0,1.0,0.4,0.0,0.2,160,2762.9503037108675,44278695632.6017
16,87,0.2302754032778803,0.495286589065706,0.5111796783624414,0.8612624415313479,0.2593627157356127,0.04139496460947326,1.0,1.0,0.4,0.0,0.2,161,2822.554274368236,44279779759.88183
16,88,0.22976809161712874,0.4911340663252348,0.5063516438805077,0.8644381128499117,0.2439013642890459,0.04087490700658451,1.0,1.0,0.4,0.0,0.2,162,2904.567137807216,44279511242.31611
16,89,0.22971341426515204,0.5016092501444434,0.5297024192169826,0.8846033803587245,0.21889129464632034,0.04087490700658451,1.0,1.0,0.4,0.0,0.2,164,2937.432222052342,44279437654.71359
16,90,0.22902823202105313,0.4812756397968614,0.4948075355301666,0.8822525573350903,0.280004884267762,0.040836230724301044,1.0,1.0,0.4,0.0,0.2,165,2739.687800589013,44281899414.17809
17,0,0.8897307853725902,0.9739135080565021,0.9204722214676397,0.010369306319299719,0.0,0.0,0.0,0.0,0.4,0.0,0.2,1,2543.4991128771626,8476.759457379796
17,1,0.8901597306436388,0.9896752107665815,0.9353408037124753,0.034262303430605476,0.03919063813416516,0.0523999204655886,0.00010241048510978,8.593246390473e-05,0.4,0.0,0.2,3,2460.077610546137,8339.60696047634
17,2,0.756621816983877,0.9923922090018775,0.9424564934365738,0.08804539613782764,0.41364667218916856,0.11529221795857406,0.04020100536183468,0.08300160807713548,0.4,0.0,0.2,4,2108.9348473544446,44480.06525560314
17,3,0.6053546295857918,0.9267376046030018,0.868757861342394,0.06507199324278416,0.20905262785866996,0.06374684467450842,0.11189053042849709,0.09267195886244114,0.4,0.0,0.2,6,1654.788340080963,6294.046840107911
17,4,0.4920071801648844,0.8962351199610862,0.8410616392729341,0.08902415559700408,0.26867666848454663,0.07554417086297163,0.13211333939888834,0.15817916704244506,0.4,0.0,0.2,8,995.5943639629908,40688.7210483842
17,5,0.4823017171478688,0.8907470701421092,0.8347843603915401,0.09802601246421286,0.077067460804809,0.07329865328058548,0.13217667998002697,0.158272587884947,0.4,0.0,0.2,10,989.7415127347006,40346.859165309885
17,6,0.4780533104151124,0.8893425969956412,0.8328296426714914,0.10106757832353797,0.08526081309242695,0.07562183167479211,0.13953044695366557,0.16267028176689807,0.4,0.0,0.2,11,979.3761458007086,40478.10487061735
17,7,0.43393194136254043,0.8772597555812631,0.8290413714451069,0.11469968457344948,0.16291695073344817,0.057450319728873725,0.14462163266727263,0.2199706465405442,0.4,0.0,0.2,13,3826.42392733535,21680.34538565628
17,8,0.4334125265134114,0.8882198749457626,0.8529295923412517,0.11483905864781344,0.0701036423510044,0.058223592048041305,0.14192747077125822,0.21931608026127933,0.4,0.0,0.2,14,3763.49024529275,21500.502515045933
17,9,0.5354302890497085,0.9857874814826842,0.91902494286736,0.26387750156471373,0.44603737921734476,0.054708458684493824,0.4043219487395907,0.9859671107757084,0.4,0.0,0.2,15,951.1676218842372,39297.49542909666
17,10,0.5350898044823648,0.9854548933097589,0.9186658071429818,0.27344290719897746,0.2192961683146143,0.054166250888479685,0.40440634072417037,0.986161346366535,0.4,0.0,0.2,17,917.3383477573786,39085.78366057213
17,11,0.5216414990787168,0.9784520606918021,0.9083626182230602,0.28933959887974386,0.3624478931598373,0.07791857595983213,1.0,1.0,0.4,0.0,0.2,18,3280.363441368133,239796.6035089641
17,12,0.5048772087472221,0.9758339170878905,0.9169293557920917,0.29814181331817846,0.26486388684852147,0.06986701712554899,1.0,1.0,0.4,0.0,0.2,20,3200.8627241919885,238225.0414145213
17,13,0.49685120303639757,0.9692432219960554,0.909289863534344,0.3048200042531492,0.24886934167960773,0.06870060400253883,1.0,1.0,0.4,0.0,0.2,22,3131.265853383757,238133.26415349427
17,14,0.49615338171658924,0.9686026944125785,0.9086132231266377,0.3129441525441471,0.22858850849947498,0.06762628401763017,1.0,1.0,0.4,0.0,0.2,23,3214.0827822797355,238353.71854179507
17,15,0.4760113299398358,0.9512723886540164,0.8884869583959103,0.31170250199639826,0.33999319889887203,0.06511537201663438,1.0,1.0,0.4,0.0,0.2,24,3217.099949268294,238093.1648677901
17,16,0.4516040149482525,0.906166257261465,0.8135020629189806,0.3235901326511556,0.2523453886370919,0.06497652008337444,1.0,1.0,0.4,0.0,0.2,30,2540.709810554157,92076.63104207956
17,17,0.4496593066495295,0.9378552469107386,0.8840149214810515,0.3359365153147903,0.23236193491609544,0.06276290704357788,1.0,1.0,0.4,0.0,0.2,31,3017.413110891047,219696.68330247368
17,18,0.4310589898192764,0.9192390985565286,0.8624376636798061,0.3464344218780286,0.3470969113283898,0.05944927436778561,1.0,1.0,0.4,0.0,0.2,32,3295.1580341200947,93759.96849397729
17,19,0.4244241611228356,0.8893640268047422,0.8052829188211026,0.3250926498264212,0.24881557749782332,0.0594492743677857,1.0,1.0,0.4,0.0,0.2,34,3183.209640984316,94001.0230177696
17,20,0.4210314933850343,0.9303634356939707,0.8976304581154779,0.36898292148509415,0.23689807245113484,0.05944927436778561,1.0,1.0,0.4,0.0,0.2,36,3098.253857927896,94208.36198630383
17,21,0.4186515971620964,0.8828458578455114,0.7975910358539884,0.333076280116683,0.24543391081221366,0.0602875160914228,1.0,1.0,0.4,0.0,0.2,37,3033.595227634657,94169.52319072638
17,22,0.41965246820680513,0.9169394306165113,0.8699978935409327,0.3706720753946887,0.2565157518204309,0.07153515170188834,1.0,1.0,0.4,0.0,0.2,38,3173.470361967197,93073.76447682144
17,23,0.4078608171702599,0.9154777666192166,0.8804958994622498,0.38193767276887897,0.24324711530509052,0.055063761192974604,1.0,1.0,0.4,0.0,0.2,40,3142.495104436832,98973.30028026192
17,24,0.41074124335157713,0.907073294019294,0.859002542459457,0.39358970584881153,0.22606293994424892,0.06335423552992762,1.0,1.0,0.4,0.0,0.2,45,2680.583435088772,219210.3907244312
17,25,0.4266787901798056,0.9229141153711025,0.8747387717566191,0.4397440331138919,0.2439253621366167,0.10448300450908854,1.0,1.0,0.4,0.0,0.2,47,2151.7365087734534,83750.17846604952
17,26,0.4249112852316155,0.9209863159002019,0.8726408173532096,0.44840950514830114,0.24779856457161709,0.10214719685913536,1.0,1.0,0.4,0.0,0.2,48,2185.9446507258244,83899.80468714506
17,27,0.42125943484134454,0.9163662889130424,0.8670660863855872,0.4486902423447876,0.2807491405433964,0.10453460671168827,1.0,1.0,0.4,0.0,0.2,49,2095.4228624703665,83864.3978528184
17,28,0.3865784004396541,0.8798602789643426,0.8288016892268837,0.4023278326084254,0.28953998464438363,0.038937808417868855,1.0,1.0,0.4,0.0,0.2,50,1978.510668431525,15385.259322733244
17,29,0.3720905405248786,0.8370747085168857,0.756262520150013,0.39212018177434455,0.36790582296730884,0.04277616450824578,1.0,1.0,0.4,0.0,0.2,51,1931.9159946418815,88682.88493117508
17,30,0.3568985875427441,0.8496362632288226,0.804663486020865,0.41676732751138545,0.27940259916289617,0.036307502976642904,1.0,1.0,0.4,0.0,0.2,53,1608.8886995346122,14944.76674793401
17,31,0.34672834302931244,0.8093326372742915,0.7348886685889182,0.4139758432143144,0.28725010924633276,0.04222790432113484,1.0,1.0,0.4,0.0,0.2,55,1612.8379448573376,88623.80323810576
17,32,0.345133095688375,0.8071545017443871,0.732465508803201,0.4196435169643826,0.21947338500154878,0.04035957637358215,1.0,1.0,0.4,0.0,0.2,58,1562.8380764009678,88422.10503729178
17,33,0.3340897675662169,0.7690513627151692,0.6664793967236875,0.4043802027226261,0.2881928279741114,0.02859580465676125,1.0,1.0,0.4,0.0,0.2,59,1804.317247531323,87257.06053445916
17,34,0.3318546097855551,0.776813590732309,0.686772266111722,0.4034321093352847,0.22992531269310862,0.026848755711320997,1.0,1.0,0.4,0.0,0.2,60,1770.929977591093,87162.43187891705
17,35,0.32590520972972303,0.7649028427649109,0.672641678346123,0.4161887650961804,0.3023319857576654,0.02947826226670222,1.0,1.0,0.4,0.0,0.2,61,1776.7613773593494,86218.75470644476
17,36,0.32558905010155603,0.775500266410966,0.6961356274500137,0.4258796771938792,0.21389882531199042,0.02947826226670222,1.0,1.0,0.4,0.0,0.2,63,1781.6878872538932,86163.55145691057
17,37,0.3178031458314978,0.7592942681765924,0.6770235440441617,0.4348662249505558,0.2718071710421597,0.03138647036437596,1.0,1.0,0.4,0.0,0.2,65,1466.8995893881424,86130.54636099288
17,38,0.31716422628375784,0.7569945136518392,0.6741751256105846,0.4452995041978086,0.23583406344046035,0.03364635718285395,1.0,1.0,0.4,0.0,0.2,66,1450.997238572314,86626.10842908367
17,39,0.31739477025146856,0.7378472185970393,0.6394242157593675,0.46786382341683413,0.25610471575954125,0.051790190515049114,1.0,1.0,0.4,0.0,0.2,69,1709.342636635153,85639.42312858847
17,40,0.31601250431185035,0.7347373127001453,0.6357823140034912,0.48107809156029097,0.23155840382957737,0.0517797918375005,1.0,1.0,0.4,0.0,0.2,71,1663.3697865478475,85555.4862033834
17,41,0.34854616956291407,0.8213978851767507,0.7868689004326386,0.5661219325115346,0.266480178196301,0.13679645340620852,1.0,1.0,0.4,0.0,0.2,73,1722.0315413895546,96029.0616507762
17,42,0.3105306116441721,0.7121840895088853,0.5984638448832109,0.48548079692537544,0.26812007762839796,0.04917029013647192,1.0,1.0,0.4,0.0,0.2,74,1671.4313794593716,87605.99892194505
17,43,0.31035183975848524,0.7853349301126862,0.7611308886975732,0.5507310851146712,0.25340561369272907,0.05768638324433677,1.0,1.0,0.4,0.0,0.2,76,1743.8992999724146,95274.9610378065
17,44,0.3099303242933316,0.7839395101501443,0.7594558605542789,0.5578255493074624,0.22901302155283373,0.058278762941946186,1.0,1.0,0.4,0.0,0.2,78,1745.1185736485363,95564.07545033202
17,45,0.32067972934632727,0.756518840953843,0.6917431476340767,0.51526644252081,0.26335194865948425,0.09259703318660786,1.0,1.0,0.4,0.0,0.2,80,6067.579052616407,5529427066658.174
17,46,0.3187815966034935,0.7519601590095513,0.6864437016632614,0.5247693656608614,0.26701446105551074,0.09201342405804144,1.0,1.0,0.4,0.0,0.2,81,5976.835383767659,5529425042714.74
17,47,0.31829614542945894,0.7510619610034026,0.6854313583620479,0.5312670644732329,0.23890144686679343,0.0914339809484354,1.0,1.0,0.4,0.0,0.2,83,5911.092626745708,5529423552878.822
17,48,0.3181916738412237,0.7827705511900256,0.7556463863780625,0.549475272329309,0.24429510591993195,0.09390336996066184,1.0,1.0,0.4,0.0,0.2,86,2101.500904270611,5529177394173.645
17,49,0.34168434617447707,0.7975033508608298,0.7680209485710998,0.5976618188662488,0.3622400944150248,0.16516169463839644,1.0,1.0,0.4,0.0,0.2,87,6063.422930101642,5529423567667.831
17,50,0.3442898896231506,0.7884417169755669,0.7458363519803384,0.6039247038796802,0.27391979488410806,0.17230591848506133,1.0,1.0,0.4,0.0,0.2,88,6055.473463526419,5529426720469.262
17,51,0.3360424619087772,0.8010638174213407,0.7840540243758187,0.6070651860674319,0.26976697143993794,0.15375694518768962,1.0,1.0,0.4,0.0,0.2,90,6049.638635132638,5529423291177.34
17,52,0.3316490314680566,0.784099921844448,0.7537316950780322,0.60670784208871,0.272429814248253,0.14458318937636197,1.0,1.0,0.4,0.0,0.2,91,6115.128891356593,5529424456851.104
17,53,0.34248816271560334,0.793150735487647,0.7623165693300631,0.6322451780270006,0.2886046202653422,0.17401163035363892,1.0,1.0,0.4,0.0,0.2,92,6141.865827855876,5529421748717.498
17,54,0.3429814172483138,0.7934905991123544,0.7626165478297657,0.6398048012607094,0.27099066272872663,0.1754429971228853,1.0,1.0,0.4,0.0,0.2,94,6118.873113715217,5529419524531.196
17,55,0.33718428712241544,0.836758099734614,0.8691019595012539,0.702034564278945,0.292109181012482,0.1696124248442898,1.0,1.0,0.4,0.0,0.2,97,8340.952380438106,5532797216896.417
17,56,0.3381367543161867,0.8342311403531295,0.8656973173655202,0.7041614911619343,0.3062402427080897,0.17610798278643539,1.0,1.0,0.4,0.0,0.2,98,8318.021428768967,5532796084728.249
17,57,0.34575646485649525,0.8417293683916534,0.873165032340323,0.71951461853628,0.27874195223400067,0.1952989161679705,1.0,1.0,0.4,0.0,0.2,100,5210.694832933483,5531631942179.336
17,58,0.344432502521528,0.8503612312699209,0.8944850028347953,0.7335566787210865,0.2837402645697139,0.19342904238417785,1.0,1.0,0.4,0.0,0.2,102,9354.368608175091,5533097954842.733
17,59,0.3441700227468853,0.8491084155139732,0.8929849970697492,0.7409401775229467,0.28260157638224376,0.19390436012223655,1.0,1.0,0.4,0.0,0.2,104,9260.750789579874,5533101455629.619
17,60,0.3438314017507502,0.8371402516946302,0.8679104886472995,0.7480639974907508,0.2817325910339943,0.1935403439519,1.0,1.0,0.4,0.0,0.2,105,9265.93240718808,5533104109771.356
17,61,0.28165323097504735,0.7920408408572466,0.8577903597314112,0.747059889744055,0.276894269014666,0.0554791970495194,1.0,1.0,0.4,0.0,0.2,108,11815382.16703885,5529175916825.69
17,62,0.32239849229126033,0.8267088077814053,0.8910191721059724,0.7968073581332182,0.29474573512623126,0.1631568406863145,1.0,1.0,0.4,0.0,0.2,110,11828320.540822634,5529176117426.186
17,63,0.32086542138420515,0.820346204046422,0.8835297387342416,0.8038577822160407,0.28842275149633345,0.1636997088874169,1.0,1.0,0.4,0.0,0.2,112,11829087.959450768,5529174908326.655
17,64,0.3149434927919307,0.810980927435736,0.8733584337796123,0.7758934603460226,0.27780636299333483,0.1520527418126838,1.0,1.0,0.4,0.0,0.2,114,11999733.212648932,5529184176240.668
17,65,0.3125262928605395,0.8111627608184973,0.8845854667334205,0.7781228206756139,0.30040533099310296,0.15303902577517334,1.0,1.0,0.4,0.0,0.2,116,11997251.334626265,5529179376418.313
17,66,0.27183858458382165,0.7835984260193265,0.8809304664922284,0.7560567532959344,0.25213599276010246,0.05864161229165858,1.0,1.0,0.4,0.0,0.2,119,11812564.615855746,5529176332813.98
17,67,0.270513228578706,0.7782665142443415,0.8747075085067089,0.7629481543803014,0.24161496451883496,0.05832054393780103,1.0,1.0,0.4,0.0,0.2,121,11813401.69024173,5529174843000.161
17,68,0.2657766225906667,0.7606488657200721,0.8436853442551462,0.7999355278208855,0.2404924815539745,0.0481834425697431,1.0,1.0,0.4,0.0,0.2,122,11820525.1748725,5529184011493.698
17,69,0.26913648000167634,0.7735199938635458,0.8692240084325233,0.7583396826407429,0.2307820450012829,0.05721134774833521,1.0,1.0,0.4,0.0,0.2,123,11810237.529754717,5529177530207.445
17,70,0.2643767650138203,0.7544094163210213,0.8363773302906357,0.806861574028277,0.2558726076027485,0.0481836467665318,1.0,1.0,0.4,0.0,0.2,124,11820595.940288346,5529185853233.691
17,71,0.30158181996105654,0.8184890226290249,0.9380342308191156,0.8690116606834586,0.3098095998445934,0.14514364050644513,1.0,1.0,0.4,0.0,0.2,125,11814476.85988376,5529178414348.04
17,72,0.2999613035296073,0.8078049399234459,0.9253995054894326,0.8800699690147142,0.29851636108416973,0.1469080473941221,1.0,1.0,0.4,0.0,0.2,127,11814760.095332276,5529172056980.678
17,73,0.29917603984466223,0.8149955481435187,0.9449032896206613,0.8994928430246021,0.2726517535782418,0.1469080473941221,1.0,1.0,0.4,0.0,0.2,129,11811420.702780183,5529169813894.246
17,74,0.29934959382378434,0.8035166071854007,0.9203274278861866,0.8913366078127343,0.26317025380506653,0.1476298891306306,1.0,1.0,0.4,0.0,0.2,130,11816011.711109208,5529170126474.041
17,75,0.298268708941458,0.8094185094399506,0.9383346040469136,0.9021773313133223,0.29538427598847755,0.14744146705295086,1.0,1.0,0.4,0.0,0.2,131,11814135.660103668,5529173435732.675
17,76,0.2976468527768861,0.8051785623192573,0.9333312488807028,0.9095803244505973,0.27472437590715076,0.14798636668139847,1.0,1.0,0.4,0.0,0.2,133,11813837.172090188,5529171501490.537
17,77,0.2969011899706165,0.8123630467371015,0.9528279617629067,0.9268665802001326,0.2732258449237135,0.14798345212330472,1.0,1.0,0.4,0.0,0.2,135,11813211.311473057,5529175451601.188
17,78,0.31031191032884575,0.7489100627845247,0.8415135190097742,0.915214196104124,0.6424819714528263,0.20272103741503528,1.0,1.0,0.4,0.0,0.2,136,12083521.878746592,5532169930416.322
17,79,0.3100988014891367,0.7586394981775704,0.8639908818723361,0.9276785830536589,0.2862122079782412,0.2027210374150353,1.0,1.0,0.4,0.0,0.2,138,12080067.720952349,5532167632787.298
17,80,0.30822628739845137,0.7454147221356715,0.8485038269129443,0.9277055085329109,0.37333129849450464,0.20268393892209197,1.0,1.0,0.4,0.0,0.2,139,12158894.747200647,5532181596479.576
17,81,0.30867780344926243,0.7447839297184597,0.8476584197727066,0.931989953154744,0.29046964922304125,0.20424031511897311,1.0,1.0,0.4,0.0,0.2,140,12159284.56885891,5532181151765.567
17,82,0.3074677898115558,0.7422323249737153,0.844841167424381,0.9346175455740175,0.28610070732510917,0.20173878475765267,1.0,1.0,0.4,0.0,0.2,142,12159982.272500604,5532172454996.35
17,83,0.30808884963393013,0.7389460540437665,0.8407826737754087,0.9429733964327476,0.31341211065320274,0.2047960984575566,1.0,1.0,0.4,0.0,0.2,143,12158606.375613997,5532179124547.806
17,84,0.30764410388118396,0.7349035582111278,0.8360312367850318,0.9502386677798229,0.29647155661841057,0.20503921260767224,1.0,1.0,0.4,0.0,0.2,145,12158705.731239608,5532177034052.477
17,85,0.3033656420207271,0.7165353013447713,0.825731256123049,0.958140981522976,0.4823951238340805,0.20310781162737085,1.0,1.0,0.4,0.0,0.2,146,12082259.61728495,5532172692598.645
17,86,0.30191808219437705,0.7122430709743606,0.8317357373344929,0.9810941053566373,0.30910063653212005,0.20383657835026364,1.0,1.0,0.4,0.0,0.2,150,12081969.088089423,5532174744515.034
17,87,0.30405085675711047,0.7115847061704299,0.8305429280262444,0.9908704267149837,0.2948939014352234,0.20999221724755515,1.0,1.0,0.4,0.0,0.2,152,12078444.216155691,5532179619245.964
17,88,0.3020226697290046,0.7055179662224067,0.8237044450987745,0.9926984460294488,0.3139229383144604,0.206091519810561,1.0,1.0,0.4,0.0,0.2,153,12081628.01948339,5532172924143.037
17,89,0.3019520699961471,0.7052407604700646,0.8233878736941134,0.9964285471338086,0.28398805385111836,0.20597380195745368,1.0,1.0,0.4,0.0,0.2,154,12083585.944021102,5532173540226.318
17,90,0.3019834705489542,0.6923070063991221,0.7971177087356682,0.9949101163550604,0.29633751451544066,0.2065539861005509,1.0,1.0,0.4,0.0,0.2,155,12084835.864658078,5532172512745.392
17,91,0.30247115947063374,0.703711779948544,0.8214680819320641,1.0045759355053239,0.28539071043820013,0.20785516355320222,1.0,1.0,0.4,0.0,0.2,156,12081288.580013957,5532175947672.549
17,92,0.30188550594010644,0.7025443781915555,0.820189879206676,1.0077914944626036,0.2871120393400054,0.2065539861005509,1.0,1.0,0.4,0.0,0.2,157,12083228.279727198,5532171443425.221
17,93,0.29862536305864607,0.6876233794503843,0.8139385773880567,1.0290543932481615,0.32594908109275633,0.20446211573528367,1.0,1.0,0.4,0.0,0.2,161,12089246.490913715,5532171186712.677
17,94,0.3041973418848618,0.6783310363361252,0.8236881748382372,1.1135004795042143,0.30845638556426425,0.2268002138206311,1.0,1.0,0.4,0.0,0.2,177,12139898.78365137,3683298941935.8135
17,95,0.3029296567973141,0.6715709702985011,0.815911821304931,1.1291246401602109,0.3002562301989754,0.22473637344513056,1.0,1.0,0.4,0.0,0.2,181,12141340.788285475,3683296829248.917
17,96,0.3021229139282217,0.663593839568458,0.8066109772750438,1.136055030403255,0.31663727556252624,0.224115987501466,1.0,1.0,0.4,0.0,0.2,183,12140876.662675343,3683299600583.3374
17,97,0.30192148532305574,0.6629081145771085,0.8058360341422177,1.1437302742786908,0.29130084643364806,0.22370485415615585,1.0,1.0,0.4,0.0,0.2,185,12140316.905393807,3683295073956.1406
17,98,0.3014506086707513,0.6579026517725844,0.7999954035329189,1.1549857874887344,0.3063854529042795,0.22338226910691855,1.0,1.0,0.4,0.0,0.2,187,12141341.887980958,3683291957253.657
17,99,0.30131192457685546,0.668532204901525,0.8235452427322609,1.1759771000087669,0.2908842120142141,0.22311681652070883,1.0,1.0,0.4,0.0,0.2,189,12140536.650835631,3683289073427.6064
17,100,0.2979357197952931,0.6431918824976759,0.7832284936835894,1.1630103342067644,0.3672252542978296,0.2166216345902805,1.0,1.0,0.4,0.0,0.2,190,12144191.887932517,3683293952421.246
17,101,0.3011480009723303,0.6370308576183608,0.775351934837297,1.1777791564143885,0.30449794444454714,0.22626199524028312,1.0,1.0,0.4,0.0,0.2,195,12144075.798371002,3683283759080.6006
17,102,0.3006254374369313,0.6340341631513748,0.7719032874390483,1.1850674208541405,0.2993625093509428,0.2253677904266928,1.0,1.0,0.4,0.0,0.2,197,12144837.01303826,3683284739239.6
17,103,0.2958727403084159,0.6366743664823373,0.7868484611609048,1.1999118253963297,0.31400853106830673,0.2141110261468903,1.0,1.0,0.4,0.0,0.2,198,12146911.639313385,3683287791423.917
18,0,0.9198594345507013,0.9813479120710974,0.9291798374065678,0.011053573584910636,0.0,0.0,0.0,0.0,0.4,0.0,0.2,1,2002.9587191167516,8202.562124913826
18,1,0.9308828192450911,0.9987942608252361,0.9462772566516916,0.03375625126668851,0.02668755036071367,0.04864432417830577,0.00010969014148205,0.00013003259264151998,0.4,0.0,0.2,3,1725.327532115262,7470.161763773426
18,2,0.8752641674673968,0.9796516952337956,0.9250287876772304,0.028090892289391003,0.09838371343010259,0.02971424123031575,0.01507213778053772,0.0037605841395322104,0.4,0.0,0.2,4,1774.5785558159655,7609.401235035619
18,3,0.6494150440094928,0.9373631620764834,0.8827978686474377,0.04580214555263327,0.5625566412727556,0.05938048398763611,0.04626465205706715,0.05484460657403371,0.4,0.0,0.2,5,969.4673076507684,5784.933825010119
18,4,0.5601237089135491,0.9096109795808949,0.8481308211753369,0.05934412919902846,0.1883421368657855,0.07603704508054948,0.06455725338156243,0.08465605712758034,0.4,0.0,0.2,7,1297.6985795950327,3601.447338750645
18,5,0.47673329859147334,0.8816321724626568,0.8111474617085799,0.08423708371879435,0.2556137395751549,0.08607539990723416,0.09673775663727976,0.18758129305637722,0.4,0.0,0.2,9,625.3488454017125,2186.267411579539
18,6,0.4587942571502089,0.8734412375138301,0.8008329043491615,0.09284387561064363,0.11980759557023611,0.08263809257376366,0.12003108008606973,0.215502469909462,0.4,0.0,0.2,11,349.58944480549576,3423.279637639332
18,7,0.4563495820286835,0.877086678974075,0.8029153771610339,0.11202792049507783,0.12039425036861919,0.08716175716882706,0.1582567245661516,0.2703145608648883,0.4,0.0,0.2,13,705.6183601045412,3619.267542769644
18,8,0.6066697812960573,1.027574949795384,0.9533595246673603,0.26512217073883015,0.24147096423205586,0.09918382451138996,0.1656334977568039,1.0,0.4,0.0,0.2,14,565.2698002737053,3909.917215162325
18,9,0.406981384371939,0.8497983473568259,0.7854684099202622,0.10173266508757031,0.13244090495375802,0.0747428671372779,0.17310618575872064,0.19492786454696984,0.4,0.0,0.2,16,6181.267066146136,4454.249543513586
18,10,0.4084768413827311,0.8547868868979349,0.7892560805668065,0.11974142997112619,0.105332904602784,0.09443176910314169,0.18321237238068008,0.21555507285070036,0.4,0.0,0.2,18,13493.863526118512,4484.95629704936
18,11,0.5385249645102741,0.9798561926819598,0.8988489660769285,0.2718614002529538,0.3325811207109488,0.07903368918819956,0.3082401996133801,1.0,0.4,0.0,0.2,19,693849.3200897103,3227.296497449735
18,12,0.5333027974070517,0.9763399859147688,0.8945445673746755,0.27796033072789395,0.24877065686747407,0.08174953023715974,0.2672297283448015,1.0,0.4,0.0,0.2,21,699436.000360011,3004.357366635892
18,13,0.5296005098676988,0.9736427629495583,0.8913528885610853,0.28604111551730094,0.24297279936756644,0.0822246063758458,0.267090110911498,1.0,0.4,0.0,0.2,23,699432.9921640302,2983.522770339912
18,14,0.41820181407566914,0.885131454239019,0.8286082818803076,0.1825311332632199,0.13300445708331352,0.06874934433299909,0.2119736266356278,0.47919677905568836,0.4,0.0,0.2,24,33198.45458263684,4446.289885251603
18,15,0.5260565756841109,0.9822390493646476,0.9124657161418892,0.295014865770261,0.24318698208425998,0.08277170788446837,0.39684425493679193,1.0,0.4,0.0,0.2,25,1205215.5038595195,2745.090527467255
18,16,0.34023276811286945,0.8201653238745994,0.7756518689531672,0.11608554058876566,0.08318061169593054,0.05567355143880677,0.24751997474884782,0.1534232126601714,0.4,0.0,0.2,26,696514.4935368546,6300.7773372455895
18,17,0.3398438947468164,0.8310558844614124,0.799499553151148,0.1234887908658449,0.05377729149719436,0.05548233747481962,0.24757709598699496,0.15350183968653086,0.4,0.0,0.2,28,695998.4092143556,6345.651903054451
18,18,0.5022260570458961,1.006113053332788,0.9866605585279855,0.3010287629064645,0.25855296511008896,0.05495565461751387,1.0,1.0,0.4,0.0,0.2,29,21271.60443838308,716318.3000467184
18,19,0.2885882108998736,0.7989460682763143,0.7724108089963337,0.14035895511497246,0.20066151800281995,0.05647833868257329,0.41060762572278975,0.1679067524141989,0.4,0.0,0.2,31,1200514.5426269248,3980.296599745583
18,20,0.2756308976147916,0.7872703168910725,0.758181712164495,0.15024422316376362,0.1150593702717263,0.051765823256894605,0.4175081318503781,0.19349965976475744,0.4,0.0,0.2,33,1203966.0412825695,6891.995445820852
18,21,0.31003440311457275,0.8196049597976713,0.7872934220867203,0.2045851776703474,0.23470212296799414,0.05118421498773017,0.4492477095724878,0.45043340314131564,0.4,0.0,0.2,34,1199007.2434343302,3710.386659681853
18,22,0.2579574930605795,0.7785243802485766,0.7588430492588281,0.16867572634877978,0.07559140891320455,0.051896560679033074,0.41817432652279257,0.19840015832692598,0.4,0.0,0.2,35,1199126.0680588963,7633.481821074903
18,23,0.3191616873131086,0.8274261297790522,0.7931980397789842,0.22668044635739687,0.19257897311568872,0.05715734655148948,0.4632897976666154,0.5335463473059312,0.4,0.0,0.2,36,1197541.6220502066,3533.337381913658
18,24,0.30451416839315004,0.8232295498708402,0.8011319751593717,0.23972118069762463,0.13699905172170276,0.05961530192754788,0.45641984093951493,0.47703372639131114,0.4,0.0,0.2,38,1199061.660322194,7694.417706254981
18,25,0.40739128969440913,0.92581323534124,0.903402390088142,0.3491712557364647,0.2364544939563892,0.05916425959442858,0.4872019937986269,1.0,0.4,0.0,0.2,39,1199664.8354364976,7590.64406525621
18,26,0.40689799010018235,0.9252198165454564,0.9027073214729999,0.34391142207107167,0.22779596110388167,0.059164259594428704,0.48720199379862805,1.0,0.4,0.0,0.2,40,1199230.592885706,7658.413042710908
18,27,0.4092612440218002,0.922662484987059,0.8961210544690197,0.37025659358829255,0.4089545648205084,0.11158538389105344,1.0,1.0,0.4,0.0,0.2,41,1200973.9188226294,7824.86641115353
18,28,0.40950370835207056,0.9212229398086045,0.8935743952878978,0.3842432819132693,0.2722508509003535,0.12414825021960338,1.0,1.0,0.4,0.0,0.2,43,1198723.6080402066,8026.044413617579
18,29,0.40710078278436124,0.9179395176030187,0.8897460417411547,0.3902172415153694,0.2606641058119822,0.12389383169032339,1.0,1.0,0.4,0.0,0.2,45,1198138.485832899,7869.680980830706
18,30,0.4008588215309036,0.9112229703959032,0.8827457137791515,0.3938434253244489,0.25026951022438904,0.11124579542586892,1.0,1.0,0.4,0.0,0.2,47,1200684.397510611,7706.721215996488
18,31,0.3889734969876065,0.9101691850313434,0.8944712507787829,0.4039784576645544,0.24255794900126013,0.08382998529915169,1.0,1.0,0.4,0.0,0.2,48,1201913.220590958,8010.032778979849
18,32,0.4015721375889413,0.9115628933731146,0.8828597448641196,0.4066583990938335,0.24642084748749482,0.11539351372187052,1.0,1.0,0.4,0.0,0.2,49,1201389.81301372,7625.327908347138
18,33,0.3993562383827402,0.9085702710898187,0.8794201084913578,0.41929629508690763,0.2639451006905307,0.11443768415453251,1.0,1.0,0.4,0.0,0.2,50,1197898.4547782962,8237.889675631039
18,34,0.3998557452600977,0.9090274705901709,0.8798456283869671,0.4166124511303269,0.24783940833947762,0.11604314266991678,1.0,1.0,0.4,0.0,0.2,51,1199623.4932042086,7957.204586232952
18,35,0.4160591954225713,0.9248374483248165,0.8954405893072097,0.4401859754251093,0.26779470946256434,0.15870700060220672,1.0,1.0,0.4,0.0,0.2,53,1202951.232638084,7828.948089205698
18,36,0.3690891303298408,0.9022290523126568,0.90722598216328,0.4242895058527561,0.4221075108817088,0.08541607404676113,1.0,1.0,0.4,0.0,0.2,54,1196859.6143822945,8321.623451147057
18,37,0.36716505768281804,0.89846086045886,0.9026464866482087,0.4248218232393819,0.2516722446187867,0.08783918043299167,1.0,1.0,0.4,0.0,0.2,56,1196785.7730482053,8291.8356161159
18,38,0.36598049882123607,0.8962394191174949,0.8999802090030211,0.43502820065841963,0.24457979003835534,0.08877967473381371,1.0,1.0,0.4,0.0,0.2,58,1196049.701495721,8271.37754157034
18,39,0.34751228274617124,0.8564929994787627,0.8432439959218545,0.4362600448023158,0.31160464567684193,0.07565937983320721,1.0,1.0,0.4,0.0,0.2,60,1200957.0849554571,7992.050445207659
18,40,0.34567272456749515,0.8523139400126565,0.8382076681693826,0.44349211607429073,0.24856987610169937,0.07772549917641038,1.0,1.0,0.4,0.0,0.2,62,1200597.2883677804,8005.602583859078
18,41,0.348396289007,0.8637022699765016,0.86168954283136,0.4519185495954186,0.2550676188338846,0.09142624822467134,1.0,1.0,0.4,0.0,0.2,64,1200169.4544458068,8046.693082219412
18,42,0.3444068687587658,0.8594588833403924,0.8573566912587978,0.4602751494760414,0.23649665443099763,0.08212395265133561,1.0,1.0,0.4,0.0,0.2,65,1199847.4813508291,8053.713155591793
18,43,0.16719646733519,0.70791979420567,0.7515874164398276,0.3162733848943659,0.3271914383397343,0.04664416778662582,0.5350202168002458,0.27114010875958716,0.4,0.0,0.2,66,7384.928030869426,12652.421930322807
18,44,0.15733476738945604,0.6795745919736873,0.7179037331014564,0.319455035944405,0.18451588687077475,0.047162554842095375,0.539958183184341,0.2842373768382985,0.4,0.0,0.2,68,7490.115565105929,12259.282937101543
18,45,0.15690661752622265,0.6784409244326782,0.7165759309211469,0.319346905248771,0.07966025574488561,0.047162554842095375,0.5399581831843412,0.28423737683829836,0.4,0.0,0.2,70,7509.333232214776,12437.171467737102
18,46,0.15435333439823204,0.6576381414511379,0.6808508637393865,0.3267536654431761,0.11693554863680314,0.04525664270635148,0.5500217479658845,0.29616425520317546,0.4,0.0,0.2,72,7438.493557403027,12129.697418224505
18,47,0.1518201241873857,0.6503512800527231,0.6723160143126521,0.32605914096984884,0.10236976271570726,0.045256642706351505,0.5500217479658847,0.2961642552031754,0.4,0.0,0.2,74,7506.794098298391,12643.215440686465
18,48,0.1783549903455593,0.6730760133626364,0.6940470662307854,0.3642417447955145,0.14640109629225975,0.0408780153340905,0.5352454643698792,0.4475579018342052,0.4,0.0,0.2,75,7641.288425592946,12961.225134787332
18,49,0.14484927421295607,0.6420259003017409,0.6737640235120244,0.3372237767935636,0.16772480611205576,0.04611783689374492,0.5452944170722465,0.2910127769032125,0.4,0.0,0.2,76,7538.133973804232,12318.076732517437
18,50,0.14940857049460907,0.6464657645262737,0.6781704583202814,0.3484060383676957,0.08156120175311773,0.044295037618270236,0.5431585614373551,0.3178339055436722,0.4,0.0,0.2,82,7381.297881524789,13118.034129762946
18,51,0.17264524495139189,0.6342104777833872,0.6470091003415699,0.38906464698575294,0.3552874022175889,0.04422503733228392,0.5446170319723531,0.485139773706999,0.4,0.0,0.2,83,7575.5111927988355,11571.587505582607
18,52,0.1716942994802258,0.6316232226915979,0.6440364784733598,0.3917345677463071,0.12224411464387219,0.04425706933718287,0.5432976300806457,0.48338891760402136,0.4,0.0,0.2,85,7518.906576815837,11590.801249876617
18,53,0.16644189025479528,0.6262448520580437,0.6386288528156818,0.3900119451070234,0.11034045963288555,0.04507176440644619,0.5004018988843711,0.4557233530856517,0.4,0.0,0.2,86,36126.183953415326,13657.607491494517
18,54,0.16996907355008556,0.6255991727205547,0.6370073525600093,0.38782528093029445,0.15403179233130926,0.04395164467228564,0.5442386694155974,0.48322305928959297,0.4,0.0,0.2,87,7506.008918324503,11687.765504225456
18,55,0.1647527914017721,0.6200679972377959,0.6314028246208784,0.39640957830461343,0.11213706884603115,0.044863492383068956,0.5002326335801351,0.455886530131892,0.4,0.0,0.2,88,36214.68691691708,13789.766977116971
18,56,0.16930194552725852,0.6224200187331967,0.633245133736039,0.40161485611831604,0.13522989963641638,0.04341954448948045,0.5447779264813177,0.4854161637847212,0.4,0.0,0.2,89,7489.416710378869,11830.613011320373
18,57,0.19155441016811495,0.6505124829264828,0.6731034835345466,0.45643214444377156,0.16371671000691856,0.0494765370360028,0.6104697097013762,0.5937889732681956,0.4,0.0,0.2,91,7476.907926667166,13304.897661449542
18,58,0.19090385989665462,0.6480667161042308,0.6702473331017273,0.46317141378511767,0.14687443958505775,0.04927071038473098,0.6103004443971403,0.5939521503144354,0.4,0.0,0.2,93,7437.169801451666,13513.910253751785
18,59,0.19008983227156107,0.6436794236785541,0.6650479725651307,0.4630884930375438,0.15540349818146187,0.04890637154936236,0.6108652570782204,0.5964546181452599,0.4,0.0,0.2,95,7447.580318691823,13297.225546067242
18,60,0.16080829545631975,0.6096409314572299,0.6510009512842942,0.44530867198691465,0.36256849749557746,0.05130462007402289,0.8671441691825871,0.48487564681220635,0.4,0.0,0.2,96,7262.510397305986,17722.65603500812
18,61,0.1595530277936778,0.6182583545655876,0.6723311503351098,0.4547431615356773,0.12246218345615906,0.049041939023617094,0.8823562255108353,0.4848718651901175,0.4,0.0,0.2,98,7263.036822170175,17722.78820611301
18,62,0.16563672193060786,0.6150863142136724,0.6671732640665654,0.46937030620402503,0.16551827668494346,0.052085177308724626,0.8769303031632252,0.5209070415120435,0.4,0.0,0.2,100,7334.565932573796,17593.33706587408
18,63,0.15858769810239084,0.6253714437186259,0.7023813442495842,0.5101671508624206,0.12651108818048076,0.05430086330903209,0.8893149936594664,0.48733073913672886,0.4,0.0,0.2,106,7467.441458707658,17483.40320431084
18,64,0.16058303208681185,0.6369451905827319,0.7266116605711778,0.5233488670473103,0.12857580319986087,0.05289127112609475,0.8907182556634401,0.5020376768015079,0.4,0.0,0.2,108,7541.708410638916,17204.82559664131
18,65,0.15683039359064643,0.625181195764865,0.7131590416960552,0.5205623809215942,0.1893426073304023,0.05397582343921342,0.8743053976645765,0.4903497153835998,0.4,0.0,0.2,109,7362.050044664737,17189.65646397234
18,66,0.1555734714750514,0.6180198225243598,0.7047712373714204,0.5198798163979897,0.14426250234953036,0.05397582343921344,0.8743053976645758,0.49034971538359995,0.4,0.0,0.2,111,7423.966324873474,17553.35466566351
18,67,0.18228257665546738,0.6554594394319162,0.7551131901952222,0.5686128717737522,0.15048541037810442,0.052192873060896615,1.0,0.6279650207185496,0.4,0.0,0.2,112,6955.530399688805,15986.144320518742
18,68,0.18210660498359615,0.654575410318897,0.754081998676581,0.5758335956593199,0.15243686323780725,0.05226660826480891,1.0,0.6276877662207644,0.4,0.0,0.2,113,6956.298697420573,15558.198997369316
18,69,0.20330754526445285,0.664084681669268,0.7504896951188664,0.5897575256636878,0.1698073461691073,0.055733551877326794,1.0,0.7272728313735352,0.4,0.0,0.2,115,6909.474301248149,19106.97846351961
18,70,0.17947708383392658,0.6403939592811578,0.7375194331974803,0.5781114424555727,0.23916874154855666,0.05435997560761172,1.0,0.6221174641596222,0.4,0.0,0.2,116,7045.908638405485,15827.270651618514
18,71,0.17936834919969377,0.6397290658541527,0.7367405618041697,0.5780480108060018,0.15080809040653412,0.05435997525048718,1.0,0.6221174081347035,0.4,0.0,0.2,117,7067.704449869462,15953.81730520734
18,72,0.17831929158538345,0.6355617286595431,0.7319357428326185,0.5772621183590567,0.17171503190198362,0.054751233582876244,1.0,0.6191077231923731,0.4,0.0,0.2,118,7071.940901389016,15812.214593637473
18,73,0.20012965127848326,0.6544064001136036,0.7501757925058778,0.610393196193102,0.192819445128496,0.056376787968388443,1.0,0.7277320865475081,0.4,0.0,0.2,119,7050.265492086279,18344.449850573128
18,74,0.2522123594253298,0.7160232552920027,0.8351908324613009,0.7768578538172144,0.23066558070989515,0.056261860731922894,1.0,1.0,0.4,0.0,0.2,132,884813789.3681946,16330.120002700196
18,75,0.2540364858619495,0.7032398167145388,0.8194901091913411,0.7836424820527186,0.2862582656369843,0.06688973934898762,1.0,1.0,0.4,0.0,0.2,134,884845343.6213175,15824.403541606578
18,76,0.24894927323437757,0.6923979597052144,0.807508927069563,0.7864886191944558,0.2457848745749712,0.05641697928054288,1.0,1.0,0.4,0.0,0.2,136,884843292.2787335,15665.37520879118
18,77,0.2473922952730866,0.6917061087543208,0.8177833511735855,0.7930310683362378,0.26403167371671526,0.05637391958421003,1.0,1.0,0.4,0.0,0.2,138,884865092.0617526,15402.841997345866
18,78,0.24693611594996137,0.69962802474947,0.8381523280737522,0.8079869379493618,0.23378646887518292,0.05624592438036945,1.0,1.0,0.4,0.0,0.2,140,884865016.6162751,15296.003160539138
18,79,0.24690149380691043,0.6994617731063371,0.8379603071791863,0.8079565847266188,0.22300593341813868,0.056205990404699924,1.0,1.0,0.4,0.0,0.2,142,884848547.9318211,15020.180327120344
18,80,0.2458996601638023,0.7040621722087939,0.8544680251183108,0.8267469876942273,0.24455771814857724,0.055657816976785825,1.0,1.0,0.4,0.0,0.2,144,884882990.7278341,15532.280912718134
18,81,0.24499279954613823,0.6974353170694172,0.8467288167560099,0.840856354306698,0.26752724227662117,0.05532592326393152,1.0,1.0,0.4,0.0,0.2,145,884871879.748036,15269.028648182368
18,82,0.2470489603606115,0.6858552641025595,0.8216765609818368,0.819456061948534,0.24382172282816514,0.06127269693967298,1.0,1.0,0.4,0.0,0.2,146,884897016.0844345,13463.980702864432
18,83,0.23953515105683765,0.6850269220576677,0.8329748547578013,0.8241046720344989,0.23535669076656274,0.04394708077852314,1.0,1.0,0.4,0.0,0.2,148,884886007.523625,13410.158902409898
18,84,0.23940970558709596,0.6814479689148547,0.8287295530549252,0.8240575665572765,0.24505258697795573,0.04472588498347383,1.0,1.0,0.4,0.0,0.2,149,884898226.2599094,13870.07233935742
18,85,0.2554779937670518,0.6857240035939249,0.8198919591746892,0.9116898193020848,0.23426218394857115,0.08507964546664733,1.0,1.0,0.4,0.0,0.2,169,884917534.2908242,13104.50428721307
18,86,0.254478766256267,0.6782876911006878,0.811217990193571,0.9184154533755773,0.25905770004226947,0.08455599612391655,1.0,1.0,0.4,0.0,0.2,171,884932020.6498495,12923.056369726391
18,87,0.116085652493236,0.5607380521131828,0.7193693350615655,0.7952519501950234,0.09867687263161493,0.04677880045955987,1.0,0.3845280747129812,0.4,0.0,0.2,175,884677127.4671293,14466.925348208042
18,88,0.11616191060686291,0.5704136760386486,0.7417378742133491,0.8295563105679844,0.10006483880831818,0.04555801523500902,1.0,0.38830509240454253,0.4,0.0,0.2,178,884711216.6977205,31507.775800997995
18,89,0.11600185954302296,0.5694508085315633,0.7406213404624793,0.8294069029205002,0.09895002944395104,0.04688511736383383,1.0,0.38532437642227774,0.4,0.0,0.2,180,884681406.7426277,31768.28042872845
18,90,0.1160519951114805,0.5650999497577824,0.7354290014392375,0.8371193771704055,0.11353988273192737,0.04646207347204724,1.0,0.38898295623730933,0.4,0.0,0.2,182,884714121.9100914,31743.613209600026
18,91,0.11603235586885238,0.5649093240138184,0.735205776344485,0.8371011929036952,0.0970465297885092,0.0464620734720473,1.0,0.38898295623730933,0.4,0.0,0.2,184,884711806.8703358,31713.634930525703
18,92,0.1212001297111145,0.588687142145487,0.7842600372963877,0.8803155461736137,0.10936840727383022,0.04851015061020555,1.0,0.41288502500293084,0.4,0.0,0.2,188,884689450.994612,14303.65668116867
18,93,0.11650463189044745,0.6080245920936296,0.840778760522988,0.902630401891036,0.11071034187963885,0.0454987750424592,1.0,0.40067933075552203,0.4,0.0,0.2,194,884575582.8770854,14315.712890854713
18,94,0.11594554738782789,0.6160980426884648,0.8613656529338323,0.9177674644380418,0.10797801475757485,0.045493433162697425,1.0,0.3992572304753464,0.4,0.0,0.2,196,884566894.7840841,14660.612188379087
19,0,0.8112534974274055,0.9533050700036718,0.8963343841054282,0.008474428291040972,0.0,0.0,0.0,0.0,0.4,0.0,0.2,1,3603.058692963679,7463.113328154744
19,1,0.8097935454881071,0.9652403768814103,0.9073854887223638,0.02849385387730783,0.03513155144223349,0.04271531894147699,0.00010136823555110001,6.328986538246001e-05,0.4,0.0,0.2,3,3488.233991830102,7410.110382554102
19,2,0.7659945238591739,0.9452403271993305,0.8857404585584331,0.019533214881668676,0.07378968975203594,0.01648153492307635,0.01414520816999946,0.00055718425917624,0.4,0.0,0.2,4,3339.1288518404085,7304.487801227033
19,3,0.5714282513594371,0.902843443298602,0.8436202505781124,0.035982759018100274,0.5463829360012867,0.052199007976027625,0.05221846108958461,0.03260290913488431,0.4,0.0,0.2,5,2004.079407419899,5035.091700430978
19,4,0.45151069663908255,0.8639517182577717,0.7918269399809084,0.07013677274834636,0.32702836301798305,0.0901289477637382,0.09091323629682596,0.13895574548435524,0.4,0.0,0.2,7,2495.0573906063423,3768.33512378596
19,5,0.38933722546394617,0.8247674065704313,0.7461187160036098,0.07065103008271248,0.19564112921625632,0.08039044173854722,0.10977258942871333,0.1529822199245387,0.4,0.0,0.2,9,1685.1365956020377,1902.5287789648744
19,6,0.3413536616171683,0.7922348442359497,0.7055297478794269,0.08635897956570099,0.24154577080009262,0.10080546960997609,0.11785772856174112,0.1847052789055105,0.4,0.0,0.2,11,2030.4761142745624,3567.8988956353687
19,7,0.32200592755151924,0.7878252102157877,0.7074682573664327,0.1300167983423781,0.16832154990124645,0.09569084417559712,0.1369906488199865,0.3110917336952725,0.4,0.0,0.2,15,2465.1739539412374,3207.016717506244
19,8,0.3157552415400478,0.7815067935992775,0.7000426888321635,0.13909983697376394,0.12321992238348203,0.09596466172046336,0.13708346619554818,0.31127889336821724,0.4,0.0,0.2,17,2429.389011195049,3191.576811160432
19,9,0.2912809149923009,0.7561583577928793,0.6720773533401742,0.1330642302902586,0.143932915868594,0.09762801053916116,0.13663172075568034,0.25761076330208066,0.4,0.0,0.2,19,2581.7906730553377,2902.359541525356
19,10,0.2961101432218424,0.7945229315272415,0.7492967075063973,0.14212303802045,0.10216378305242033,0.09622483139654608,0.1413014204062781,0.2884574284115394,0.4,0.0,0.2,20,2622.6072385255734,2908.733716705588
19,11,0.295205023898228,0.7593526671065298,0.6740600083619777,0.14989885480174758,0.144278757795818,0.09555676736790189,0.14509639869496804,0.31309997631357567,0.4,0.0,0.2,21,2608.5016393824885,2900.754131659337
19,12,0.2929718720975781,0.7678111532811152,0.6948185002029262,0.14967165426492934,0.13075338384630475,0.09783681821094316,0.14014655474390292,0.31526222553591243,0.4,0.0,0.2,22,2238.880667628456,3198.245612855701
19,13,0.29029918784828745,0.7636877075142257,0.6890554269197182,0.15264622419619905,0.1745022717488981,0.09930622518967605,0.1511817425577617,0.3395754699020217,0.4,0.0,0.2,23,2217.757404578566,3110.542831752052
19,14,0.3813404658303225,0.8542114112324426,0.7790721136980073,0.2531673720254597,0.2218005646291313,0.09703562608849386,0.2006220436047521,0.8115364636315073,0.4,0.0,0.2,24,2304.13390490328,3113.808466184647
19,15,0.2675451828602662,0.734439655046655,0.6547871165795609,0.15559770921929073,0.2917676668269985,0.09859401659822364,0.15909740523632904,0.34133201572816557,0.4,0.0,0.2,25,2244.3514835534424,2879.116129392922
19,16,0.3611529000548679,0.828043161643063,0.7483880174162161,0.2642417349072328,0.20135729898050164,0.09662762991930832,0.20863497610417303,0.8133575465768669,0.4,0.0,0.2,28,2472.338606307467,2825.807853870921
19,17,0.2670642205727799,0.744978371116908,0.6782103682542544,0.1861447522455003,0.11233714828664824,0.09959586741791557,0.15778324408584388,0.3393852540349987,0.4,0.0,0.2,29,2280.7153896719947,2838.787370431136
19,18,0.2649346496444958,0.7420011507727636,0.6747118218851179,0.18106106236990444,0.12904727640349226,0.09875728707631888,0.1591904693637502,0.3413981633237775,0.4,0.0,0.2,30,2279.2436060604405,2854.009538056111
19,19,0.3324164294156715,0.7967014026207958,0.7154857919743958,0.25978123996507796,0.1979748146496108,0.0978415731633236,0.20585659124396413,0.6997812726088551,0.4,0.0,0.2,32,2287.079470257789,2617.725983822465
19,20,0.3334364822847057,0.7975497985680897,0.7162367124944837,0.2672129945087941,0.18249825975784592,0.09858237064746,0.20843121851587965,0.7053882211770526,0.4,0.0,0.2,34,2308.979879069132,2729.143028179694
19,21,0.3403924562985685,0.8000532187835909,0.7163813757595325,0.2771826119470452,0.29297332132962284,0.09137113750260674,0.19859972967303985,0.8011932619051725,0.4,0.0,0.2,35,1988.7728885625124,3302.989638929561
19,22,0.23653496578330285,0.6886583288250032,0.6015214051802037,0.19830037144728743,0.1527311040836672,0.08825188576091302,0.232621680709451,0.3516223124349092,0.4,0.0,0.2,38,2045.4823863984243,2895.148694112258
19,23,0.23492046808828349,0.6856952866155266,0.5979878712580217,0.2013965027226386,0.11762966291157466,0.08859415624476677,0.23417779731913244,0.3527796601816218,0.4,0.0,0.2,40,2021.0981605293352,2926.2735638083805
19,24,0.31839671100000116,0.7625351741171797,0.6721753433707394,0.29300277725831825,0.306643395124155,0.08854067406951815,0.26860921049259573,0.8145254197598497,0.4,0.0,0.2,41,1956.0287060665669,2978.9321892955973
19,25,0.3168956358941393,0.7598735477189302,0.6690745959924683,0.30107449644477136,0.2071653190929102,0.08826190875913853,0.26866360918242427,0.8145937585529678,0.4,0.0,0.2,43,1997.401602442732,2875.295110434205
19,26,0.3160867508864318,0.7583053638528954,0.6672218410391674,0.3070825668960552,0.2041244268416454,0.08865115512404932,0.26744966712424245,0.8142849450706307,0.4,0.0,0.2,45,2013.7624809436545,2818.880820283962
19,27,0.3108000302212315,0.7709855151815268,0.704281062682437,0.32382069668972624,0.23121797009233216,0.08845900038526516,1.0,0.8133794980704494,0.4,0.0,0.2,47,1968.0923855265703,3033.3839967243025
19,28,0.30922078197344227,0.7680057607153827,0.7008077600816006,0.32037081020916214,0.20800562161585426,0.08818075601559813,1.0,0.8134478368635687,0.4,0.0,0.2,49,2009.336364807751,2925.9140659346517
19,29,0.20464826865019903,0.6656491439363766,0.6084264305880253,0.2473045813245245,0.22516727326621794,0.08863288895282662,0.3796862104059252,0.3330617202203905,0.4,0.0,0.2,50,2541.152807839805,2734.226208825642
19,30,0.346031691896094,0.8375682090578289,0.8183559608235575,0.41236866889330365,0.2596730800222841,0.11539925697511481,1.0,1.0,0.4,0.0,0.2,53,3633.333039324252,7488541.261082701
19,31,0.3458803739557889,0.8484442754607882,0.8421762412382428,0.42815373260308665,0.2473101864814317,0.11540046457269075,1.0,1.0,0.4,0.0,0.2,55,3637.163842247366,7487867.942410451
19,32,0.3457906855449151,0.8482495075226815,0.841948069766594,0.4252424564203409,0.24752790093039753,0.11540122179886525,1.0,1.0,0.4,0.0,0.2,56,3639.571884628682,7487446.570491791
19,33,0.34227035095661595,0.8287645839415021,0.8079773254399956,0.4312976927299824,0.27683878933654205,0.11638239434303832,1.0,1.0,0.4,0.0,0.2,58,3417.13736715115,7489201.212042293
19,34,0.34083642968872907,0.8260694175310208,0.8048953151192695,0.3951232217258456,0.2513916338216647,0.11529144542278105,1.0,1.0,0.4,0.0,0.2,61,3649.953275895168,7481377.082986541
19,35,0.3410885272165525,0.8484701569235937,0.8532211545653192,0.4569397205709506,0.24949383135682138,0.11638239434303824,1.0,1.0,0.4,0.0,0.2,62,3521.7616633034827,7485272.521310195
19,36,0.3449781610514313,0.8488153132008356,0.8524988971497305,0.4563956647183593,0.27488954346699407,0.13282402436740423,1.0,1.0,0.4,0.0,0.2,64,3615.277921470707,7594882.0591369
19,37,0.2620730621772139,0.743569965410803,0.7310323116844624,0.40475729414744854,0.21073381784489087,0.07718665341880152,0.494590547815635,0.7351038015812905,0.4,0.0,0.2,68,2917.885270976134,6495.860596208207
19,38,0.262591357844086,0.7296156587659726,0.7031653335321395,0.4107491817143797,0.1990716548103622,0.07621351263876994,0.5033648927435813,0.7499314789928863,0.4,0.0,0.2,70,2939.6669837145137,6673.403004572572
19,39,0.2622900988012574,0.7403842546849442,0.7268971584450976,0.42748735281534866,0.1807587770191036,0.07724482451417286,0.5037238407710622,0.7467774276167534,0.4,0.0,0.2,73,2848.120172044355,6617.063524277311
19,40,0.2598224926479314,0.7213383929638824,0.6933789568162112,0.42717209092838077,0.24111557800294697,0.06795393048346504,0.5092862634506443,0.7691236510436799,0.4,0.0,0.2,74,23229.44175130397,7191.1773124200745
19,41,0.3069341374054683,0.7896967488093649,0.7874220943565529,0.5020900874489225,0.23535650086186172,0.0720097984299076,0.6598871764092086,1.0,0.4,0.0,0.2,76,2833.284243061905,3448.806449667468
19,42,0.3038486826700926,0.7792679380242691,0.7750467497236635,0.5121243412156768,0.2693130971904518,0.07435212002933284,0.6659629450418367,1.0,0.4,0.0,0.2,78,2867.6902607411835,3701.0124257397592
19,43,0.30120285683049974,0.7730174202230227,0.7678585047665798,0.5215033926083359,0.24805952815582505,0.07241112977729841,0.6531621440926412,1.0,0.4,0.0,0.2,80,3080.686549126016,3427.6704091211022
19,44,0.3007573010256944,0.769556012062856,0.7636215331967584,0.52550744290498,0.2458539858859385,0.07508359948742394,0.6599481680890323,1.0,0.4,0.0,0.2,82,2998.366303859858,3616.135388194734
19,45,0.3002266295865424,0.7678256497767006,0.7615846666705042,0.532409973034939,0.2363425375359065,0.07523184239942309,0.6605062152322209,1.0,0.4,0.0,0.2,84,3046.610771877416,3643.780972637233
19,46,0.2993358000519073,0.764921267698937,0.7581684582246828,0.5390668876771503,0.25104587336695217,0.07544119382609564,0.6360122383109771,1.0,0.4,0.0,0.2,85,2911.132542315134,3469.5787249636246
19,47,0.2986282321887642,0.7745288464655229,0.7805516785532598,0.5422005390827616,0.23906608649794409,0.07473307534895483,0.652453147682291,1.0,0.4,0.0,0.2,86,3163.652382176961,3678.4819224945895
19,48,0.25007503426935396,0.7292175273043733,0.7565312256320982,0.5276135965365588,0.22809525869276595,0.0674701892892541,1.0,0.8134420756158175,0.4,0.0,0.2,91,2951.4884301657085,10812.362105293045
19,49,0.2477336770784131,0.7203536821020838,0.7461176458240544,0.5374779494457235,0.22146164489519238,0.06790708793142416,1.0,0.8134940299086819,0.4,0.0,0.2,93,2904.8165597936622,10672.149765382288
19,50,0.2275551254169101,0.7113005095327516,0.7500463946058101,0.5140538272301256,0.17047013913046014,0.06635971618243365,1.0,0.7158448352987367,0.4,0.0,0.2,94,2911.9698083938065,8186.628785814585
19,51,0.23170891973715224,0.706872737692096,0.7436147971756027,0.5273972416767512,0.2587479104418199,0.0685749707135857,1.0,0.7477796191268535,0.4,0.0,0.2,95,2834.3476753466075,7060.110846125409
19,52,0.21137565755303564,0.6684311190928385,0.6905874578231006,0.508466915200091,0.22361422084788138,0.0675181235541332,1.0,0.659987987984796,0.4,0.0,0.2,96,2906.071330096654,8189.968058013415
19,53,0.21228246009797688,0.668027347259572,0.6898852319735966,0.5202591686310367,0.16643073498093175,0.06899219736831555,1.0,0.6637359115027119,0.4,0.0,0.2,98,2931.459880789544,8371.138757715493
19,54,0.20797129069827303,0.6547119288970624,0.6745386501377035,0.5214796084882961,0.24175753952509665,0.06719015493849786,1.0,0.6600637525779132,0.4,0.0,0.2,99,2843.224814204264,7940.120977022916
19,55,0.22076159424971709,0.6768680513048775,0.7092836410726095,0.5310502753689998,0.17788963416721393,0.06656930302943623,1.0,0.7280831500661001,0.4,0.0,0.2,102,2800.202066652032,7952.599985188643
19,56,0.20707354947635964,0.661808426046387,0.6939196634769298,0.5354499094126106,0.17122474775488472,0.06739317288779063,1.0,0.6600231791623437,0.4,0.0,0.2,103,2869.185607779385,7909.0127475189265
19,57,0.21278056897136152,0.6646725820237251,0.6961524051450543,0.5346327069273756,0.191355446351398,0.06510225410287993,1.0,0.6973609302257046,0.4,0.0,0.2,104,2768.5844298417,7904.894182431539
19,58,0.22104473553319362,0.6686146004434728,0.6991354278108775,0.5726738900941553,0.21498439124410523,0.07378213030465994,1.0,0.7277084643886323,0.4,0.0,0.2,105,3533.7383417607853,10156.094381978715
19,59,0.21250577032520715,0.6580509823426354,0.6881314325084378,0.542642818863411,0.18447658625625082,0.07025439305824437,1.0,0.6948041104432238,0.4,0.0,0.2,106,2778.585835238021,8452.045136896459
19,60,0.21788745913448737,0.6663685867315303,0.707652142720158,0.5710801607827166,0.2476425224680968,0.07309982691153985,1.0,0.7271563097025483,0.4,0.0,0.2,107,3547.489367297158,9764.066319130472
19,61,0.21783616730843414,0.663936791220906,0.7047067848803179,0.5823526908822376,0.18567854704784714,0.07406127739176731,1.0,0.7280680435169012,0.4,0.0,0.2,109,3361.798628855521,10376.511834698296
19,62,0.2209312128365728,0.6362342388184312,0.6598267083393708,0.5953646646594277,0.26924206261840977,0.07495654322594816,1.0,0.7657390991334794,0.4,0.0,0.2,111,3954.9089992674735,8773.684023932989
19,63,0.21984496100481404,0.6143973943393448,0.6444126834792641,0.6044904060535627,0.32169663326324094,0.0778170909790628,1.0,0.7868610637934517,0.4,0.0,0.2,113,6733.968302460571,9161.657521092187
19,64,0.21864763860327247,0.6053725771007281,0.6338068402711518,0.6111733808274671,0.22094322062592614,0.07808085242442837,1.0,0.7873665294678396,0.4,0.0,0.2,115,6681.609729091322,9038.268104465733
19,65,0.21620290848885582,0.5959207758841111,0.6229491170736864,0.6274909213602351,0.20657271149113343,0.07882868421326848,1.0,0.7796511034930236,0.4,0.0,0.2,118,6717.047879229873,8911.066799318061
19,66,0.2164898671561028,0.5832992482004271,0.6077605079145112,0.6504609360464029,0.24219285194136309,0.07853016492207114,1.0,0.7920974525851131,0.4,0.0,0.2,120,6646.799832979921,8196.153527976605
19,67,0.20883242474459326,0.5953952459172507,0.666946995877033,0.7355182498617802,0.19633034719197012,0.07509119138953896,1.0,0.7787651349798734,0.4,0.0,0.2,139,2637.6644466350504,6109.700128069082
19,68,0.22877377091815315,0.6096221222926039,0.690906715159024,0.7441195786782973,0.3411593583936586,0.07475186073289518,1.0,0.8899590633657869,0.4,0.0,0.2,140,1601.5055963669288,13708.279336135976
19,69,0.20284084209804398,0.5588370285695057,0.6245098131516046,0.7377315889913894,0.2900502295382677,0.07460969001275085,1.0,0.7685780095430284,0.4,0.0,0.2,141,2545.5732337774,6065.118968616911
19,70,0.20564395596698004,0.5589339742235588,0.6240913690167089,0.7523624053223865,0.19718270899113152,0.07523147746939504,1.0,0.7828666291376651,0.4,0.0,0.2,143,2600.1536328410266,6285.805484126913
19,71,0.20561394043028308,0.5581155433598359,0.6231229785941348,0.7599886590143383,0.18977621220525126,0.07533058127367301,1.0,0.7829546755539184,0.4,0.0,0.2,145,2591.813162866486,6181.419416110201
19,72,0.20705631556399373,0.5520326690754078,0.6156113589487477,0.7686409887211313,0.24733961565204415,0.0742762999084108,1.0,0.7963617118318556,0.4,0.0,0.2,146,2526.72424465526,6013.459130279169
19,73,0.22685521213607535,0.5796529840404764,0.6555920965543768,0.7694430964284116,0.23515457635893405,0.074642980323231,1.0,0.8963963440253926,0.4,0.0,0.2,147,1678.7495859360415,13288.054050261038
19,74,0.20811899291973202,0.5680895791326184,0.6671595446242707,0.8097735728428579,0.230943829459621,0.07253329472903661,1.0,0.8145587262009751,0.4,0.0,0.2,150,1707.0769912816163,14257.55258442752
19,75,0.2078662138400782,0.5491888466143258,0.6338635193071007,0.8016764782693044,0.24925605275382268,0.07156166965572504,1.0,0.8187421610538015,0.4,0.0,0.2,151,1691.0692250719396,14410.347994661512
19,76,0.205004336582485,0.5483535013303078,0.6443152347024115,0.8057842856826614,0.21362909399838548,0.07146794766359338,1.0,0.8087537240388754,0.4,0.0,0.2,154,1709.0854660466005,14238.378220756147
19,77,0.20686370240038549,0.5379200164568121,0.6206785528022223,0.8239621834473012,0.19505959837431008,0.07234067779161524,1.0,0.8167839483160794,0.4,0.0,0.2,157,1699.9291788765709,13952.682284007646
19,78,0.20435793962894405,0.5513581424063843,0.6589153735065993,0.8291584679125048,0.23934624969879037,0.07113486619689904,1.0,0.8094426414330055,0.4,0.0,0.2,158,1680.1655199859204,14063.849493691803
19,79,0.1984490203029008,0.5448195036078848,0.6522598422072565,0.8271387052111737,0.18925958296618817,0.07047027783120653,1.0,0.7814927910839659,0.4,0.0,0.2,159,1910.680893697785,10791.066143556243
19,80,0.20460103767104962,0.5249508961135093,0.6166476277217655,0.8403172961737145,0.22915618158406836,0.07029308625205836,1.0,0.818614337256523,0.4,0.0,0.2,162,1623.227072187433,14124.781186216034
19,81,0.2228428492319025,0.549900078026764,0.6537678414485688,0.8745610605743778,0.21606768993206577,0.07657526092816662,1.0,0.898991317067335,0.4,0.0,0.2,168,1794.6515185411524,13701.178224581154
19,82,0.2324740928670222,0.6071962149198232,0.7745289999337364,0.9912427898981491,0.2269428078666852,0.08213028141151565,1.0,0.9391468889936585,0.4,0.0,0.2,178,3930.104302216536,4800.104343711855
19,83,0.23290221669535827,0.6153308971961411,0.7950218752995047,1.0042531464417286,0.23446209297816198,0.08077421329334865,1.0,0.9452638214306776,0.4,0.0,0.2,180,3861.360752271197,4662.227174734503
19,84,0.23214980204043856,0.6015183093296178,0.7678683139123247,0.9937739583992418,0.22768497344632702,0.08223510928683922,1.0,0.9392415812903652,0.4,0.0,0.2,182,3899.0817458435545,4751.074382612967
19,85,0.23303420667795943,0.5485351567072878,0.6612255447285172,0.9985929893567104,0.28986951276042816,0.08115572839068971,1.0,0.94896142813248,0.4,0.0,0.2,183,3803.529443847679,7280.803930872149
19,86,0.23251162368738063,0.556545547945926,0.6817479764795245,1.0113428377077252,0.23190755733313073,0.08095045938177318,1.0,0.9476614975840407,0.4,0.0,0.2,185,3813.9377949505215,7138.159843409015
19,87,0.23259412280714897,0.5610199490517718,0.697979918042321,1.0184119202699207,0.24774798565555253,0.08088328161011005,1.0,0.950441940864162,0.4,0.0,0.2,187,3871.546972610864,5490.441537363293
19,88,0.2315302837950039,0.5658278059927209,0.7148168318459862,1.0419879147699782,0.24152593126424293,0.08196060726601934,1.0,0.9446670352551042,0.4,0.0,0.2,189,4020.7404570525687,4614.212875432134
19,89,0.2364100067671957,0.5778184434041299,0.75002996132121,1.065902111232754,0.28421133267376664,0.07785613041563476,1.0,0.9819050642925555,0.4,0.0,0.2,191,4024.049534642093,4540.859201079393
19,90,0.2393279588560019,0.5852784508486615,0.7692843329130831,1.0764801075352575,0.25538620767365877,0.07866861930980437,1.0,0.9967745632679534,0.4,0.0,0.2,193,3949.685294342089,4451.188782417616
19,91,0.23914207199475368,0.5913852918624193,0.7875039563374933,1.1101498928824463,0.23996315666183332,0.07887928488232909,1.0,0.9967899402444829,0.4,0.0,0.2,197,3978.081181667953,4433.589321405727
20,0,0.9404020270864863,0.9862790495896204,0.9349554750580403,0.011507232717215274,0.0,0.0,0.0,0.0,0.4,0.0,0.2,1,1671.2716758651864,8073.358099974274
20,1,0.9539930833568221,1.006115066600378,0.9544630944089756,0.03649110476198124,0.0285501350467787,0.054349814107740146,0.00010637536253598,6.730759416534e-05,0.4,0.0,0.2,3,1662.1827429995246,6938.105617832152
20,2,0.7606410974394445,0.9961182286729893,0.9462076852382324,0.09364381116707954,0.5254333763544698,0.07943614040795344,0.1714734531714825,0.1726078581009629,0.4,0.0,0.2,4,3084.8397072679604,8826.840313790144
20,3,0.6557375944772597,0.9079716423194922,0.8426851775575612,0.014380864926753521,0.0999810194487135,0.00469263162184704,1.0,0.00673726505236834,0.4,0.0,0.2,5,1743.6381831921924,35168162.48748753
20,4,0.5939029632776928,0.9264475494610128,0.8527124423004951,0.0940815829995984,0.41566709396840135,0.07713034093091552,0.20565778346106015,0.20090767553537078,0.4,0.0,0.2,6,2691.898701030584,16818.651613112022
20,5,0.5846283881161857,0.9225039147989869,0.8480818634313881,0.09964297649564914,0.0851165705651606,0.0772580856853279,0.20571917974644638,0.2009907473829024,0.4,0.0,0.2,8,2699.121073139683,16877.80455569356
20,6,0.5757485875936421,0.9186003224823087,0.8435117534078711,0.10305112094351107,0.0981673682778925,0.0772308108110014,0.20640890648939272,0.20098312896798606,0.4,0.0,0.2,9,2649.768238475457,17672.33268895687
20,7,0.49473372809426497,0.893267092950472,0.8240854980312049,0.10651381228949558,0.3658187061261736,0.07917803552381192,0.22088135367573258,0.22150582892211582,0.4,0.0,0.2,10,2901.8384229846843,18413.519073232725
20,8,0.4576570137381188,0.8698264711711899,0.7977480975258859,0.10482744173570989,0.12822499289618325,0.0537249534234633,0.23959603450728806,0.23978260274911264,0.4,0.0,0.2,12,2723.109972132467,14612.909876312488
20,9,0.4172158985110459,0.8458101812041662,0.7694256108649454,0.11028591681836358,0.1583808629940889,0.05552857259661411,0.2539414288987508,0.24181800389166802,0.4,0.0,0.2,14,3049.1650511031426,15106.911804445825
20,10,0.4046829595979758,0.8600161837543849,0.8082468710654092,0.1260472414973918,0.12701414902444025,0.0554038909154239,0.25029443902201765,0.24151869538261123,0.4,0.0,0.2,15,2993.2742216843835,13795.662119034014
20,11,0.4021096147110604,0.8509187075020471,0.7844571510145133,0.12736305307363355,0.15142947957034178,0.060750787806150855,0.29010655353646253,0.2907509922796582,0.4,0.0,0.2,16,3499.375237112867,16799.015389794793
20,12,0.5399005784219799,1.0146666263733457,0.9730416411267548,0.29754845970895555,0.28153251393428896,0.1369738071522213,0.41439646102003136,0.8789974103861663,0.4,0.0,0.2,17,3059.493279368848,21655.10938819449
20,13,0.35543522501522007,0.8384170151572905,0.7919618996140199,0.1458779800924292,0.2763074326160127,0.058646122735967775,0.34405389421228494,0.295421613177688,0.4,0.0,0.2,18,3581.638522163265,15812.465716249551
20,14,0.3454203440234275,0.8411250729248221,0.8064332769601282,0.15146118296097022,0.10643023106698116,0.058487737148142524,0.3250683969846614,0.2893792261338789,0.4,0.0,0.2,20,3280.864094251242,15593.02153818778
20,15,0.44639731562655793,0.932643368050624,0.8831350603317535,0.27256042679443376,0.2685502085307887,0.09975894864752935,0.4388872736656856,0.7734713332552959,0.4,0.0,0.2,21,3430.3808806191955,17088.516604163524
20,16,0.3319084205915029,0.831198620177535,0.7910955618882334,0.1778871066434995,0.24961585345538184,0.07518599391845696,0.3574216143794961,0.36433901387664896,0.4,0.0,0.2,22,3709.179604640077,16158.031784227696
20,17,0.3268101304905203,0.8149726234378624,0.7616176544729804,0.18113649517604558,0.1098232711595043,0.07372319563090256,0.35897477439300346,0.3494958886103376,0.4,0.0,0.2,23,3585.5454319630567,16389.75952333584
20,18,0.32575798523140787,0.8026526916975951,0.7338292250870218,0.180208013611256,0.213107197261065,0.08024304154141162,0.35519032306887927,0.40293395778475205,0.4,0.0,0.2,24,4146.535944453537,15697.984373919118
20,19,0.38988112762491206,0.8874661531947476,0.8409049007897507,0.28328937104860286,0.3495097252029098,0.10139481398998651,0.47968801918999154,0.7818109798470578,0.4,0.0,0.2,25,3604.595410403883,17769.874138375908
20,20,0.4263092797375426,0.9118100901137587,0.8511451947094995,0.33132218687640236,0.2838699716963714,0.09727504651933497,0.669152951978094,1.0,0.4,0.0,0.2,26,3603.439668600801,19340.752760979434
20,21,0.41722899359280496,0.9248378438085254,0.8898439609154297,0.3251223413010914,0.2448487805475415,0.10688795175860026,0.5078129998062815,0.9435033374644837,0.4,0.0,0.2,27,3304.718512851295,17938.90068372222
20,22,0.4103323429712048,0.9056560841511936,0.8565579232228577,0.32603090674059165,0.2749391554579057,0.10524191737813833,0.5040568649705311,0.9391352146825399,0.4,0.0,0.2,28,3239.793007016626,17881.94462169742
20,23,0.40550252390660646,0.8884452271088671,0.8252847198242548,0.31655779079770496,0.27347518227516066,0.1026428325727041,0.521795212960755,0.945301033437279,0.4,0.0,0.2,29,3151.181809379571,16121.652595955346
20,24,0.4041899596406927,0.8979886528073544,0.8475442380911148,0.3244741731028017,0.23588237937170026,0.1026428325727041,0.5217952129607553,0.945301033437279,0.4,0.0,0.2,31,3219.837542255743,16036.302951189287
20,25,0.2732706196592006,0.7539109518705678,0.6889394576810147,0.20344061948454417,0.13745737656390028,0.06621681097217305,0.5413772681692605,0.3983559819138766,0.4,0.0,0.2,33,7933.975847028621,15770.02272419532
20,26,0.24673602052457896,0.716777186742455,0.6456884692209363,0.20005469878808102,0.3541139179474406,0.05896662278701319,0.561456504508943,0.40578504861067605,0.4,0.0,0.2,34,8110.73518915684,15720.442722237713
20,27,0.2409509672716143,0.7203675267505522,0.6614001179670902,0.20965131483670607,0.12025109819375343,0.05706985468286672,0.5257186947207095,0.39717719554701897,0.4,0.0,0.2,36,7293.960458922149,16062.342214147264
20,28,0.23734723602973987,0.7145926638843523,0.6546168745650272,0.21447518139125563,0.14385374053443784,0.05521687944744354,0.5691090757527125,0.40145067865371553,0.4,0.0,0.2,37,7868.451182413509,16082.62048908757
20,29,0.23292993714174937,0.7140260138003668,0.6639765928737347,0.23068690222970384,0.23321612813478526,0.06785734926967676,0.4603385626168193,0.40706698738337704,0.4,0.0,0.2,38,9009.215076512037,18824.46210305904
20,30,0.23174785707823817,0.7122859214159847,0.6620148985525534,0.23873053309484008,0.11262837322269607,0.06671203787760716,0.4604457405034452,0.4071264560048856,0.4,0.0,0.2,40,8946.9456696288,18887.622194132007
20,31,0.22624160819545558,0.6958296391097708,0.6324771849464451,0.22957888211746103,0.11230893594590236,0.05470655720981271,0.7399314604530576,0.407241337372115,0.4,0.0,0.2,41,2695.0429889337674,18280.005102739728
20,32,0.22490402963635192,0.6928818141567327,0.6289303897385811,0.23617077321730917,0.1156568431414722,0.05450702591989966,0.743153935160908,0.4103884090175628,0.4,0.0,0.2,43,2692.6619878930514,18112.001669968267
20,33,0.3415141622808752,0.8083301605834348,0.7530269020263798,0.3967002012660669,0.2552040871466751,0.08384601596588906,1.0,1.0,0.4,0.0,0.2,51,28380.607347146764,18866.562928834108
20,34,0.33522471542192545,0.7952575206245964,0.7377206428713037,0.4020864120090659,0.27875644018897855,0.08377124876222038,1.0,1.0,0.4,0.0,0.2,53,30800.7208172479,18920.518213125797
20,35,0.33595285005175046,0.7957839625652712,0.7381758445254072,0.40300117919367234,0.2376441167207142,0.08612724696606915,1.0,1.0,0.4,0.0,0.2,54,30600.034628990667,18702.86266306236
20,36,0.33322566792498065,0.790490642695777,0.732069704127706,0.408638676973914,0.2667583075723518,0.08475933132413686,1.0,1.0,0.4,0.0,0.2,55,30083.547635425457,19107.43747099011
20,37,0.33349029507020156,0.7899938193899267,0.7313272991782653,0.409454441599749,0.2451197216041806,0.08710240476437638,1.0,1.0,0.4,0.0,0.2,56,29886.05843605845,18890.083080272827
20,38,0.3269379030553701,0.7922645261950509,0.7458612794579373,0.4103188769922849,0.2600011320356068,0.07553352571619469,1.0,1.0,0.4,0.0,0.2,57,30266.606876274374,19803.65325984374
20,39,0.32181400618435296,0.7795898624751385,0.7309021586907407,0.4198275320431387,0.27746273434309265,0.0771956863105601,1.0,1.0,0.4,0.0,0.2,59,30425.13416235957,19284.343464845108
20,40,0.32055185088267735,0.7767792421025981,0.7276353074638511,0.4261491150144094,0.2400351834485888,0.07682864147047012,1.0,1.0,0.4,0.0,0.2,61,30350.91415874845,19286.685368428814
20,41,0.3196723926898652,0.7749428545578863,0.7255190149959609,0.43251011000302925,0.2419469741504202,0.07632458598040404,1.0,1.0,0.4,0.0,0.2,62,30194.271579651755,19309.5282930202
20,42,0.31964827799225065,0.7746092003844629,0.7250944428169774,0.4326616524825157,0.2344633784843207,0.07681628251495368,1.0,1.0,0.4,0.0,0.2,63,30125.00012697855,18777.696908505503
20,43,0.3154962420679008,0.7325144753189663,0.6427508637461417,0.428211752502151,0.2549540838426243,0.07381855300122143,1.0,1.0,0.4,0.0,0.2,65,30569.52412244576,18675.595787245467
20,44,0.3121867732766279,0.7787980332822801,0.7522333556915146,0.4231896272311079,0.3038637303833455,0.07580465962760422,1.0,1.0,0.4,0.0,0.2,66,30572.635198343407,18731.622277300423
20,45,0.31219777087417644,0.7551496527152655,0.7022390720574765,0.4915490677743202,0.23310425554876713,0.07773950983619889,1.0,1.0,0.4,0.0,0.2,73,30125.06166590937,19538.83882029398
20,46,0.3114056256552609,0.7513783527718598,0.697653655631175,0.5023934276757362,0.24868076438251846,0.08019587754867663,1.0,1.0,0.4,0.0,0.2,75,29911.917120210128,20068.611272535592
20,47,0.31061520960977806,0.7500649331273608,0.6961982490034863,0.508558687580291,0.23740050973869026,0.07898613137400654,1.0,1.0,0.4,0.0,0.2,76,29755.08829653404,19717.461087301366
20,48,0.31062464264504763,0.7490967786996008,0.6949658464577676,0.5091318738513181,0.24292972545395944,0.08042228361802957,1.0,1.0,0.4,0.0,0.2,77,29828.13649316558,20042.580951259893
20,49,0.3225654377817886,0.8198114112216068,0.8414377425424688,0.5797346468770932,0.2558287158753051,0.12193040815384348,1.0,1.0,0.4,0.0,0.2,90,2626.724754803396,11615.754461865014
20,50,0.3225457150954052,0.8197534541568505,0.8413698301459174,0.5865297302249808,0.2491721306331382,0.12193040815384353,1.0,1.0,0.4,0.0,0.2,91,2626.8492507044225,11615.971748928838
20,51,0.3213144585623102,0.8162196336006948,0.8372384905860262,0.5897866606488686,0.27295667599068507,0.1218176256677804,1.0,1.0,0.4,0.0,0.2,92,2645.6572489466403,11270.466311815291
20,52,0.3210277624333249,0.8046780021995668,0.8126735635426239,0.5899671654376413,0.2502264806322234,0.12130780016207979,1.0,1.0,0.4,0.0,0.2,93,2591.1849871013646,11758.2199428309
20,53,0.3147663374618523,0.8152823218349659,0.8478653593019339,0.6034276245891957,0.3018550627930858,0.11243059679039409,1.0,1.0,0.4,0.0,0.2,94,2305.0820413609745,9840.92973292159
20,54,0.3125780058972689,0.8090036449044233,0.8405530261740475,0.6098932327032689,0.26580423193010805,0.11182453931187712,1.0,1.0,0.4,0.0,0.2,96,2313.7065269814475,9879.307574343193
20,55,0.31144368000934863,0.80572859342025,0.8367420133186239,0.6167258288069635,0.2555126725400783,0.11146025951964258,1.0,1.0,0.4,0.0,0.2,98,2336.1206362279745,8532.767963332888
20,56,0.2913424266059508,0.7596912274594234,0.7740870901800998,0.5904153441029429,0.3799947866017055,0.07717976511082654,1.0,1.0,0.4,0.0,0.2,99,2557.3531494807235,25673.390876270016
20,57,0.29264876571642173,0.7512926057380234,0.7633939266659535,0.6013627943405961,0.32903463566272895,0.08967906042327592,1.0,1.0,0.4,0.0,0.2,100,2673.912536054924,16341.965321483747
20,58,0.2868620018945469,0.7411669465632611,0.7522581232934196,0.5965479374375742,0.2727088897891102,0.07911062586474983,1.0,1.0,0.4,0.0,0.2,101,2701.052408742072,26069.42921976956
20,59,0.29033276390473545,0.7333180742188048,0.7313013497458158,0.6077772944152278,0.24933256233514767,0.08906620898072848,1.0,1.0,0.4,0.0,0.2,102,2613.060541922699,16184.641369704575
20,60,0.27163992419204935,0.7217252280149677,0.7422981180131318,0.5953676366107992,0.3508585919111393,0.053862684661405716,1.0,1.0,0.4,0.0,0.2,103,2223.693233875365,9488.93804005852
20,61,0.26750438345345307,0.7164047906541673,0.7472240479730929,0.5970686850481506,0.3329768734493937,0.05275693734129775,1.0,1.0,0.4,0.0,0.2,104,2386.4925096527177,10546.782629976948
20,62,0.2636568063914003,0.6997159135808344,0.7277357761023537,0.5988256755054409,0.2778088697293445,0.05189874943130227,1.0,1.0,0.4,0.0,0.2,106,2438.03855612968,11334.9379196901
20,63,0.25971551419846123,0.680117662688845,0.7047924623229063,0.6042655657641032,0.3573926456684138,0.0517345137307925,1.0,1.0,0.4,0.0,0.2,107,2448.730803478003,10537.474074142006
20,64,0.2918127206473162,0.6628218763237335,0.6451948324932075,0.6667999944719947,0.2712040144920782,0.14070596879253056,1.0,1.0,0.4,0.0,0.2,116,27944.174991021864,9623.314202375408
20,65,0.29033053606016046,0.6527869306513869,0.6333952389316373,0.6733249265094438,0.29252832500195436,0.14137829735373839,1.0,1.0,0.4,0.0,0.2,118,27939.992573750624,9817.424996916829
20,66,0.2900101743385568,0.6482485707141312,0.6279927029604601,0.6805711436017902,0.2746730310234194,0.14264831698276245,1.0,1.0,0.4,0.0,0.2,120,27819.09585392264,9542.004422570535
20,67,0.287915186999378,0.6141449250078295,0.587442761493283,0.6806583105737978,0.5237344397360708,0.15149036173007957,1.0,1.0,0.4,0.0,0.2,121,27077.48318398333,10381.076811557728
20,68,0.28283343813657696,0.6187658424916722,0.6047668878287902,0.737863747298948,0.25654877003536125,0.13937300728950397,1.0,1.0,0.4,0.0,0.2,136,28606.56357985112,9400.634352982746
20,69,0.2895072354667786,0.6313595148388434,0.6293090961893981,0.7578380092384194,0.30791932223133184,0.15820322901887252,1.0,1.0,0.4,0.0,0.2,137,27169.31136793423,9339.506116229426
20,70,0.2829875869504266,0.6144857809371902,0.6320521242534434,0.775548875788912,0.5197914414174785,0.15319647069348136,1.0,1.0,0.4,0.0,0.2,138,28132.484158979525,10201.60040406715
20,71,0.28297725061821355,0.6255979795743443,0.6561491485618818,0.7871313206165402,0.2616001313256555,0.15319647069348136,1.0,1.0,0.4,0.0,0.2,140,28121.25808464887,10204.9927297436
20,72,0.2817505559335085,0.5862866649172778,0.5878272113666259,0.7821421003128406,0.32331450213396207,0.15486975827325636,1.0,1.0,0.4,0.0,0.2,142,27405.50553326338,10467.185250153088
20,73,0.281722989507769,0.5849162755820638,0.5862003653099809,0.7896800480835882,0.26730427325335226,0.155187913897384,1.0,1.0,0.4,0.0,0.2,144,27505.732855660677,10557.80477771744
20,74,0.28182613209966184,0.594419901532604,0.6083602760079403,0.8091008283243979,0.265893959844912,0.15596118979472356,1.0,1.0,0.4,0.0,0.2,148,27549.82208999253,10447.44137445619
20,75,0.281677211821503,0.6052232047593904,0.6321161299983991,0.8054026027520607,0.2642520663706089,0.1556612415088941,1.0,1.0,0.4,0.0,0.2,149,27386.475294824708,11128.071523130382
20,76,0.2822016598588712,0.6050190105500195,0.63177299457206,0.8174143314466003,0.2657171014498455,0.15717968066393542,1.0,1.0,0.4,0.0,0.2,151,27421.786275414717,11079.20987043772
20,77,0.28173461490279184,0.6039558521864996,0.6305962741839868,0.8437310398905815,0.26706932607833345,0.15617928842126227,1.0,1.0,0.4,0.0,0.2,152,27264.876006802668,10760.10558182932
20,78,0.28123747445470143,0.6075570684368449,0.6458464696883344,0.8782949202699764,0.31789237259885106,0.15690079448424163,1.0,1.0,0.4,0.0,0.2,153,27062.8769411352,10423.765337400351
20,79,0.2809028039704543,0.6028220593319495,0.6402771746096187,0.8818321774711679,0.2799005746489273,0.15724194873659897,1.0,1.0,0.4,0.0,0.2,155,26950.49980398031,10238.293302344717
20,80,0.2808995629160004,0.6121814166486343,0.6622884093369701,0.8938999918245092,0.27019620418010115,0.1577186648465974,1.0,1.0,0.4,0.0,0.2,157,26944.891199697315,10413.64895972543
20,81,0.28086235674181953,0.6229927172504732,0.6860328797259183,0.9137195768604138,0.2644586381595834,0.1577186648465974,1.0,1.0,0.4,0.0,0.2,159,26969.930847249718,10406.366782066263
20,82,0.25292782356196514,0.5284617088651722,0.5135961117972263,0.8122099775894178,0.2374576605075174,0.08803437412633301,1.0,1.0,0.4,0.0,0.2,161,27876.426611054096,12024.089737956385
20,83,0.25264164176038967,0.5339831495123137,0.5311199720750722,0.8324474498362435,0.24341762538274703,0.08839715114679839,1.0,1.0,0.4,0.0,0.2,165,27284.56952292028,11548.576222757118
20,84,0.25325604007257,0.5440795627529615,0.5538922063361027,0.8376530925812502,0.2494007310382237,0.09036987594931632,1.0,1.0,0.4,0.0,0.2,166,27160.146232366707,11118.551921670574
20,85,0.2524380971005727,0.5276433921412431,0.5236239608963544,0.8473392799468951,0.2527342055021944,0.08942668429957351,1.0,1.0,0.4,0.0,0.2,168,27184.88565748835,11433.64076938639
20,86,0.2525990584082942,0.5342967642902445,0.542392446720036,0.8521754263628367,0.2544379819835237,0.09097503618000452,1.0,1.0,0.4,0.0,0.2,170,27147.433562592487,11738.6833459086
20,87,0.26997403353768973,0.5691101920171555,0.6022750798169465,0.8901194561450403,0.2732372200197937,0.13559095816943928,1.0,1.0,0.4,0.0,0.2,172,27099.045550382743,11082.86770632803
20,88,0.2516701405009068,0.5172952676658851,0.5223849926171222,0.8589773531954605,0.32153747133396626,0.09235411022118109,1.0,1.0,0.4,0.0,0.2,173,27822.92644364609,12404.926278841978
20,89,0.24881644132786498,0.504221024231652,0.5183359210037446,0.8859163628503146,0.3169359286339046,0.08968949183803378,1.0,1.0,0.4,0.0,0.2,175,27974.02695427041,14826.593949793512
20,90,0.24620286141278946,0.5022662364845647,0.5274369629285851,0.8917322022565668,0.27375213906357826,0.08518035466238735,1.0,1.0,0.4,0.0,0.2,177,27226.52800495228,14572.840206421684
20,91,0.24541900649538392,0.4759543427159122,0.48549486707895323,0.8933091120178009,0.28794085244642476,0.085798644229681,1.0,1.0,0.4,0.0,0.2,179,27234.239076355967,14442.246366548185
20,92,0.24526548221419525,0.4677805258987151,0.4758541178218584,0.9043118839659581,0.2646100338156199,0.08677744248398742,1.0,1.0,0.4,0.0,0.2,181,27246.366605400875,14420.79606527792
20,93,0.24462158109025295,0.4872243232569939,0.5208752384152453,0.9162292641407359,0.24284709433278726,0.08555155360454483,1.0,1.0,0.4,0.0,0.2,183,27280.75035079012,14496.10330121892
21,0,0.7459530327412136,0.9345832284393094,0.8744063570727512,0.006753005352424813,0.0,0.0,0.0,0.0,0.4,0.0,0.2,1,4560.242137953979,7480.451802248074
21,1,0.7426589097252386,0.9469286588648022,0.885584113257337,0.028684849033259692,0.042972780051311214,0.0478822596139532,0.00010897207854047,5.2157758479159995e-05,0.4,0.0,0.2,3,4511.4389159510765,7396.605412535607
21,2,0.687879740380967,0.9214058118678287,0.8577280594671182,0.017851286975036258,0.10242297739556722,0.01795858802447952,0.014880315170777638,0.00040875211274532996,0.4,0.0,0.2,4,4494.028646079183,7321.076955308953
21,3,0.3905346822365352,0.8150630505405602,0.7398655576655085,0.03289613162958882,1.0328961316295888,0.05866030132330811,0.09853048562512218,0.04716005550132788,0.4,0.0,0.2,5,3791.9496514523594,5047.438419805018
21,4,0.310477419128806,0.7613336084718241,0.6749176855688298,0.04643268420254623,0.27433197428254946,0.06833968600851091,0.14277603440521774,0.08668757099573969,0.4,0.0,0.2,7,3692.5985544649,2858.9641172527663
21,5,0.26243578195798356,0.7170269378350265,0.6229392614165564,0.04601077322462137,0.20069981109347068,0.06614444726389196,0.15151060030359936,0.09352823481073812,0.4,0.0,0.2,9,3612.21899772548,8110.031453954385
21,6,0.26020387895357594,0.7147470092912677,0.6202533565989842,0.051502292011725494,0.05353173348298899,0.06632710092309688,0.15155494944236997,0.09361541903389739,0.4,0.0,0.2,11,3554.7460099558093,8148.404413805481
21,7,0.2919582021205716,0.7462563334754224,0.6506867010297955,0.09465455069378409,0.10498399373755056,0.045861947207475426,0.155153436125599,0.32350456358970064,0.4,0.0,0.2,13,3711.063597448472,8256.085674435019
21,8,0.28972575513869947,0.7438646285489059,0.6478256624379961,0.1009692116754546,0.09296853942942743,0.0467211503190708,0.15521028565537945,0.3235338801721261,0.4,0.0,0.2,15,3689.5474606080415,8266.45389454468
21,9,0.22942439272022963,0.6923463713684933,0.6054966802116123,0.06748314378047485,0.12065354123261161,0.06091678927126175,0.15687025150804806,0.09280628257235371,0.4,0.0,0.2,17,3598.140410505954,8051.771370279997
21,10,0.2775738780807354,0.7351638125401826,0.6437572091744872,0.21047374223427412,0.1266567853319634,0.05789954280351154,0.8912469418747474,0.44597021864577135,0.4,0.0,0.2,30,4895.919788174138,22952.976470435467
21,11,0.24836413853743639,0.7024259262393998,0.6161321032419271,0.21063067922396353,0.4360452542727352,0.05316190638609147,0.7268302657495006,0.4660264570381548,0.4,0.0,0.2,31,4714.899136816574,5702.140735474455
21,12,0.24604639431200837,0.698947469781338,0.6121454115374487,0.2120131048648392,0.12432205440053326,0.05281640716589821,0.7230629418518265,0.46416235273075623,0.4,0.0,0.2,33,4647.736216740533,5714.308414136109
21,13,0.24322688206496235,0.694465329076861,0.6069528386910346,0.2267281019639104,0.14259649135621316,0.051750885250356926,0.7971712006791267,0.4646241417010769,0.4,0.0,0.2,34,4834.104908142722,5822.0176063504605
21,14,0.2445430122623754,0.7177972457372723,0.6561190529626537,0.25777577791023304,0.11666282393926525,0.04593077027004243,0.6596435800617195,0.4857478360098776,0.4,0.0,0.2,40,3415.1031168269087,6214.434507439851
21,15,0.2311561550791968,0.6824008635107675,0.6035183540692646,0.24389169077036538,0.28729784431449046,0.04011935655682243,0.7863425345703685,0.4991461203520989,0.4,0.0,0.2,41,3852.5784420930095,6200.019035909442
21,16,0.23140286365891138,0.6778309700064414,0.5972370612570048,0.2579450742496943,0.1910715714153964,0.04313473135068206,1.0,0.5202303639364481,0.4,0.0,0.2,42,4090.3561905223337,4723.26321507474
21,17,0.20313141223232783,0.6572958908062048,0.5885169159683936,0.25688941306362906,0.10857234057504789,0.03735192222842792,0.8500291015202837,0.4077115200022935,0.4,0.0,0.2,46,3950.746428176396,18027.22057581465
21,18,0.21516866659327982,0.643952270033319,0.5481833667802727,0.27249411547001134,0.12141280783986014,0.03949651506735087,0.812086545306307,0.477621960919491,0.4,0.0,0.2,50,4544.107023838196,8678.44223843633
21,19,0.22911503367642133,0.6455558549098208,0.5459066677829951,0.3040769788747831,0.1883242101950499,0.04163047280024264,0.867619775456433,0.5946634994282992,0.4,0.0,0.2,53,4559.006017979593,9414.292310534674
21,20,0.22911503367369684,0.6567602035702904,0.5701114333041273,0.3360103799707477,0.13558613767535818,0.0416304728002426,0.8676197754564337,0.5946634994282997,0.4,0.0,0.2,55,4559.006017570688,9414.103302971012
21,21,0.22331066185428444,0.6436629387006463,0.5548449317247103,0.3473415047734117,0.2243763463211942,0.03928039766683489,0.8484100181012554,0.5972095231890621,0.4,0.0,0.2,56,4406.6044056350775,8588.902524218169
21,22,0.2153763519294123,0.617879636694444,0.5141781556008465,0.3559491508971542,0.20773241448856294,0.037281407252465745,1.0,0.5832898857075203,0.4,0.0,0.2,57,5254.923182945857,45502.63474893063
21,23,0.21479736334655497,0.6167873503279084,0.5129437769021699,0.3588774943488602,0.13698901678049302,0.036630951693311556,1.0,0.5832761160423401,0.4,0.0,0.2,58,5193.876989074646,45490.44523158761
21,24,0.21464194497802364,0.6160439941484319,0.5120345954787373,0.3591098510929396,0.13839520726291554,0.03734112949601242,1.0,0.5829807024714478,0.4,0.0,0.2,59,5261.870661652885,45355.01242506808
21,25,0.27431320484275323,0.7089991070905135,0.6438979980793218,0.4053997141585879,0.1933693258339489,0.048723395838793274,0.919615609397915,0.8596499737384409,0.4,0.0,0.2,61,2769.266050908972,9717327.917799875
21,26,0.2703437654416352,0.6999630936128315,0.6334685996476234,0.4104575611683481,0.21884715001374352,0.046628364286679054,0.9210397061096212,0.8593393322513802,0.4,0.0,0.2,63,3000.175263054788,9712462.114788389
21,27,0.2686679795015381,0.6964293797548855,0.6294309423167217,0.41937886182158046,0.20019264718493415,0.04509778080541852,0.9211268336810621,0.8594468696398486,0.4,0.0,0.2,65,3012.13404112539,9717415.503225092
21,33,0.21140462348913838,0.6041671120317931,0.5385912607488879,0.4309990204632969,0.17073927926735155,0.05228903818807057,0.59639329835182,0.6657628612666757,0.4,0.0,0.2,76,3706.0583193733487,6174.397006530789
21,38,0.25906953217086415,0.6123166705891927,0.5589820781043708,0.5212881052842391,0.4040234591903045,0.05038830214086628,1.0,1.0,0.4,0.0,0.2,84,6093.830709942389,7578.216584319021
21,55,0.6177707176336296,0.8817262998987461,0.8538058172643417,1.116669207799214,0.6127650844323917,1.0,1.0,1.0,0.4,0.0,0.2,135,3655.058325860528,8114.137080577586
21,56,0.6161008700357883,0.8742607802918625,0.8561434472542462,1.1432933269497145,0.7283332730710048,1.0,1.0,1.0,0.4,0.0,0.2,136,3701.741769644264,6163.4129784971465
21,57,0.6157452833081554,0.8701456577293396,0.8513236355743374,1.1256108594666814,0.6071854030458741,1.0,1.0,1.0,0.4,0.0,0.2,140,3711.162743072228,6615.808588712871
21,58,0.6154114275425046,0.8662119288119698,0.8467162223752385,1.1558333705890385,0.6054953442118048,1.0,1.0,1.0,0.4,0.0,0.2,145,3736.4933813758503,6919.184307177175
21,59,0.6153060345175643,0.8649558504793211,0.8452449839641443,1.1435933259961122,0.6043861349665566,1.0,1.0,1.0,0.4,0.0,0.2,147,3746.3085874204457,6797.4797412731805
21,60,0.6146608474429569,0.8571083955253385,0.8360536480374106,1.162438294045243,0.6548146150874556,1.0,1.0,1.0,0.4,0.0,0.2,148,3918.883947413046,10181.60325104853
21,61,0.6137130423196051,0.8450572582461662,0.8219386961685988,1.16600132410777,0.6420853953160618,1.0,1.0,1.0,0.4,0.0,0.2,150,3911.765612180347,10125.383415268048
21,62,0.6132332434079035,0.8387001033909585,0.814492807257007,1.1681862380122614,0.6221978237234399,1.0,1.0,1.0,0.4,0.0,0.2,152,3902.199221673706,9124.52999812502
21,63,0.6132332387602534,0.8386999324261657,0.8144926104094807,1.1681862224000326,0.6000017836251836,1.0,1.0,1.0,0.4,0.0,0.2,154,3902.2002035846,9124.52755491073
21,64,0.613152565372987,0.8376125963440033,0.8132190069147287,1.1765586497537655,0.6075948385313983,1.0,1.0,1.0,0.4,0.0,0.2,155,3967.5143937508574,9488.396012152609
21,65,0.6124209110426002,0.849915222833374,0.8497919649726888,1.176482645382816,0.6705758892692184,1.0,1.0,1.0,0.4,0.0,0.2,156,3189.783947350435,8128.787030970556
21,66,0.6123661846034251,0.8491407523220225,0.8488848259559472,1.183960028860908,0.6027041090488994,1.0,1.0,1.0,0.4,0.0,0.2,158,3182.120152429173,8148.492744539018
21,67,0.6119922263631339,0.8437832286102742,0.8426099829779381,1.1947963077506951,0.6062455311113004,1.0,1.0,1.0,0.4,0.0,0.2,164,3185.8451162819565,7898.98018154664
21,68,0.611743913049656,0.8625495210207623,0.8867535000474402,1.311933704740104,0.6011541656963745,1.0,1.0,1.0,0.4,0.0,0.2,186,2937.657606428306,9229.343504851937
21,69,0.611172092079652,0.8763564667219168,0.9250883746969039,1.343211782678501,0.6300366921947622,1.0,1.0,1.0,0.4,0.0,0.2,188,2900.769131030485,9057.210831892708
21,70,0.6098139213088142,0.8544969083154283,0.8994852043493853,1.3437895707053304,0.6763405954724695,1.0,1.0,1.0,0.4,0.0,0.2,190,2972.424550097668,9226.656542687237
21,71,0.6091965745966363,0.8213996631138758,0.8385565643335116,1.3285945622553392,0.6373234905468861,1.0,1.0,1.0,0.4,0.0,0.2,192,2975.72043062776,9337.305233223857
21,72,0.6087782618249439,0.8362859095519313,0.878155462564784,1.3744109922928296,0.6105360781741498,1.0,1.0,1.0,0.4,0.0,0.2,197,20615.404060129367,9178.073681233163
21,73,0.6087395503196367,0.8355663187390663,0.877312561457438,1.3743423900411151,0.6024836331371395,1.0,1.0,1.0,0.4,0.0,0.2,199,20626.10045170101,9165.426956065316
21,74,0.6086213363691908,0.8333687372925076,0.8747387144360494,1.3741328148900076,0.6152599063094142,1.0,1.0,1.0,0.4,0.0,0.2,200,20719.87169164581,9056.312414025868
22,0,0.686786299656946,0.9161533947410375,0.8528203198089895,0.005058472716347731,0.0,0.0,0.0,0.0,0.4,0.0,0.2,1,5385.398149823153,7846.471281465036
22,1,0.6918993891929938,0.9337915813309925,0.8694061578444996,0.03167199395304672,0.04524193341740519,0.05940936062970211,0.00010335418196356001,9.71494271304e-05,0.4,0.0,0.2,3,5286.295364040516,7759.244978326453
22,2,0.6504781292176918,0.9124040854235238,0.846239716995101,0.02203558682366077,0.08533759928934431,0.03057059610278759,0.01418376659791722,0.0027745933461433897,0.4,0.0,0.2,4,5120.072973480526,7904.580393316921
22,3,0.50278386491428,0.8760866037504559,0.8112216785115692,0.04688296597471048,0.5107953150784977,0.07232235200902717,0.024770870858601073,0.023283778824566483,0.4,0.0,0.2,5,4075.0924014199873,6014.096017921059
22,4,0.5025354561284012,0.8759464686313367,0.8110648356094996,0.053429906325424756,0.033884561923431394,0.07215701562033314,0.02485657340482515,0.02340273531374579,0.4,0.0,0.2,7,4071.097739633664,5928.951846799288
22,5,0.4942266568864356,0.9101812514736967,0.8679919596028342,0.09641239705687057,0.20118405780276633,0.11432216644543744,0.03265430969873426,0.09480737226218228,0.4,0.0,0.2,8,4524.003916179106,6881.533233034073
22,6,0.4266797771248504,0.8764028759688093,0.8264781866629176,0.10538083539205938,0.23358670760441885,0.1012217854657412,0.10912958866485264,0.17795903832850962,0.4,0.0,0.2,10,3787.8949629931194,5941.28738774057
22,7,0.41374835489351086,0.8791104453922686,0.8407311286476208,0.11781621199985377,0.10519860517076986,0.1012217854657411,0.10912958866485141,0.17795903832850796,0.4,0.0,0.2,12,3864.724798222897,5157.596436087577
22,9,0.5227193151095271,0.9918552131091951,0.9350452003789993,0.2891837717958764,0.3056423245093176,0.07934448622376275,0.3763236318810741,1.0,0.4,0.0,0.2,15,3762.1467672602994,1132035.0098005435
22,10,0.4887481168529934,0.9878328168578807,0.9518885755806643,0.3030840027718349,0.34198637092705286,0.08823096722493692,0.36426220814058136,1.0,0.4,0.0,0.2,17,4034.8694125619913,1192005.1558733962
22,11,0.44844125204103835,0.9481024824365767,0.9067212733811452,0.2939329905628519,0.33254043940263156,0.0682729717538472,0.41213935404668556,1.0,0.4,0.0,0.2,19,4602.8536820882655,1134419.3786916158
22,12,0.44043833536024846,0.9051669063708989,0.8208086406698598,0.296338511719362,0.4017485223799274,0.10300235510461997,0.7394262023899115,1.0,0.4,0.0,0.2,20,3159.2909031839376,2548131.4134863494
22,13,0.42740587628228577,0.9485510053813941,0.9292589946479755,0.30732043308983914,0.22837753688249698,0.07048076037408793,0.3948623068541903,1.0,0.4,0.0,0.2,21,4848.868731605855,1193490.5247946226
22,14,0.4365059941736278,0.9007731720104093,0.8156582765977423,0.3015358761294497,0.2718937515139406,0.10306277222979368,0.7425101582675216,1.0,0.4,0.0,0.2,22,3097.0249109918086,2547265.7521818536
22,15,0.4256410664791191,0.9462893979540536,0.9258556892930287,0.316962271951484,0.25031357736422444,0.08149238980717974,0.3778697446567509,1.0,0.4,0.0,0.2,23,4552.939874441911,1192538.7231333903
22,16,0.4227072815944386,0.9318279846674835,0.8982383997213363,0.3232728434400687,0.23489439022813924,0.07561458433445173,0.4676781412239758,1.0,0.4,0.0,0.2,24,4535.834088681235,1192255.1592377236
22,17,0.4224505351625573,0.9322030786279438,0.8983976865350154,0.32626249078349284,0.24707241175323807,0.07970320036677375,0.43362099135253185,1.0,0.4,0.0,0.2,25,4021.57577806513,1191990.4008451567
22,18,0.4050988086879012,0.9216271544837087,0.8974477734773201,0.31320114552297373,0.3581686097366471,0.07451645081024225,0.4549034200536933,1.0,0.4,0.0,0.2,26,4303.790925914401,1131178.107057704
22,19,0.3977271482641489,0.9349667213687869,0.935441844465636,0.3431098105545766,0.25606815990968296,0.07149944694797858,0.4251975874460257,1.0,0.4,0.0,0.2,28,4799.6045582836105,1189194.0864654826
22,20,0.3974289236061677,0.9339853719850022,0.9339652609334519,0.3478883565324036,0.25066833145825984,0.0762748923397796,0.41766301415276647,1.0,0.4,0.0,0.2,29,4637.336874556,1188165.0258249522
22,21,0.37969806859115085,0.9100465425094284,0.9061846970213057,0.35058784590362835,0.38564840704481396,0.07251068186661509,0.48071222551081105,1.0,0.4,0.0,0.2,30,4850.118867485258,1188646.577916571
22,22,0.37956605863087367,0.8986601859723364,0.8817703648274766,0.35917292854771754,0.23010351083940406,0.07245657461415865,0.47397774782162144,1.0,0.4,0.0,0.2,31,4839.834109791355,1189003.5272047543
22,23,0.373996791394522,0.9002307861888956,0.8942394199692292,0.36147320567305385,0.3173492853712013,0.07905739192681825,0.47668567251319116,1.0,0.4,0.0,0.2,32,4614.697165082174,1191512.9799846143
22,24,0.37397396494313195,0.9001980374838536,0.8942018756864318,0.37023102509589023,0.23181387944003992,0.07904604314123939,0.47545685107339697,1.0,0.4,0.0,0.2,33,4612.393112609922,1191565.090522851
22,25,0.3516547345216466,0.8753556486453002,0.8764392275641371,0.36796119991696963,0.4716177533669192,0.07536045039008722,0.48256877695883604,1.0,0.4,0.0,0.2,34,4862.973157422063,1188463.4386066813
22,26,0.20808746028733704,0.6977081397524553,0.6596100435961644,0.20432364683114068,0.0889959548809746,0.05115413017879363,0.23833034437608158,0.3334992028917102,0.4,0.0,0.2,38,3888.876438036268,1069406.1321531958
22,27,0.3377053798842673,0.8174498857329642,0.7757544822750277,0.37580079034286984,0.37463309598270933,0.06977164233015942,0.48308625186286047,1.0,0.4,0.0,0.2,39,4005.320756855321,1295080.278277133
22,28,0.2158178882516288,0.7039927665157393,0.6743496351776661,0.23849789412649025,0.14744187663191305,0.05905275934006151,0.24946281167660977,0.4258147554886661,0.4,0.0,0.2,40,4138.381351234969,1067325.4023395458
22,29,0.1379649695725326,0.5981024527586815,0.5598595131890397,0.18457276638925527,0.22846774105504924,0.04082745020362577,0.28973631944086037,0.1838918448478024,0.4,0.0,0.2,42,3719.858096864617,5190289.826671192
22,30,0.1364123526734114,0.6045128068854917,0.578361246260697,0.20317791203172186,0.07216263312301353,0.04008232589743605,0.32601544186004205,0.18795440487296844,0.4,0.0,0.2,44,3710.398575205943,6531751.95652305
22,31,0.13411324042523118,0.5982058769956022,0.57094860367178,0.21182569877209464,0.07632424185269979,0.040397722125183624,0.3261000859544432,0.18807480926298265,0.4,0.0,0.2,46,3679.140341238436,6533054.630226821
22,32,0.13243426513481138,0.5930751758770018,0.5648805275412698,0.22082051872458372,0.07322836422775138,0.04120534511140717,0.3261729223886243,0.1881715372559156,0.4,0.0,0.2,48,3640.721328654335,6536795.403135498
22,33,0.16359044315094762,0.6322314933372943,0.6161788806183216,0.2514490715521667,0.12209231484590953,0.05430536283957268,0.4527264094158814,0.32679563924608984,0.4,0.0,0.2,49,3677.1823853814217,1004966.1515621915
22,34,0.2988545251194401,0.719488893358821,0.6605890140621684,0.39135086117373863,0.2858635725127776,0.07601986130329481,0.7202194895909995,1.0,0.4,0.0,0.2,52,4707.054380459366,4416291.729716992
22,35,0.2954195456187771,0.7083845321574511,0.6475767858315202,0.3969931555609775,0.26916945970103295,0.07610955045779937,0.7218997880741241,1.0,0.4,0.0,0.2,54,4647.118798796999,4414824.1396077145
22,36,0.2908071699719187,0.7027866319534668,0.6521019167710832,0.40465465816430896,0.3396811077243095,0.07610955047387671,0.721899782591021,1.0,0.4,0.0,0.2,55,4525.334184568286,4417971.29272646
22,37,0.29080716912396076,0.702786631947036,0.6521019167646522,0.4046546581529231,0.2304440199466395,0.07610955045779934,0.7218997880741241,1.0,0.4,0.0,0.2,56,4525.334172421282,4417971.292659633
22,38,0.2893968678418374,0.6965956563010569,0.6447766842616836,0.4137900981473015,0.27673555254382654,0.0771900515248349,0.723340130598226,1.0,0.4,0.0,0.2,57,4547.819898279493,4418208.215718143
22,39,0.2864820582464321,0.6933694818726535,0.6414730227178642,0.41508923287902544,0.22989230588215448,0.07025682979409628,0.7164613663834356,1.0,0.4,0.0,0.2,59,4476.193743750468,4403896.037394228
22,40,0.2829393949411081,0.6900463597111455,0.6485930443732464,0.430363624624543,0.33177840349945376,0.07126874265744444,0.7547264351517138,1.0,0.4,0.0,0.2,60,4365.185664332038,4660648.12314817
22,41,0.2825125706952179,0.6995838016214853,0.6708455417246045,0.439805390391727,0.24009417969595676,0.0712687426064457,0.7547264293133636,1.0,0.4,0.0,0.2,61,4319.989181902084,4661943.279082424
22,42,0.28088335947938015,0.6808049219558612,0.6377038530475991,0.4456453586343908,0.28462084611222704,0.07221989461518181,0.7567281500442877,1.0,0.4,0.0,0.2,62,4406.632313761535,4658822.656426191
22,43,0.2801853358693347,0.6866093587603583,0.6554449256926962,0.4424084279894752,0.25131085692118266,0.07424970192858664,0.7640058368347712,1.0,0.4,0.0,0.2,64,4361.888736060105,4662859.771875452
22,44,0.27815259957367366,0.6772444798145753,0.6444374511125729,0.4618898745828546,0.2969073272479632,0.07481574416530135,0.7659647608692401,1.0,0.4,0.0,0.2,65,4454.843851000974,4657597.089474649
22,45,0.2894295597557973,0.6810018926330901,0.6465318399784892,0.4893754634737207,0.2546978046139687,0.10848584937618504,0.5924374927074736,1.0,0.4,0.0,0.2,71,4153.253682200832,8917934.93706841
22,46,0.28653908024448893,0.6687116127600728,0.6321910331419345,0.4982570058563979,0.2848948032470402,0.10769565749968082,0.596919474035136,1.0,0.4,0.0,0.2,73,4192.035746350557,8917818.500897942
22,47,0.2873705569494134,0.6801356867291415,0.656483221460578,0.502399774117541,0.2494889872583951,0.11017943740162932,0.6480619112713254,1.0,0.4,0.0,0.2,74,4176.324662874351,8917614.610428382
22,48,0.284931610744226,0.6605693340782284,0.6226400214756376,0.504449227571083,0.29519008861416624,0.10790275124822446,0.598518721456531,1.0,0.4,0.0,0.2,75,4198.208262221192,8917451.286157165
22,49,0.2843383745533477,0.6579255425896446,0.6195569675610068,0.5108936709428652,0.26099811976211285,0.10770616190442368,0.58884198441787,1.0,0.4,0.0,0.2,76,4168.47955912581,8917710.011015719
22,50,0.27956829568800656,0.6426604701771126,0.6020625400249475,0.5074509418252218,0.33175719488620947,0.10208748400516847,0.6265790505610789,1.0,0.4,0.0,0.2,77,4200.612769971948,8935935.576196235
22,51,0.27746748094913903,0.6351966893181544,0.5934708406364202,0.5163799557894907,0.2629885380177819,0.09989322363966652,0.6342485255555457,1.0,0.4,0.0,0.2,79,4039.886322037025,8945236.563143253
22,52,0.2770793848808694,0.6326481699468757,0.5904704580144372,0.5196511103025092,0.2584038464602515,0.10011689209345216,0.6360864718505015,1.0,0.4,0.0,0.2,80,4193.594022122483,8943622.939304827
22,53,0.27645604236907567,0.6293905393589139,0.5866632317392475,0.5297529249076119,0.2512084854870733,0.0999974755852602,0.6361711159449027,1.0,0.4,0.0,0.2,82,4173.495177071993,8945143.463651437
22,54,0.27532744041714846,0.6232672867753872,0.5795022900122497,0.5360696511862162,0.2610916203016457,0.09983682476788616,0.6395492783395769,1.0,0.4,0.0,0.2,84,4193.941991814977,8945007.202777369
22,55,0.2756329310388541,0.6429159769638737,0.6245181736977721,0.6005455229475098,0.24346264030526124,0.10219113117062968,0.6250665185940074,1.0,0.4,0.0,0.2,94,4164.160300228791,8929301.252755214
22,56,0.2872846177049529,0.6344137626157558,0.6226451484382889,0.6109858182414365,0.5183379575267193,0.14593469987223268,0.8862393478518282,1.0,0.4,0.0,0.2,95,4357.070844331711,46751089.34000681
22,57,0.28435881664711216,0.6203185662588242,0.6171143562974433,0.634190987810167,0.31924101621572687,0.14744345413080803,0.9192634126402324,1.0,0.4,0.0,0.2,98,4284.297670107716,1269819057.3082354
22,58,0.2836386767179726,0.6146773682951607,0.6105078122200767,0.6408092928971828,0.2786582675719964,0.14743308709156036,0.9210218777617636,1.0,0.4,0.0,0.2,100,4269.205705474894,1269817056.578743
22,59,0.2827884892676549,0.6100775894993123,0.6051747483834137,0.64723816278677,0.27360483169344996,0.14663731836671523,0.9241866680549192,1.0,0.4,0.0,0.2,102,4293.79164073718,1269815361.4396462
22,60,0.28154162096153246,0.6138068120480848,0.6206908422434436,0.679807446311519,0.2747673457762788,0.14566615715260964,1.0,1.0,0.4,0.0,0.2,105,4341.091473895596,37084535.30441598
22,61,0.279157258379668,0.5991970153797809,0.6037136430979566,0.6887377865095952,0.3540234975802474,0.1437009161089697,0.9581330976379923,1.0,0.4,0.0,0.2,106,4400.619910699281,1269738717.844318
22,62,0.27672686315338624,0.6074501269895762,0.6465764320069978,0.6935358464398492,0.3174779149121736,0.1444158693611142,1.0,1.0,0.4,0.0,0.2,109,4263.253350545138,1270610997.1393418
22,63,0.27367137835991734,0.5723391395162168,0.5945192049860502,0.7056612950341894,0.31054286689732813,0.14224944808069626,1.0,1.0,0.4,0.0,0.2,112,4311.472118649299,1270533118.4436357
22,64,0.27238235006163125,0.5641076321487408,0.5849824954966975,0.7116859761651,0.28302812748123635,0.1407242784067829,1.0,1.0,0.4,0.0,0.2,114,4267.033600366161,1271086086.0561604
22,65,0.2714974560608544,0.5616258046037536,0.5931070848362867,0.7295968940478588,0.30526499020077535,0.1414574608358467,1.0,1.0,0.4,0.0,0.2,116,4332.150453927162,1270496773.2086818
22,66,0.2725975343047249,0.5701272381231084,0.6139000079089412,0.7385310010978159,0.2725261820343837,0.14505038153873678,1.0,1.0,0.4,0.0,0.2,118,4237.821819294255,1270618309.2006445
22,67,0.27151931500657944,0.5794354441453948,0.6360564814150377,0.7486001918140817,0.2631864971314776,0.14253213983760354,1.0,1.0,0.4,0.0,0.2,119,4294.02963833101,1270986080.0993571
22,68,0.27203459643342054,0.5663242298651896,0.6094941794472206,0.7527959912047313,0.2760558727678701,0.1443424187789856,1.0,1.0,0.4,0.0,0.2,120,4274.022301138607,1270694556.2005112
22,69,0.27142302794725615,0.5699938612524339,0.6248786912598814,0.7674969121536783,0.2839266960408866,0.1442745679606991,1.0,1.0,0.4,0.0,0.2,122,4275.508990171486,1270597318.026779
22,70,0.26902696824795413,0.4917902520859004,0.4780167812910391,0.7269665847466529,0.4060246598424383,0.14218271666267107,0.905368939726778,1.0,0.4,0.0,0.2,123,4036.081407493125,1270000731.6089275
22,71,0.26835895017528333,0.4717071885593221,0.44342420202231814,0.725654797545237,0.31827961899673896,0.14201431563677025,0.9030547202186696,1.0,0.4,0.0,0.2,124,4128.796647369032,1270028646.1854997
22,72,0.2678285257405343,0.47976970621639,0.4640081322530391,0.7366400415681174,0.2759914037050531,0.14115305297745614,0.9086913401338768,1.0,0.4,0.0,0.2,125,4119.052790746167,1269975898.803911
22,73,0.26822732939966437,0.46698730482027945,0.43786272065250564,0.7290910710261262,0.27181608680836755,0.14249885406330903,0.9055952098976221,1.0,0.4,0.0,0.2,126,4101.224453689674,1270049259.0359883
22,74,0.2677272527933248,0.4648849056881731,0.4354667286977588,0.735932990879544,0.26263441998577863,0.14152979841232272,0.9057860043076232,1.0,0.4,0.0,0.2,128,4060.4315654064135,1270059631.7286625
22,75,0.27937068546048216,0.49570366915480024,0.49169459145765215,0.7665973904165309,0.28057109068884944,0.17119637922825567,0.9909543083455178,1.0,0.4,0.0,0.2,130,4096.6090262893085,1564119389.363789
22,76,0.27977617804231003,0.5002848914739477,0.5079922508022565,0.7902224409854899,0.32157912071129,0.17338613514062814,0.8969112690044009,1.0,0.4,0.0,0.2,131,4103.747001393266,1270412532.1890836
22,77,0.26636560438582696,0.47409981275341434,0.49044599176426923,0.795285463426276,0.34638404052290644,0.14358327482001854,1.0,1.0,0.4,0.0,0.2,133,4206.619759150242,1270037705.958496
22,78,0.2664560456609676,0.48432452353996275,0.5134772454175314,0.8032842941692651,0.26156286889789077,0.1439662119278287,1.0,1.0,0.4,0.0,0.2,135,4101.987676318076,1270064263.1343324
22,79,0.2657720830828712,0.4798422684800365,0.5083070866713699,0.8100996369335771,0.2851581262361019,0.14280261879468073,1.0,1.0,0.4,0.0,0.2,136,4107.209573070142,1270218829.6821215
22,80,0.2656514337585597,0.4779495155517361,0.5060936359811987,0.8217031191056916,0.27015818010050047,0.1427521799125788,1.0,1.0,0.4,0.0,0.2,137,4142.909476578874,1270413901.6733592
22,81,0.2653846975746438,0.47200200267917064,0.4991190899487774,0.8208775804093926,0.29901737439479104,0.14287658264711237,1.0,1.0,0.4,0.0,0.2,138,4169.497472619293,1270217775.4799955
22,82,0.2651473686824892,0.4701480149860386,0.49697294683371956,0.80910228132526,0.2689840212012533,0.14250590275851688,1.0,1.0,0.4,0.0,0.2,139,4146.542465669934,1268586729.2042224
22,83,0.26477563145590644,0.4678979404226295,0.494382602138401,0.8278046286074214,0.2616607192148041,0.1418485258165712,1.0,1.0,0.4,0.0,0.2,142,4156.017175985184,1268953872.559139
22,84,0.2645127755746309,0.5074014073749213,0.5849781984492686,0.7736427223933966,0.2930034773070649,0.14184852581657112,1.0,1.0,0.4,0.0,0.2,143,4246.618745957631,1268910981.4744484
22,85,0.2634262803797354,0.4440943548517513,0.45555145351121146,0.8292192572282147,0.3017861652393592,0.13994101987712865,1.0,1.0,0.4,0.0,0.2,144,4216.56143274659,1268875358.1041589
22,86,0.2623641669134785,0.43089073995590976,0.4401657819867141,0.8319476688185128,0.34414862957828074,0.13878486059473485,1.0,1.0,0.4,0.0,0.2,145,4192.970791351828,1269149852.393088
22,87,0.26161174178625457,0.45304741978434776,0.4994049221605888,0.9055557065599946,0.2664444588740288,0.13815866357132028,1.0,1.0,0.4,0.0,0.2,152,4292.547592065859,1269084176.1456344
22,88,0.26117600750153036,0.4621573087625334,0.5212185791962334,0.9128295591233291,0.26095257988804077,0.13725775409885438,1.0,1.0,0.4,0.0,0.2,154,4285.120177828045,1269094993.399436
22,89,0.26146064790467316,0.4491837451344734,0.4948766626125593,0.9169091164964469,0.2702727738293078,0.13820087411366233,1.0,1.0,0.4,0.0,0.2,155,4285.864671308844,1269106819.4723573
22,90,0.26074130320573013,0.4593300255882733,0.5179630898529007,0.9200697313573905,0.2570440006344713,0.13644044639969113,1.0,1.0,0.4,0.0,0.2,156,4291.952336553748,1269088325.1900706
22,91,0.26001142380408043,0.39604746329025303,0.4215246224256838,0.8893368097720209,0.40137841690129294,0.1387003129340243,1.0,1.0,0.4,0.0,0.2,158,3987.9694344624822,1269144482.3994184
22,92,0.25941507163431893,0.393518779551716,0.4296657286315842,0.9001866626356758,0.3032303566434804,0.13839229017416882,1.0,1.0,0.4,0.0,0.2,160,4067.141788345991,1269499214.726447
22,93,0.25932887152338197,0.3911842022817216,0.4269331199626865,0.9038513880582262,0.27112414049635863,0.1383648032463005,1.0,1.0,0.4,0.0,0.2,161,4103.52072487782,1269499203.1269398
22,94,0.2592403881637811,0.3848054834324597,0.41944079530495365,0.9111806151239763,0.2783023845194381,0.13867718532972367,1.0,1.0,0.4,0.0,0.2,163,4067.890021983844,1269499849.200621
22,95,0.2586686169690965,0.3712841134161192,0.39261027100070783,0.9098368549023199,0.2670994950884835,0.13738698975824476,1.0,1.0,0.4,0.0,0.2,164,3923.592176300896,1269168730.6596236
22,96,0.25906378868503854,0.3903832097973251,0.4370554337268873,0.9307527654708401,0.28213596233266824,0.13867718532972367,1.0,1.0,0.4,0.0,0.2,165,4104.4456711624025,1269482177.3236628
22,97,0.25823528410118657,0.36285564568158024,0.3827683541701792,0.9282723487973044,0.26251472067883197,0.13694998867604416,1.0,1.0,0.4,0.0,0.2,169,3935.4894842109143,1269162501.2375474
22,98,0.25824319712761334,0.3897152762308316,0.44743546680377383,0.9959054984923343,0.25987091210979224,0.13749823407479628,1.0,1.0,0.4,0.0,0.2,179,4407.751183548582,1268867123.8708243
22,99,0.25824495617859944,0.3795529290643689,0.4354801623527431,1.0148575114276133,0.29186215378535285,0.1382653662872905,1.0,1.0,0.4,0.0,0.2,181,4418.126432377369,1268972379.9994545
22,100,0.25722030249428446,0.3699274497333389,0.4243395660578275,1.0250323516181374,0.27513306814818334,0.1363213065572402,1.0,1.0,0.4,0.0,0.2,184,4330.334161686746,1268981805.3764007
22,101,0.2593413031469938,0.4214058055235512,0.5396477783673774,1.0435185177563768,0.26639434810959167,0.14208496177510227,1.0,1.0,0.4,0.0,0.2,189,4337.517071158325,1269632970.5837607
22,102,0.25912944430570245,0.42805581410348886,0.5585344454365504,1.0796894372898547,0.2606368782500802,0.14184858053575564,1.0,1.0,0.4,0.0,0.2,197,4291.469993448263,1269739867.4527044
22,103,0.2611124208406533,0.4335265892855056,0.5756495794577696,1.0990827763266084,0.3142303818238681,0.1473121561390398,1.0,1.0,0.4,0.0,0.2,198,4273.370722527894,1269885595.393888
23,0,0.863533444071922,0.9672426328065196,0.9126589494562481,0.009755954771016385,0.0,0.0,0.0,0.0,0.4,0.0,0.2,1,2901.76782291691,7282.54215610486
23,1,0.8604642868568263,0.9810827139112968,0.9254712967493494,0.03244106089015558,0.04079846457850885,0.049552886283390066,0.00010951626075884999,9.980891620816e-05,0.4,0.0,0.2,3,2917.810054968196,7081.3110484834615
23,2,0.8036091022311173,0.9578999143210454,0.9001225012450563,0.023059885118718683,0.09764059756104042,0.02249569119062158,0.01486241837744479,0.0015383683566194,0.4,0.0,0.2,4,2885.783276614565,7129.751453895372
23,3,0.49161109531399966,0.875286400274474,0.8087511550944306,0.04718906533337423,0.9299018645605387,0.06070964506409211,0.10015612409869298,0.09127844695056642,0.4,0.0,0.2,5,2526.4911586319804,4759.167487541356
23,4,0.3689057216953626,0.8118491902459862,0.7301003057511192,0.07216945567943328,0.37817069731884156,0.08952250538767217,0.16449223546866446,0.16064090125235989,0.4,0.0,0.2,7,3193.7327261341243,2589.346187250356
23,5,0.3368666463102767,0.7898377378201925,0.7008908546622612,0.09032553871106096,0.2347221749405981,0.10936507244109597,0.1743898689090888,0.22104928314142755,0.4,0.0,0.2,9,2734.268182769158,5110.3780297754
23,6,0.33010664773038434,0.7837583489683334,0.6937639922999291,0.09892415223762613,0.10936316777484772,0.1093599245558863,0.1744966877754041,0.2212482360831848,0.4,0.0,0.2,11,2718.5656559888475,5166.645237218871
23,7,0.32163899614242786,0.7760745779589422,0.6841013210365562,0.10303205496545731,0.17255274515539007,0.1093351220170399,0.18250892428280296,0.2406531185423934,0.4,0.0,0.2,12,2762.849886336116,5099.779348857142
23,8,0.3191469223314245,0.77367453923893,0.681246192120484,0.11163406647659933,0.10140135522162873,0.10996297199349163,0.18259652622515496,0.24068289903735982,0.4,0.0,0.2,14,2725.2532532200894,5037.843900801747
23,9,0.3044232396102018,0.7707079987003445,0.6910051956777723,0.09749971705280377,0.09429157501397054,0.11253644563628004,0.1506851934475754,0.172715141369842,0.4,0.0,0.2,15,2353.455599492722,4524.796539158163
23,10,0.2802444477884488,0.7457976492419143,0.6629156862240404,0.09416911952971618,0.13685190320599763,0.09920634183763528,0.1550253147797165,0.1676420973301241,0.4,0.0,0.2,17,2613.3983368940458,3824.856772645616
23,11,0.25413624832227233,0.7299992379747983,0.658518781309778,0.09238422890574773,0.11961954836723188,0.07512093910375056,0.1879864324279928,0.12748616877582614,0.4,0.0,0.2,18,2503.543982144697,2769.9429507547707
23,12,0.2582865814342627,0.7212510726089212,0.6343633635198767,0.0974649745907808,0.17084962632214132,0.094974480317878,0.16291678806275073,0.1703248230104481,0.4,0.0,0.2,19,2471.6783245902247,3850.355099699008
23,13,0.2658578020013612,0.7283065617230521,0.6409431011750876,0.1129375369059241,0.10066779470409495,0.10344039838816546,0.20004486500452537,0.20256046703098063,0.4,0.0,0.2,20,2416.67366998456,4149.332158412556
23,14,0.24495955721119622,0.7071274947517205,0.619473797740139,0.10386839405916828,0.07425658456949014,0.057579299151310936,0.4254548943879792,0.1968612006028076,0.4,0.0,0.2,21,2298.38658948412,3532.220826201145
23,15,0.24387622693596536,0.7021703397000012,0.6112694314368115,0.113483732734205,0.20880790640024535,0.09878528313977022,0.20795596794587765,0.18446941873865214,0.4,0.0,0.2,22,2433.4320062811803,4062.233070334245
23,16,0.2392330424625032,0.6943995499569389,0.6014198293995838,0.12466030067126163,0.16554734175083408,0.08048072247959401,0.45052402309726014,0.24291709278513984,0.4,0.0,0.2,23,2203.2406280868936,2583.566128793494
23,17,0.23696591205929912,0.6889542543832432,0.5941272529175841,0.13643240889882294,0.12378680017711827,0.07453707197963541,0.6574789893683817,0.28151217909892634,0.4,0.0,0.2,25,2084.3643380694584,2815.540590287409
23,18,0.23574074515359034,0.6871031155876288,0.5919351951037073,0.14454510328464762,0.09320850125767607,0.0741230979492252,0.6614460002012847,0.28303714859410734,0.4,0.0,0.2,27,2104.2032554754,2806.170907829064
23,19,0.21472846322898642,0.672344942582526,0.587678795163067,0.1275290459152963,0.17679327836246927,0.09246941686176777,0.2597849659977558,0.18948428917377863,0.4,0.0,0.2,28,2855.7271054637413,3321.7522601600417
23,20,0.21347088613480986,0.6702842236578225,0.5852400072685172,0.13797731388794132,0.08273833077701942,0.09279501104242624,0.25985968218663896,0.18956613838768505,0.4,0.0,0.2,30,2848.4581529154484,3403.4321901293742
23,21,0.20698787639435734,0.6488170533461165,0.5490720391300983,0.13764909517282362,0.14403868238227754,0.07600890831741287,0.3156933938589623,0.22146813728874126,0.4,0.0,0.2,31,2928.476667304073,3435.8952881007995
23,22,0.20288428818712875,0.6531530070251169,0.5652349563072284,0.15279678791391055,0.12254119585031362,0.08734938194105972,0.282819547314506,0.1987082692577074,0.4,0.0,0.2,32,2841.456639674728,3410.282264431451
23,23,0.20284314382703758,0.6528727630884557,0.5648555768123871,0.16111451703227173,0.07902176389507264,0.08757579777443833,0.2837558696434055,0.1997469422016995,0.4,0.0,0.2,33,2840.1418312045,3596.5789245042315
23,24,0.16426065353505234,0.6178018826923828,0.5397670226809849,0.12872629295706248,0.16941716960725892,0.052315500130274105,0.40265092514585926,0.12701006570858442,0.4,0.0,0.2,34,2621.3175625348617,25664.760818467632
23,25,0.1577761560462866,0.5951762229161186,0.5023450188234515,0.1327830516550636,0.08201325632074377,0.049818989930082706,0.44343806721076306,0.12732544871180126,0.4,0.0,0.2,36,2650.1353672799187,26323.69412647141
23,26,0.16873443046066589,0.6265174566354703,0.5589762556668492,0.15074743512678374,0.08747839321882675,0.0661170649926186,0.4157676066332881,0.16015309019158813,0.4,0.0,0.2,37,2519.366500032581,26888.565108021307
23,27,0.16569984005786473,0.617300211497388,0.547667469814294,0.16625503740064004,0.14676613427099106,0.06571650487250195,0.4279693292839177,0.1759331894311436,0.4,0.0,0.2,38,2446.402082703399,18268.65506780285
23,28,0.16677493771484903,0.6178190662973193,0.5480033238801004,0.17401697763567403,0.06679173744080044,0.06733855527777123,0.43052325990226575,0.18062515757107508,0.4,0.0,0.2,40,2441.601516627132,18408.149345047023
23,29,0.15918192018027227,0.5735546494686465,0.4732844295204952,0.18205200889974812,0.158033163041216,0.07019765307764883,0.4457979681258033,0.19565221829536447,0.4,0.0,0.2,42,2861.1881490026303,11158.917376609768
23,30,0.15669688245641455,0.5639492875725423,0.4615969368862944,0.1897554914750612,0.11220814454,0.07058225511506785,0.46870825707145614,0.20764530128938002,0.4,0.0,0.2,44,2909.0541975041087,10989.696215846594
23,31,0.1514524386580087,0.5684260827592993,0.4786501827726359,0.19319270962596144,0.0828058754910716,0.06931871230198396,0.4366593588323813,0.18891588984104116,0.4,0.0,0.2,45,2970.396951588559,16995.731371783215
23,32,0.15146079527958467,0.5684112589253058,0.47862874793351257,0.19967320265725255,0.06566857343720464,0.06942354229452212,0.4338519798295655,0.1888244460778889,0.4,0.0,0.2,47,2936.479442925435,16696.35830028644
23,33,0.15128899047568667,0.5678138716191163,0.4779101763530181,0.20940904407463817,0.07058524667253382,0.07059399084616104,0.4369435293966978,0.18703301918258264,0.4,0.0,0.2,48,2933.951653741462,16904.763734035958
23,34,0.1631863013030438,0.5736880069842606,0.4820962071335926,0.22904732782823548,0.1502333745271097,0.07028946912748156,0.46913995680604287,0.2663010343838656,0.4,0.0,0.2,49,2977.598298796601,17124.338759341226
23,35,0.16321230835110775,0.5727197982881385,0.48085383472082605,0.2361640605189092,0.08759607089896425,0.07031831418715948,0.4719483999000251,0.26940601755849614,0.4,0.0,0.2,51,2996.387449941721,17104.862197604965
23,36,0.16261050488639578,0.5685766145469865,0.47574312708032807,0.2437855221897939,0.10325338775436252,0.0728658612991139,0.4622477242207975,0.2718435173419814,0.4,0.0,0.2,53,3014.2380813832474,16681.919313983475
23,37,0.2999573051126637,0.6904276027886456,0.5935111271123601,0.38300871479602167,0.3960395349452397,0.0730181188736272,0.7521269600551648,1.0,0.4,0.0,0.2,54,4048.993978082393,7790.983180144249
23,38,0.29920929630674087,0.7003372048176795,0.6162712779417809,0.3858789659174323,0.23573971934339027,0.0719700290547684,0.7614110677259974,1.0,0.4,0.0,0.2,55,4088.396909989247,8556.997507696336
23,39,0.2872719175511289,0.6648599790274055,0.574995776769879,0.3878412449021277,0.34490617903681725,0.0679199238428746,0.762779684455228,1.0,0.4,0.0,0.2,57,4297.850399855328,10019.309827829453
23,40,0.28711314923789033,0.6632478061352232,0.5730386416989662,0.3972091242810285,0.23451267304768092,0.06892611440809487,0.7499282014667619,1.0,0.4,0.0,0.2,59,4236.458073576373,9012.113046646651
23,41,0.2863396769037604,0.6726434197367306,0.5951884037161012,0.402499841683038,0.2372424826242548,0.06799966635312252,0.7623184877194201,1.0,0.4,0.0,0.2,60,4256.717540060554,10094.891214017807
23,42,0.28615460318094305,0.6621401880632412,0.5822621222862525,0.40924149243494495,0.28026767657477525,0.07711249315030297,1.0,1.0,0.4,0.0,0.2,62,4306.517842850912,9080.856975390378
23,43,0.28467929107456535,0.660681748329472,0.5807892440537517,0.4112904410101922,0.2321899196042985,0.0736788175709251,1.0,1.0,0.4,0.0,0.2,63,4324.223136790902,8422.030167801544
23,44,0.2843135225996526,0.6549705676944859,0.5738627662398109,0.41538261251620445,0.27828106975019345,0.07714102770760586,1.0,1.0,0.4,0.0,0.2,64,4394.802223071406,9208.079483735488
23,45,0.27813078150542203,0.63275925216073,0.5480288280098202,0.4157709000237464,0.3775203916499618,0.07449556857988748,1.0,1.0,0.4,0.0,0.2,65,4579.849579823477,9486.583641167335
23,46,0.27721702046665164,0.6267783840192676,0.5409243451446082,0.42254017383518083,0.2532915435412051,0.07594618785875508,1.0,1.0,0.4,0.0,0.2,67,4758.278454042921,8808.898730355662
23,47,0.2767881012712682,0.637093914212624,0.5641388928102788,0.4378279443531482,0.23147924490554636,0.07520897091637813,1.0,1.0,0.4,0.0,0.2,70,4572.028429240609,9458.222195486953
23,48,0.27421733649210844,0.6139760946426736,0.5259747383606987,0.4347039130649335,0.31349858538396136,0.07528685917583157,1.0,1.0,0.4,0.0,0.2,71,4613.687398406064,8933.682521216699
23,49,0.2714785246433196,0.5994323688213608,0.5088871168022737,0.437043684434522,0.33417161971830595,0.07606323467705765,1.0,1.0,0.4,0.0,0.2,72,4597.880725598819,8838.997357471622
23,50,0.269268272804151,0.5895946272573871,0.49742785680857193,0.4425968665869092,0.26312307764890724,0.07514023856523379,1.0,1.0,0.4,0.0,0.2,74,6717.70863261531,8763.41443369944
23,51,0.26709603937195636,0.5908666958706943,0.5100672914922955,0.46141387725445177,0.24298792101738798,0.07415399809814063,1.0,1.0,0.4,0.0,0.2,79,4643.567072681705,9185.077139179011
23,52,0.2665197497851173,0.5891014491867468,0.5080531429028088,0.46783002155462977,0.23441119311655428,0.07337217358719117,1.0,1.0,0.4,0.0,0.2,81,4536.512284986569,9678.000463122053
23,53,0.2632700252350566,0.5625185973880305,0.4766541629357102,0.49424649045576996,0.26362636891087077,0.07722260547851514,1.0,1.0,0.4,0.0,0.2,87,5591.045805002366,208971675.350408
23,54,0.2612452202355462,0.5649388080088114,0.4907015888044369,0.5030455990806004,0.2581301234788462,0.07530873715821444,1.0,1.0,0.4,0.0,0.2,89,5710.406174460857,208945559.28627244
23,55,0.2608324341504625,0.5619633093515535,0.4872077442725665,0.5097568702376534,0.24074344073917403,0.07543603742011513,1.0,1.0,0.4,0.0,0.2,91,5695.395788278201,208927797.9199001
23,56,0.2579552113068957,0.5346261039801842,0.4442085536845416,0.504117037150513,0.28385905993007876,0.07395521739304942,1.0,1.0,0.4,0.0,0.2,93,5646.78809352149,208964084.4221044
23,57,0.2586495822926661,0.5675157406407458,0.5158171030269687,0.5826570847522761,0.23146914396828222,0.07627378418895064,1.0,1.0,0.4,0.0,0.2,105,4843.740325199455,16193.303725465676
23,58,0.25769791479972876,0.561311844685269,0.5085652520034252,0.5856361744038663,0.2739771231964759,0.07606154654737698,1.0,1.0,0.4,0.0,0.2,106,4807.019313813634,15830.964391852374
23,59,0.25687547352728524,0.5567735724372163,0.503293786213133,0.5885631577583349,0.25925513501988207,0.07541911678003907,1.0,1.0,0.4,0.0,0.2,107,4776.847067096368,16302.51246871475
23,60,0.25633047803694187,0.5500864722532761,0.4953941896395007,0.6100410061232056,0.2800308166255031,0.07640177873001013,1.0,1.0,0.4,0.0,0.2,108,4812.735594655011,16036.660508346216
23,61,0.25511726793072426,0.544874078837351,0.48938980610500465,0.5979306490340917,0.24126371250577847,0.07493228930281105,1.0,1.0,0.4,0.0,0.2,111,4159.620114543662,17074.51596923294
23,62,0.253952346055555,0.5345494286615476,0.47727797958427587,0.6116691004957195,0.3015322347990737,0.07520903641952124,1.0,1.0,0.4,0.0,0.2,112,4733.3462290962925,16104.06857645126
23,63,0.2531883679386673,0.5292129615457704,0.4710511909745008,0.6142948174083686,0.24809905367433321,0.07486461217818734,1.0,1.0,0.4,0.0,0.2,114,4146.701430646519,16910.37402868414
23,64,0.250440858917006,0.5038029294616442,0.44126827069266533,0.6227722327901495,0.2894625115076651,0.07517393888886853,1.0,1.0,0.4,0.0,0.2,117,4436.107032456217,17581.74883231959
23,65,0.25043806894052945,0.5149811205088164,0.46544278731059924,0.6489284601403837,0.2301625396718875,0.07517393888886857,1.0,1.0,0.4,0.0,0.2,119,4435.807657304106,17582.840396159463
23,66,0.24827352162316918,0.5045776505826898,0.4643346855916877,0.636070640145644,0.3812163936442632,0.07524124168229342,1.0,1.0,0.4,0.0,0.2,120,4196.887005988468,17115.333990306324
23,67,0.2482735216157766,0.5045776506299979,0.4643346856389958,0.6356746526096615,0.23009885512890904,0.07524124180056374,1.0,1.0,0.4,0.0,0.2,121,4196.8870071563815,17115.333986195554
23,68,0.24836034294927786,0.5035074616641724,0.4630453451997237,0.6434250174032243,0.2392223136767369,0.0757653754831171,1.0,1.0,0.4,0.0,0.2,122,4256.49073727983,17125.63138918295
23,69,0.2454009016826285,0.4975891745852797,0.46745157347571975,0.6630595531868451,0.33910021038750543,0.07202295905192242,1.0,1.0,0.4,0.0,0.2,123,4563.850172402663,17825.418608013133
23,70,0.2447007671497809,0.49032526202923543,0.4589557077232371,0.6697079189148613,0.25373256424429674,0.07184696421568733,1.0,1.0,0.4,0.0,0.2,125,4535.835736529822,17797.52814438789
23,71,0.2437538481335283,0.46807270256800637,0.42181502001261695,0.6756302130813165,0.3048236947264372,0.07178211510415114,1.0,1.0,0.4,0.0,0.2,126,4522.124536518944,17649.69740167074
23,72,0.24370267951997965,0.46609733200755354,0.41948051781637785,0.6828856384265778,0.23616537322507614,0.07208504183806455,1.0,1.0,0.4,0.0,0.2,128,4579.453310467943,17819.520580544355
23,73,0.2398742485420387,0.4476123412809867,0.42013564191525987,0.6902742971525365,0.5077705394162172,0.07000669886912889,1.0,1.0,0.4,0.0,0.2,129,4747.235438869533,29931.297936001305
23,74,0.23783950638735113,0.4114043602043771,0.3667213993307233,0.7093471719337259,0.2561446540186984,0.06889321198058604,1.0,1.0,0.4,0.0,0.2,135,4413.177035014863,15715.185448834492
23,75,0.2366054590963156,0.3884362564733871,0.3288347975506636,0.6988707969811971,0.2661751579735182,0.06748358324392674,1.0,1.0,0.4,0.0,0.2,137,4428.569714774164,23477.3097640798
23,76,0.23643724525529786,0.39671317498686526,0.34961074162811845,0.7259420661729983,0.23714463102164846,0.0674835832439267,1.0,1.0,0.4,0.0,0.2,139,4441.667547279473,23417.3990001406
23,77,0.23649659460598293,0.395799783905464,0.3485206502249206,0.7296575675698147,0.23431531894447238,0.0677799642636669,1.0,1.0,0.4,0.0,0.2,140,4445.726608426453,23463.626717817227
23,78,0.23545401480380387,0.3982401869457921,0.3625605700891116,0.724631849719519,0.28367510635806104,0.06632304578709926,1.0,1.0,0.4,0.0,0.2,141,4602.902012584624,23336.935502271088
23,79,0.23509011872480579,0.39378708730956824,0.35736665466089756,0.7314892807614206,0.2415063191501131,0.06600424725266743,1.0,1.0,0.4,0.0,0.2,143,4543.610169566567,23156.10338182157
23,80,0.2348488940891416,0.3927274926919075,0.3561588761786517,0.73860189845535,0.22923389146189066,0.06551839274932579,1.0,1.0,0.4,0.0,0.2,145,4594.508247144937,23077.62313571404
23,81,0.2353960596605838,0.39318971535844854,0.3566057387823987,0.754821576761298,0.22697088079000136,0.06689834070621892,1.0,1.0,0.4,0.0,0.2,148,4496.401058456317,17945.103075764684
23,82,0.23527902812636553,0.3785206028175812,0.3283304330914036,0.741571511478301,0.25151815285023754,0.06707830267648635,1.0,1.0,0.4,0.0,0.2,149,4511.322220404983,17901.260917129774
23,83,0.2347846641734512,0.3874744296279514,0.3499672336466719,0.7614380785436503,0.23938001950425575,0.06608728099583315,1.0,1.0,0.4,0.0,0.2,150,4421.831391754333,17938.206228168652
23,84,0.2346541453017994,0.3736593286046768,0.322703338284721,0.748095418702956,0.24472099590732355,0.0661032227090012,1.0,1.0,0.4,0.0,0.2,151,4436.296943903168,17894.11531266447
23,85,0.23459174515956918,0.371872239433531,0.32060485961516305,0.7552850655516101,0.23282716838822604,0.06618273585744343,1.0,1.0,0.4,0.0,0.2,153,4499.926671447369,17928.685677815785
23,86,0.233588904910501,0.38549381071194644,0.3588231755478396,0.7904941164654524,0.2831417308561017,0.06471402681897422,1.0,1.0,0.4,0.0,0.2,154,4529.958119019718,20527.3264589628
23,87,0.233300950043193,0.3688094859092534,0.32820318489274997,0.7852529550659091,0.2640637293235165,0.06466605257990306,1.0,1.0,0.4,0.0,0.2,155,4466.607429709527,20882.64545279388
23,88,0.233191837450815,0.3658870597628463,0.32477462363736886,0.7801525600966193,0.236184878710086,0.06474823073442651,1.0,1.0,0.4,0.0,0.2,157,4619.778097457909,20613.746013917094
23,89,0.2328158217844478,0.3610660869035176,0.3191545181492952,0.7955828926210409,0.2583311685689936,0.06436115381034012,1.0,1.0,0.4,0.0,0.2,158,4494.3046820422,20868.183017983032
23,90,0.23280893674080658,0.3942024436166761,0.39120818807434754,0.8514123228017851,0.22614500337524235,0.06440165938376938,1.0,1.0,0.4,0.0,0.2,167,4394.908276500246,20192.027793267494
23,91,0.23264329358560318,0.40828201028444877,0.42982339562073923,0.8717540836711415,0.25587322885623176,0.0649699476250899,1.0,1.0,0.4,0.0,0.2,169,4513.956961889006,20410.42691504885
23,92,0.23263286453847842,0.4010916215547845,0.42134640562772385,0.8790889097661438,0.25254033226476535,0.0657761679371471,1.0,1.0,0.4,0.0,0.2,171,4654.636941371505,20284.379781063988
24,0,0.9098861010082387,0.9789142282456921,0.9263293539949745,0.010830155086930415,0.0,0.0,0.0,0.0,0.4,0.0,0.2,1,2124.762773842159,7561.0999227386
24,1,0.9107889217937223,0.9983548448342789,0.9447189697492726,0.03923933829374748,0.047009694470492205,0.06389142973715653,0.00011585981085181999,0.0001049844790755,0.4,0.0,0.2,3,2125.0724512960232,7409.764541602327
24,2,0.78356292639266,1.036336367131343,0.9849791522461881,0.1395170136052441,0.5522246597862912,0.07703419928644448,0.4765258763419011,0.42074013951917644,0.4,0.0,0.2,4,3472.168471073611,3168.487863438701
24,3,0.6006505466655719,0.9295988321742653,0.8709696570164293,0.07492769156708415,0.3546755499823167,0.10052458384203529,0.20769162695064153,0.05238346872839154,0.4,0.0,0.2,5,3174.280647310344,3475.206629698677
24,4,0.6359028815403913,1.0043577909936356,0.9548331058678373,0.17108805706200259,0.2127341817278769,0.047127991915009895,0.5392218161582594,0.590703692733532,0.4,0.0,0.2,7,2086.229233515346,7172.404352237817
24,5,0.5025072615467906,0.9009047138825044,0.8467715918954017,0.09207326201073449,0.24841998348880162,0.07579203710305508,0.17377031367324464,0.1506569442578347,0.4,0.0,0.2,8,2575.809304881218,4339.3835071032345
24,6,0.49614943245753634,0.9070991284949628,0.8506510363968549,0.11448087194299082,0.12734819792263938,0.06082130578755607,0.2921977602827285,0.2791588463098685,0.4,0.0,0.2,10,2003.178843468933,3509.8380832873945
24,7,0.44393379699132096,0.8666102728891775,0.8077013219824319,0.09360602840906723,0.10431161736558349,0.05952317797288855,0.2006300840535748,0.151160487729382,0.4,0.0,0.2,12,3075.88588385145,4317.883892962733
24,8,0.42717461950384616,0.8673164450513521,0.8038283640728925,0.1253518984624341,0.1747748499059764,0.06268725866990998,0.3189400736557034,0.28205252616640586,0.4,0.0,0.2,14,2051.999193033173,3925.2938733750425
24,9,0.42218125689910524,0.8640581642897252,0.8000270191629504,0.13465671609716123,0.09247260546335759,0.0622779984087227,0.31949744305134226,0.28243491776425145,0.4,0.0,0.2,16,2014.7685416642091,3828.480083862664
24,10,0.44032605558952326,0.8832074401890417,0.8188511899636426,0.1555291553538054,0.11569994943676504,0.09280766659618248,0.3045320684039184,0.3266130713578074,0.4,0.0,0.2,17,2704.533712361862,3213.276585285556
24,11,0.41783681718253823,0.8611280172203502,0.7966376472384714,0.13959936176545953,0.0866293083403451,0.06158925238429173,0.31926044496548706,0.28256873351705003,0.4,0.0,0.2,18,1972.5917560835364,3739.965645991417
24,12,0.4070022714057428,0.8600266517805393,0.7918021574822064,0.1628646388968671,0.2541434806709265,0.08326029517493812,0.31475277769901416,0.342738940156893,0.4,0.0,0.2,19,1922.5599836545207,4018.1435225425967
24,13,0.3538453717616402,0.8198883727736921,0.7638036725086497,0.11887343543356217,0.09062004273515047,0.07237253362573756,0.2015883319978118,0.13293314945925222,0.4,0.0,0.2,20,2704.954456697657,5175.635439788845
24,14,0.3343446930025341,0.8153802080062851,0.7702094918760061,0.12173465501510006,0.09456367915920307,0.06329808277779769,0.26182589013682567,0.13343765898368248,0.4,0.0,0.2,22,2858.118370957407,5368.053532739015
24,15,0.37986738487014293,0.8391524626055537,0.7675648499166562,0.17012319565731276,0.11761204759480254,0.08820881178533117,0.3289139207394256,0.3266628801538002,0.4,0.0,0.2,23,2800.261044025109,3286.968822367134
24,16,0.32675924508079013,0.8105935945012261,0.7634479454472506,0.13506442691012882,0.12227663792761209,0.06456428850097236,0.3099621357821496,0.1646326208533073,0.4,0.0,0.2,24,2911.4274315481844,4225.716803496764
24,17,0.34390281220905283,0.8083509487007751,0.7320494770304392,0.17288801152460995,0.22613259112725748,0.07203804514732536,0.33912057959084063,0.34262008280827205,0.4,0.0,0.2,25,1950.739266030728,4095.9942438633343
24,18,0.3390396525382828,0.8039340001602547,0.7269052073858979,0.1801638750723479,0.11200031727251136,0.07156725488653072,0.33920293671019836,0.3427133123640205,0.4,0.0,0.2,27,1910.8749132386224,4015.362645101524
24,19,0.3253457201660654,0.8133617817847008,0.7605318991132284,0.18468965260029865,0.1314025340594681,0.06534362579824717,0.3844005297617791,0.34287211668803746,0.4,0.0,0.2,29,1929.7773236377568,4351.8568708322255
24,20,0.3988704026235363,0.8759178028330208,0.8095883138545594,0.28738984671385626,0.19258810316516933,0.0696756088830059,1.0,0.7175787638803063,0.4,0.0,0.2,30,3030.90259175656,3147.6227673862336
24,21,0.3679493845305398,0.844716400237965,0.7751157720665707,0.27703197927055956,0.2923397130975329,0.06266189017338579,1.0,0.6711043956981496,0.4,0.0,0.2,31,1947.2997493241,3990.799663120548
24,22,0.3718076053856098,0.8482739618196886,0.77756824213487,0.29205863258525966,0.21536627822091942,0.0582469690633306,1.0,0.7299873763467015,0.4,0.0,0.2,32,2074.3618603292057,3947.634490449981
24,23,0.3541728242494092,0.8412447033431346,0.7825502558776185,0.2820974408995084,0.19668458175954448,0.05641853841642872,1.0,0.6713564295779127,0.4,0.0,0.2,33,1987.8064659541956,4081.244409170578
24,24,0.3636693915649325,0.8389785356931873,0.7666243479358099,0.2914716367892255,0.19549100648802345,0.058398948397744156,1.0,0.731332876216541,0.4,0.0,0.2,34,1971.60673327024,4283.141655469237
24,25,0.3483157333088024,0.845673033406054,0.7988186540676188,0.29016065221886633,0.17731056184286936,0.05641853841642872,1.0,0.6713564295779136,0.4,0.0,0.2,35,1907.3615597643125,4314.771028777709
24,26,0.3409874446161079,0.8239444079686928,0.7604533011738985,0.3051365206418917,0.3195227692352911,0.05800069671318817,1.0,0.7217364461284135,0.4,0.0,0.2,36,2763.4335621405107,3857.673794860414
24,27,0.34360618920452446,0.8371354153869958,0.7864648102180695,0.3111192665134514,0.1742907102291605,0.06165135799705691,1.0,0.7296213106084026,0.4,0.0,0.2,37,1885.304835655492,4166.252583981286
24,28,0.2673973613572392,0.7587186811628489,0.7063887208111657,0.24150593677252757,0.16966203654539672,0.06315716173359393,0.5522901751386133,0.3829731801722561,0.4,0.0,0.2,38,2162.687263041805,5068.35642231932
24,29,0.3312113956830093,0.8222373047319756,0.769665391773435,0.3152549904407719,0.17717008931983952,0.055948242015571456,1.0,0.7220475478681699,0.4,0.0,0.2,39,2842.867339898271,4040.5802604877927
24,30,0.3290399137277958,0.8302621840043092,0.7900624764778571,0.3212131025084398,0.19228703049780438,0.055346092724168294,1.0,0.725699021776965,0.4,0.0,0.2,40,2638.371296046332,4273.116257511348
24,31,0.32731229788575295,0.8159927924216609,0.7619534293685534,0.3380754315207859,0.20323224428010792,0.05848736335724475,1.0,0.7285905207071274,0.4,0.0,0.2,41,2074.2996872902618,3423.651193901046
24,32,0.3015604994664366,0.78765864685335,0.7396491523081414,0.33303366335234297,0.312816749816196,0.0635761726783778,1.0,0.7242369202615178,0.4,0.0,0.2,43,1888.486144379227,5159.832052364252
24,33,0.29171896079008297,0.773210994496664,0.7232276420702047,0.33518048299211184,0.24987645486630827,0.06021302537999203,1.0,0.7163520557815295,0.4,0.0,0.2,44,2120.1319413927718,5078.997340700645
24,34,0.2837481011286962,0.7462011494053162,0.6802942867853059,0.3409244920310665,0.2859788808374385,0.05783859187681843,1.0,0.7274122266039453,0.4,0.0,0.2,45,1768.3471057134946,4946.752135081722
24,35,0.27998847755306266,0.7500464895248113,0.6958798865226314,0.3462594809109049,0.1938324316714303,0.057838591876818425,1.0,0.72741222660394,0.4,0.0,0.2,47,1649.7539807739013,5196.119134072264
24,36,0.33128179201534147,0.8010923060506898,0.7467942131165007,0.4078576400469604,0.2275319345906241,0.06281449028889653,1.0,0.9765251075354842,0.4,0.0,0.2,48,1827.8201462815755,5221.771234692727
24,37,0.327391053451883,0.8042717804020747,0.7615939847539335,0.41326156906784384,0.24782483310397618,0.0629301586984029,1.0,0.9764734942479871,0.4,0.0,0.2,50,1753.2726048093282,5488.95606145105
24,38,0.328700076777232,0.8010633253645931,0.7568926865790964,0.4150976664677484,0.28668934295757187,0.064938222954011,1.0,1.0,0.4,0.0,0.2,51,2032.4149413878647,2251706.113617857
24,39,0.27030453797051734,0.7307662365016923,0.6733667710660771,0.3638649368270256,0.17056282762497227,0.05684577873601737,1.0,0.7273828305750003,0.4,0.0,0.2,55,4065.8713891843263,4609.275521499641
24,40,0.3093048518035739,0.7896200366326902,0.7767478280982412,0.5143490249182598,0.24383755803148682,0.06474691415831008,1.0,1.0,0.4,0.0,0.2,72,5971.132478234996,4046591236.619052
24,41,0.3061433154828962,0.7806317816090305,0.7661269466224119,0.5279187625833295,0.2435118619783938,0.06611047836240612,1.0,1.0,0.4,0.0,0.2,76,7176.075448750084,4046585226.72796
24,42,0.2955256207131318,0.7617777489409807,0.7551790974824462,0.535295405164121,0.32969279738009205,0.06533036319814146,1.0,1.0,0.4,0.0,0.2,78,5881.393083869864,4046584392.120556
24,43,0.29490296970028024,0.7597842994570163,0.7528442233579091,0.5456173893782872,0.23285198274701446,0.06533036319814145,1.0,1.0,0.4,0.0,0.2,80,6142.237978822505,4046337963.655789
24,44,0.29423802731371196,0.7470130918712306,0.7268446706795995,0.5451306572895049,0.2352122409039956,0.06473933592863446,1.0,1.0,0.4,0.0,0.2,81,6048.518921682717,4046439201.283094
24,45,0.2918914239060153,0.7496095443370776,0.7408867130801737,0.5413745189386072,0.28905188315023883,0.06591859098117964,1.0,1.0,0.4,0.0,0.2,82,6124.252928889689,4046323597.309185
24,46,0.29164811759103226,0.7489670227028056,0.740143734050299,0.5552862516761148,0.2305647657269114,0.06577830999369903,1.0,1.0,0.4,0.0,0.2,83,5982.2671444762045,4046401671.029397
24,47,0.29059924017909466,0.7438409294948269,0.7340182320943804,0.5624591353498756,0.26758753877195696,0.06755534945059957,1.0,1.0,0.4,0.0,0.2,84,6260.037889952151,4046190521.395648
24,48,0.2879049167717743,0.7465645290012421,0.7483395329972837,0.5650630100295582,0.2839314049037409,0.06683206685816845,1.0,1.0,0.4,0.0,0.2,85,6240.967104392025,4045969318.487512
24,49,0.28642807338513043,0.7325568703787595,0.7209933079483544,0.5569343645245544,0.233761740558971,0.06475441657727987,1.0,1.0,0.4,0.0,0.2,87,5895.431624514428,4046590008.611654
24,50,0.28283590648818935,0.7279370060543118,0.7265021558121969,0.5776989880478957,0.2844416622464162,0.06712086248751345,1.0,1.0,0.4,0.0,0.2,89,7651.388029843653,4045944680.107667
24,51,0.28222080331192545,0.7252493782249092,0.7233325934928545,0.5951619578603109,0.2335260193554744,0.06743699413743084,1.0,1.0,0.4,0.0,0.2,92,7775.042848452518,4045961843.3479815
24,52,0.27476564207304505,0.7077041330660583,0.7034705248805317,0.5969782406396282,0.31745984216232137,0.057395418786523024,1.0,1.0,0.4,0.0,0.2,93,4956.155075461031,676915.8325452679
24,53,0.2739515054804549,0.6932450008481128,0.6754538300590944,0.6031826604146843,0.2460825589920509,0.057386126142203196,1.0,1.0,0.4,0.0,0.2,94,4999.194611445635,676936.070335693
24,54,0.27329063321934877,0.7022475079045136,0.6971123389708636,0.596298675211138,0.22957648970625716,0.056913443395905816,1.0,1.0,0.4,0.0,0.2,96,4878.408501855154,678283.6769945321
24,55,0.2755955723502268,0.6778191667868023,0.6457110083474509,0.6068981758983503,0.2660658731153993,0.06605099240992195,1.0,1.0,0.4,0.0,0.2,97,8453.617642612677,3532952289.672765
24,56,0.2705529487736759,0.6903706236911701,0.6831908640300262,0.6098676426124906,0.2665715319594367,0.057069548624261335,1.0,1.0,0.4,0.0,0.2,98,4991.18351734057,677161.2650288658
24,57,0.2700730114957745,0.6992217682942776,0.7046272583378326,0.6500317383551022,0.22501495094526663,0.057245958149415556,1.0,1.0,0.4,0.0,0.2,106,5159.614469870538,675341.6087795502
24,58,0.26804079623852795,0.6779195528461317,0.6685520452972478,0.6347991133148623,0.25929059000010024,0.05787681256941617,1.0,1.0,0.4,0.0,0.2,108,4789.047639441517,670843.643952361
24,59,0.26763741424696685,0.72044564237263,0.7626643558544159,0.6791048591954564,0.232086884343678,0.05821908216105737,1.0,1.0,0.4,0.0,0.2,110,4516.78271734394,670687.853515452
24,60,0.2626664349531419,0.6730259826746345,0.6849473724599804,0.6584284394004282,0.3980519775255131,0.05840968304247618,1.0,1.0,0.4,0.0,0.2,111,4427.324760965431,669945.12591434
24,61,0.26261916954042097,0.6721040671034011,0.6838410169358903,0.676620846649904,0.22722398732773216,0.058796307364933874,1.0,1.0,0.4,0.0,0.2,113,4615.840938799073,668682.6667116693
24,62,0.26236503677975975,0.6819970491994822,0.7065111297601441,0.6806737656624011,0.23262127986309178,0.058778189552521065,1.0,1.0,0.4,0.0,0.2,114,4598.42696333278,668771.2579176194
24,63,0.26004361065986775,0.6608543712036008,0.6707677610072427,0.679045235042089,0.2881748748318107,0.05729299550120074,1.0,1.0,0.4,0.0,0.2,115,4536.942881525967,668984.8711546003
24,64,0.2549118204139655,0.6068458887856881,0.5745936393502726,0.6702647548000077,0.28553141033651686,0.05249139800688109,1.0,1.0,0.4,0.0,0.2,117,4257.93000547248,668969.0498560945
24,65,0.2542183826583538,0.6238406334057092,0.6166220616045921,0.6825261560894842,0.2606617050438636,0.05308120002314639,1.0,1.0,0.4,0.0,0.2,118,4111.752273073995,670868.3206719967
24,66,0.25158421244909185,0.5957546642390728,0.5726424205390384,0.6915768077470457,0.28025108899865087,0.053110154109354255,1.0,1.0,0.4,0.0,0.2,120,4285.95295039033,670458.8549485415
24,67,0.25152235610415435,0.5953849425800202,0.5722107530064984,0.6988591159113409,0.22248926811426345,0.05309068112757872,1.0,1.0,0.4,0.0,0.2,122,4289.171830598114,670831.6851849547
24,68,0.25583437783633856,0.6194136759813671,0.6432360267321369,0.724670357756064,0.33182722533893644,0.07418895305391619,1.0,1.0,0.4,0.0,0.2,124,4081.8885461464647,685263.93788924
24,69,0.25106238896124683,0.6458288017430021,0.7081752575852676,0.7466317677130894,0.24457804146926926,0.0631665241665547,1.0,1.0,0.4,0.0,0.2,125,3900.4921606398057,697775.0526126759
24,70,0.25141145042598306,0.614587794394443,0.659946323987116,0.7553594537482617,0.3101901681548973,0.071283260448498,1.0,1.0,0.4,0.0,0.2,127,3920.645211243986,698469.1532725493
24,71,0.24937862747838346,0.5923770264288754,0.6555781150395878,0.7810533386598901,0.3148515805858126,0.07883080895161153,1.0,1.0,0.4,0.0,0.2,131,4017.141815997743,684387.2868223322
24,72,0.24762292808806713,0.5630477469413959,0.59927488838527,0.7599869902723144,0.23989743642806674,0.07573182628454109,1.0,1.0,0.4,0.0,0.2,135,4039.493772802787,682098.9291684153
24,73,0.24640313343032605,0.540398880446833,0.5616969075911311,0.766448547028568,0.31027614319140157,0.07527501377642712,1.0,1.0,0.4,0.0,0.2,136,4033.0235791594887,682034.9497940248
24,74,0.24612630507467803,0.534502459018035,0.5547497182726451,0.7506800186615001,0.25107444900801096,0.07587249400182065,1.0,1.0,0.4,0.0,0.2,138,4026.0323271675247,683916.9246266135
24,75,0.24596967716164975,0.5438552589725583,0.5767858802130683,0.7620979266915211,0.23675283194590932,0.07587249400182065,1.0,1.0,0.4,0.0,0.2,140,4019.690416837524,683690.6605422124
24,76,0.24537874275785396,0.5392322871110091,0.5714065134025084,0.7844650673914728,0.2307130135692559,0.07535810772641703,1.0,1.0,0.4,0.0,0.2,148,3997.721011658496,683182.0684993116
24,77,0.24476566260107957,0.5427984417238743,0.5866650837829137,0.7954849129957657,0.2589020700606629,0.07535810772641702,1.0,1.0,0.4,0.0,0.2,150,3978.8011077348174,682518.6319812613
24,78,0.239860778890363,0.5946001211209084,0.7035969088620981,0.9121278317399497,0.22631167355210696,0.06294785101754813,1.0,1.0,0.4,0.0,0.2,165,4815.991958077461,690057.2241479092
24,79,0.23932797992403937,0.6020543527016438,0.7234526665148879,0.9119786974911934,0.24934089653233138,0.06231698005758324,1.0,1.0,0.4,0.0,0.2,166,4777.829997220646,690100.3137527306
24,80,0.23417240970066086,0.5822617061104274,0.7009446594489857,0.9065761003907198,0.27632227322827574,0.05247312337657252,1.0,1.0,0.4,0.0,0.2,168,6890.348041108404,689971.1726011606
24,81,0.23392259141378452,0.5769222892585014,0.6946646665225273,0.9220009242247063,0.23073272152254676,0.05285476375594905,1.0,1.0,0.4,0.0,0.2,172,6827.719567278378,690162.3139749303
25,0,0.8421810475177594,0.9616544775892938,0.9061137692088738,0.009242125085512311,0.0,0.0,0.0,0.0,0.4,0.0,0.2,1,3237.0552683094347,7240.456033468433
25,1,0.8518567380931805,0.9842628665561783,0.9279121504691723,0.039541711050372234,0.04385621876340531,0.06827739844044386,8.620034091585e-05,0.00013585291659822,0.4,0.0,0.2,3,3244.8803463103936,6944.340059159947
25,2,0.8188427124423356,0.9725206273206553,0.9147840967639174,0.03746370745067525,0.08020216912207238,0.05603365044481361,0.0097072877844306,0.00637182576862669,0.4,0.0,0.2,4,3017.6042982169524,7200.843307478581
25,3,0.604005764101307,0.9376514472388918,0.8924669973765307,0.07149265483583457,0.3191888478256075,0.07985209712236543,0.042007809012975086,0.06500551395103796,0.4,0.0,0.2,6,1714.1053662856702,5718.670433599636
25,4,0.501296484077335,0.885990717144659,0.8192834498392652,0.07193762047012033,0.2280237683262099,0.07475061938865055,0.0787644037672834,0.12173846379273649,0.4,0.0,0.2,8,1210.9302446791694,3805.4009682973456
25,5,0.5732987594923411,0.9877448899534567,0.9457516914133118,0.1865003191637231,0.1936034439644695,0.07357325292495645,0.35835445247373615,0.5584012000871695,0.4,0.0,0.2,9,2406.015294633582,3069.419693465624
25,6,0.4623241835308772,0.8676231089769266,0.7970484415144615,0.07981855403751452,0.1636987080543728,0.08389010697904234,0.08046397401722667,0.12453514517330137,0.4,0.0,0.2,10,1162.6549624282163,7832.355860043679
25,7,0.5285509633201437,0.9822577688885058,0.9472638022476971,0.21358282904309395,0.2991179597701973,0.08157645162503398,0.39176341205816895,0.6341490123056924,0.4,0.0,0.2,11,2351.2554912424644,2381.1279821088083
25,8,0.454210556719573,0.9156112494121394,0.8784719481201496,0.15030196542445423,0.19268467917073956,0.07473713259681142,0.2580197536749892,0.3772288596439164,0.4,0.0,0.2,12,1345.006502858827,3943.413312980926
25,9,0.49690575093462264,0.9723282304474604,0.9473195443389697,0.22858468447457758,0.17367169541273697,0.07216565799339947,0.467442818976154,0.6353309358704055,0.4,0.0,0.2,14,2300.124031950435,1866.0407113092283
25,10,0.47133422936461916,0.9706286115689007,0.9537227597069895,0.2521730618419426,0.2714987889184015,0.08565018537537145,0.46244092768252665,0.6868352864552929,0.4,0.0,0.2,16,2445.8113971338557,1603.130646520658
25,11,0.46833394422632246,0.9683234868178132,0.9510746693836805,0.26247341989316214,0.17832219309245878,0.08483100838848076,0.46253658861081715,0.686963989059403,0.4,0.0,0.2,18,2446.289897567244,1564.903429038285
25,12,0.466735866662099,0.9671361353490847,0.9496778611279494,0.26485416534973205,0.179890856795125,0.08458441691455752,0.4627251936184881,0.6876341156538777,0.4,0.0,0.2,19,2456.6222313731128,1353.191078445905
25,13,0.38060644768351737,0.8901337562660651,0.8653949280109847,0.22957857541654353,0.43381084554025,0.05111524238856522,0.7294281831669456,0.5821236606419544,0.4,0.0,0.2,20,1463.9779786800896,25122.53828588592
25,14,0.3652126781708826,0.8748946408537672,0.8498835798727092,0.2157789194191437,0.13430252545306307,0.057420231832066036,0.5882705830531866,0.5012645482624731,0.4,0.0,0.2,21,1432.830565336963,19909.68245475322
25,15,0.3785236005586414,0.8882259978959735,0.863183932079259,0.2375845778920611,0.1380212368231227,0.05071398832238525,0.7295040937998278,0.5822407887186319,0.4,0.0,0.2,22,1460.7095734195962,24958.71983976812
25,16,0.37943635293082856,0.8893770308076295,0.8638639314615496,0.2468738982212924,0.1598257864663099,0.05100196565568856,0.7494723288072049,0.601171551718595,0.4,0.0,0.2,23,1504.9041016333338,24833.03894459881
25,17,0.336812569833118,0.8473262573537764,0.817489397582609,0.21815331058525078,0.30023125699251296,0.05964434723003884,0.562985609700959,0.49986990500298256,0.4,0.0,0.2,24,1649.7806952559422,15338.430795720822
25,18,0.30642443570894795,0.8152624791706493,0.7817795743842334,0.20902166516360066,0.1874030096718992,0.053857345718916226,0.48718507571706837,0.4575753905180709,0.4,0.0,0.2,26,1473.7125168070038,14002.828904872244
25,19,0.30474554682360466,0.824538515933209,0.8037261050843769,0.22051292521616464,0.11976226626328249,0.05385734571891628,0.4871850757170689,0.45757539051807206,0.4,0.0,0.2,28,1515.9418497280417,13690.091166832592
25,20,0.3033782650321676,0.8115731143219512,0.777259552598448,0.2299527949199065,0.1346280202358497,0.05521213005089477,0.48838302213915225,0.46066949864431894,0.4,0.0,0.2,29,1478.256553778314,13898.181636065165
25,21,0.29823564658479995,0.8043570597831444,0.7678820647787539,0.23372513381536786,0.20776949731626893,0.05220388490336355,0.5121016682273044,0.49371053091310146,0.4,0.0,0.2,30,1575.555739906113,12592.948527732768
25,22,0.3242537060121105,0.840753527272523,0.8165547948083383,0.29599924022395885,0.15889577741563105,0.06320479219593891,0.5083016817202797,0.6188227842847481,0.4,0.0,0.2,33,1521.419657501713,15218.51068406196
25,23,0.38897331211381125,0.9015281731975708,0.8744157850776237,0.3844030160989188,0.34572554421747836,0.06708584771391043,1.0,1.0,0.4,0.0,0.2,34,1918.302602093187,112266.56078794456
25,24,0.36583910747411064,0.8448652057172199,0.7857307792660466,0.37305332041020667,0.35047625511166414,0.06934103523025222,1.0,1.0,0.4,0.0,0.2,36,2368.7029998019552,106906.32589367084
25,25,0.3665240009377941,0.8337381609886036,0.7613226464859268,0.3807153615961847,0.24089274645175046,0.0736306114952013,1.0,1.0,0.4,0.0,0.2,37,2304.9000537165707,77889.92370708828
25,26,0.35693189018665983,0.7973413950490276,0.6969871964190537,0.3498623259020814,0.30579949861959793,0.06694656491617819,1.0,1.0,0.4,0.0,0.2,38,2463.3889059877506,102284.63091575002
25,27,0.36506166226328046,0.8153880626862602,0.7274939399096967,0.35957038119905493,0.2588185298818988,0.0919415327215113,1.0,1.0,0.4,0.0,0.2,39,6141.29497947752,113244.80271085208
25,28,0.3608542535632193,0.8435281703992374,0.7941146487667732,0.39325837742711833,0.24496891599917414,0.08586327362187529,1.0,1.0,0.4,0.0,0.2,41,5407.386482351596,111974.49880609596
25,29,0.3607046312780665,0.8413354009266147,0.7910994278773251,0.3985174599001454,0.2705454659159865,0.0923873525141936,1.0,1.0,0.4,0.0,0.2,42,5929.044996454891,112230.7253537212
25,30,0.33681294418982277,0.8026591361922542,0.7470412852561474,0.3914619704051948,0.4491652147853734,0.07426099673433523,1.0,1.0,0.4,0.0,0.2,43,5294.63272662964,111859.49408694512
25,31,0.3363682534088799,0.8129566875917507,0.7701842552207583,0.41022452807084747,0.23285876733643834,0.07426099673433514,1.0,1.0,0.4,0.0,0.2,45,5315.266354346696,111990.30341631736
25,32,0.3219127700349359,0.7765269192430408,0.7172712408443056,0.40033911759992336,0.36705297917518837,0.06203511088662104,1.0,1.0,0.4,0.0,0.2,46,2441.638454511159,73009.85488979473
25,33,0.3119264411296277,0.7480690159767531,0.6833783543739536,0.40695979896636514,0.3388128496151325,0.07023083893622498,1.0,1.0,0.4,0.0,0.2,48,3469.0624515408263,109571.57017751092
25,34,0.3039349732208624,0.7359860975943759,0.6701473997365497,0.4009871604416195,0.27026596884599063,0.056781939381815014,1.0,1.0,0.4,0.0,0.2,49,3003.886296527662,130853.94494200851
25,35,0.31830703335820204,0.7630134891770248,0.7205492949498744,0.43568511012823513,0.34947239818605136,0.10667394099960703,1.0,1.0,0.4,0.0,0.2,50,3935.397033424358,79434.73875217982
25,36,0.3170429651632166,0.7592391000510461,0.7161172822567807,0.44509538766423823,0.25600844906900266,0.10683849612394103,1.0,1.0,0.4,0.0,0.2,52,3904.4068052759008,79574.95245218955
25,37,0.31603843663695774,0.7452815871914533,0.6887007350166483,0.4480503503436377,0.2614588970264179,0.1066480024400066,1.0,1.0,0.4,0.0,0.2,53,3784.477507459886,77275.50688324754
25,38,0.3150877880209924,0.7538594015604017,0.7098466392685183,0.4607993979897755,0.259954151763544,0.10639411427309595,1.0,1.0,0.4,0.0,0.2,54,4054.56372079033,80006.2923852928
25,39,0.2872171943999782,0.7290287693318314,0.6958754725214658,0.4329009987943478,0.2650310213542628,0.04756201805689578,1.0,1.0,0.4,0.0,0.2,56,2226.976146972226,72693.84874112983
25,40,0.30244749984045327,0.7427445320102135,0.7092643544069575,0.4648371672785725,0.2432853260890187,0.08662305211969852,1.0,1.0,0.4,0.0,0.2,57,4225.063547683289,88165.09763863377
25,41,0.2763779894192235,0.684314838029169,0.643050965283749,0.44424537888026183,0.5394375897150896,0.05417458292907967,1.0,1.0,0.4,0.0,0.2,58,3073.6734083669426,93429.513178658
25,42,0.2742473847002335,0.6724680620662522,0.6289818731765455,0.44416946078363273,0.26795804178962346,0.05699949469016875,1.0,1.0,0.4,0.0,0.2,60,3156.195437989155,109276.32890060004
25,43,0.27373025389969946,0.6588595490622587,0.6019456689212209,0.45079229600739285,0.2402976793567649,0.057224597236495436,1.0,1.0,0.4,0.0,0.2,61,2605.978486533913,94107.2156827296
25,44,0.28363059003349245,0.677203241856662,0.6537221082759705,0.4751361381650242,0.46776887550540885,0.10034411841799784,1.0,1.0,0.4,0.0,0.2,62,3964.917147612468,75597.04789632442
25,45,0.279138148615545,0.6615927181051243,0.6357228219505873,0.4889738176400702,0.2871635797089246,0.09619078006104888,1.0,1.0,0.4,0.0,0.2,64,3796.593708197685,79261.50858553253
25,46,0.2807099623036571,0.6513563715791696,0.6123598938967418,0.4836378574212397,0.24484216312005389,0.1004482295078764,1.0,1.0,0.4,0.0,0.2,65,3914.4893259976234,75853.94027486455
25,47,0.27810676789830924,0.6575055922284897,0.6309860432644816,0.4918281936939778,0.2599118318395882,0.09545595501369739,1.0,1.0,0.4,0.0,0.2,66,3750.969556857293,80702.03941230473
25,48,0.2789071481402383,0.6543050400808837,0.6269403180328563,0.5066747180757354,0.2569682969991605,0.0997935311525214,1.0,1.0,0.4,0.0,0.2,68,3903.404648497101,76388.09409093318
25,49,0.27745893429000135,0.6625013953859489,0.6478078004934664,0.5158081462327351,0.25231180796085645,0.09708278738527236,1.0,1.0,0.4,0.0,0.2,69,3828.449106039076,89444.17209677426
25,50,0.27832583473945843,0.6516911198533355,0.6238973597527315,0.509730012516431,0.24382192505389827,0.09951903388374164,1.0,1.0,0.4,0.0,0.2,70,3786.6026656104714,76181.91599275882
25,51,0.27287986211564474,0.6522890696101338,0.6364117018470385,0.5151925247782536,0.27983721840677317,0.08883223937726749,1.0,1.0,0.4,0.0,0.2,71,3201.792610436048,81717.03797248681
25,52,0.2756078393489543,0.6198249981532032,0.5646157212604032,0.5008973524552487,0.24533375060992332,0.09652460060927356,1.0,1.0,0.4,0.0,0.2,73,3808.473820541233,88910.36953338221
25,53,0.272805379011405,0.6319324864677686,0.6118574398445624,0.534615981732854,0.27914682564371013,0.09921670031820692,1.0,1.0,0.4,0.0,0.2,77,3397.0232454085044,75236.20468928386
25,54,0.26817406034416935,0.6275511980898445,0.6289924316773098,0.545589975964194,0.33045752307310505,0.0977109938231273,1.0,1.0,0.4,0.0,0.2,79,3443.506256090664,76617.10388956292
25,55,0.26682417059112506,0.6301083462053726,0.6430929437152143,0.5552777763575626,0.29834541638851386,0.09736485939203707,1.0,1.0,0.4,0.0,0.2,80,3340.136959099816,76445.90702640833
25,56,0.26681433650776776,0.6300380796755345,0.643010595833405,0.5623085068329318,0.2394356024822598,0.09736485939203707,1.0,1.0,0.4,0.0,0.2,81,3346.699639465021,76515.52369154622
25,57,0.2664715600671056,0.6008597941606313,0.5865552947368052,0.5516898996570774,0.29167961720628754,0.09906835790586628,1.0,1.0,0.4,0.0,0.2,82,3278.554142823444,76294.1266441958
25,58,0.266355677611154,0.6112031641245962,0.6097517416127103,0.5586156394211355,0.24262748500540673,0.09906835790586628,1.0,1.0,0.4,0.0,0.2,84,3289.2388575032137,76413.11634782868
25,59,0.26553974005068387,0.6202332824048431,0.6315136748823922,0.5721281557042912,0.24997556698551088,0.09755471430197676,1.0,1.0,0.4,0.0,0.2,85,3304.89619731152,76144.81399165312
25,60,0.2649271935040076,0.5721585879324242,0.5309144628033307,0.5503697433063579,0.26011411661349687,0.09703563966022036,1.0,1.0,0.4,0.0,0.2,86,3134.246174869618,76267.69397188054
25,61,0.2647132220961498,0.5917535503668199,0.5759972594716647,0.5821756587030781,0.2496183576935637,0.0974963989598988,1.0,1.0,0.4,0.0,0.2,88,3083.255978100974,75849.25475470399
25,62,0.2636317556272011,0.5980011907967481,0.5944845921246922,0.6028217796128338,0.2692284417049724,0.09621050132336664,1.0,1.0,0.4,0.0,0.2,89,3171.0408775687,75748.70372490735
25,63,0.26450711771472335,0.596835545997328,0.5929186225774332,0.5966347633293574,0.24780941982500956,0.09913996594247364,1.0,1.0,0.4,0.0,0.2,91,3343.136458811235,76771.19175771462
25,64,0.2635498538600689,0.5948890332906884,0.5907783255574033,0.6064274052480394,0.2467519052655633,0.09710315149659582,1.0,1.0,0.4,0.0,0.2,92,3156.3532639219693,75777.74767109884
25,65,0.26411079579771485,0.611036730428636,0.6315943338973768,0.618242613227006,0.2675382031010994,0.10090772669488508,1.0,1.0,0.4,0.0,0.2,94,3337.143604865852,76473.7365852696
25,66,0.26224623566902827,0.5971347520605033,0.6045293505843228,0.6200072060715045,0.24192492782560426,0.09653322445383494,1.0,1.0,0.4,0.0,0.2,96,3332.7795206430974,76538.4946887948
25,67,0.26215548935310024,0.5969786008858975,0.6043604968721433,0.630967000390322,0.23879106953305218,0.09632877072948298,1.0,1.0,0.4,0.0,0.2,98,3331.049327966031,76735.15495051947
25,68,0.26140870362461865,0.6145294014539635,0.6471127951069556,0.6439645070326692,0.2709548567452745,0.09585707748721128,1.0,1.0,0.4,0.0,0.2,99,3366.7793417441326,76500.61621991858
25,69,0.26090842344128384,0.6193955513934937,0.6638477505430213,0.6621907938423353,0.2463068591663224,0.09653233602441427,1.0,1.0,0.4,0.0,0.2,105,3194.710266443,76098.09847509561
25,70,0.2619710262152918,0.620112859828128,0.6644982777933046,0.8193410087931285,0.2398497350694663,0.09930053384190092,1.0,1.0,0.4,0.0,0.2,126,7447.279968169333,99655.08876575256
25,71,0.2621575590335724,0.619774378331937,0.6640582897417976,0.8318924389996551,0.2420452411305971,0.09993659485493714,1.0,1.0,0.4,0.0,0.2,128,7499.840196831197,99536.28909286548
25,72,0.26145349737260615,0.6285390131058508,0.6854879842035289,0.8349500191404451,0.246332611692015,0.09873374180413405,1.0,1.0,0.4,0.0,0.2,130,7535.223745631801,99801.7193240304
25,73,0.26221131155126043,0.6180843343450337,0.6620312284510745,0.8480670261053569,0.24031621099014994,0.1006309968002919,1.0,1.0,0.4,0.0,0.2,131,7450.189151486811,99772.07177147872
25,74,0.26144152660051617,0.6158006402455638,0.6594552495160118,0.8498541477821069,0.25159548192385994,0.0991881879557618,1.0,1.0,0.4,0.0,0.2,132,7521.07968879779,99577.69739814918
25,75,0.2612947174699404,0.6149581867229073,0.6584785985886754,0.8571642316581689,0.24235500682930156,0.09904131067452607,1.0,1.0,0.4,0.0,0.2,134,7368.450854433499,100088.24299915126
25,76,0.2613086599903741,0.6149563442239462,0.6584738018220675,0.8608988113530887,0.23975509332853795,0.0990811552732494,1.0,1.0,0.4,0.0,0.2,135,7549.082126155356,99618.16319324845
25,77,0.26310884448705674,0.534426895587484,0.4861841179541331,0.7995869095496293,0.2744516479241551,0.10487240449895951,1.0,1.0,0.4,0.0,0.2,136,41081.36050736709,91350.0297731982
25,78,0.26187652189517047,0.5163417248585722,0.46487777790275553,0.7803858994575996,0.3723926370813273,0.10668334393434209,1.0,1.0,0.4,0.0,0.2,137,40319.730345049225,90278.3028887034
25,79,0.26049527128051647,0.5182253284469103,0.4782483613853993,0.7950685151982053,0.3056101242485244,0.10547825331050178,1.0,1.0,0.4,0.0,0.2,138,40953.70341795286,89353.95315826559
25,80,0.2588130278057605,0.4866313515897777,0.4301265613286983,0.7955662714958849,0.3845437804763433,0.10599236722830815,1.0,1.0,0.4,0.0,0.2,139,40674.436899773,89779.93850907733
25,81,0.2574757750398514,0.4775141526968168,0.41955014374416577,0.7978200291925095,0.3013217724710814,0.10450158317788971,1.0,1.0,0.4,0.0,0.2,140,41184.4725074926,88766.15852411023
25,82,0.2576577314933627,0.4719749291583238,0.41294136006398396,0.7979506136375034,0.28612007079703144,0.10626987591733435,1.0,1.0,0.4,0.0,0.2,141,41221.90268842475,89022.18039939457
25,83,0.25607741101037007,0.4659436608455674,0.40607968160911645,0.8144864206867779,0.275193400880315,0.10331396376841732,1.0,1.0,0.4,0.0,0.2,142,41052.32787141823,89495.15290303683
25,84,0.2572592022983455,0.46535361966084826,0.4051590908616651,0.815007437655501,0.24948996299175227,0.10666348725923261,1.0,1.0,0.4,0.0,0.2,144,41736.19698977387,97483.3133123564
25,85,0.25638286241139707,0.46174841665423877,0.40104561105751346,0.8256482348495842,0.26278550633021935,0.1050665050420789,1.0,1.0,0.4,0.0,0.2,145,40775.18774562548,90200.84069794782
25,86,0.25628602350664575,0.4611084140822246,0.400305061409338,0.8327969592326196,0.2458700063096086,0.10493508618213447,1.0,1.0,0.4,0.0,0.2,146,41267.175502080165,89738.67560542873
25,87,0.25577743423575466,0.4549863498528455,0.39313991897388073,0.8322175575001032,0.28471460441987007,0.10485989676265131,1.0,1.0,0.4,0.0,0.2,147,41022.95063256605,90167.849938436
25,88,0.25528680703404044,0.45015921773234324,0.3875083132914591,0.8389264310517286,0.2583210557471666,0.10453478325436971,1.0,1.0,0.4,0.0,0.2,149,41076.98750659289,90023.13585542935
25,89,0.25810717553190243,0.42782261415879197,0.3386627165803492,0.7969248339467594,0.24992151820735303,0.11213018809824489,1.0,1.0,0.4,0.0,0.2,153,41458.25967231474,89984.63407281633
25,90,0.2569399079727629,0.42662393284366296,0.348389682992186,0.8086104601028063,0.28686891279639687,0.11140859879051268,1.0,1.0,0.4,0.0,0.2,155,41682.15466043947,89807.35147272205
25,91,0.2534226842562957,0.4403185785002249,0.3871289210939955,0.8572757147769698,0.2804685967181725,0.10358958355281464,1.0,1.0,0.4,0.0,0.2,156,39495.39284750841,93453.6335292648
25,92,0.25673268947789585,0.4308990841256445,0.3644281020872769,0.8414569129828111,0.2506226219567378,0.11214760829087107,1.0,1.0,0.4,0.0,0.2,158,41617.9080726156,90670.20720585898
25,93,0.2523771928499998,0.4383750649526671,0.3959642606801004,0.8872519323870813,0.280936247836127,0.10315152181356022,1.0,1.0,0.4,0.0,0.2,160,39567.976411846204,93389.518917756
25,94,0.251649384664727,0.4405904751034576,0.40966961702520105,0.9069408809811363,0.27175075376143215,0.10273021451377931,1.0,1.0,0.4,0.0,0.2,162,39695.51814533802,92455.28448332495
25,95,0.25141008266091935,0.43410388432565605,0.40204298845076775,0.9101323668263408,0.26450979260549584,0.10315630532369209,1.0,1.0,0.4,0.0,0.2,164,39740.38760741388,92740.96238048354
25,96,0.25069539462863005,0.41603994049720194,0.36985928914297017,0.8992997117005344,0.2637615011617829,0.10234599523895638,1.0,1.0,0.4,0.0,0.2,166,39961.73572384372,92884.04792488892
25,97,0.2508415940844275,0.41538857722364353,0.369062618624273,0.9102316712765921,0.24412977682540526,0.1028375504856911,1.0,1.0,0.4,0.0,0.2,168,39837.81554395567,92784.7832872245
25,98,0.25064789075567395,0.43748265222491745,0.41713587050778356,0.9372266265881013,0.2417713132118397,0.10237069884905114,1.0,1.0,0.4,0.0,0.2,169,39933.42794732207,92541.86510458682
25,99,0.25042922060210765,0.42210948630013256,0.38804398653567185,0.9378303243632933,0.24829652342182212,0.1024330716062816,1.0,1.0,0.4,0.0,0.2,173,40110.99162562921,93332.4126835466
25,100,0.25008838812380035,0.4390415415167507,0.4300445464704701,0.9583089238463489,0.2599572676168588,0.10235496538358883,1.0,1.0,0.4,0.0,0.2,175,39766.06480270287,92527.58079427623
25,101,0.24976333126986233,0.4356222597904188,0.426063987978299,0.9908327424581442,0.2436619722279571,0.10199939393839057,1.0,1.0,0.4,0.0,0.2,183,39913.27164674499,93052.71483529329
25,102,0.2505582824890213,0.4354499121421389,0.42571637922695427,1.0239882749154663,0.24267097713019395,0.10412786776579981,1.0,1.0,0.4,0.0,0.2,190,39687.681032583336,75900.76099504325
25,103,0.2494527411002223,0.45050141784181996,0.46563687615724914,1.0552537117653875,0.24860205099188248,0.10226162781995307,1.0,1.0,0.4,0.0,0.2,196,40645.51371577692,77519.73203470033
25,104,0.24900146406644771,0.4436261808059868,0.457600291175571,1.0514534300330818,0.28817196155152347,0.10202683149568711,1.0,1.0,0.4,0.0,0.2,197,40701.39810311983,77866.3483546447
25,105,0.24863888449095425,0.4247224969115817,0.42437208887965766,1.0433948222635476,0.2948842606688109,0.1021073454720209,1.0,1.0,0.4,0.0,0.2,198,40542.97381928458,77694.14170013994
25,106,0.2485677416421106,0.4320228529824386,0.44398232830047213,1.057914642933724,0.2690840340905855,0.10242958524096339,1.0,1.0,0.4,0.0,0.2,199,40584.12144563886,77150.43607323756
25,107,0.24857176604357797,0.4285212382026754,0.4398495062733629,1.0720579198033018,0.26690112972449564,0.1028896957991238,1.0,1.0,0.4,0.0,0.2,200,40445.36977172208,77275.18208533643
26,0,0.8052897141889848,0.9516586790490768,0.8944061313542546,0.008323050242275802,0.0,0.0,0.0,0.0,0.4,0.0,0.2,1,3938.899918891793,8769.411063151392
26,1,0.8042579427518477,0.9667103672808985,0.9083814515917313,0.03247724830468829,0.043285975080801946,0.05331175859089328,0.00010936365514201,5.996254056922e-05,0.4,0.0,0.2,3,3888.380323787266,8647.727209257946
26,2,0.752616980309966,0.9419568463835566,0.8817281397717065,0.020115007865206046,0.08515586479159142,0.01895330672316009,0.014954875354846511,0.00047622433905994004,0.4,0.0,0.2,4,3929.543855938603,8728.805583119029
26,3,0.4813127771111461,0.8653963999719267,0.7987930896852017,0.03766291254553427,0.8232273026290553,0.0651872119990073,0.06357827762731869,0.034859067636288946,0.4,0.0,0.2,5,3335.5607019116264,6475.021477113614
26,4,0.40142546767760007,0.8327791629286365,0.7555271101439208,0.06613588190950269,0.2797427149299404,0.09511033295468148,0.11557006695777987,0.1228252613782479,0.4,0.0,0.2,7,2648.633822893513,7307.2764478691
26,5,0.3780899490469246,0.8297299412488656,0.7621142948889529,0.07608043294256894,0.1366029972819282,0.09421569907935387,0.16799703652115033,0.15157022500698877,0.4,0.0,0.2,9,2822.2793680469176,6702.21374838161
26,6,0.37535553807921423,0.8276910394771286,0.7597729856210693,0.08483095646180107,0.0738952391176398,0.09347979238984674,0.1680849502428816,0.1516778610750667,0.4,0.0,0.2,11,2802.8915417518883,6559.890947091371
26,7,0.3700593021559613,0.835326820826472,0.7796183999866348,0.09157568303434832,0.07952933963811645,0.07149771647556613,0.28020659611934384,0.20088882643863043,0.4,0.0,0.2,14,2191.82699665221,6494.667243524273
26,8,0.3410377239225918,0.809531186106292,0.7521674929772746,0.09547188400745314,0.12030057777394426,0.07025065034663898,0.2961935985315066,0.12273225789829123,0.4,0.0,0.2,15,1906.05428963456,11511.029041920085
26,9,0.3402337411953444,0.8205176891948792,0.7758160358701902,0.10408944226605835,0.061306866656699946,0.07110431280728645,0.30286029269614934,0.1298174701410098,0.4,0.0,0.2,17,1905.8081346374324,11544.437552497917
26,10,0.3868227579001218,0.8704794285045665,0.8234760649942239,0.17624937345651703,0.21152374874290758,0.09218969665754403,0.42357737439280313,0.4046556752680338,0.4,0.0,0.2,18,2437.3697525546686,14752.75671134407
26,11,0.37671106241912644,0.8721507241613102,0.8376723902289953,0.18426505422545403,0.12074635470865328,0.09209403678041475,0.39814255836472384,0.37106407117844104,0.4,0.0,0.2,20,2536.920621011516,14332.0057607567
26,12,0.3767110559457734,0.8833550728217802,0.86187722136597,0.1919869545787491,0.1110506657680858,0.0920940367804148,0.3981425583647203,0.3710640711784426,0.4,0.0,0.2,22,2536.922783986599,14332.011762971018
26,13,0.3838973674763755,0.8793761636557423,0.8448641414798173,0.21210091525330604,0.119847170142032,0.0919833616008204,0.4173692313964952,0.40839737621627614,0.4,0.0,0.2,23,2618.959066957258,14636.264840743246
26,14,0.3756961763794038,0.8827225171865456,0.8609101506557358,0.21311087468549778,0.12464154519390883,0.0918834385141546,0.41570817434685925,0.3780897081470445,0.4,0.0,0.2,24,2375.9441111678425,14713.758913601932
26,15,0.36954096684591736,0.8882304397105808,0.8789912987520163,0.22614513896841743,0.11788774002969754,0.09181551256593577,0.40078031334784237,0.3622247140591497,0.4,0.0,0.2,26,2404.6391914465985,14456.573061690262
26,16,0.3504175554627825,0.8601210862478526,0.8350760005476499,0.2178449182297928,0.16585777052816744,0.09193874762445434,0.48881035730665634,0.3593556135661419,0.4,0.0,0.2,28,2218.9425776666344,13093.398692163326
26,17,0.3485378486113279,0.8695135636502848,0.8573417382033216,0.20729832920207691,0.10930786220157536,0.091965122943803,0.47985217264666247,0.3539619908805021,0.4,0.0,0.2,31,2232.814318711853,13199.037779864924
26,18,0.34798323403723475,0.8690032337437984,0.8567440434978246,0.2072496531894929,0.10935581686651298,0.09196512294380288,0.4798521726466626,0.3539619908805024,0.4,0.0,0.2,33,2276.052918913889,13325.064921914349
26,19,0.34072540678791674,0.8954196082733942,0.9220896675092264,0.2474935139974683,0.10235703171143715,0.07743893863769517,1.0,0.34914241742464613,0.4,0.0,0.2,35,5150.254525673698,17210.33631364791
26,20,0.3239939926696753,0.8567143043206126,0.8567793462427693,0.23441828781665702,0.113720958790095,0.07196908052634499,1.0,0.2962324092167818,0.4,0.0,0.2,36,9897.121369284929,16650.923773388284
26,21,0.3054591183326133,0.8160862497758881,0.7879675158810755,0.21631349775815897,0.12645736206105718,0.047994767598958335,1.0,0.3168062465223624,0.4,0.0,0.2,38,9125.08319440591,306397.6960588003
26,22,0.3081758052383434,0.8188121581050629,0.7901120814844211,0.22785163693184185,0.11239016307273005,0.04366950875642162,1.0,0.3560562711859269,0.4,0.0,0.2,39,3758.060173806228,311235.649621076
26,23,0.2963386719816264,0.8291122692283003,0.8242965259998829,0.25694665316974485,0.11802033181676291,0.07288625034346795,1.0,0.29888704891378176,0.4,0.0,0.2,42,9842.185725823172,16714.861613461253
26,24,0.2870778596650865,0.81889821166285,0.8121875248549716,0.2632347712735492,0.12824071896944095,0.07103125035821922,1.0,0.3068509680047808,0.4,0.0,0.2,44,9797.04305982232,16862.735299583044
26,25,0.3715387479012807,0.9025374951928682,0.8946534447030156,0.3595538281116485,0.2280073678014732,0.06998511633134073,1.0,0.7613975788884508,0.4,0.0,0.2,45,9516.508772676669,24403.05122272629
26,26,0.36368808441735806,0.9045211968821791,0.9080619835656184,0.36795401421670526,0.21237620618692518,0.07002639698498679,1.0,0.7612149891700537,0.4,0.0,0.2,47,13756.214885699268,24968.355451209965
26,27,0.27216592480776813,0.8123366863094845,0.8152526419880896,0.28176659048818525,0.11692348155931606,0.07439834798077408,1.0,0.30978791323410787,0.4,0.0,0.2,48,9952.60428109252,16054.016687115303
26,28,0.4303068868904205,0.9700742723622269,0.9725000380831801,0.4480654857404219,0.27339206247904624,0.130793710779955,1.0,1.0,0.4,0.0,0.2,49,9828.821552913138,19921.694560377466
26,29,0.26720217361486964,0.8061361966956097,0.8079499910637201,0.2880404616003036,0.11576930242529507,0.07231209883965505,1.0,0.3151395212183268,0.4,0.0,0.2,50,9935.81186601904,15082.965823641236
26,30,0.26527011459633176,0.8035442711251993,0.8048166993910606,0.29495057432595306,0.10355308353999472,0.07306479519499262,1.0,0.31648019574929454,0.4,0.0,0.2,52,9894.90339285715,15168.793692985102
26,31,0.2244577426692085,0.7599789770981172,0.7592357969828984,0.2720216446292168,0.10183542460806366,0.06151770469960512,1.0,0.1805956979318716,0.4,0.0,0.2,54,7648.640911563576,12164.48698990977
26,32,0.2260264235399729,0.7598873628696118,0.7580732851068891,0.28423638106663796,0.08868844846133678,0.060415446801116233,1.0,0.2136081838922712,0.4,0.0,0.2,56,7610.998028123674,12177.226583176527
26,33,0.223547558224373,0.756476585800973,0.7540926892766139,0.2901519591900472,0.09003032333349426,0.05968029565853602,1.0,0.21465947517297645,0.4,0.0,0.2,57,7624.4389344512065,12177.6739141728
26,34,0.20166987418769142,0.7555022185824207,0.7782416716906817,0.2776933447168897,0.08432893700884761,0.05511149754036805,1.0,0.13251193562339192,0.4,0.0,0.2,58,7617.749953822176,13530.411525641031
26,35,0.21611441146720117,0.7420665988618337,0.7359375614971547,0.29923864484863927,0.19119896125098973,0.06438571606283149,1.0,0.24254265219518656,0.4,0.0,0.2,59,7196.39713004018,11974.438615899122
26,36,0.2664367379056388,0.7992055515183175,0.8040111974663535,0.36845448774522416,0.17472412281445962,0.07525869340555175,1.0,0.510780112619373,0.4,0.0,0.2,61,1905.7172147020672,13850.607469213515
26,37,0.2624951067974441,0.8012957986679609,0.8168918355642278,0.3911938637913204,0.1662241206167526,0.08372530420582705,1.0,0.5128061896803713,0.4,0.0,0.2,64,1957.130585782419,14448.809279319586
26,38,0.25093342801737534,0.7814663517591316,0.7939021816625496,0.3985020967999382,0.26250249045312657,0.07518973645806121,1.0,0.5230006441260008,0.4,0.0,0.2,65,2059.916437799948,13404.135896047446
26,39,0.24805834009898214,0.77200509272396,0.7820943866569056,0.41190000355459866,0.23481614239851695,0.08431346361621135,1.0,0.5259499226340292,0.4,0.0,0.2,66,1867.094958112301,13376.380494679144
26,40,0.2547751746776101,0.7646705032321903,0.7607958478001284,0.4069950746349101,0.18752868201671763,0.08608348078773972,1.0,0.5698883763166356,0.4,0.0,0.2,67,1877.501187663721,16270.976589026855
26,41,0.246342930803242,0.7555304063200388,0.7514178673243206,0.41667807728427564,0.14552461880644524,0.08601649889173628,1.0,0.5312638809592369,0.4,0.0,0.2,69,16731.37568913897,12042.521302827656
26,42,0.2439108500173644,0.7712839446925708,0.7917879990348957,0.4307626262371842,0.19848630759438973,0.08250166768395752,1.0,0.5454449383605116,0.4,0.0,0.2,70,2057.420630151006,13736.157142699672
26,43,0.18509355708394576,0.6696527197749876,0.6579743947393472,0.3983494457449053,0.18315607591307476,0.06530763922669144,1.0,0.3641865184440911,0.4,0.0,0.2,73,6053.691243507554,13306.373657227983
26,44,0.18589359087777543,0.6464161778540825,0.6282338373416981,0.4199026104694105,0.2019613647217166,0.06699271775796693,1.0,0.43452339230802195,0.4,0.0,0.2,76,6950.836269088068,13735.317206176182
26,45,0.1858851426917821,0.657547439409596,0.6523490168548087,0.4302636276628311,0.11406425389365549,0.06737457998257403,1.0,0.4338806271695246,0.4,0.0,0.2,78,6949.480017934555,13713.86948307752
26,46,0.1849579390997404,0.6544181263693216,0.6486526978745194,0.4372809537067715,0.12546640754573302,0.06709045276531256,1.0,0.43535512764087453,0.4,0.0,0.2,80,6995.10067151158,13653.977291744875
26,47,0.18329193824808648,0.6526448380205034,0.6468508015699138,0.44637547258158095,0.11355204704905295,0.06245046247189625,1.0,0.4366029746724447,0.4,0.0,0.2,81,6918.976755540481,14325.73142222972
26,48,0.1364515000168302,0.589066210769442,0.5688602772679584,0.37329783307377207,0.12616324452344746,0.05305612082188586,1.0,0.2347279090263573,0.4,0.0,0.2,82,6118.277889517087,12196.507410028804
26,49,0.1512417057056566,0.6207380461850288,0.6354248580535001,0.4424154999594288,0.1737501467788701,0.062269859401868285,1.0,0.32655866449206944,0.4,0.0,0.2,84,5861.375251607637,13706.734465031788
26,50,0.14417284213800802,0.5955164105777603,0.6059225482087719,0.4689781380914505,0.2656297195160538,0.06109849611870209,1.0,0.32777189584945765,0.4,0.0,0.2,85,5850.700663710056,13261.196699284304
26,51,0.13928124958056712,0.5882202843565951,0.5980815044968247,0.44275550877497755,0.10714210882481398,0.061916467707232456,1.0,0.3055653051838697,0.4,0.0,0.2,86,5768.275139118943,12884.900502307348
26,52,0.14106748650854267,0.5940043620771337,0.615225232721436,0.4750890398557877,0.15683408136001345,0.05980799207738187,1.0,0.33058780115635344,0.4,0.0,0.2,87,6324.979691527733,12939.0235232821
26,53,0.14027568505650084,0.5883811161800535,0.6085137583902823,0.48250149442023765,0.11296300375708697,0.06166216243201841,1.0,0.3305344732303309,0.4,0.0,0.2,89,5774.873388710757,13070.887442514657
26,54,0.14046997100948538,0.586553507088511,0.606233483683299,0.5159929328176165,0.09528290211088056,0.06277755245405882,1.0,0.3323820810353857,0.4,0.0,0.2,94,6096.337485013296,12193.070560326709
26,55,0.1320755908939957,0.5541670845712835,0.5580205087450569,0.49867392800268984,0.20214559574384938,0.06299569717981261,1.0,0.308544740949825,0.4,0.0,0.2,95,5992.388969258543,11548.758817504027
26,56,0.13196825315960836,0.5399568640841454,0.5407587543952762,0.5115449846919248,0.15274442429297092,0.06273989021785129,1.0,0.3270984252582456,0.4,0.0,0.2,97,7499.735776196617,12168.864311264922
26,57,0.13182500555319362,0.550444015438849,0.5641235059061136,0.5226842556740534,0.09301725886275806,0.06273989021785129,1.0,0.3270984252582454,0.4,0.0,0.2,99,7492.200848493599,12252.769588679945
26,58,0.13142647789611833,0.5488917686837977,0.56232458861465,0.5261026865579518,0.0954318925401679,0.06253363299154197,1.0,0.3269515978320043,0.4,0.0,0.2,101,7497.575165018936,12568.550654142568
26,59,0.12810951392523318,0.543175251565267,0.5560962987115454,0.5304255073100442,0.10855651054080176,0.06450129158449475,1.0,0.3093768727675009,0.4,0.0,0.2,102,8231.082631787876,12785.463852916471
26,60,0.1504275739458007,0.5608323722658638,0.5727638588290299,0.5559544396315536,0.1514695479183264,0.07919602750618612,1.0,0.3971626351132305,0.4,0.0,0.2,103,7702.648090791071,12345.854402426685
26,61,0.12677556236282023,0.5354075046828753,0.5469643460690774,0.5372168974085864,0.10315287075438703,0.06461015771135821,1.0,0.3101509287027201,0.4,0.0,0.2,104,8205.759917296291,12739.849067553165
26,62,0.12878982426446767,0.528439621709487,0.5381103721048263,0.5512394865631945,0.16883917033052082,0.06630325726107147,1.0,0.32698965519905926,0.4,0.0,0.2,105,7341.438020724604,11657.00428767734
26,63,0.1287913592952803,0.5264795063446832,0.5357411311690529,0.5587729188467345,0.10069191978549877,0.06725833852718732,1.0,0.3272242259152423,0.4,0.0,0.2,107,7337.460410864849,11849.76680629261
26,64,0.12455164358966958,0.5090302820961136,0.5048733927009266,0.5474280350122454,0.10572054404989892,0.06409964912682628,1.0,0.31451983886105017,0.4,0.0,0.2,108,7151.947206124882,12089.10379616396
26,65,0.12882526340453243,0.519514459036237,0.5273237073007491,0.5668332730338856,0.13590819647419322,0.06937275990720031,1.0,0.330570270049566,0.4,0.0,0.2,109,7315.568158457812,11799.184093635851
26,66,0.1816405710653266,0.5791521253982331,0.5990585094825187,0.6273840110681301,0.16599682657692655,0.07620955690414198,1.0,0.585441422443318,0.4,0.0,0.2,111,9424.318100368368,11533.82193118528
26,67,0.26092309747572784,0.7467975935366262,0.870446966796458,0.8300468440950386,0.22792893978777085,0.06777289943752952,1.0,1.0,0.4,0.0,0.2,124,58631.904418579805,12755.377163005123
26,68,0.25926679485319803,0.7384360851963805,0.8607130212931404,0.8442653848085515,0.2827276727929339,0.06690406524232233,1.0,1.0,0.4,0.0,0.2,125,58153.83467407819,14198.31021247162
26,69,0.25464628605464057,0.7244307527797791,0.8448012610659936,0.8370499238907965,0.24988413620297406,0.059720810583615155,1.0,1.0,0.4,0.0,0.2,128,58457.09820574075,15638.097725890824
26,70,0.25438254485248746,0.7215938060087213,0.8414453990001869,0.8446621413286794,0.23461004115792283,0.0602038936246187,1.0,1.0,0.4,0.0,0.2,130,58524.64374359573,15869.876906048345
26,71,0.25245056723473114,0.7090907460916736,0.8268201420409034,0.8511198987233557,0.26737498368720997,0.05992549169803851,1.0,1.0,0.4,0.0,0.2,132,58545.11305917178,15740.361773212237
26,72,0.2542196215681647,0.739280302997358,0.8949782444140622,0.9084734373946837,0.23493194337522116,0.06644928302891016,1.0,1.0,0.4,0.0,0.2,137,59651.2323611673,12931.25606562031
26,73,0.24966235045232532,0.7213986430826129,0.8744609009580491,0.9162674219565838,0.3316623651205379,0.06021776797619514,1.0,1.0,0.4,0.0,0.2,138,53399.854864594585,13984.384468550656
26,74,0.2490644335509036,0.7168646232415956,0.8691538578512881,0.9236314516322086,0.2398506052920647,0.060171096229778884,1.0,1.0,0.4,0.0,0.2,140,53384.6767193664,14027.761747357576
26,75,0.24838373573360994,0.7113640641222061,0.8627095179587094,0.9309278923808366,0.2432829502040365,0.06019304955067546,1.0,1.0,0.4,0.0,0.2,142,53397.58095198812,13896.76229819067
26,76,0.24854874311323505,0.709428937343074,0.8603634658496246,0.9265154295888189,0.23306006029429666,0.06135652424185495,1.0,1.0,0.4,0.0,0.2,144,58467.82857354044,14118.681800655588
26,77,0.24792170021083726,0.7041613577543158,0.8541921356947415,0.9260361155125452,0.24291239748733673,0.061380073505816216,1.0,1.0,0.4,0.0,0.2,146,58488.10994086692,13995.1430114988
26,78,0.2475101881409849,0.7006652987064956,0.8500971822222785,0.9257027618528135,0.23665711440010334,0.06138007350581629,1.0,1.0,0.4,0.0,0.2,148,58381.10520712558,14155.003136710666
26,79,0.24749818219818043,0.7003721498062554,0.8497494887860593,0.9420602791310746,0.22680604647821728,0.06144389718963032,1.0,1.0,0.4,0.0,0.2,149,58387.51091967143,14118.271564131728
26,80,0.24394874095484032,0.674307588044569,0.8193466245696202,0.9390008786976951,0.40078120125682987,0.05961511803956439,1.0,1.0,0.4,0.0,0.2,150,58308.46566598484,14143.059002739028
26,81,0.24169129313422305,0.7537204386480445,1.0012430041215958,1.0784067184855166,0.22871137173009837,0.05626004968300963,1.0,1.0,0.4,0.0,0.2,160,59790.551901430925,13001.612328090445
26,82,0.24186905027040267,0.7508534624979604,0.9977963971421229,1.0865910448141143,0.23485905968605256,0.0575536569031152,1.0,1.0,0.4,0.0,0.2,162,59924.34275528903,12941.47684322502
26,83,0.24173137014382406,0.7477485658602931,0.9941279303896815,1.09045521605842,0.24610293260740151,0.058018668550119445,1.0,1.0,0.4,0.0,0.2,163,59655.74658396882,13570.234680332514
26,84,0.24167564068225206,0.7437411069036557,0.9893709583488559,1.094409300131873,0.2541370573191156,0.05894134048528319,1.0,1.0,0.4,0.0,0.2,164,59833.1099742552,12697.757158689425
26,85,0.24045861001406338,0.7809972724938177,1.0774292895116862,1.2078792716114772,0.22524732098045275,0.057556602761490785,1.0,1.0,0.4,0.0,0.2,186,76540.89234752825,12367.650775102778
26,86,0.23948779985581353,0.7702761759773316,1.0648709829819827,1.2230292434062733,0.2605549664781317,0.057573108515683216,1.0,1.0,0.4,0.0,0.2,188,76572.80446970547,12565.640788610996
27,0,0.7598431365270533,0.9386985219666254,0.879226365600186,0.0071316657342071835,0.0,0.0,0.0,0.0,0.4,0.0,0.2,1,4385.51769965892,8286.619518873438
27,1,0.764164172104292,0.9556757431114569,0.8952877048794711,0.03236276703192995,0.04100579221059397,0.05578004408624051,9.189597747971e-05,6.833044032730999e-05,0.4,0.0,0.2,3,4199.462695786417,7737.792623709351
27,2,0.7543021875824174,0.9577169396673506,0.8964378672571891,0.04144611065001585,0.06591154962272218,0.06828505386190081,0.00961986973974624,0.01127915136379424,0.4,0.0,0.2,4,3923.405121914372,7789.024459319847
27,3,0.4951820705402478,0.8724039880911955,0.8069240595836191,0.03871218638421329,0.7350080118351793,0.06878750802069847,0.040209819483517054,0.02989853033987803,0.4,0.0,0.2,5,3163.518269375442,5901.701809988002
27,4,0.41297963514712643,0.8342287243643097,0.759925830906342,0.05195493626149469,0.22677643980063733,0.08436869756224381,0.06287725101532737,0.06545419557121114,0.4,0.0,0.2,7,2860.771926706694,5996.857500774474
27,5,0.3763805617665906,0.816623499325375,0.7360896134490196,0.07107422201451602,0.19264727159769066,0.08646752040059189,0.1835067094658792,0.15514978659084674,0.4,0.0,0.2,9,2995.723818947092,4556.3413013423415
27,6,0.37619938860913343,0.8276985986024937,0.7601432656858448,0.08765886942176968,0.06606797624742085,0.08646752040059189,0.18350670946587927,0.15514978659084996,0.4,0.0,0.2,11,2992.417746234348,4594.311367253115
27,7,0.37819410913142637,0.8194022347284208,0.7384493455975012,0.08662451594187077,0.08702677410560851,0.08897097583398869,0.19396198541588625,0.17626908366360888,0.4,0.0,0.2,12,2230.0860036168824,5431.568092313773
27,8,0.3596585697118551,0.8154014975297976,0.7458587879792125,0.09468574674994212,0.12979166667454728,0.08186472176347351,0.1863889021378248,0.1608936195275587,0.4,0.0,0.2,13,2625.613104150002,4539.554989382563
27,9,0.4345559624926258,0.8819977378310593,0.7978106385465482,0.1731596924881934,0.1858388485503099,0.08502350118042887,0.2559419723197348,0.5915679680152806,0.4,0.0,0.2,15,2418.731959630101,145710.91376548237
27,10,0.40295497691839954,0.8533615725274478,0.7670634101058761,0.15971869661896315,0.22211914207213068,0.06639921815040714,1.0,0.5472676605351089,0.4,0.0,0.2,16,2727.8150895647614,195756.68970935768
27,11,0.36251303457579276,0.8171220419997726,0.7233002202467513,0.1681138771578573,0.29711840475397955,0.06383557339764896,1.0,0.5908597017741608,0.4,0.0,0.2,18,2621.216980113558,189263.30763494747
27,12,0.3603596672201643,0.8149391062031286,0.7207332533614845,0.17467518773393215,0.15159484240207544,0.06394629393900539,1.0,0.590935452819582,0.4,0.0,0.2,20,2570.5367836199694,189166.3761129297
27,13,0.34399491640312835,0.8087837783996468,0.7245353283051199,0.18217989216880792,0.2062357934051926,0.06490422941964018,1.0,0.5910741668248702,0.4,0.0,0.2,22,2654.966464701372,189317.2199927526
27,14,0.3238023897647468,0.7887585476411406,0.7039022090873477,0.19486151482724962,0.13492098451939183,0.04587126572258899,1.0,0.5467609407422991,0.4,0.0,0.2,26,1687.9718534557503,1091733.1109354575
27,15,0.3023380078446275,0.7617995686914246,0.6716749142753682,0.2016491440991861,0.23745815080163088,0.04843848063810969,1.0,0.5606452209425117,0.4,0.0,0.2,28,1697.7700450730008,1092021.4154424726
27,16,0.3407015611912565,0.8441957393156767,0.805574515796792,0.28423947672420624,0.19121439116863653,0.05498630568749063,1.0,0.7500002480379646,0.4,0.0,0.2,29,1774.983015816523,1200558.7345916366
27,17,0.3295445568558779,0.8062072384106544,0.7386756186225993,0.26865085861660876,0.2920235911315643,0.053248277296261706,1.0,0.7605168700792921,0.4,0.0,0.2,30,1710.072027965496,1201069.2888705635
27,18,0.3247934701941584,0.8012077328504568,0.733529057823747,0.26952758597211435,0.1752622288561878,0.05078132348261708,1.0,0.7447487403245129,0.4,0.0,0.2,31,1737.0746910625503,1200242.998473706
27,19,0.32134226190640247,0.8307769376019101,0.8017546340807093,0.28927003495898085,0.1813131715397593,0.0456435697862225,1.0,0.7448885450464456,0.4,0.0,0.2,32,1713.6028145860164,1152183.3380203913
27,20,0.332127390201857,0.8515351949950405,0.8348170317992462,0.3143256011858282,0.20927341796044008,0.05348234010010341,1.0,0.797310826416946,0.4,0.0,0.2,33,1799.9291407057913,1224938.401286915
27,21,0.3608804220793237,0.8216244356443302,0.7383329290563198,0.307891956097867,0.283626187749782,0.05524796390487222,1.0,0.9701906752884805,0.4,0.0,0.2,34,1802.6659514958485,1235001.7769659946
27,22,0.3551837683225404,0.8236296816989969,0.7517632452288796,0.31524980421233545,0.24681322439136918,0.05524796390487222,1.0,0.9701906752884796,0.4,0.0,0.2,36,1766.3536138149975,1233053.861750247
27,23,0.33937200252080996,0.8063049164790107,0.7337603245925856,0.30983689076950705,0.22988423527380664,0.056603844036314535,1.0,0.9006562312269271,0.4,0.0,0.2,37,1920.9920727972965,1248415.496576386
27,24,0.35286295280671454,0.8143545265394863,0.7394443078701443,0.3344411469319256,0.32111336036999666,0.061589163297186375,1.0,1.0,0.4,0.0,0.2,38,1993.9471384471944,1004104.174893393
27,25,0.3416040858332965,0.7953177809899665,0.7173474208463431,0.34088623751353686,0.2858632537362355,0.058668690132220126,1.0,1.0,0.4,0.0,0.2,40,1852.6521493406824,987990.4423311012
27,26,0.33877431671761465,0.7904442223256023,0.7117175707639023,0.3487087839213162,0.23843387783234618,0.05752612720185083,1.0,1.0,0.4,0.0,0.2,42,1892.701343379028,987516.894163803
27,27,0.338667578371263,0.7847956875046442,0.7040978614696474,0.35978468600883623,0.2690652916382389,0.07217944701243134,1.0,1.0,0.4,0.0,0.2,44,1894.4382996506376,982886.3640353974
27,28,0.33596984965908,0.7692811793772583,0.6750286848446244,0.3588853355501979,0.2503964042083947,0.06949367492811359,1.0,1.0,0.4,0.0,0.2,45,1894.2854950323415,982661.2958937816
27,29,0.3365077897407749,0.7809826782630334,0.6997167056297333,0.36839336806125783,0.2289474996420288,0.07093999859480152,1.0,1.0,0.4,0.0,0.2,46,1936.816677537728,982414.7562484992
27,30,0.33420598303429894,0.766014565354066,0.6712526172685267,0.37039320680504184,0.24771114918347192,0.06876368094463822,1.0,1.0,0.4,0.0,0.2,47,1883.35819338786,982994.9228742372
27,31,0.31987055253884467,0.7787208797004115,0.7208042090484728,0.35723841225466024,0.2631692413518324,0.047973179858064804,1.0,1.0,0.4,0.0,0.2,49,2321.012789330137,2294271.807718306
27,32,0.31937262225500523,0.766149846312939,0.694916532173045,0.3729748480804877,0.22704634802420695,0.04917166262199918,1.0,1.0,0.4,0.0,0.2,51,4423.719729714905,2288867.520308699
27,33,0.31532587869545803,0.7697090662257158,0.7103859716066521,0.37753423451273754,0.26096943727234156,0.045974808137813614,1.0,1.0,0.4,0.0,0.2,52,2495.515087845215,2295973.0359091437
27,34,0.3091891362542232,0.7407087769596534,0.6747341956834396,0.3897117819551603,0.4995291039660829,0.07057140197942367,1.0,1.0,0.4,0.0,0.2,53,4273.178005636199,336713823130130.9
27,35,0.3064933715634823,0.7251564243271158,0.6456991154916562,0.3885102885525257,0.24842672159866422,0.066741722216461,1.0,1.0,0.4,0.0,0.2,54,4408.031563235105,336713823125067.3
27,36,0.3065546898509708,0.7463302994033834,0.6925481672568982,0.41023663903690333,0.23884028526890927,0.0684147538481163,1.0,1.0,0.4,0.0,0.2,55,4412.352186754872,336713839803267.25
27,37,0.3040759735062676,0.7175573529719721,0.6367236017280644,0.41009796696789536,0.2702998987432613,0.06783753592554043,1.0,1.0,0.4,0.0,0.2,56,4389.609099759395,336713839118937.25
27,38,0.3028286415360983,0.7263948669063893,0.6582652045270831,0.4192483700695061,0.2384440720619098,0.06624714060401386,1.0,1.0,0.4,0.0,0.2,57,4421.687352404844,336713839037884.7
27,39,0.30238516215630057,0.7359215644349006,0.6804714436112858,0.41872759316584307,0.23933436237706668,0.066741722216461,1.0,1.0,0.4,0.0,0.2,58,4427.582534973454,336713862993723.44
27,40,0.28504016732002296,0.7295042247653976,0.7072753074280587,0.4324073253762774,0.45621098442066715,0.05104671380801863,1.0,1.0,0.4,0.0,0.2,59,3426.883855623,3052547.3756847405
27,41,0.2841236853370952,0.7040703490901963,0.6553233651144581,0.4185413841408097,0.230950470768896,0.051031436112183526,1.0,1.0,0.4,0.0,0.2,61,3338.751058443899,3055024.1572588217
27,42,0.28287745773550416,0.7219625795444082,0.6984204616267984,0.44540899171618886,0.23677641789855075,0.05136202814743991,1.0,1.0,0.4,0.0,0.2,63,3260.858062548932,3055887.429088814
27,43,0.27924236232245836,0.6937863231552522,0.643724934143129,0.4288180978697034,0.23921981951928145,0.044509604793924365,1.0,1.0,0.4,0.0,0.2,64,3154.4034015448933,2293594.318166336
27,44,0.29187307224387193,0.6876775336011901,0.6227983747952929,0.44094370062332516,0.2487157312092857,0.08377668204562067,1.0,1.0,0.4,0.0,0.2,69,6933.497208022809,14622069727070.568
27,45,0.22376960499352805,0.6398411631723075,0.6004767189913024,0.3855542755383736,0.18388355462944883,0.07378131321832831,1.0,0.6829631701229557,0.4,0.0,0.2,70,2017.4566527985824,1140452.0858977071
27,46,0.2736388835294774,0.6591027843789807,0.6022645000958002,0.43720836920905637,0.40495267075231317,0.056729535202803924,1.0,1.0,0.4,0.0,0.2,71,3029.3191807279627,58457042464867.19
27,47,0.28810231131927255,0.6956362391551614,0.6647221712764863,0.4674557354287864,0.24043034825436682,0.09316253046964697,1.0,1.0,0.4,0.0,0.2,72,2103.346413422796,157973612876530.7
27,48,0.2882601157688184,0.684455758385603,0.6405111867386377,0.4583482278461483,0.2386491404849167,0.09365944265449244,1.0,1.0,0.4,0.0,0.2,73,2189.3287807341503,14622076171745.746
27,49,0.2746159285126597,0.6690539327124971,0.6247128345012025,0.45830939643181434,0.24054911518985228,0.060943318943710835,1.0,1.0,0.4,0.0,0.2,74,2847.703576063498,58457043500556.36
27,50,0.28733999653372533,0.6792951726604737,0.6343962593913133,0.47493907525527834,0.24925056925746664,0.09468947189437318,1.0,1.0,0.4,0.0,0.2,76,2131.828794182161,14622075446136.98
27,51,0.2931874550061393,0.6778423702230193,0.6313173758909769,0.5027675133324984,0.25420810720251696,0.11479549986803654,1.0,1.0,0.4,0.0,0.2,84,5230.924160377692,14622080222263.666
27,52,0.26862029580008917,0.6730489647028277,0.6624964021790174,0.5038472917892851,0.3487508222543681,0.06300069700584228,1.0,1.0,0.4,0.0,0.2,85,6984.307107178172,157973240063618.4
27,53,0.26289161236121716,0.6795697664758702,0.6928345057289231,0.5774097846266638,0.23319456563560295,0.05515819857628403,1.0,1.0,0.4,0.0,0.2,93,4401.529061111107,14615190833864.746
27,54,0.2581788243777389,0.7002969414116369,0.7508282583378239,0.5803263940820487,0.2901268372182561,0.04827323725038048,1.0,1.0,0.4,0.0,0.2,94,6948.82036142042,1911718.6760949872
27,55,0.2553096930783169,0.630378595754433,0.6135950269618601,0.5398313402237382,0.25034131901873935,0.050891766312895145,1.0,0.992783668887,0.4,0.0,0.2,97,6999.737647858815,1926803.703582128
27,56,0.24909603835957694,0.647523420603286,0.6676004255092827,0.5736169938760893,0.26037317504053015,0.04403635794380098,1.0,0.9866615275033179,0.4,0.0,0.2,99,7254.713115225653,1520063.3675531826
27,57,0.24967239574436584,0.6172698156915916,0.6203641437825941,0.5613933109632513,0.29855763988744777,0.049856009845112584,1.0,0.9960388401353912,0.4,0.0,0.2,101,6349.57600928767,1930449.974212262
27,58,0.24619214847473547,0.6445524074022839,0.6860737533985777,0.6089943367165574,0.23963928794828837,0.04518005715166047,1.0,0.990516958933401,0.4,0.0,0.2,102,7101.4498532184825,1520617.201634256
27,59,0.24494647078911158,0.6638524098019113,0.7310001393720756,0.6261811464870062,0.22287824022877264,0.044828566097124586,1.0,0.986613084230871,0.4,0.0,0.2,104,7194.532772733102,1521059.328481859
27,60,0.24699388139844525,0.5869969105988173,0.5738068488669662,0.578050340344531,0.3144720841348438,0.04971631984118611,1.0,0.9968524937799271,0.4,0.0,0.2,105,6646.360043597718,1926242.4055390728
27,61,0.24615409582462847,0.5846579832070451,0.581954348327238,0.5885299734290113,0.27166250710894835,0.05098581608135936,1.0,1.0,0.4,0.0,0.2,107,6664.21978820271,1929846.1125454104
27,62,0.24493231304779056,0.5810501100328627,0.57787697052298,0.5947945736453037,0.229099128206211,0.04992217771205954,1.0,0.9977933034819234,0.4,0.0,0.2,109,6636.924165049703,1926149.8931549203
27,63,0.2430017215956598,0.5680528968127513,0.5627133592974501,0.600334944875016,0.3075311013964835,0.04892957024508619,1.0,0.9980417322329764,0.4,0.0,0.2,110,8113.838097303192,1926474.8946214688
27,64,0.24237386175378,0.5584541999762015,0.5513708847144211,0.6040118456830187,0.29091534228153954,0.04970192186916862,1.0,0.999416005271797,0.4,0.0,0.2,111,6637.682853585599,1926937.383487188
27,65,0.16587951479029023,0.47851872841037363,0.4707693372662399,0.5349902446666377,0.15276710069061916,0.053709600728779026,1.0,0.6111688252556906,0.4,0.0,0.2,114,6734.268424393747,1934206.2881144655
27,66,0.16557335160442654,0.495031393992203,0.5122043738916574,0.5680469320469009,0.16612315314126058,0.054517429624931925,1.0,0.6115715621919838,0.4,0.0,0.2,116,6649.399137910918,1933739.296347548
27,67,0.15342501069269932,0.49180717025643167,0.5215413702063435,0.5555091906993443,0.14126820331400616,0.04745206750307228,1.0,0.5663852032098158,0.4,0.0,0.2,118,7193.652434769519,1543752.3363185427
27,68,0.24431337586056637,0.5657716469725802,0.5814069958649508,0.6612567294162996,0.24616132245631708,0.05959596410979691,1.0,1.0,0.4,0.0,0.2,120,7221.636737598807,157969456527986.72
27,69,0.2340775924571069,0.5332688505862506,0.5446624406726707,0.6515801715242756,0.3891272166533797,0.04955596891171986,1.0,0.9814154688355083,0.4,0.0,0.2,121,7245.685491425696,1540042.3495180022
27,70,0.11052652944249727,0.38307042383537987,0.36766124496444963,0.5245464482056963,0.12567516754893698,0.04064592615869261,1.0,0.38369284214920335,0.4,0.0,0.2,122,7360.150584671445,824581.2483134728
27,71,0.1527957515070568,0.43491912436520713,0.44309350200256137,0.5778657299349592,0.23572252914886666,0.04984731972358941,1.0,0.5830737405923261,0.4,0.0,0.2,123,7338.282837044573,1544622.9072086683
27,72,0.1497982581674359,0.4048099380795479,0.40792585509698487,0.5932811659592345,0.34171278863732224,0.04857471467078842,1.0,0.5827532621080234,0.4,0.0,0.2,124,7391.484641162128,1545689.0531011578
27,73,0.1470219992006847,0.37596338022330866,0.374266397835736,0.5861565917225467,0.23339176869352934,0.04968919541275667,1.0,0.5768151679549753,0.4,0.0,0.2,126,7171.991676554224,1544764.3047490022
27,74,0.14424069047710075,0.380227299610209,0.3907671707413813,0.5944257887852447,0.14832259878426632,0.0476642529930892,1.0,0.568457570230611,0.4,0.0,0.2,128,7159.084128897982,1540630.4846927351
27,75,0.14389960951887731,0.37216223592234476,0.3812867131164851,0.6015204740901218,0.1618408629435668,0.047608813866794046,1.0,0.5695670301098298,0.4,0.0,0.2,130,7085.04466881784,1541273.8675386815
27,76,0.14287313163815865,0.3689666121126544,0.3776943159474888,0.6006108618582684,0.1482038398336314,0.04728330799267644,1.0,0.565822787521326,0.4,0.0,0.2,131,7169.792206304684,1540870.0268875316
27,77,0.14379688840916127,0.36878462609786505,0.3773099380076702,0.6089740499189985,0.14145007374366472,0.04810879716477509,1.0,0.5691704223421012,0.4,0.0,0.2,132,7056.589987241202,1541028.239401223
27,78,0.186420698866482,0.4706479383346195,0.555718110439313,0.7275843354939082,0.2060471993856936,0.03085397301859265,1.0,0.8194466632971309,0.4,0.0,0.2,134,6790.651721928669,1122210.378150878
27,79,0.23402390473360468,0.4332816433357041,0.4371220425134099,0.72891169191259,0.2905914087112404,0.06232759749133041,1.0,1.0,0.4,0.0,0.2,136,7174.596216386531,157969444364051.2
27,80,0.18418774957084633,0.48180964182933494,0.6131786662050825,0.8069007798662575,0.18710092657258354,0.030415083050548342,1.0,0.8185605667338184,0.4,0.0,0.2,145,6772.260733880137,1122112.055277048
27,81,0.18418772928549926,0.4818080056484633,0.6131766399651928,0.8030399957970581,0.17588906736889726,0.030415180341104207,1.0,0.81856073948799,0.4,0.0,0.2,146,6772.262729074971,1122109.5209961636
27,82,0.18441118141865318,0.481518211420137,0.6127941538550568,0.8150788089217474,0.17991365581484398,0.031137427759355678,1.0,0.8183753558276935,0.4,0.0,0.2,147,6766.620820825165,1121985.1162479096
27,83,0.18367838245918336,0.4779691080284343,0.6087363234450021,0.8182164668869529,0.1962972256836226,0.02980365335757032,1.0,0.8181508088705899,0.4,0.0,0.2,148,6772.290104627146,1121726.2167539916
27,84,0.1834388486348704,0.46411716502175393,0.5924304552599731,0.8213635950357405,0.2761135323973858,0.0296150789658493,1.0,0.8209127486883825,0.4,0.0,0.2,149,6650.848381762825,1122596.45116056
27,85,0.15812907740658574,0.3591774090525802,0.42924731419427065,0.7705947874473812,0.4072900010898054,0.0313087648824828,1.0,0.6991329753209955,0.4,0.0,0.2,150,6775.8320970668165,1116862.729088775
27,86,0.1579320381981304,0.3654778035965808,0.44770833136318045,0.782003919252969,0.16926651691585004,0.03130876488248279,1.0,0.6991329753209955,0.4,0.0,0.2,152,6743.290185638607,1117827.335008486
27,87,0.15791511889350057,0.3650567173119321,0.447215097078273,0.7898966368624595,0.15528112736259864,0.03130876488248279,1.0,0.6991329753209955,0.4,0.0,0.2,153,6748.147167558724,1117678.0158051697
27,88,0.15705318321029624,0.33881865513446496,0.4164597790705582,0.7876124516282059,0.33673184140590984,0.030510539712189533,1.0,0.7014200736986728,0.4,0.0,0.2,154,6620.529893037982,1118308.9015702216
27,89,0.16389653260206544,0.2523672677102001,0.2804565469445903,0.7825621075522593,0.5915166488957024,0.032360992457589235,1.0,0.7415572926402858,0.4,0.0,0.2,155,6262.861513120256,1180211.207228551
27,90,0.16615545098081186,0.2454867437456763,0.27196796370336157,0.79989314228938,0.18015924377630257,0.033989143566626315,1.0,0.7508431656405892,0.4,0.0,0.2,159,6280.335703208842,1182657.083778582
27,91,0.16857046018597205,0.23462619421580416,0.26980993317708957,0.8123820188001653,0.34207638587370026,0.03554852703802509,1.0,0.762888920479967,0.4,0.0,0.2,160,6279.714901129102,1200472.0804645834
27,92,0.16364697093975863,0.2513195246839215,0.3123654167949154,0.8438983369890403,0.16270155001348083,0.033320875768489286,1.0,0.7428209639920478,0.4,0.0,0.2,167,6316.950765730263,1180461.9044245991
27,93,0.1669114276363019,0.24005096850858856,0.2875130225802186,0.8344349995916551,0.1890617430531375,0.0340368601069097,1.0,0.7581033171067473,0.4,0.0,0.2,168,6554.1458140880695,1184569.5016712174
27,94,0.16621840630095194,0.22662725110811155,0.2718594684986203,0.8410969286266704,0.25575674289941464,0.03491171551867756,1.0,0.7543324286085802,0.4,0.0,0.2,169,6319.793969076245,1182903.0886746778
27,95,0.16485080795144538,0.23407945015046513,0.29189481892624675,0.875254317869773,0.16918926304731663,0.03380410808920585,1.0,0.7499707013353236,0.4,0.0,0.2,172,6289.21141181607,1205751.3101663429
27,96,0.16393597233802376,0.2233791241830867,0.27948302383693036,0.8660965826020965,0.2326527821762576,0.03491477074231465,1.0,0.7442177632416778,0.4,0.0,0.2,173,6288.904212507316,1138443.775146943
27,97,0.17195337158969745,0.25401264896352743,0.34719661809911817,0.9180333270729002,0.2102589781118871,0.0355580202965389,1.0,0.7841344726474047,0.4,0.0,0.2,175,6086.037217679434,1209436.0659683254
27,98,0.16447443434655917,0.21007322841646714,0.2637585193676347,0.8731499725480507,0.1838208964063623,0.03341335285236871,1.0,0.7513068456155954,0.4,0.0,0.2,176,6306.351243041109,1206229.0128253151
27,99,0.16240457348214923,0.20198566658866984,0.25461963827855105,0.9024022278682207,0.17060708041470848,0.03333755349809331,1.0,0.7417126621993065,0.4,0.0,0.2,181,6263.863441123591,1201998.5058623787
27,100,0.1641086673301645,0.218421651535214,0.29571834669897057,0.916601336543917,0.18992103402474822,0.03332039482536734,1.0,0.7509582758895448,0.4,0.0,0.2,183,6319.970130500854,1206736.1573494491
27,101,0.16223864635162674,0.20304857176292035,0.2669435640210045,0.9220186162507314,0.17013874192757633,0.03333585221693234,1.0,0.7417939390296373,0.4,0.0,0.2,185,6268.809428351133,1202471.8352689222
27,102,0.16202063887014156,0.21095876273664768,0.28731843503242127,0.934154740234215,0.18283726264950262,0.032945026709002824,1.0,0.7417549187440393,0.4,0.0,0.2,186,6242.078289184955,1203996.4338027835
27,103,0.16216628673019085,0.21007462636992996,0.28625463442404736,0.946255570168764,0.16906690385979548,0.033335852216932346,1.0,0.7417939390296371,0.4,0.0,0.2,187,6262.411491424772,1202710.650374983
27,104,0.16205407616132889,0.20695571738361065,0.282611664239315,0.9523007572988831,0.1652274635497772,0.033286842095263544,1.0,0.7415987632963346,0.4,0.0,0.2,193,6268.950719292455,1202798.1985463426
27,105,0.16187363601539426,0.2041694966891601,0.2793714482578047,0.9727404324185057,0.16606830991280375,0.033009008657199065,1.0,0.7414760900255273,0.4,0.0,0.2,197,6380.558727414306,1202170.8525945428
27,106,0.161923572103439,0.20130496456212893,0.2759993376049058,0.9765565663002543,0.18231201008672082,0.03342254397880222,1.0,0.7411494336942834,0.4,0.0,0.2,198,6363.110695161157,1202036.5437607004
27,107,0.16163262059501876,0.18765040911436037,0.260018124951342,0.9792285082134187,0.25643236239515477,0.03336210704326985,1.0,0.7409231247390342,0.4,0.0,0.2,199,6364.46129300545,1201873.960370659
28,0,0.8486429210918783,0.9633719898976904,0.9081254196953299,0.009407871000785729,0.0,0.0,0.0,0.0,0.4,0.0,0.2,1,3480.347090046348,9040.92978374538
28,1,0.8637079937452095,0.9898092286685107,0.9338648391812286,0.042946748438284714,0.04482887132103323,0.07620111694837599,9.766164814445e-05,0.00015868913843285,0.4,0.0,0.2,3,3527.433822541549,9171.231888462647
28,2,1.0300334219313367,1.2508004677801052,1.1893570213770779,0.33554569903847914,0.5807887180910878,0.3090325132805501,0.6266990721427341,1.0,0.4,0.0,0.2,4,2028.5793936518244,376463.94154822745
28,3,0.5368919490463302,0.910125848203886,0.8454069428943163,0.07244348365547143,0.7003065753023218,0.09336261687406576,0.09055286776452223,0.1471381739012785,0.4,0.0,0.2,5,3315.069434227912,6654.691517103005
28,4,0.453428063825595,0.8734727019470597,0.7995182582585296,0.0893660947206687,0.2712164560927137,0.08903829199436034,0.1434060630721803,0.24216163462559,0.4,0.0,0.2,7,2550.2064140074644,8419.704123893907
28,5,0.44562328337152013,0.879853623950267,0.8180738308976769,0.09526549495907004,0.10060367275539794,0.0890382920101144,0.14340607206016545,0.2421616498030906,0.4,0.0,0.2,9,2369.7270181589097,7920.08992455419
28,6,0.39669606808035923,0.8451235378143933,0.7789151196043593,0.08966286140097432,0.16614045965080804,0.10131006044856342,0.10901061100658542,0.1732649357401689,0.4,0.0,0.2,11,2953.5447407310294,7972.534556366855
28,7,0.4090062219112823,0.8707520151915524,0.8166041522698434,0.12254648525221687,0.11361548455913847,0.10094744953207688,0.16840098426581918,0.27355406969569135,0.4,0.0,0.2,13,2615.8991531650927,6974.24384098795
28,8,0.40247169884890105,0.8927709192500769,0.86173369826407,0.15345757299173285,0.13515035138456788,0.09485386522415465,0.21118949472748935,0.3681787840740657,0.4,0.0,0.2,18,1965.4300903857288,2946.855262663453
28,9,0.3951307357528433,0.8870649344568555,0.8550818103135168,0.15976514661668695,0.13066164445652662,0.09422536632942824,0.21148666627792273,0.36852265570119774,0.4,0.0,0.2,20,1895.2334033141324,3010.2874087640694
28,10,0.46066430471534603,0.945672788240769,0.8974972275894741,0.24325524754359507,0.3300061165748279,0.09108387982011446,0.2931526571325443,0.8170578398451708,0.4,0.0,0.2,21,1702.079526056231,3444.7913286487046
28,11,0.37259389682415645,0.8830142978744616,0.8567364547950667,0.1870904090208591,0.30717489454258673,0.08656743239060292,1.0,0.5205541006977039,0.4,0.0,0.2,22,2035.098513981411,2082.114955608963
28,12,0.3651752550883335,0.8869802655530223,0.8721791364433369,0.19518969892858368,0.17092598266154696,0.08673202325403424,1.0,0.5285266013856262,0.4,0.0,0.2,24,2247.2663258473067,2366.420116166152
28,13,0.3660908588570629,0.876891992480263,0.8483506262941535,0.21236512921156495,0.17713491946240945,0.08568856083664951,1.0,0.5577867574886775,0.4,0.0,0.2,25,1982.213336670941,1955.579077671127
28,14,0.3415567062714546,0.8745992162805216,0.8718509943266767,0.18581885819161123,0.12968948727402993,0.0868675613815617,1.0,0.4379940582354519,0.4,0.0,0.2,26,1990.9392023645955,3025.493591629195
28,15,0.33922700995546523,0.8610328469429676,0.8448063306493633,0.19183192982437997,0.13252866650134165,0.0868617506000918,1.0,0.4401471583288247,0.4,0.0,0.2,28,2020.0249142634043,2704.63026022346
28,16,0.3443182454417554,0.8652584669216798,0.8462598678317681,0.21367057070134862,0.2562153334513104,0.08827482026086954,1.0,0.5393812873370558,0.4,0.0,0.2,29,2144.0217885661714,2706.4338283501643
28,17,0.3390563819218593,0.8594600303880361,0.839524874319343,0.220619079265799,0.16195663954026265,0.08723134470484292,1.0,0.5398210195641363,0.4,0.0,0.2,31,2031.601864034335,2713.927231788407
28,18,0.34153434990698317,0.8618115330367325,0.8416819317359377,0.2288743023291982,0.15427388747845827,0.08689281284664543,1.0,0.5579341921166263,0.4,0.0,0.2,32,1983.0246866213,2540.580375339263
28,19,0.40199961470858003,0.919368122343428,0.8959330826348286,0.308838981238875,0.3580051338612988,0.05800320305359356,1.0,1.0,0.4,0.0,0.2,33,2126.588467913282,9840.010561816362
28,20,0.3430998106495241,0.8553589792402619,0.8280416452009988,0.27267904334787574,0.3404378468727177,0.07242229235655467,1.0,0.7644631990279872,0.4,0.0,0.2,34,4390.14890733468,3108.0618536916118
28,21,0.3392637592564472,0.8502387623265769,0.822111900320305,0.2800330445123739,0.19800186610798345,0.07122928254460889,1.0,0.7648831618630936,0.4,0.0,0.2,36,4247.014867321258,3124.291902651549
28,22,0.41198296519852534,0.9356749825424455,0.9284720396791324,0.40020743941176307,0.3775249083938147,0.1853541906251089,1.0,1.0,0.4,0.0,0.2,38,2101.003071958928,2648.741841429481
28,23,0.4110832502916722,0.9347281603842617,0.927497361982448,0.4056892612065733,0.27463888666327907,0.183394031436496,1.0,1.0,0.4,0.0,0.2,39,2150.370045332784,2399.598426161382
28,24,0.40700272786527875,0.9280326389137521,0.9196281782695215,0.41083444005575137,0.29736923040526053,0.18378803705797184,1.0,1.0,0.4,0.0,0.2,41,2383.836075918575,7164.306505579427
28,25,0.3442468101620395,0.8350457398049438,0.7973293157724992,0.3365429919441991,0.35970454155789894,0.05567641657073495,1.0,1.0,0.4,0.0,0.2,42,1679.359254237506,4046.293889089019
28,26,0.3355144108248481,0.8143263240209628,0.7722949403865618,0.3637738782115937,0.31383443826879315,0.06686729054340061,1.0,1.0,0.4,0.0,0.2,44,1586.287849736868,5412.469069277427
28,27,0.3216249945554299,0.7849167770580634,0.7378780451505174,0.35150310510191607,0.43067305381898946,0.0664402751186812,1.0,1.0,0.4,0.0,0.2,45,1661.0366501293329,3900.9493067165145
28,28,0.3208157848287285,0.7828181034468646,0.7353581923171282,0.35479407137773133,0.23317500539540642,0.06734362209942363,1.0,1.0,0.4,0.0,0.2,48,1619.12541510296,4495.844265728108
28,29,0.3034697628336454,0.7404872201265997,0.6859632350607692,0.37505153159460863,0.5120358737892762,0.06463596563165355,1.0,1.0,0.4,0.0,0.2,49,1401.29655956574,6139.363665258213
28,30,0.3022251758423097,0.7362703082080639,0.6809529853035062,0.3842165890937189,0.24246569358255554,0.06567526831108095,1.0,1.0,0.4,0.0,0.2,51,1540.4000394044735,6011.801297972284
28,31,0.2994653879359354,0.7288455004097358,0.6723003848505169,0.3926039808450935,0.25109279378195887,0.06503591545571265,1.0,1.0,0.4,0.0,0.2,53,1517.4314288052926,6172.298486236879
28,32,0.3242260631424203,0.7781674644009422,0.7583026569795885,0.5039689156299284,0.26202283565581147,0.13819343241174195,1.0,1.0,0.4,0.0,0.2,67,1181.4916467658163,83029.1517128745
28,33,0.3238394775712511,0.7754001812324953,0.7549352628980275,0.5142072370161019,0.26825338155180883,0.1400354604733287,1.0,1.0,0.4,0.0,0.2,69,1190.5117210264973,82900.59633661338
28,34,0.32264908491114974,0.7838008180079723,0.7759324422158127,0.5234104661597545,0.26380243671621084,0.1389240387002172,1.0,1.0,0.4,0.0,0.2,71,1122.458175610589,87665.87935242073
28,35,0.3236283242736093,0.7847219891380051,0.7768390694981633,0.5252523057494511,0.25716713523396095,0.14143896286836216,1.0,1.0,0.4,0.0,0.2,72,1141.4991199781568,85846.85095829895
28,36,0.32224408741402033,0.780896322112091,0.7724057626259766,0.5274076441563162,0.28108674830452374,0.14074744063754208,1.0,1.0,0.4,0.0,0.2,73,1139.8812355117104,86631.65846314529
28,37,0.3177248387267123,0.776648326449008,0.7784823719983407,0.5405696876893995,0.36604444507113765,0.14117818827397952,1.0,1.0,0.4,0.0,0.2,74,1208.792491123788,156125.85463958763
28,38,0.31716966502431976,0.7609398767818198,0.7488296091340083,0.5374613197844011,0.2957194528266629,0.14369427876042723,1.0,1.0,0.4,0.0,0.2,75,1187.9981251152765,155982.81329081353
28,39,0.3168165349870584,0.7591735968931626,0.7467275976818792,0.5482810047559348,0.2644998833905301,0.14418227670806377,1.0,1.0,0.4,0.0,0.2,77,1170.1261445287548,156831.20670669654
28,40,0.3150515698833679,0.778489759623711,0.7917309889346063,0.5634716374203805,0.26908290967425436,0.14103151444298875,1.0,1.0,0.4,0.0,0.2,78,1149.135962408065,156421.49112842293
28,41,0.3146093230486617,0.7518793255987604,0.7382320397331437,0.5574793087567325,0.29365427847436154,0.1434803202089065,1.0,1.0,0.4,0.0,0.2,79,1143.6211968052442,157482.37584301122
28,42,0.29974503586833773,0.7690229452518815,0.7940016731244535,0.5707435337261939,0.2583775628856969,0.1077913049409817,1.0,1.0,0.4,0.0,0.2,80,1111.5221860884485,86248.31347667037
28,43,0.3139651131421517,0.7488465094919017,0.7346393860791771,0.564682371823165,0.26524419961818047,0.14407039703725638,1.0,1.0,0.4,0.0,0.2,81,1152.4998693199072,157473.1381955399
28,44,0.2992690037761926,0.7780135744467216,0.8155871449975189,0.5809690299743591,0.2521701625889389,0.10817751705132313,1.0,1.0,0.4,0.0,0.2,82,1128.1554605673532,86378.45714999501
28,45,0.31253008573213265,0.7447243250999978,0.7298924399343147,0.5675033315892453,0.2736610865723137,0.14288889963686685,1.0,1.0,0.4,0.0,0.2,83,1155.6800807091756,158175.99802581986
28,46,0.2988165065500381,0.7748569178759399,0.8118022113823211,0.5914665052420576,0.25288818633050614,0.10945813675770313,1.0,1.0,0.4,0.0,0.2,84,1162.0037420007409,86887.61813493771
28,47,0.2979215586131251,0.7836132353142262,0.8331997123325672,0.6134089380850298,0.24636503715970492,0.1085832585451286,1.0,1.0,0.4,0.0,0.2,89,1287.273980494226,87272.21631375761
28,48,0.3029411385119971,0.7390172610102967,0.7354989581926625,0.5784053204081727,0.2565208664885554,0.12523570910333465,1.0,1.0,0.4,0.0,0.2,96,1997.6002425261452,68571140.6634252
28,49,0.30123083551136604,0.7329389348508111,0.7284260031946002,0.5847383848540568,0.2903681631193754,0.12455865132056736,1.0,1.0,0.4,0.0,0.2,97,2051.485871563988,68559410.50777067
28,50,0.3013202485223535,0.7325144408630522,0.7278849790642656,0.5885038684904236,0.25483870895909366,0.12519851603945842,1.0,1.0,0.4,0.0,0.2,98,2008.9821853440203,68583119.12464021
28,51,0.2992452844864222,0.724427040449249,0.7184432367236058,0.5911658854281086,0.2775126854120653,0.12475081105549295,1.0,1.0,0.4,0.0,0.2,100,2043.0384408239056,68597884.38355649
28,52,0.2980912760476472,0.7268398325210745,0.7321568050749727,0.6056526320830087,0.2857031382226807,0.1275848947858684,1.0,1.0,0.4,0.0,0.2,102,1852.1135092224044,68618960.11966012
28,53,0.2960564293075788,0.7145840648044897,0.7176602497692419,0.6124789671311976,0.2975468771245708,0.12965659671143537,1.0,1.0,0.4,0.0,0.2,104,1976.7091312309367,68620229.68395936
28,54,0.2961728290075142,0.7131174404377054,0.7158496726503316,0.619975240872545,0.25941838524360594,0.1310099895228537,1.0,1.0,0.4,0.0,0.2,106,1990.9175964197943,68627809.09174156
28,55,0.29542141000576216,0.7117661168613845,0.7143683260614826,0.6265787051705767,0.25711659948642485,0.12953067201799712,1.0,1.0,0.4,0.0,0.2,107,1986.547767513976,68623681.21697
28,56,0.29535253546761114,0.7099245618559038,0.7121429729119799,0.6267719831247887,0.2678607306481269,0.13052887335213378,1.0,1.0,0.4,0.0,0.2,108,1960.4419006847568,68623649.13336027
28,57,0.2946611593204773,0.7085748425840626,0.7106510198619724,0.6334419707729257,0.25749632164518926,0.12923136999298143,1.0,1.0,0.4,0.0,0.2,109,2003.8560070964984,68635346.90291412
28,58,0.2945089582071889,0.719591445665211,0.7346604711375162,0.651499689478017,0.2517057425750995,0.12887398798395794,1.0,1.0,0.4,0.0,0.2,111,2001.017246961415,68637437.41935742
28,59,0.2919040672992878,0.7137989275406558,0.7281809949555051,0.663996477070385,0.2777918728831382,0.1244202051818503,1.0,1.0,0.4,0.0,0.2,112,2011.4147066258377,68615266.54549542
28,60,0.2873301768186332,0.7141837033050076,0.740229540616518,0.5878475163151091,0.2649226852652123,0.11688562180290922,1.0,1.0,0.4,0.0,0.2,115,2148.751012252877,68480454.54276727
28,61,0.2857971857035916,0.7259218575660518,0.7760330564621194,0.6227621768729579,0.27371103103458827,0.11846803475389571,1.0,1.0,0.4,0.0,0.2,118,2004.165960845336,68377492.65163252
28,62,0.28434567063925065,0.735375729894397,0.7984244023833937,0.6288752367943733,0.24859230855805323,0.11501206192079302,1.0,1.0,0.4,0.0,0.2,119,1899.83059276195,68427035.0458717
28,63,0.28529760186116637,0.7214808523585634,0.7707639483118303,0.6266711970473373,0.2789888245085739,0.11945401482157222,1.0,1.0,0.4,0.0,0.2,120,2042.958505113756,68380665.4380291
28,64,0.6362157495020457,1.0553514758322031,1.090410703991057,1.0521461270384331,0.6504945716713573,1.0,1.0,1.0,0.4,0.0,0.2,121,3.6809624162285695e+19,132095549.8447564
28,65,0.27857656534425096,0.6792099394186331,0.7104616270068354,0.6187960613526373,0.4007318695948999,0.11522937757490843,1.0,1.0,0.4,0.0,0.2,122,1924.19735487862,68476612.19685695
28,66,0.6314115207180369,1.0375265155708322,1.0806147180795658,1.0643379562133872,0.6474744599015076,1.0,1.0,1.0,0.4,0.0,0.2,123,3.6809624155643728e+19,132132907.47725956
28,67,0.6309582700067621,1.012210049054073,1.028799199906668,1.0490525082692785,0.6204816957396836,1.0,1.0,1.0,0.4,0.0,0.2,124,3.687103261411226e+21,480351633.3987812
28,68,0.6284586702545842,1.0176879319799474,1.0573788360825713,1.069953797137354,0.7180755558926739,1.0,1.0,1.0,0.4,0.0,0.2,125,3.680962415449584e+19,132129489.28430375
28,69,0.6283535707300723,1.0281509772988675,1.080715307165473,1.081279288105332,0.6025828305150437,1.0,1.0,1.0,0.4,0.0,0.2,127,3.6809624158172537e+19,132129413.71305884
28,70,0.6235607110104455,0.9803319537899262,1.0136252739625444,1.0704447418322858,0.855723265511545,1.0,1.0,1.0,0.4,0.0,0.2,128,3.687103261301397e+21,480145321.2326597
28,71,0.6226098900686634,0.9722983181765921,1.0042158309767404,1.0772536344734085,0.6280535016886433,1.0,1.0,1.0,0.4,0.0,0.2,130,3.68710326125507e+21,480137011.00751054
28,72,0.6193081323065528,0.9532073636245904,0.992937123881791,1.0669385031263872,0.8121093420972179,1.0,1.0,1.0,0.4,0.0,0.2,131,3.687103261331296e+21,480196318.5256917
28,73,0.6172759899970774,0.9209608392319748,0.9440865231490723,1.0838655137802842,0.7464548494823897,1.0,1.0,1.0,0.4,0.0,0.2,132,3.687103261287532e+21,480274923.18423146
28,74,0.6157822930124284,0.9041910736717211,0.9244448145177937,1.0899233398359782,0.6585598037018343,1.0,1.0,1.0,0.4,0.0,0.2,134,3.687103261285444e+21,480272025.68081343
28,75,0.6148169478684617,0.9038491440861356,0.9351260237547718,1.0964609434771153,0.640320323782423,1.0,1.0,1.0,0.4,0.0,0.2,136,3.687103261285084e+21,480261084.0950256
28,76,0.6118632588223673,0.8755095071384211,0.9130146660593261,1.1194294210868698,0.6920659869395691,1.0,1.0,1.0,0.4,0.0,0.2,139,3.687103261069562e+21,480204077.2959057
28,77,0.6108409451085537,0.8600159937563658,0.8948678175422904,1.1370051892661424,0.6180337305184515,1.0,1.0,1.0,0.4,0.0,0.2,145,3.687103261060936e+21,480140936.45717657
28,78,0.6096216509985979,0.8400177290490127,0.8714446679320025,1.1465667416391658,0.6698369364101592,1.0,1.0,1.0,0.4,0.0,0.2,147,3.687103261062234e+21,480187260.11746246
28,79,0.6093089446311309,0.8345878872299131,0.8650850492860274,1.1536676431139803,0.6189592180105579,1.0,1.0,1.0,0.4,0.0,0.2,149,3.68710326101468e+21,480193194.7791296
28,80,0.6092666603346442,0.8450476842177699,0.8884177146500882,1.173124414595355,0.6010402559741297,1.0,1.0,1.0,0.4,0.0,0.2,154,3.687103261102467e+21,480073409.1707244
28,81,0.6082447184528601,0.8262612179617321,0.8664139669356523,1.179470173994525,0.7312180870238614,1.0,1.0,1.0,0.4,0.0,0.2,155,3.687103261048181e+21,480055345.6001597
28,82,0.6073162438143991,0.7965116343678555,0.8204879299002337,1.1888271138163398,0.7295743924430755,1.0,1.0,1.0,0.4,0.0,0.2,156,3.687103261109945e+21,479972780.460704
28,83,0.6061276470165626,0.7702647774487181,0.7897460548803028,1.1940587304851027,0.6916316147195034,1.0,1.0,1.0,0.4,0.0,0.2,158,3.687103261146936e+21,479950381.1910151
28,84,0.6061148175740403,0.7699643068253847,0.7893940258875491,1.201683478024709,0.6010489182956524,1.0,1.0,1.0,0.4,0.0,0.2,160,3.687103261164197e+21,479951256.8281539
28,85,0.6056524118118476,0.7700535504472228,0.8005804771085354,1.0742253329936275,0.6258792438427747,1.0,1.0,1.0,0.4,0.0,0.2,163,3.687103261144979e+21,479944667.1276971
28,86,0.6056229097024673,0.7693250694651323,0.7997272086981411,1.066662595630475,0.6025400603461374,1.0,1.0,1.0,0.4,0.0,0.2,165,3.6871032610986514e+21,479936309.70418006
28,87,0.6054003251550817,0.8422900221100218,0.9627600044146336,1.1465541910308419,0.6194585770997525,1.0,1.0,1.0,0.4,0.0,0.2,167,3.769201408356245e+21,490651986.5204255
28,88,0.6051717628382973,0.836316512249841,0.9557635184054403,1.1459848808999462,0.6204955458431961,1.0,1.0,1.0,0.4,0.0,0.2,169,3.769201408409344e+21,490662799.8536372
28,89,0.6050665912768065,0.7663349807215822,0.8073066258483634,1.2396011333491794,0.6192318155766852,1.0,1.0,1.0,0.4,0.0,0.2,170,3.8531275777160847e+21,501585708.853501
28,90,0.60505924431854,0.7661412776113483,0.8070799887298228,1.247379477818672,0.6006763657745766,1.0,1.0,1.0,0.4,0.0,0.2,172,3.7692009835348833e+21,490665419.8082138
28,91,0.6049491933518079,0.8304493424907775,0.9488915712645132,1.1412480923353745,0.6203962831910459,1.0,1.0,1.0,0.4,0.0,0.2,173,3.769201408455525e+21,490668857.5412674
28,92,0.6048503502141793,0.7493649299065721,0.7763488090921509,1.2546687972798667,0.6185539690476859,1.0,1.0,1.0,0.4,0.0,0.2,174,3.687103261176955e+21,480021814.41588897
28,93,0.6046966303457652,0.7451673168315267,0.7714322140451759,1.2581773091637143,0.609762863633776,1.0,1.0,1.0,0.4,0.0,0.2,177,3.687103261143144e+21,480019594.6838929
28,94,0.6044635542388437,0.738654925944463,0.763804503635183,1.2731718229902518,0.622738024157678,1.0,1.0,1.0,0.4,0.0,0.2,179,3.687103261171676e+21,480024913.3708229
28,95,0.6044310345369588,0.7489355518294729,0.7869273951521176,1.285445440165081,0.6032307442851191,1.0,1.0,1.0,0.4,0.0,0.2,181,3.6871032611550265e+21,480020853.317567
28,96,0.6042724265081779,0.7443740401929679,0.7815849532900505,1.2928686346526503,0.631856367439502,1.0,1.0,1.0,0.4,0.0,0.2,182,3.6871032611146967e+21,480014290.4726703
28,97,0.6042525596910522,0.7437961791933283,0.780908125879006,1.297321431043304,0.6013449698957046,1.0,1.0,1.0,0.4,0.0,0.2,185,3.6871032611457566e+21,480009003.7864539
28,98,0.6041566829845695,0.7409924420739227,0.7776241185987973,1.3004068449342707,0.6196241075972878,1.0,1.0,1.0,0.4,0.0,0.2,186,3.687103261117569e+21,480003048.6765898
28,99,0.604011166649923,0.725579538591669,0.7484898973256424,1.3109806241479147,0.6151343168762771,1.0,1.0,1.0,0.4,0.0,0.2,188,3.687103261205944e+21,480028744.617792
29,0,0.7685321822261556,0.941235126597292,0.8821974509295205,0.007364632186192171,0.0,0.0,0.0,0.0,0.4,0.0,0.2,1,4550.314266473199,6910.691873093363
29,1,0.7842376518113329,0.9679918326416009,0.9081689470071636,0.04168055102019874,0.04735578490942553,0.07828222811733856,8.264843040355e-05,0.00014630752434526998,0.4,0.0,0.2,3,4398.710849393001,6822.243075377565
29,2,0.7629049706226977,0.9639435291866519,0.9028445014249522,0.046715628496009576,0.08678618055499449,0.07667874631684042,0.009109039184304819,0.020367546672043248,0.4,0.0,0.2,4,4129.500744887352,6728.591920403141
29,3,0.9558915684470513,1.1965654445964076,1.1322843146041182,0.30157315473619895,0.4157223738224393,0.21486972461500292,0.10350778871163077,1.0,0.4,0.0,0.2,5,4655.13506827938,1060241.6583891036
29,4,0.7879410537110866,1.0644255429540947,1.0109657948953175,0.16867277821474358,0.2445897823705927,0.07978697239320108,0.2759720072224809,0.6170653812716785,0.4,0.0,0.2,6,2342.9937892053704,6892.016042090561
29,5,0.5923591420965204,0.9369469510771672,0.8904866973810952,0.06587755289074117,0.2960399732069858,0.09560495896316087,0.037975799267912405,0.06722626369055677,0.4,0.0,0.2,7,2027.4678165814817,5390.405004828072
29,6,0.5601584352780581,0.9249012015420823,0.8615858935276409,0.0907851675398394,0.2365052230868456,0.09406993140947875,0.22979188344466822,0.1786183410410689,0.4,0.0,0.2,8,1539.0065515231986,2253.275923235771
29,7,0.45230507163837813,0.8781032036755074,0.8184643240869708,0.08216522417506988,0.44416866012242395,0.09274375558859912,0.07059200465420393,0.16349132855538043,0.4,0.0,0.2,9,2487.5669897678827,4118.33623901456
29,8,0.4252509380355082,0.8790679252732895,0.810475150008146,0.1384831154237664,0.4881407684685324,0.09399142763901433,0.3801123382120926,0.42723758298312325,0.4,0.0,0.2,10,3567.868646527233,4112.657795441179
29,9,0.3777597154922825,0.8332661840973112,0.763845072944766,0.09480870726986396,0.11586088788127726,0.0907018132754416,0.09850047244610388,0.2289927854188476,0.4,0.0,0.2,11,3322.7339117042275,5985.522489612384
29,10,0.34597659084795557,0.8090044801372674,0.7344036621106919,0.10394976398530037,0.1936823779058323,0.0946150405930771,0.11324981312291431,0.25108300880030854,0.4,0.0,0.2,13,2089.8917954086846,3716.4380842216897
29,11,0.34324084717839437,0.8066303553477985,0.7316435890923079,0.11230975364762712,0.09581485188503376,0.09428729641635626,0.113303982423492,0.25113872717127145,0.4,0.0,0.2,15,2140.0684522274346,3601.610033230182
29,12,0.3421718500396683,0.805663225540059,0.7305639464197274,0.12262181073141284,0.09222518071790517,0.09329969139977368,0.1142644466166501,0.2515608121873613,0.4,0.0,0.2,16,2129.260598632798,3595.912264792455
29,13,0.3144869906254597,0.791440859465728,0.7249020190492144,0.12490496546194027,0.26920273344341583,0.09413211165193727,0.12379546482736148,0.252395597320214,0.4,0.0,0.2,17,2216.1604598608205,3447.379059122389
29,14,0.31157139997458483,0.7885819182188245,0.7215207525650558,0.1346070137795003,0.09897269637456219,0.09459474389504038,0.12386229335248271,0.25242397646868164,0.4,0.0,0.2,19,2112.8860712104715,3536.90051407768
29,15,0.31021014172787315,0.7872208538031111,0.7201550737507216,0.138850414348769,0.08708228060359909,0.09432265345430708,0.120401700214596,0.2462978974578874,0.4,0.0,0.2,21,2161.687191844156,3564.9356417217723
29,16,0.30940040008139347,0.7864199764673256,0.7191945024365328,0.14447611932437263,0.09037772291255401,0.09447430073632854,0.12072014121802599,0.246653280938341,0.4,0.0,0.2,23,2092.6914392800145,3567.793517100608
29,17,0.42545447680987775,0.8900723442156528,0.805498361048391,0.2768151385457387,0.40479067932959845,0.06841426637578397,0.23511815489686544,1.0,0.4,0.0,0.2,24,2280.2287687153243,4686.648663334227
29,18,0.42173641696570907,0.907842467428801,0.8479262550432425,0.29603377100885286,0.24151184473873366,0.07642621060369668,1.0,1.0,0.4,0.0,0.2,29,3651.158036222367,7137.604079394128
29,19,0.41656771816324667,0.9133097785060418,0.8656988350718202,0.3038162030335103,0.2430611638389411,0.07223336898175212,1.0,1.0,0.4,0.0,0.2,31,3680.708368172698,7638.12154481826
29,20,0.383537400064585,0.8706869393314847,0.8157348039768777,0.30595305245443,0.3788269466473222,0.07284213211167448,1.0,1.0,0.4,0.0,0.2,33,3646.6328793384746,7148.4059851489965
29,21,0.38322568377124183,0.8815599653984985,0.839596971553354,0.3166763194306147,0.22910512503934202,0.07218051630100922,1.0,1.0,0.4,0.0,0.2,35,3653.285670787968,7134.991173970511
29,22,0.3829532752917597,0.8810652663976568,0.8389740890320758,0.3280778500215663,0.23173873115148164,0.07281455104404011,1.0,1.0,0.4,0.0,0.2,37,3563.452249215969,7069.679710497774
29,23,0.37199668877434555,0.8971330766165146,0.8906104031573274,0.32473084677262426,0.37164419509911645,0.07906936323289364,1.0,1.0,0.4,0.0,0.2,38,4243.906577692405,8466.954791858157
29,24,0.35889285556343337,0.8429756335368379,0.7941426365970745,0.3487816064659585,0.2753811276206023,0.07600720668713665,1.0,1.0,0.4,0.0,0.2,41,3622.582389230693,2472.0922977626374
29,25,0.3518147563238584,0.8409355857732761,0.8026457795583049,0.3746789315669935,0.24821356755716012,0.07877189515868381,1.0,1.0,0.4,0.0,0.2,47,3351.6414788699485,2435.824907459521
29,26,0.3516265919986347,0.8405943400468618,0.80224604784836,0.3820131964102626,0.2326996592772435,0.07877189515868381,1.0,1.0,0.4,0.0,0.2,49,3384.436521207831,2408.4078374438827
29,27,0.35123222149824057,0.8285048615534809,0.7769690393478468,0.3788883419809145,0.23933322809641847,0.07928595902145075,1.0,1.0,0.4,0.0,0.2,50,3384.5143592641834,2415.723608828354
29,28,0.3497021494069222,0.8256288189920098,0.773586278406891,0.3851593651833679,0.24212910302582513,0.079492644377954,1.0,1.0,0.4,0.0,0.2,52,3285.857547685624,2416.6557963985997
29,29,0.33348883766071497,0.8187920298368052,0.7881866757994516,0.39496977276541884,0.4155066660174651,0.07300476276291638,1.0,1.0,0.4,0.0,0.2,53,3770.471504617565,2606.4133166062807
29,30,0.35282419627914424,0.831923814781744,0.7993233324470355,0.41674549903830255,0.29458021129471634,0.13495893240148163,1.0,1.0,0.4,0.0,0.2,55,3357.91555693876,2362.6013038075207
29,31,0.317682595637219,0.7985895759320776,0.7761169979668718,0.39389851287021777,0.28479515836520947,0.06554628059038047,1.0,1.0,0.4,0.0,0.2,57,4127.908437480862,2555.4680776018336
29,32,0.31674145906364093,0.7963535291067019,0.7734976983528932,0.4001552072040884,0.23403662614568316,0.06555141378306792,1.0,1.0,0.4,0.0,0.2,59,4198.307208352197,2634.700623919024
29,33,0.3100035653417814,0.7949323750874175,0.7833670408381779,0.41412965183278033,0.29335823507317677,0.05894979906737905,1.0,1.0,0.4,0.0,0.2,60,4327.200886249745,2630.615875303152
29,34,0.31158696124493873,0.807641143365295,0.8090544637886783,0.4216875812257067,0.22606205035771718,0.06303012486143875,1.0,1.0,0.4,0.0,0.2,61,3778.853985424709,2533.0933310830405
29,35,0.30975173824576385,0.8056257418487531,0.8069875893851131,0.4233778524227536,0.2255937228989579,0.05874301133440958,1.0,1.0,0.4,0.0,0.2,62,4187.828709733204,2666.013328409921
29,36,0.30509512365868974,0.7946196571776418,0.7941948237770458,0.42781682033351065,0.2958672141286945,0.05731232550501185,1.0,1.0,0.4,0.0,0.2,63,4077.010216618821,2651.014025314279
29,37,0.30481158017090354,0.7941106548722596,0.7936242102556939,0.43109689643319377,0.22521667935483244,0.05693695749173662,1.0,1.0,0.4,0.0,0.2,64,4098.625482735918,2543.8613942783472
29,38,0.3039658799241297,0.7918140929408464,0.7909271682800416,0.4404123075960993,0.23098513906452506,0.05704169375275366,1.0,1.0,0.4,0.0,0.2,66,4020.0571991251554,2670.033613850375
29,39,0.30419232749946024,0.791331473100443,0.7902496872657843,0.44797097434795907,0.23141740257290172,0.058679143479853604,1.0,1.0,0.4,0.0,0.2,67,3742.775489308072,4540.093005509732
29,40,0.3004568084642735,0.7855548239163155,0.7839158598777864,0.44514882144284873,0.243677024338095,0.052373307596562335,1.0,1.0,0.4,0.0,0.2,68,3973.090467680255,2740.743386168041
29,41,0.3006612652396111,0.7741426148147283,0.7593907451154125,0.45679474316562785,0.2225452039310059,0.05349235403268765,1.0,1.0,0.4,0.0,0.2,72,3352.970175151296,2668.8087663431597
29,42,0.3023201918915827,0.7957977081195686,0.8164393918163826,0.6041787695804597,0.23666552866438822,0.07626958794082121,1.0,1.0,0.4,0.0,0.2,96,3105.482438163356,101918.73943282836
29,43,0.29171076253943573,0.761768462492143,0.7765904571271827,0.6081927131586522,0.34881179595439105,0.07615187129487754,1.0,1.0,0.4,0.0,0.2,98,2850.4615952546787,263204.2741812015
29,44,0.2900010702914392,0.7705165379085968,0.7981596710234993,0.6247650782105654,0.23148581137264296,0.07263036881042403,1.0,1.0,0.4,0.0,0.2,101,2862.8205025983216,88895.02851235088
29,45,0.28892693896100974,0.7756825094278319,0.8151404729234262,0.6469545707853028,0.24605554775541974,0.07484247416769994,1.0,1.0,0.4,0.0,0.2,104,2892.810067552934,93519.81377725845
29,46,0.2884404121008582,0.7739173796769732,0.813072260907334,0.6541799077996636,0.236121614104424,0.07485379121604903,1.0,1.0,0.4,0.0,0.2,106,2898.448128553023,93464.68756086253
29,47,0.2884707901268657,0.7732565797097692,0.8122480602767936,0.6506951834627726,0.23690196903164396,0.07558803239344512,1.0,1.0,0.4,0.0,0.2,107,2847.130239287369,93577.52637714948
29,48,0.2862473875417536,0.7619102995179168,0.7987636914748668,0.6543959429730797,0.3190915031696373,0.07843366448606862,1.0,1.0,0.4,0.0,0.2,108,2643.626838913403,92702.32054765437
29,49,0.2806361244241111,0.7611761467128477,0.8095751441756425,0.6759820873729694,0.28722329701522026,0.06982551220690822,1.0,1.0,0.4,0.0,0.2,109,54817.901365634905,93701.62832116552
29,50,0.2836518116277714,0.7629841317210275,0.8111106671492776,0.675600389206348,0.2420963023386238,0.0783268173395213,1.0,1.0,0.4,0.0,0.2,110,2612.7877566549605,80882.71766018524
29,51,0.27391969136395133,0.7470214608007018,0.8042366945880515,0.6802986253921017,0.38661566308041495,0.06751236400429486,1.0,1.0,0.4,0.0,0.2,111,53877.49216217581,108915.24932784536
29,52,0.2739598745864198,0.7460124666266714,0.802995872285734,0.687880584399736,0.23685570511734355,0.06837498146651659,1.0,1.0,0.4,0.0,0.2,112,53991.15549099486,109097.57874567792
29,53,0.2704339623618223,0.7348740589548868,0.7901907718915095,0.6819648838071086,0.293659462606114,0.06485853453741758,1.0,1.0,0.4,0.0,0.2,113,28425.780100565014,108395.380021846
29,54,0.2701990131774613,0.7329756136185872,0.7879302785668689,0.6894708991851258,0.24092827302414993,0.06539651552991253,1.0,1.0,0.4,0.0,0.2,114,28590.583261060423,108746.16440162688
29,55,0.2695714877579436,0.7292278678606985,0.7835062187027808,0.6968046537512156,0.24015441501543,0.06590165015492135,1.0,1.0,0.4,0.0,0.2,116,28476.675130850857,108671.65891904484
29,56,0.2671579628888442,0.7248326195368346,0.7786829971544453,0.7021700740174763,0.24190652016906622,0.06116058287391056,1.0,1.0,0.4,0.0,0.2,117,28527.65061087104,inf
29,57,0.26891515030591734,0.7261144146100702,0.7798621708968099,0.7077489529210399,0.22845246399149716,0.0658635769658286,1.0,1.0,0.4,0.0,0.2,119,28741.31889080435,107727.67891603777
29,58,0.26776219064561796,0.7211268556339403,0.7740505659887229,0.7071293528076736,0.2597629681745573,0.06542376234640605,1.0,1.0,0.4,0.0,0.2,120,28813.35335070124,108587.9792393514
29,59,0.26348120881622183,0.733964268746585,0.8117593413291173,0.718536244806574,0.23854720225387469,0.05798638832648283,1.0,1.0,0.4,0.0,0.2,123,2850.131993030536,128729.9301223804
29,60,0.261876198430772,0.7160545280634609,0.779767357476502,0.7135579777336105,0.2448735739580378,0.057013643944171535,1.0,1.0,0.4,0.0,0.2,125,2824.455142687239,128103.15330796751
29,61,0.26171934534905394,0.7261820214852535,0.802701146970032,0.7287613954789813,0.22681214046869516,0.057156529523966035,1.0,1.0,0.4,0.0,0.2,127,2794.9188282425653,128542.40645583766
29,62,0.2603757871728207,0.7354821297778293,0.8248830436612693,0.7468085965968292,0.22411216396212663,0.05412951160315134,1.0,1.0,0.4,0.0,0.2,129,2869.051090897688,105501.254442095
29,63,0.259709644233864,0.7075076060375791,0.7698758020605823,0.7502634794250589,0.23057122036271294,0.05527523415199172,1.0,1.0,0.4,0.0,0.2,134,2656.218124949381,102150.55405474742
29,64,0.2589846176797361,0.7140623271431537,0.7886118209043012,0.7615598590210879,0.2553417253786081,0.0556097251086294,1.0,1.0,0.4,0.0,0.2,135,2785.890857160867,106533.29613948062
29,65,0.2549898818535201,0.6903392351456967,0.771542972744717,0.7680760676803668,0.4831869803452928,0.0609339527943619,1.0,1.0,0.4,0.0,0.2,136,2634.676820256075,131631.01078874076
29,66,0.2541468838165963,0.6966994752441091,0.7900974238167493,0.782958834089158,0.24068608388211288,0.06059717184489631,1.0,1.0,0.4,0.0,0.2,138,2665.55084771835,128982.45111895306
29,67,0.2512352373753149,0.6713722643824396,0.7495250772720621,0.780589150336346,0.2689877658239678,0.05805413664469259,1.0,1.0,0.4,0.0,0.2,140,2593.3789037485158,128086.5739183782
29,68,0.2504607244750728,0.6669726044797575,0.7444040842668687,0.7914982282618652,0.23777504922873938,0.057585135888077586,1.0,1.0,0.4,0.0,0.2,142,2658.685321271992,127340.6932464486
29,69,0.25393440133898726,0.659822535308874,0.7351532058511627,0.8149543859728079,0.2709561068846552,0.07037720008006063,1.0,1.0,0.4,0.0,0.2,144,2568.771034270313,20030.623096154864
29,70,0.2433266210481098,0.625586031559549,0.7179954407686417,0.8643512704807477,0.24959738563775957,0.059014152205583516,1.0,1.0,0.4,0.0,0.2,158,2669.8429797299987,127039.691726237
29,71,0.24318287258546517,0.6242908193802594,0.7164804161971945,0.8720184313608466,0.22807921462589276,0.05898555833006258,1.0,1.0,0.4,0.0,0.2,160,2675.97642051063,127022.73256809074
29,72,0.24314948498781583,0.6305619680805925,0.7348180564218962,0.8801988132220062,0.2622220303930229,0.06028700065494831,1.0,1.0,0.4,0.0,0.2,161,2598.294669942009,127791.51831953056
29,73,0.24225712658093893,0.6170262380695344,0.7080080166932237,0.8789546671524311,0.23452693489315138,0.05845484931000909,1.0,1.0,0.4,0.0,0.2,162,2642.313402605868,126445.02951970843
29,74,0.24218717799695744,0.6005320720442322,0.6775199715097036,0.8706988382421113,0.2651663009951497,0.059731967034594505,1.0,1.0,0.4,0.0,0.2,163,2627.490465290274,127696.24164749152
29,75,0.2415250184900148,0.6046945518543586,0.693476956913197,0.8821824650825054,0.24810264625903336,0.05973196703459458,1.0,1.0,0.4,0.0,0.2,165,2566.8712591606622,127435.73632522993
29,76,0.24136599827884514,0.6029411569697958,0.6914223210735098,0.9059425936414984,0.23004616373744252,0.05974654911778332,1.0,1.0,0.4,0.0,0.2,167,2587.731803854382,127718.70831026466
29,77,0.2395980393597942,0.6191330489981883,0.7327758635587351,0.93094291954344,0.22638701512360088,0.05645758258587681,1.0,1.0,0.4,0.0,0.2,176,2669.9655956564397,1121609.6308103888
29,78,0.2407105348826135,0.6359982191869396,0.7743896171857991,0.9569307700316054,0.24137878182398134,0.06088088487270663,1.0,1.0,0.4,0.0,0.2,179,2549.6815805548763,127688.3707386224
30,0,0.9730560317336571,0.993900489087531,0.9438821166778277,0.012207057973661237,0.0,0.0,0.0,0.0,0.4,0.0,0.2,1,1170.9783780536643,7719.731526176145
30,1,0.9781309210809096,1.017386829619248,0.9664141673528168,0.04414892937720401,0.04851857762824915,0.07258063709722555,0.00010534518783734,0.00013170592161439,0.4,0.0,0.2,3,1145.7727092243035,7700.219769258982
30,2,0.9303369873478162,1.0035578621691035,0.9507385540303461,0.04242861356977252,0.10132239823772594,0.059825054517621976,0.01493926568646248,0.01041349088523862,0.4,0.0,0.2,4,1169.878971419404,7465.379835063111
30,3,0.5717561461632361,0.9221805223764119,0.8605761995461693,0.06793777106980114,0.9491114179221154,0.08893553371902074,0.10024776216838771,0.12533295708335995,0.4,0.0,0.2,5,1555.817979201968,4775.590191410123
30,4,0.49402527865803714,0.898141765150513,0.8278337426858751,0.09469649297786667,0.2650983621144919,0.09393858058418711,0.16150671370832997,0.24924574216715895,0.4,0.0,0.2,7,1672.2249452903875,5821.679954159035
30,5,0.42756192639013635,0.8658266198706919,0.7861048021052566,0.11740043814457471,0.301842001808087,0.10818995213594736,0.20271156678949187,0.3340102735582517,0.4,0.0,0.2,9,1882.80062284089,5678.038233519287
30,6,0.41589880400441176,0.8663156076226256,0.7992140292142396,0.12150079687193631,0.10546793305064374,0.10984036030317076,0.1800618721943898,0.28824109009283816,0.4,0.0,0.2,13,1835.6936858507036,4766.626082707609
30,7,0.5587907025748805,0.9985353743270837,0.9182257599451065,0.27552060381576393,0.24837093149159234,0.11554769800632347,0.24216207547061624,1.0,0.4,0.0,0.2,17,1500.24660414842,74204.0637738819
30,8,0.5411671749195891,0.9832204972702132,0.9018882829478669,0.2739334275327802,0.25765314128751593,0.09218915107081524,0.4568409663031824,1.0,0.4,0.0,0.2,19,1954.9701866827425,5802.265774442779
30,9,0.5210238139377199,0.9691519946626175,0.8845473951400988,0.28234369125301656,0.3087245634988046,0.10478673989408238,0.3081086156551112,1.0,0.4,0.0,0.2,21,1246.6748545294408,73108.15217989663
30,10,0.4975908947739322,0.9500675651039574,0.8617491299552351,0.28806337789195335,0.32016494701240866,0.11129244849986986,0.3740509639630303,1.0,0.4,0.0,0.2,23,1452.9992078994546,71601.58450982237
30,11,0.4965310211258273,0.9603420362564268,0.884864934961225,0.2951561221794481,0.24775711279267926,0.11129244849986986,0.3740509639630292,1.0,0.4,0.0,0.2,25,1383.976096019025,72006.82344692678
30,12,0.47983254172032713,0.9692914809306363,0.9145123810034161,0.3301849735235536,0.37451370261778316,0.15505717505962965,1.0,1.0,0.4,0.0,0.2,27,2080.1306163187774,65098.15400873625
30,13,0.45851968515041014,0.9565502890683759,0.9106704984912599,0.3355893329789064,0.3412988030041939,0.1550630571289367,1.0,1.0,0.4,0.0,0.2,29,1753.6135712237294,67077.31268720166
30,14,0.45620298431518314,0.919808072687901,0.833773561024004,0.3198697059029893,0.2813132558496094,0.1640741794536144,1.0,1.0,0.4,0.0,0.2,32,1859.0743328878311,96588.82085020392
30,15,0.4307884754238393,0.9344902627356164,0.896019387016584,0.3459634302478779,0.44247468174912397,0.15352712290488,1.0,1.0,0.4,0.0,0.2,33,1706.0577308736647,105129.14813056707
30,16,0.42079978814764285,0.9225858627446366,0.8827662845923652,0.3473757809991991,0.28484723219040614,0.1434557107013964,1.0,1.0,0.4,0.0,0.2,35,1640.9422131227377,92955.33670594728
30,17,0.42217250337984247,0.9235458134054939,0.883452252715712,0.35287419793271085,0.2711131150774478,0.1498544538569638,1.0,1.0,0.4,0.0,0.2,36,1672.479025805648,95034.62954537629
30,18,0.4153237027442058,0.9159475799045131,0.8753688318967019,0.35093916279053256,0.27498864572084775,0.13794236888189956,1.0,1.0,0.4,0.0,0.2,37,1655.6690226627404,104130.16592782114
30,19,0.3923027670774432,0.8918775769476823,0.857895743120894,0.3713818288433369,0.5184361411556568,0.1432387563018109,1.0,1.0,0.4,0.0,0.2,38,3670.1870799404337,65021.48636437114
30,20,0.3871982067083496,0.884903527223664,0.8500138599371738,0.37572229379816124,0.2752623089590409,0.1390559679050995,1.0,1.0,0.4,0.0,0.2,40,3143.4595670675285,75941.7001096269
30,21,0.38115768381546944,0.8855345582738623,0.8618346195035371,0.383280235212866,0.2914397807730963,0.1390559679050996,1.0,1.0,0.4,0.0,0.2,42,3119.700378400338,75755.88873381374
30,22,0.3811576837136259,0.8967389069343319,0.8860393850246691,0.40187939419166996,0.2556228483335366,0.1390559679050995,1.0,1.0,0.4,0.0,0.2,44,3119.70037797808,75755.88872832835
30,23,0.3804792980355426,0.8845675155818828,0.8607500354243609,0.41148598959897364,0.26017293472964853,0.138353992870827,1.0,1.0,0.4,0.0,0.2,45,3089.3396574417598,75398.80124082275
30,24,0.3756611748288624,0.8726540804421501,0.8461124010717198,0.4107018451565311,0.3704519841013575,0.14833895288501192,1.0,1.0,0.4,0.0,0.2,46,3088.0983974113174,75456.6502006379
30,25,0.35021923659448995,0.9106351534708168,0.9606995277514756,0.5223218597423016,0.24000565851118294,0.09562207791783636,1.0,1.0,0.4,0.0,0.2,79,3377.242162766596,33508.97880481771
30,26,0.3378579409170752,0.8898891391218249,0.9370781483565931,0.520266114063511,0.35263170650223674,0.08573146314788209,1.0,1.0,0.4,0.0,0.2,80,3447.1169068015724,34908.43875449611
30,27,0.3333874839602867,0.8908914403877781,0.9492864459151937,0.5436699646161078,0.2487733497047631,0.08642242503727054,1.0,1.0,0.4,0.0,0.2,85,3331.7452756774774,40803.12306012736
30,28,0.32812843423646976,0.8791592804320516,0.9355570454923114,0.5425799316736581,0.3160067500809218,0.08624836091083972,1.0,1.0,0.4,0.0,0.2,86,3455.0542578820823,42938.57599087731
30,29,0.3249125942162642,0.8717796535208748,0.9269243105318843,0.5558289451477094,0.26027480824379823,0.08609124422578243,1.0,1.0,0.4,0.0,0.2,88,3407.010161641316,41077.16274447243
30,30,0.32416203981192004,0.8811415146094164,0.9489711678545663,0.5732498426859245,0.24071552879838656,0.08609124422578249,1.0,1.0,0.4,0.0,0.2,90,3413.443804221576,40997.25013496359
30,31,0.6874785586776189,1.252392160751356,1.332277718789136,0.9559249943414965,0.6127375559279751,1.0,1.0,1.0,0.4,0.0,0.2,93,5890.30635278106,346036184.36039203
30,32,0.6715644211357759,1.2317100368728318,1.3302169220369624,1.0025536657237726,0.7505750137363998,1.0,1.0,1.0,0.4,0.0,0.2,95,2684.55601199629,22724663.80197475
30,33,0.6715042952704806,1.220362248751209,1.3058440487284242,0.995280967589991,0.6012523871258072,1.0,1.0,1.0,0.4,0.0,0.2,96,2703.051245572537,22721082.481458507
30,34,0.6671694540405553,1.2181578287129387,1.3143437936796458,1.0049340758039655,0.6932480164696095,1.0,1.0,1.0,0.4,0.0,0.2,97,2636.271588282691,22722776.40130248
30,35,0.6637926397352645,1.2296345242883273,1.349949377377836,1.0296419633584337,0.608521871536051,1.0,1.0,1.0,0.4,0.0,0.2,106,2709.8949628210157,22536790.63066258
30,36,0.657564520475743,1.2077958235865591,1.3243706161235709,1.0202334827644013,0.6760687050147971,1.0,1.0,1.0,0.4,0.0,0.2,108,2726.906056789788,22528701.81612124
30,37,0.6475757250819343,1.1789349149856199,1.3016488998651068,1.061030757204784,0.6559706316328369,1.0,1.0,1.0,0.4,0.0,0.2,113,2597.9411796896625,22535313.11373236
30,38,0.6461683202703769,1.1726630715620157,1.294303009496843,1.0717107919140516,0.6218888525749773,1.0,1.0,1.0,0.4,0.0,0.2,115,2671.5721146722594,22508144.88329477
30,39,0.6434113608822558,1.1598516538492938,1.2792975194193363,1.0667864040004689,0.6894963663379511,1.0,1.0,1.0,0.4,0.0,0.2,116,2629.619119807674,22529052.51609951
30,40,0.6430902113909811,1.1695120194660513,1.301694043564457,1.0928731375896856,0.6053906962105495,1.0,1.0,1.0,0.4,0.0,0.2,118,3025.829432976675,22618779.34622841
30,41,0.643081011507513,1.1806720882451875,1.325847038186189,1.1080717890537486,0.6001031872229482,1.0,1.0,1.0,0.4,0.0,0.2,121,3020.8608347448726,22619095.736220676
30,42,0.6416845193470757,1.1738977792955652,1.3179125737144775,1.115014326051338,0.6238396232623094,1.0,1.0,1.0,0.4,0.0,0.2,123,2858.136778841015,22611001.664262075
30,43,0.6414445077778032,1.1726642683155655,1.3164677784877412,1.1186675474518102,0.6083488654861631,1.0,1.0,1.0,0.4,0.0,0.2,124,2845.959014129025,22612077.528623328
30,44,0.6401991980239912,1.1663925958567538,1.3091220849670038,1.1258364608102749,0.6440330121093766,1.0,1.0,1.0,0.4,0.0,0.2,125,2838.1554761225366,22607843.68166712
30,45,0.6400489859075191,1.1768474348656195,1.3324489761369616,1.1409720967790387,0.6010802778290021,1.0,1.0,1.0,0.4,0.0,0.2,130,2834.679474318475,22631031.42059729
30,46,0.6399645699795127,1.17638035905171,1.3319020024773913,1.1447246632341106,0.6030406571982883,1.0,1.0,1.0,0.4,0.0,0.2,131,2835.198781031664,22630440.46205855
30,47,0.6389586491425708,1.1822885603610436,1.3499037087517491,1.1520425754536974,0.6366887977147604,1.0,1.0,1.0,0.4,0.0,0.2,132,2899.0355195918432,22626166.934308257
30,48,0.63766621184448,1.1753518348582683,1.3417790239538505,1.1552313247578374,0.6484387052408274,1.0,1.0,1.0,0.4,0.0,0.2,133,2845.8035885135587,22626178.440636385
30,49,0.6372038601993266,1.127999716198444,1.2419907793994078,1.1388033502162824,0.6177052390630342,1.0,1.0,1.0,0.4,0.0,0.2,134,2856.9985135146635,22632695.5563585
30,50,0.636996458943353,1.1492619236189148,1.2890576790810526,1.1542492732780913,0.6080101863257057,1.0,1.0,1.0,0.4,0.0,0.2,135,2851.9325224453187,22633354.333743468
30,51,0.636289519117923,1.1229008622181913,1.2360186223009084,1.1495771679954176,0.6275998149514702,1.0,1.0,1.0,0.4,0.0,0.2,136,2842.1173824786574,22639823.756258804
30,52,0.631997316039546,1.1197908416724973,1.2545393498861104,1.1547481978398921,0.7790958721480765,1.0,1.0,1.0,0.4,0.0,0.2,137,3679.9861101282286,22576623.117369663
30,53,0.6319973224592734,1.1309951903329667,1.278744377870611,1.1666585345581704,0.6000021581684687,1.0,1.0,1.0,0.4,0.0,0.2,139,3679.986343172094,22576623.10239788
30,54,0.6311019348873277,1.1251986290333267,1.2719551066907029,1.1661169356209775,0.620020195604404,1.0,1.0,1.0,0.4,0.0,0.2,141,3592.793176561124,22577178.400598407
30,55,0.6304094320737545,1.1318312081697237,1.2908053570348252,1.1851922479333803,0.631696250023674,1.0,1.0,1.0,0.4,0.0,0.2,142,3567.299872434732,22580988.046088524
30,56,0.6299139581093676,1.1285225265348044,1.2869299541699586,1.2044867054909314,0.6115394167897356,1.0,1.0,1.0,0.4,0.0,0.2,144,3591.7831601874977,22585316.59087813
30,57,0.6296129860521251,1.1264940292683177,1.2845542013758064,1.1999017016215963,0.6070860816193699,1.0,1.0,1.0,0.4,0.0,0.2,146,3554.5376809871,22579153.66770836
30,58,0.6370002589616304,1.1941425752341257,1.385951346378025,1.2324050411919016,0.6200015775320464,1.0,1.0,1.0,0.4,0.0,0.2,155,3295.9801799802563,22513142.788513582
30,59,0.6410887167568109,1.238090784869445,1.4595893813095373,1.2601751546077937,0.7631625508531943,1.0,1.0,1.0,0.4,0.0,0.2,156,3385.591684094538,22515243.94017553
30,60,0.6418381698503192,1.241830297782202,1.4639693699999905,1.2719947556566293,0.6281063769111593,1.0,1.0,1.0,0.4,0.0,0.2,159,3411.8289768963778,22521246.68179342
30,61,0.6329269093825818,1.192778276187639,1.4065167948340909,1.2713275742791084,0.6159038780205184,1.0,1.0,1.0,0.4,0.0,0.2,160,3603.216097585224,22517281.304636776
30,62,0.64208048325121,1.2542358450768336,1.4895812016386636,1.2797614767335341,0.6112483006955927,1.0,1.0,1.0,0.4,0.0,0.2,161,3357.2526146280434,22526569.387736384
30,63,0.6461430283648748,1.2733871502006913,1.512012174100876,1.2853444174128197,0.6141232894474552,1.0,1.0,1.0,0.4,0.0,0.2,162,3472.027060656333,22491770.20375655
30,64,0.6456945472876046,1.2601491753299514,1.4854254222805938,1.284075936059917,0.6264749001730624,1.0,1.0,1.0,0.4,0.0,0.2,163,3453.436470500617,22491483.228577934
30,65,0.6499244139880254,1.2898558467608372,1.53130119758098,1.2983344579849228,0.6244456578410695,1.0,1.0,1.0,0.4,0.0,0.2,165,3443.423732965229,22598605.550512068
30,66,0.6375989379041469,1.2310092521871738,1.4623768735127347,1.3016191380661097,0.6005911252522979,1.0,1.0,1.0,0.4,0.0,0.2,166,3691.200503313419,22512373.593414985
30,67,0.6391882079919678,1.2395203924667786,1.4723454947047359,1.3051834823738797,0.6218149967248889,1.0,1.0,1.0,0.4,0.0,0.2,167,3800.45270338436,22508759.932300515
30,68,0.6355971168658237,1.2085993581126855,1.4250473647956043,1.298337988041452,0.659882928041934,1.0,1.0,1.0,0.4,0.0,0.2,168,3297.9705487119872,22499948.41639722
30,69,0.6381945877681149,1.2342353578271743,1.466155558626377,1.3238263046223706,0.6049664851170413,1.0,1.0,1.0,0.4,0.0,0.2,171,3601.0321404549845,22530469.04949734
30,70,0.6337626046462261,1.2202270156001098,1.4608298488040394,1.3150024731734946,0.8055967306442049,1.0,1.0,1.0,0.4,0.0,0.2,172,3578.111770517239,22504831.22175783
30,71,0.6332024421879764,1.2280231811162547,1.4810428745722992,1.3350299951507754,0.6907228869364725,1.0,1.0,1.0,0.4,0.0,0.2,173,3554.6018960946008,22508811.42026361
30,72,0.6327040780715563,1.2137503563547398,1.4532440669171354,1.3336531931431674,0.6226294742744967,1.0,1.0,1.0,0.4,0.0,0.2,174,3546.4245551022177,22507503.575310804
30,73,0.6283879409854118,1.1852539446920347,1.4198674533743667,1.3425851682980021,0.607213992711164,1.0,1.0,1.0,0.4,0.0,0.2,176,3506.531667083816,22492919.75915894
30,74,0.6326901129083495,1.236072374525733,1.5015521558675458,1.350239323114759,0.616858209473325,1.0,1.0,1.0,0.4,0.0,0.2,177,3557.7826970489623,22508723.463919204
30,75,0.6316650445655003,1.2072142013614784,1.4455885353901008,1.3470921623646055,0.6562579745889006,1.0,1.0,1.0,0.4,0.0,0.2,178,3530.4175676146942,22509015.802989285
30,76,0.6305271412015754,1.2110347515860191,1.4611450673093869,1.3772849783252994,0.6025843718070929,1.0,1.0,1.0,0.4,0.0,0.2,182,3596.192318297848,22510493.976985488
