Run,Equation_Index,Hybrid_MSE_Train,Hybrid_AIC_Train,Hybrid_BIC_Train,Hybrid_MDL_Train,Hybrid_PSM_Train,Extrapolation_Divergence,Sensitivity_Interpolation,Sensitivity_Extrapolation,Lambda1,Lambda2,Lambda3,Complexity,MSE_Test_Interpolation,MSE_Test_Extrapolation
1,0,0.6431445611099564,0.9015169278652524,0.8356772624440771,0.0037126713552783843,0.0,0.0,0.0,0.0,0.1,0.9,0.2,1,6328.096169968375,6994.644494371916
1,1,0.637767507456962,0.9042749740453511,0.8376852501845682,0.013843982759331545,0.02243145622418851,0.07039654402387599,7.806692045648e-05,0.00013697358343827,0.1,0.9,0.2,3,5988.334115031348,7123.986898293119
1,2,0.6343418540376758,0.913558492904738,0.8457508300081725,0.031907069779049196,0.07324110491340254,0.09060127439829212,0.0091878115898059,0.0310215930538905,0.1,0.9,0.2,4,5541.561691482352,7255.523004847028
1,3,0.5100862775627965,0.8911333046026134,0.8250347419715975,0.06072130139754837,0.5162958417842682,0.08608014532280392,0.037754940592171035,0.06624354432282525,0.1,0.9,0.2,5,3183.3390862262377,5428.108192069795
1,4,0.40017419061441695,0.830725245801752,0.7537314790162177,0.06271298598810286,0.2812156272190947,0.08715372352446393,0.03578175785990424,0.09064373180715052,0.1,0.9,0.2,7,2916.637912065059,4295.217858363379
1,5,0.35956440833157194,0.8009601152297011,0.719933445668299,0.0594612348696151,0.13511986299220993,0.08522860632137344,0.03237754745738189,0.0758421823322363,0.1,0.9,0.2,9,3479.8286901760102,5252.9572115475
1,6,0.3382845735928772,0.7824661378504635,0.7001056323286636,0.05355316770989556,0.06926940805978705,0.08686426714277859,0.02421155478876639,0.058243792536460746,0.1,0.9,0.2,11,1969.510719611833,14168.621696157705
1,7,0.3856297835065697,0.8553271681059709,0.7972360882570902,0.13982922200915407,0.138003461980638,0.06961382854085116,0.07961248014655367,0.1203867853968057,0.1,0.9,0.2,13,6025.922933094537,2837.234247564664
1,8,0.31212005001683113,0.7891422330619907,0.7212160613088133,0.13268819216763783,0.2945212914388978,0.08778278626872223,0.06816162640984876,0.11905124568726648,0.1,0.9,0.2,15,6104.772428213506,2931.9946852391963
1,9,0.266708029105895,0.7416880401939365,0.6688793334786519,0.1181875757239674,0.17451469294727395,0.09448723930713147,0.05267517347891999,0.09066753724761331,0.1,0.9,0.2,17,4136.610689480518,2444.241596441336
1,10,0.2546084995854334,0.7294109721181345,0.656371305255142,0.11437714187731006,0.06877211919340917,0.09429890356130172,0.0439067459915396,0.07557799468644245,0.1,0.9,0.2,19,4022.337182298674,2484.484196781635
1,11,0.2543719361043078,0.7291169850841136,0.6560046645985516,0.1230377488163982,0.06715114614238837,0.09464086037260197,0.044004581112847704,0.07561678649543188,0.1,0.9,0.2,20,4098.875606357978,2602.981852046018
1,12,0.2375333294415984,0.7199653527636513,0.6563182327926534,0.12028067179770346,0.20942616621415647,0.06694121964413095,0.04789383163483514,0.07340421343075873,0.1,0.9,0.2,21,8243.15895072625,2891.007060490753
1,13,0.22648775081852068,0.7042111529612484,0.6373196207098879,0.12755007844795252,0.13347932559798684,0.06452042684996505,0.05053354115424685,0.0786871066013645,0.1,0.9,0.2,23,5804.317986028517,2561.1076596304165
1,14,0.21565535864131413,0.6984978843371291,0.6412043884344819,0.13634261273863765,0.14008580545496607,0.06725936895691631,0.05307042461009097,0.08065266642590944,0.1,0.9,0.2,25,8550.443150440198,2987.713378159697
1,15,0.20414069337682084,0.6876090420112859,0.6303814574943941,0.12991281600757326,0.06187748686279728,0.060032704332071564,0.04498105583043374,0.06429631857883497,0.1,0.9,0.2,26,8506.460303215252,2599.891414294479
1,16,0.19914752990691134,0.6854635956976144,0.6375774613943369,0.14376574876213097,0.1392441367291781,0.06737390496356062,0.050302563321812446,0.07676158457758693,0.1,0.9,0.2,28,7899.006476560658,3458.1028734563743
1,17,0.18811116283101828,0.6598483306919707,0.5975432742089344,0.13996547488967517,0.11909636881136028,0.06046706269023414,0.0455651295012439,0.07089253276310303,0.1,0.9,0.2,29,7307.2914297927155,3450.47873264765
1,18,0.18292816078358018,0.6640436117879229,0.6140018510261339,0.14348331429263736,0.08857790773892878,0.06317868308554267,0.04327296166906976,0.06632718810440483,0.1,0.9,0.2,30,7444.055630945647,2903.1022254951195
1,19,0.1695811102186767,0.6453157284195009,0.5932015593068094,0.14385287319931106,0.09416195151189305,0.059957544601741644,0.03804820873790406,0.05831673333570808,0.1,0.9,0.2,32,7690.131884198636,2902.542296279419
1,20,0.16957023587390627,0.6327746587372928,0.567168246740029,0.14835882294756036,0.07353264166610456,0.06146520355142734,0.03848626016783568,0.06326398096829186,0.1,0.9,0.2,33,6782.236656136689,3256.3461289250727
1,21,0.3965843710497074,0.865869812926482,0.8114330255703008,0.3813513048941331,0.3606441207711168,0.22240865263609472,0.07456081609656842,0.9833654893288228,0.1,0.9,0.2,34,10116.158741711388,9425.6006087327
1,22,0.28751231628309126,0.7634272172821102,0.7203927404615361,0.28450399696742734,0.2150646920710041,0.1963333460057572,0.06085074162586753,0.5365285964307359,0.1,0.9,0.2,36,8498.607852504074,6007.443138355504
1,23,0.46144348139627844,0.9114052276609461,0.8412357083914905,0.4705615297663534,0.38106805762356555,1.0,0.06523617060562044,1.0,0.1,0.9,0.2,38,8595.839919872722,3256.0590994238555
1,24,0.18479771135978593,0.6740375296606774,0.6637192498433359,0.2303090578199225,0.125416017385963,0.08233903764238659,0.08001992589021881,0.07575837822468653,0.1,0.9,0.2,45,9570.20142699098,3727.4786944710913
1,25,0.1843663079904685,0.672494353044195,0.6618519276073836,0.23719808363878686,0.10236432022165315,0.08248298454782312,0.08033144730423707,0.0760324314315203,0.1,0.9,0.2,47,9561.31839213575,3748.201384023275
1,26,0.17441719626244745,0.6621356536091516,0.6513743649477207,0.23971577779286773,0.0885114591556294,0.082925847906852,0.07142012837977599,0.06758902303055792,0.1,0.9,0.2,49,9705.557712532089,3583.84311730946
1,27,0.17273069736289154,0.6690308568516286,0.6705144321996953,0.24837791649284122,0.10160094751559315,0.08360309937819582,0.07145233453696716,0.06762018453558188,0.1,0.9,0.2,51,9633.119897299764,3832.613140724848
1,28,0.22397664412199686,0.6691399915933052,0.6268023207556166,0.33168432927923186,0.1808169581655933,0.07960217787318763,0.0762951440958279,0.3571557527165796,0.1,0.9,0.2,57,11337.079588677689,2807.411987883761
1,29,0.5012858021549004,0.9267897182875797,0.8794128125101359,0.6392174931049247,0.47623404457420787,0.08106124930614911,0.3941157483763453,0.3616075932949225,0.1,0.9,0.2,62,10611.275908947067,3156.212082844278
1,30,1.0003065901553165,1.423354703946112,1.3753651279820225,1.1668013887666577,0.9389096661521649,0.04868662016451417,1.0,0.15203045976979565,0.1,0.9,0.2,69,15390.119064109016,5234.998447289922
1,31,0.9995257403059058,1.4319417525937166,1.3965043869770688,1.176318936183606,0.9442501216951482,0.04868662016451417,1.0,0.15203045976979568,0.1,0.9,0.2,71,15325.56946086114,5317.958188428599
1,32,0.9962074583867617,1.4198227189168875,1.3822519964700952,1.1761466368341553,1.0225193061352784,0.048223615806930534,1.0,0.15395268687471766,0.1,0.9,0.2,72,14354.33883738282,5603.154041790418
1,33,0.993168684117628,1.422258348204329,1.3963222164602576,1.1837992412908667,0.9906898243594006,0.04682894195388049,1.0,0.1506839648550253,0.1,0.9,0.2,73,14033.516645459458,5768.7992379947145
1,34,0.9919675701425189,1.3928162792787744,1.339510983608599,1.1684394788310404,0.9913793691340953,0.04985681517443951,1.0,0.15394823923374373,0.1,0.9,0.2,74,14199.007979697251,5958.761703516523
1,35,0.9885415849309144,1.3772915495549978,1.321198707494787,1.1839659075331335,0.9933727161853365,0.05259758585790013,1.0,0.1563385755862911,0.1,0.9,0.2,76,13608.983603749535,10557.362024724212
1,36,0.9898576146345952,1.38389521667922,1.339464044378227,1.196974626550395,0.9670432044792416,0.05531690885933398,1.0,0.171064896628484,0.1,0.9,0.2,78,15295.48919162837,10769.357200950337
1,37,0.9861294531704022,1.3778719918350124,1.3329254297450708,1.2036980388785414,0.9472415527351461,0.05432870342182962,1.0,0.15649034136385828,0.1,0.9,0.2,80,14951.993003528318,10700.82117029474
1,38,0.9840449887619636,1.3770000524822048,1.342827573830904,1.2135055210967187,0.9835369099175456,0.05797600404662551,1.0,0.15928862967679264,0.1,0.9,0.2,82,16003.337898775764,10502.06654939472
1,39,1.129432774585722,1.5169265951372974,1.4815630975742762,1.3740032189196434,1.0964385897556759,0.05571669957406722,1.0,0.8948226695707007,0.1,0.9,0.2,86,15231.715914005686,10844.247982604322
1,40,0.5949397720776324,1.0156885271319847,1.0192485775773439,0.9544632056313089,0.5502800684157099,0.0661805909372731,0.5654521921967686,0.17308266905381714,0.1,0.9,0.2,109,8794.23912938791,6105.388259922191
1,41,0.6291191976599287,1.04075782673086,1.0529499444076098,0.9951913993292414,0.6786579760813334,0.06430040164345995,0.606978443581796,0.184019977407528,0.1,0.9,0.2,111,7629.1723900761235,4026.613259309728
1,42,0.5848358313587485,0.97605671013537,0.983975957003545,0.9677989146207466,0.6368318153278056,0.06452051292783784,0.565477679868593,0.1719090751502868,0.1,0.9,0.2,113,8002.092321554922,5975.318973310629
1,43,0.6218545592777441,0.9967831317571479,1.0013624219084214,1.0100326870869105,0.65809703654802,0.06408639203656533,0.6075460840007654,0.1839619043273429,0.1,0.9,0.2,115,7821.334746314828,5828.936375085071
1,44,0.6105762463066098,0.9821573714804821,0.9860569634657822,1.0174762841594214,0.5932361994692082,0.07182533387814435,0.5969167829397948,0.1746410799449818,0.1,0.9,0.2,117,7785.010282005525,5780.627814053751
1,45,0.5809748290525235,0.9411589359475535,0.9320193009896324,0.9804992630444994,0.5512732878705002,0.0630730899135597,0.5655597693154502,0.1722834061548893,0.1,0.9,0.2,118,7717.383181209467,6380.580817986641
1,46,0.610058782536954,0.9900704612582171,1.0064096748959348,1.0246554141144928,0.6006080672392388,0.07167941566676861,0.5969077681291042,0.17467417396276264,0.1,0.9,0.2,119,7759.938739131021,5795.820228316348
1,47,0.6091277582193532,0.9847865341919225,1.000247935661724,1.0277471647896368,0.5970647757365289,0.07057650009246734,0.5969537311790373,0.1742293496052767,0.1,0.9,0.2,121,7632.205486952586,5949.759447132623
1,48,0.6070057669025755,0.9449264507005614,0.9313222986732096,1.018761720451757,0.642115005452249,0.06650794194549045,0.5984506958869104,0.1717405068295211,0.1,0.9,0.2,123,7984.945537069683,4988.933585259872
1,49,0.6025722041178821,0.9290486692357109,0.9239870677378297,1.0266471678835427,0.7603516247273413,0.06767943010790248,0.5973551027114148,0.17082892334064634,0.1,0.9,0.2,124,7757.031193723972,4877.755047992804
1,50,0.6018361694152906,0.9214332104716385,0.9150322906341603,1.0445900345339485,0.5924075098127368,0.06843061272326284,0.5973402701262337,0.17154670707745423,0.1,0.9,0.2,128,7674.260760413978,4803.362045408829
1,51,0.6013494011619741,0.9178248191963502,0.9108180454212064,1.051578832504128,0.5910513419190181,0.06836212322771083,0.5973720569695685,0.1710822624681979,0.1,0.9,0.2,130,7676.614758570559,4894.02812137863
1,52,0.6011334469933747,0.8989837998872203,0.8775415634781264,1.0510064057892088,0.6379710157554886,0.06757676996377623,0.5978491951800959,0.17303938638336755,0.1,0.9,0.2,131,7554.579755984851,5012.347098535693
1,53,0.5972365967720412,0.8959609476646317,0.8855329059909283,1.0589308704098348,0.6577895627753434,0.06557378478572251,0.5961867258248132,0.16837809919516125,0.1,0.9,0.2,132,7246.870320325116,4989.657187308454
1,54,0.5613774357349928,0.8774055006759183,0.8920011295392514,1.0768780369361515,0.5465507447206365,0.06700763818009595,0.5577370410165782,0.164404895095601,0.1,0.9,0.2,140,7171.091917643597,5046.858925735816
1,55,0.5591515850107452,0.8441486347253502,0.8528640383533852,1.0823344418450476,0.6624137215241036,0.06981466081407822,0.5586691363829134,0.16419435708826774,0.1,0.9,0.2,142,7368.542247943496,5114.297166473772
1,56,0.5590347414475034,0.8418086736316913,0.8501063579274931,1.0897578962116332,0.5512417285795277,0.06373557476289321,0.559158200952006,0.16552993240248756,0.1,0.9,0.2,144,7183.940876443232,5121.394111190539
1,57,0.555312335711528,0.8223449871994193,0.8167909743497032,1.0853988999726722,0.5741508512374796,0.059778380357397506,0.5568741736711248,0.16134140579055078,0.1,0.9,0.2,145,7074.605981784121,5348.290620038972
1,58,0.5595293802846435,0.8444317148475424,0.8640290883480806,1.124849444216175,0.5614005315768222,0.0628984920850703,0.5608189202220781,0.16523055281343818,0.1,0.9,0.2,147,7091.73830598036,4486.718238857771
1,59,0.5584410259772069,0.8254410529595445,0.8307870793358124,1.1003674690313994,0.5946171277898352,0.06509234962337605,0.5602527897794756,0.16427028911079003,0.1,0.9,0.2,148,7247.753862140467,4587.507250188146
1,60,0.5587843781638828,0.8256492321982982,0.830970060561286,1.1195820695974605,0.5449925670323181,0.06239528460180134,0.5607519325587306,0.16515043356563539,0.1,0.9,0.2,149,7046.621428978373,4463.946306758511
1,61,0.5587843781743959,0.8368535808387861,0.8551748260624363,1.1430437030406158,0.54394709824888,0.06239528459094292,0.56075193253733,0.1651504335674591,0.1,0.9,0.2,151,7046.6214272483685,4463.946310591512
1,62,0.5237055111857466,0.7892340835687556,0.7943057511988698,1.1079458565052571,0.5140502361919419,0.06252262354588475,0.5243136451882573,0.1542544467504888,0.1,0.9,0.2,153,7013.100858046007,4577.646807804758
1,63,0.5577407550821821,0.8454861629836296,0.8765231901828511,1.138803175922474,0.543328116092265,0.07149701034810027,0.5588388335367125,0.16466455631100713,0.1,0.9,0.2,158,7273.6438554753795,5096.966572995997
1,64,0.5584586114133084,0.8778982389185663,0.9475792817755991,1.19841312839019,0.5475787332387053,0.0633292284215678,0.5608512037057181,0.16412533188139117,0.1,0.9,0.2,162,7100.963396002274,4761.276312501997
1,65,0.7972263099245833,1.0734326461017054,1.1132512203515919,1.4246055158874114,0.9421317959032851,0.06353044549611919,0.6422909157839187,1.0,0.1,0.9,0.2,163,7590.362047498338,5064.942779711408
1,66,0.7286752606392399,0.998096083744497,1.0366637536135095,1.3597378122487245,0.7671183930931995,0.07393627437993688,0.56554292981959,1.0,0.1,0.9,0.2,164,7203.502157687723,12532.060298691727
1,67,0.7953780239201451,1.0616523612335411,1.1105820985004036,1.4383667828828248,0.8928556147892102,0.056604684733787644,0.6427559865534859,1.0,0.1,0.9,0.2,165,7494.16673011415,5050.91683520646
1,68,0.7925035516897934,1.0019261757259368,1.0295502402023629,1.4331495831986805,0.952923091299436,0.05840662177725566,0.6425263528620948,1.0,0.1,0.9,0.2,167,7345.127736500493,5182.024878802625
1,69,0.7924718411577827,1.0125270186678477,1.0530481918726207,1.4531728534794233,0.7862126317627933,0.05840662177725566,0.6425263528620948,1.0,0.1,0.9,0.2,169,7353.495522995616,5132.485865631728
1,70,0.7903010044844032,1.0070122790004505,1.0469292325157988,1.3578667198991121,0.7903411452706051,0.059529730686696036,0.640194297162677,1.0,0.1,0.9,0.2,172,7264.301896217085,5222.239452338032
1,71,0.9677909511875517,1.1587379901620491,1.2050080500910794,1.6604555038175055,0.9953525019636374,0.06331077092664164,1.0,0.2756690075721508,0.1,0.9,0.2,180,7199.769859332659,4715.554768224953
1,72,0.9483211771249621,1.1299170615900442,1.1745145341117162,1.6520562000900796,0.9560550384354026,0.0645127687429058,1.0,0.17980202333715273,0.1,0.9,0.2,185,7331.818470948148,5279.939057356641
1,73,0.967620382389302,1.1704162516627126,1.24079866107837,1.7084585588701449,0.9647105693330537,0.0657561735794989,1.0,0.2759396758836284,0.1,0.9,0.2,188,7319.36226005884,4791.621246208718
1,74,0.9675835265004861,1.180726710904065,1.2639564602232904,1.7289911871048083,0.9679773028871721,0.06575617357949884,1.0,0.2759396758836278,0.1,0.9,0.2,189,7322.175100045131,4779.686534309889
1,75,0.9482310964626443,1.137352453830636,1.1942931735026994,1.680015286559515,0.9463956499863332,0.06395193725961305,1.0,0.18042589049851077,0.1,0.9,0.2,192,7393.492532911425,5193.092420886734
1,76,0.9667961540608183,1.210687395941403,1.3324072376653378,1.7643843638011083,0.9626173514807927,0.0630318728275549,1.0,0.2739780703095213,0.1,0.9,0.2,198,7226.576534675088,4578.492355489445
2,0,0.6561914119546178,0.9059938119293248,0.8409208212321314,0.004125318391028411,0.0,0.0,0.0,0.0,0.1,0.9,0.2,1,5838.701153768161,7738.23237532027
2,1,0.6506282617295819,0.9100483035627718,0.8441133007669247,0.016145741316014615,0.026665032234141312,0.08987579566720164,7.440955467995e-05,0.00016658966063781,0.1,0.9,0.2,3,5679.354008972681,7642.945016623757
2,2,0.6720925138165309,0.9457979767022379,0.8785254571437934,0.06130632464376651,0.10720355644039936,0.10800611807934957,0.022430491372228557,0.10829834911869689,0.1,0.9,0.2,4,5822.3512821982295,7059.985935587387
2,3,0.49712458403836823,0.8903929294793573,0.8221738160867045,0.07122367960115056,0.6362678760710888,0.11081320709110401,0.04184456055100686,0.09368247359772808,0.1,0.9,0.2,5,3265.6686866489363,5723.367621327269
2,4,0.3714542840941328,0.8103939210374944,0.7304060794598346,0.05826279695800221,0.29620459495752843,0.09269950465145495,0.03491076470718154,0.07754371104476394,0.1,0.9,0.2,7,3422.9398909841925,4470.444789811565
2,5,0.3736721159063105,0.8147047642393364,0.7338332260231838,0.06725912811269666,0.10170317043995585,0.092769407207143,0.0419514928690593,0.0931825603999336,0.1,0.9,0.2,8,3308.572999901912,4317.147880922094
2,6,0.33193436955620437,0.7795349080807171,0.695349273897671,0.05480242094222321,0.1858458893633975,0.0798262452495069,0.0328695968936798,0.06143262660387955,0.1,0.9,0.2,9,3711.3224161299695,5367.1042281542495
2,7,0.2910163768010241,0.7441721563980636,0.6549669890589677,0.05155228285600845,0.14571198303523014,0.08140792003490817,0.028115865725021637,0.0517682769669779,0.1,0.9,0.2,11,2222.7458937491347,3841.525569583164
2,8,0.2762651593123467,0.7418587893038731,0.6631078912905177,0.06893754364363494,0.09710955983911072,0.08356045644473827,0.03034528820543342,0.04741677862079054,0.1,0.9,0.2,13,3977.2989680676897,5390.264802338143
2,9,0.27441446430610905,0.7624625443202749,0.7095533452556363,0.0673455235355822,0.050800856649715655,0.08325758661285053,0.029453739040174842,0.0472065704456409,0.1,0.9,0.2,14,3951.22130659503,5383.738381026376
2,10,0.24896952953344714,0.7145465947352394,0.6322370026552714,0.06709116990274396,0.1771530699818185,0.07944906618529561,0.02475854469882726,0.04194886091518832,0.1,0.9,0.2,15,2412.391741205386,3719.8436869287216
2,11,0.23990851235033073,0.7164059461620405,0.6462134643632608,0.06924973020328488,0.052481278292397356,0.08368912747922702,0.02132141304278981,0.03436524966466427,0.1,0.9,0.2,17,2404.84210360047,3605.822586671703
2,12,0.2315416280289129,0.6962958142062864,0.6119831886871613,0.06739096424326022,0.054863136899092384,0.08199535994495186,0.01986185168006531,0.029941421117550587,0.1,0.9,0.2,19,2507.9352284913634,3524.590880666465
2,13,0.2274711251747603,0.6917407138265834,0.6066287088837374,0.07235913409198541,0.04847480916166559,0.08261733854372025,0.01990023747078736,0.03001888807762073,0.1,0.9,0.2,21,2471.6344169475096,3488.071957367991
2,14,0.2254246527282921,0.6887342621101663,0.6023192069483533,0.08074417504051079,0.09003652865908375,0.08237214244063953,0.0214333902407528,0.04625483542241652,0.1,0.9,0.2,22,2476.5015324475303,3379.5327743978405
2,15,0.38897125116171866,0.8625915395805782,0.7875917165861722,0.26471898998866716,0.278355698155768,0.1320589724752152,0.0810839325675772,0.6125322126889996,0.1,0.9,0.2,23,3163.516237224464,2497.270088632175
2,16,0.23242261161540922,0.6988727482730064,0.6189365187315834,0.1318400550547657,0.27006754955998813,0.08826810372169766,0.04270944040299811,0.1326405159449147,0.1,0.9,0.2,24,2841.904738382148,2637.568694535067
2,17,0.20682521988641636,0.6834526592627559,0.6157907058693716,0.1263622771188398,0.059246269158856876,0.07088899543081147,0.03332864267124035,0.0716253799557961,0.1,0.9,0.2,28,2713.028640665136,2485.992274421532
2,18,0.3511199198063134,0.8266602085608338,0.7584745683596632,0.27642691028323463,0.2025580209746613,0.07744859021080816,0.14794174441594587,0.28391118815258076,0.1,0.9,0.2,32,4030.9493324238647,33556.47141927933
2,19,0.3246012737265051,0.7988858419624986,0.7299980666382285,0.26039214294117974,0.18832018871027273,0.07792902309167173,0.12946452386307233,0.24844872916011637,0.1,0.9,0.2,34,3973.5001121817086,33517.26489323686
2,20,0.32593038026864374,0.788632587044985,0.7065383859306483,0.26111529698550917,0.1845545386207703,0.08619253934124506,0.1369955520648769,0.22119564460451252,0.1,0.9,0.2,35,4223.553397680983,34281.40490846838
2,21,0.35601506025093055,0.8303525573583587,0.7691119945795637,0.30699930925770297,0.4360382557920638,0.07339309762582356,0.17098026574386338,0.3215019910296924,0.1,0.9,0.2,36,4675.282416450754,34915.3529570833
2,22,0.18567346497583304,0.6815474599689896,0.6459606463486476,0.15664092482558947,0.06991005374451095,0.06746812598937284,0.04840956622166859,0.03010699230265128,0.1,0.9,0.2,37,2685.5275428844543,73938.55654988304
2,23,0.3508110926414166,0.8210223608773612,0.7580798743828507,0.3215817803361164,0.281983096364845,0.07443937401030509,0.17135293000975224,0.3223392337893022,0.1,0.9,0.2,38,4577.232328521272,35064.89364758703
2,24,0.16187219815752693,0.6435588728126699,0.6117809195429874,0.16587568282131276,0.3798220833532746,0.05691542163697971,0.052422314753055435,0.03972045813071266,0.1,0.9,0.2,39,2594.7879216299057,72572.1165400867
2,25,0.15473204844355037,0.6378267950873834,0.6160083290338683,0.191969941900187,0.10297635005796844,0.06410946614361326,0.052243810058718976,0.04103086609025301,0.1,0.9,0.2,42,2488.113016332871,71590.6655486162
2,26,0.15293002908575087,0.643620044748078,0.6337274429882558,0.20770278743291282,0.08441306085000819,0.06410379348965356,0.05320289645669242,0.04103606775288829,0.1,0.9,0.2,44,2487.602592966964,71614.78090974892
2,27,0.14568085823641377,0.6346810437922252,0.6242927419948013,0.21028252373350276,0.06656369378896088,0.0658660730664199,0.04730040249332413,0.03649417055427445,0.1,0.9,0.2,46,2480.6247901608804,71594.91460552523
2,28,0.3529231817000525,0.8189060439686645,0.7823383649999931,0.39331578163565956,0.2677952340056705,0.05773641577870061,0.2574454627565056,0.13328230308917743,0.1,0.9,0.2,48,2849.525556613854,73658.33500605848
2,29,0.383612831479059,0.840402847044753,0.8111721696965247,0.4392607448695387,0.4231623107374276,0.08268866846146775,0.2320519320932765,0.4518913554558395,0.1,0.9,0.2,50,9096.307823044408,73754.23964648621
2,30,0.37170980703363243,0.8096691394904438,0.7654462215777551,0.43350607033139166,0.3804098755982664,0.0881255107827065,0.22417907946596075,0.44510508644552466,0.1,0.9,0.2,51,8874.280145222074,69589.23079450181
2,31,0.3829661098337621,0.8232339165863201,0.7897464152937559,0.4666131908023331,0.36136702436415796,0.07088121166298945,0.3072872054606763,0.15767370270638265,0.1,0.9,0.2,53,3344.211042149912,68579.50942928165
2,32,0.3167755621399972,0.7681877242417756,0.7476856041902563,0.422090701705855,0.24917330103869406,0.07003436249479085,0.23978845328400133,0.13102904140189128,0.1,0.9,0.2,57,3292.935022500229,68550.63127579037
2,33,0.32421635140952554,0.7752036116857908,0.7648319656664526,0.4305357516004033,0.2908540963537123,0.07243324711309519,0.24437171633234178,0.17206271212825802,0.1,0.9,0.2,61,3394.26992006475,66401.96876135639
2,34,0.3082833098531756,0.7694173269135836,0.7717857790521427,0.4464441140463441,0.248873014681298,0.07720424027281844,0.23447365950898905,0.13686810842559738,0.1,0.9,0.2,65,3701.081801660081,73355.38597299662
2,35,0.3073999144495563,0.7775366159290792,0.792377145806802,0.4660618301345875,0.26733895583891787,0.07720424014589602,0.23447365954974103,0.1368681085105356,0.1,0.9,0.2,66,3701.42957399811,73129.19939039978
2,36,0.30681281030711344,0.7651767115587848,0.7668803458545882,0.4621591262294749,0.2512984179206958,0.07763748650227417,0.2343593426403457,0.13537332219550188,0.1,0.9,0.2,67,3506.7603616884016,73137.97690208197
2,37,0.30640727594965134,0.7637335317326183,0.7651878638495223,0.47244537260536656,0.25595068284618416,0.07678996675843446,0.23406979221801122,0.13716213106628344,0.1,0.9,0.2,68,3674.472907995848,73140.01507713055
2,38,0.3049232520348698,0.7703082312270292,0.7840094757254069,0.47104021394397544,0.27649548503969523,0.07518777296758442,0.23431216780402675,0.13572575117885274,0.1,0.9,0.2,69,3554.980852301948,73064.86697364012
2,39,0.42432136072861304,0.8766792440561442,0.8769495185923675,0.6094441571016931,0.3714031043257627,0.07624333949170745,0.3591362805458259,0.17393474476878096,0.1,0.9,0.2,72,4112.44290661466,74179.25608750251
2,40,0.9370708465355255,1.3713117587915498,1.377772489677388,1.1648942667469597,1.032853108437562,0.45540941550988867,0.7147626377424169,1.0,0.1,0.9,0.2,74,5212.475070874376,75893.58212431768
2,41,0.984314302013712,1.4136944528331785,1.4191505357508203,1.2233343273126263,0.9422004564853845,0.08374335955588665,1.0,0.14350994270151798,0.1,0.9,0.2,80,2439.830679658377,75489.43024457147
2,42,1.0696192200448933,1.4868236027685318,1.5214846303817067,1.3443485782278528,1.433226395034339,0.08263337249093297,1.0,0.6276652802262669,0.1,0.9,0.2,81,6681637.407857104,74893.45208641599
2,43,1.1442459860024674,1.5480065826539346,1.5692007086598598,1.4238418816754954,1.1283238366287405,0.08907020024615815,1.0,1.0,0.1,0.9,0.2,82,950661.1128519996,75152.64498545209
2,44,1.0684106556251949,1.4800153898075534,1.5135175476389866,1.3548474778562611,1.0616199380615106,0.08176978402385375,1.0,0.6278959259163595,0.1,0.9,0.2,83,6680877.475840451,74746.83405837962
2,45,0.9746775857663967,1.370772563315072,1.3903849645176987,1.2594216883271627,0.9777457145148993,0.08560391106275891,1.0,0.16174320290261585,0.1,0.9,0.2,84,2681.695823903238,75105.95861204722
2,46,1.1116367069078712,1.5068261921877233,1.526255307946157,1.4059918584514932,1.0849596273987947,0.07716415396103565,1.0,0.8515824238311481,0.1,0.9,0.2,85,9676251.350520618,75125.36271415232
2,47,1.13977547973385,1.5099128014182768,1.5135199791543166,1.4403372438704694,1.223940608073713,0.08798709346042459,1.0,1.0,0.1,0.9,0.2,86,950056.7976171154,74666.09980230831
2,48,1.1391758259216955,1.506369853456617,1.5093818850040737,1.4472790917589224,1.1209202776016916,0.08730962727482103,1.0,1.0,0.1,0.9,0.2,88,949804.4181689952,74526.30189070952
2,49,0.9664952269357355,1.3481202451536147,1.3755298840764096,1.2880179626331543,0.970090327466598,0.08019910969262015,1.0,0.14707816505788399,0.1,0.9,0.2,90,2699.4078550967006,74879.80795714425
2,50,0.9771742163736991,1.3133720402011162,1.2994261788231238,1.2800575742736586,0.9692192261011199,0.08569534343359007,1.0,0.20737953556276567,0.1,0.9,0.2,95,2513.367836625521,75113.4723738186
2,51,1.0138026910700817,1.3845734233542897,1.4206059284119843,1.3702070078822426,1.0295857635853554,0.09704409568884134,1.0,0.39271395367666895,0.1,0.9,0.2,97,5609.320492903253,77463.21046028374
2,52,0.9744401023785972,1.2940096040948401,1.2767875075676995,1.29235005088712,0.9752849111823957,0.08423569374000756,1.0,0.20694685250196948,0.1,0.9,0.2,99,2614.774086191652,74712.69217940285
2,53,0.9727622717747737,1.2917960698749256,1.285285774437404,1.3053882487105681,0.9808678628472421,0.08565620848377595,1.0,0.20597133446312652,0.1,0.9,0.2,102,2382.768261466481,74874.91915818918
2,54,0.9716127568816147,1.2838992210373517,1.2760817268714442,1.315321151190821,0.9761546909142255,0.08429698309130476,1.0,0.20533117366663078,0.1,0.9,0.2,104,2398.275584458532,74528.18212124801
2,55,0.9717395953088149,1.2828526425958307,1.2748083229412588,1.3191143226578097,0.9590517186551208,0.08440333887997012,1.0,0.20666742481352268,0.1,0.9,0.2,105,2438.267900826192,80794.21457298148
2,56,0.9710990012716395,1.278204129146513,1.2693867049419634,1.325826313661495,0.9811369921634555,0.08503804740867524,1.0,0.20567827524708707,0.1,0.9,0.2,106,2372.464547872782,74356.2972457294
2,57,0.9725461299519347,1.2871633835095428,1.290635581665451,1.3456228388653455,0.961239211151783,0.08412140097994113,1.0,0.21566454317137618,0.1,0.9,0.2,109,2968.076084815394,74585.50985456108
2,58,0.9526587842895738,1.313662703191103,1.3911569670741157,1.3963980986709794,1.015189715548683,0.0681909851643322,1.0,0.13622886852498078,0.1,0.9,0.2,111,4843.193891814075,75563.95482756609
2,59,0.9502249239689141,1.3062051484267128,1.3827468241350973,1.4051793005987463,0.9516036485369217,0.06857072665789023,1.0,0.12657146986345935,0.1,0.9,0.2,113,4865.931158309728,75239.47402128117
2,60,0.9500915186798479,1.304934435139386,1.3812607178247243,1.4127028183482175,0.9365500951733203,0.0684916277522367,1.0,0.12654553795857165,0.1,0.9,0.2,115,4916.585579188118,75237.69238983572
2,61,0.9520815406388228,1.2889757064904293,1.3510267243245144,1.3917511473085022,0.9868303095513141,0.08744067090634529,1.0,0.1305121680623278,0.1,0.9,0.2,116,5057.915012398112,75787.74298328624
2,62,0.955399144375747,1.2626715426443471,1.2973631050891468,1.3730139421438987,0.994314719122152,0.08306603707212976,1.0,0.15288341980975845,0.1,0.9,0.2,117,2964.970808526802,75260.6515654718
2,63,0.9509757477592946,1.2861762829071988,1.3588020380211174,1.4017118300625866,0.9785029961708198,0.08777896017866735,1.0,0.13114632762208728,0.1,0.9,0.2,118,4971.4795044300645,75466.68633406424
2,64,0.954762980537727,1.262499633889417,1.3081776649447736,1.383593063427776,0.9778947114959624,0.08202992560946495,1.0,0.15532181929725114,0.1,0.9,0.2,119,2535.717940033686,74631.80297629799
2,65,0.9659460253074975,1.2459740965671413,1.2755753135434305,1.398071221930877,1.0773619246472408,0.0891014062169059,1.0,0.21499477993027466,0.1,0.9,0.2,120,2960.972868992433,74789.27918339072
2,66,0.9526996892886229,1.2383453673776796,1.2799103510165324,1.3995118534881765,0.9532682946124326,0.08325327044099964,1.0,0.15402277513253898,0.1,0.9,0.2,123,2921.0930000625776,75058.3916193453
2,67,0.9507614647091007,1.246464075223649,1.3008171959001993,1.4704026677172164,0.9380635295706521,0.08259401532381629,1.0,0.14512680130115335,0.1,0.9,0.2,134,4808.860118395226,74418.82903341699
2,68,0.9505571807067242,1.2422874697981217,1.295905087915105,1.4739536603843422,0.9674389301874102,0.0837385858673733,1.0,0.14514124758065813,0.1,0.9,0.2,135,4808.82696008037,74417.38900435601
2,69,0.958350227607242,1.2533544193077715,1.318508181188757,1.4932207864831695,1.005434058606258,0.08729643196644912,1.0,0.18542934933468297,0.1,0.9,0.2,136,4859.9261495022565,74317.78085059187
2,70,0.9584208053754026,1.263778338708523,1.3417758987567574,1.4971752158565002,0.9523536623184178,0.08769238962400001,1.0,0.1859102258302013,0.1,0.9,0.2,137,4892.818809504688,74324.21658328906
2,71,0.9513235958923655,1.244405528194204,1.3092040222387542,1.4658272673501658,0.9475363782405232,0.08269520055642912,1.0,0.15335794345059445,0.1,0.9,0.2,138,4899.507087976309,75262.6170854931
2,72,0.9508558442568082,1.2481987599612703,1.3247208076587182,1.468925974048408,0.9907163297212354,0.08216446683249924,1.0,0.15385600197762012,0.1,0.9,0.2,139,4866.736872625312,75391.30036775631
2,73,0.9496898218024582,1.2200183417146524,1.2806418322548696,1.4710542201941066,1.0569838319857343,0.08227631708942333,1.0,0.1535319145195044,0.1,0.9,0.2,140,4424.52551157184,74681.05185426943
2,74,0.9494712233616468,1.2389367962579443,1.324963370389167,1.490695794249053,0.9511222946986052,0.08281583154627345,1.0,0.15326644874699036,0.1,0.9,0.2,142,4361.071410090803,74810.32237773904
2,75,0.9487581530318516,1.2283775450709606,1.312608492360037,1.4972579255211513,0.9754801736156465,0.08172498982328011,1.0,0.15344111255951876,0.1,0.9,0.2,144,4299.472567426103,74551.85827211376
2,76,0.9430805433232587,1.277176088994626,1.4370928645303167,1.6407958065681292,0.9444657377743448,0.08649403143453543,1.0,0.12657645865796002,0.1,0.9,0.2,153,87668.50809929523,74483.38474204946
2,77,0.9426552291193991,1.2692490804475232,1.4278063163872254,1.6479209406119664,0.9617018338026783,0.08624337103123446,1.0,0.12676049689076704,0.1,0.9,0.2,155,87553.6134098535,74257.50187585162
2,78,0.9689927830843088,1.282236235393012,1.4274043433689654,1.6558078653623074,0.9764420122603084,0.07850351678331675,1.0,0.2629348753421751,0.1,0.9,0.2,156,5713.832377413076,86091.90680029233
2,79,0.9688673289870444,1.2807094778358012,1.4366011161094179,1.6590576182768704,1.0073539023081146,0.0839021328889337,1.0,0.26305798623052123,0.1,0.9,0.2,158,5507.253432457396,78137.2680493107
2,80,0.9669392462822904,1.2182490321952952,1.3302993685375069,1.655845509185202,1.0591099797768977,0.08020124987193272,1.0,0.2619661372711139,0.1,0.9,0.2,160,4301.421858717869,85719.85042942077
2,81,0.9669554335902198,1.2264977880141636,1.3510164472811732,1.671879852975523,0.9714184625390858,0.08063950896517318,1.0,0.26251401730117535,0.1,0.9,0.2,162,4313.521618375065,78157.9831265019
2,82,0.966725219384281,1.2339094719808676,1.3707908093222811,1.6917109884878394,0.9669999596556735,0.07978286713502376,1.0,0.2626013548023795,0.1,0.9,0.2,166,4386.398301477983,78026.41992714076
2,83,0.9691302372396904,1.3012906211784354,1.5267709562094245,1.7546338745468786,0.9880077966863051,0.0850240500141063,1.0,0.2749418532185759,0.1,0.9,0.2,170,7663.065375645594,76415.4268733229
2,84,0.9664928906753515,1.274198271265774,1.4843159448949401,1.7430575046561911,1.057804709112449,0.08874656030454742,1.0,0.26260607957708604,0.1,0.9,0.2,171,7177.41031571683,85531.16282224187
2,85,1.1113273526313736,1.3771612217322038,1.5798502868765079,1.9057710349348798,1.4113565216941448,0.07735838674900565,1.0,1.0,0.1,0.9,0.2,172,23742.30133654205,88029.83868927864
2,86,1.1110137490415628,1.3407914455443775,1.515069471194596,1.9088558724919984,1.2054493195057778,0.07847384797167212,1.0,1.0,0.1,0.9,0.2,173,24545.09939767473,88196.63904454604
2,87,1.1112379483216068,1.3602489112484586,1.5599677079624903,1.9088709223461862,1.1195666339619654,0.08167137078417858,1.0,1.0,0.1,0.9,0.2,175,23564.705222598488,86814.54918698111
2,88,1.1104432177275159,1.321818765406239,1.4928536109329593,1.9153368482110296,1.2172780529552623,0.07812303791895456,1.0,1.0,0.1,0.9,0.2,176,23623.16459507788,87987.01748783805
2,89,1.110286009668239,1.3260028103438697,1.5088306584474003,1.9353467847386525,1.1324392120463773,0.07842930053417567,1.0,1.0,0.1,0.9,0.2,178,24577.35861494053,88112.49141598037
2,90,1.1101842632956014,1.3119805419846549,1.4813302371944517,1.9350688094250672,1.1272878594702775,0.07813959019501344,1.0,1.0,0.1,0.9,0.2,179,24549.481663603925,88145.43097679442
2,91,1.1106095524072555,1.333903958599369,1.5290944968096616,1.947824686574047,1.1115605395981956,0.08263684765060422,1.0,1.0,0.1,0.9,0.2,181,23377.72562407559,87061.42957441324
2,92,1.1099377762023255,1.3196482191501107,1.501420024046621,1.955308111198516,1.124731292025181,0.07654697006109488,1.0,1.0,0.1,0.9,0.2,182,24419.5362179787,87789.57680215336
2,93,1.109851634301492,1.3131845647727902,1.4938360216240156,1.9548101929702197,1.153409914135247,0.07733181389798757,1.0,1.0,0.1,0.9,0.2,183,24583.964621701285,87868.41856461414
2,94,0.9625826598562505,1.1993614151943572,1.41898503856824,1.8157327788701199,0.9608528304920143,0.08195835358312459,1.0,0.26136228597011585,0.1,0.9,0.2,186,7344.8965911845635,89415.42609056638
2,95,1.048907813858233,1.292955718832689,1.5359240893889756,1.9080304631462897,1.0561926120505372,0.07888295512030821,1.0,0.6963832031550716,0.1,0.9,0.2,198,7120.288914890235,80994.04581608498
3,0,0.8893577374420154,0.9738199903148445,0.9203627086272101,0.010360729544651427,0.0,0.0,0.0,0.0,0.1,0.9,0.2,1,2476.329664230657,8284.225276350258
3,1,0.870907296796788,0.9721599347356076,0.9177224904088785,0.01729331995676916,0.024049594750228255,0.03945945654403858,0.00011592375110809001,6.442396946943e-05,0.1,0.9,0.2,3,2402.9189792846782,8069.217531638076
3,2,0.8410023041941782,0.9725819843056532,0.916283792083401,0.02989951268991472,0.09124149404611888,0.016395304085963,0.015089625713914251,0.00065428106980675,0.1,0.9,0.2,4,2451.6920959042045,8220.79690507463
3,3,0.6151782266207216,0.9509649509782574,0.8912352987056177,0.0868016023967625,0.7491228955546477,0.04826697799299396,0.07283991919410687,0.04048037339596096,0.1,0.9,0.2,5,1667.5946985626713,5060.923192823444
3,4,0.4730376747334743,0.8773952189935921,0.807017134815763,0.07742374744232278,0.2839738923023455,0.05131948196576874,0.05949224622562268,0.04205835282661573,0.1,0.9,0.2,7,1579.145554223645,2960.6955991132586
3,5,0.3459352180766593,0.792447576886359,0.7088206775072242,0.06810752901137422,0.32965521786860535,0.04539132189242688,0.052240778273876354,0.03972880074749221,0.1,0.9,0.2,9,2066.5858980363205,5497.135804918017
3,6,0.3323637520217042,0.7808583759479683,0.6961597368234844,0.07164836781493938,0.06921658838041901,0.044260472248677366,0.04750159220523592,0.034966244211163476,0.1,0.9,0.2,12,2023.990361402436,4557.827077960729
3,7,0.41086920518104325,0.860665460621062,0.7748592536370671,0.163518113089687,0.18422494239773432,0.04748334750579869,0.10651070772048907,0.1991854910382636,0.1,0.9,0.2,13,1990.6139585552971,67056.10707435153
3,8,0.3243467422560881,0.774431377895477,0.6884701689799,0.07902012139549013,0.05853383741907764,0.04422969924174576,0.04847653616247213,0.03532111161866755,0.1,0.9,0.2,15,2028.9361429187984,5267.271714492339
3,9,0.36103515663553704,0.8352977868802103,0.7736667570872844,0.13730320749073063,0.13713016342392365,0.04586401598252714,0.09917638975637591,0.04742882884207239,0.1,0.9,0.2,17,2286.5281196982523,7675.806478987511
3,10,0.32907407333063504,0.7937816636492536,0.7170475146752668,0.12086177629065885,0.17107149295975776,0.046940166272249936,0.08078752575158868,0.0394700970144315,0.1,0.9,0.2,18,2246.051334429314,15603.408010590285
3,11,0.31094455020188916,0.7869893900134688,0.7230199539401486,0.10825104785875131,0.07826255312146517,0.0433128966171592,0.0641757194423333,0.03293679131019197,0.1,0.9,0.2,19,2122.097385900641,14929.78865965272
3,12,0.31011377157690373,0.786300596650604,0.7220690005644105,0.11732188139599546,0.07486550552703823,0.04349299968904289,0.0649535480453534,0.03355749284363474,0.1,0.9,0.2,21,2129.641470316505,14822.6461384105
3,13,0.297036033280089,0.7733358221937845,0.7088788139549247,0.10993807300724337,0.06706482662258148,0.04227731017401065,0.053496290026669446,0.02748127092365487,0.1,0.9,0.2,22,2119.400204441511,14823.373453791944
3,14,0.283390729591353,0.7491070371851903,0.6705626657559083,0.1075616343193167,0.06639340098924801,0.03218526420367795,0.04820798910880686,0.02293353184092472,0.1,0.9,0.2,25,2428.063246077634,6784.975289129061
3,15,0.26992339747327115,0.7468916056525543,0.6785016464111188,0.11736144611798577,0.1117947942750793,0.0328433852257176,0.051110605302252275,0.0255378157349613,0.1,0.9,0.2,27,2207.786253911245,16525.04519221182
3,16,0.2474798156300405,0.7236832560503211,0.652844155175934,0.11484924816769819,0.09541933367781427,0.03278170259479485,0.042279321643147585,0.020773710090819488,0.1,0.9,0.2,29,2249.529749178163,14603.868505488086
3,17,0.251574384945482,0.7271565633712601,0.6552128886381172,0.13487481663006323,0.10045239095431305,0.03301326870901842,0.05229058120035253,0.02522202967152278,0.1,0.9,0.2,30,2494.210245452184,16877.597932133394
3,18,0.2567327737772167,0.7201989562540165,0.6337738422294747,0.15423128970419514,0.08892215896704492,0.026883616201933108,0.06851028741925,0.01976973657742322,0.1,0.9,0.2,33,2421.162239466227,6269.204461456907
3,19,0.23853960045535333,0.7097187996528728,0.6331003866136515,0.1605566595527939,0.1296652052398401,0.0264393741981535,0.06490577820357091,0.021034675554963488,0.1,0.9,0.2,35,2199.964141176953,4719.377414485475
3,20,0.2193959134937922,0.6869046216607682,0.6076451877831387,0.15997742204092083,0.1117224714128135,0.03690565875853976,0.05624646234015129,0.01780610554504871,0.1,0.9,0.2,37,2044.671297985052,15484.553342412975
3,21,0.21422277726481748,0.6903452759681643,0.6224940093959681,0.16991883636628488,0.09188989320828574,0.0289833048769028,0.058440168420345426,0.0195658798158468,0.1,0.9,0.2,39,2105.2073883426137,12673.19365748101
3,22,0.2125910672679665,0.6868776880580351,0.6179911051575205,0.18042103141053298,0.08308304795079904,0.03252937892186722,0.060477488516405706,0.021514393000179217,0.1,0.9,0.2,41,2021.5681629667656,10973.073542589747
3,23,0.21204729039390838,0.6843496255161714,0.6144055740402806,0.19526307868602585,0.10879865620388676,0.031176510193874678,0.06464597866837826,0.02166684090143432,0.1,0.9,0.2,42,2232.679624821994,14753.64330029218
3,24,0.3214409010302159,0.8098276714479291,0.7628499021093978,0.31989907756645036,0.21117986098061275,0.31133900036317547,0.06721931935044363,0.47395395484249236,0.1,0.9,0.2,47,1830.9226575411008,9663.86951539729
3,25,0.3200942590373217,0.8061497211742203,0.7581506857651006,0.32486268356546705,0.2303080771714159,0.3283498009609596,0.06777451208194255,0.4743758409224127,0.1,0.9,0.2,48,1656.3940302225262,7847.258205646275
3,26,0.320016528271301,0.8172243075569591,0.7822037474593452,0.3336345068826402,0.1891583580654409,0.3283498009609593,0.06777451208194171,0.47437584092241203,0.1,0.9,0.2,50,1655.6632093648072,7832.352679861297
3,27,0.2979852168162824,0.7749182969436814,0.7232472022909212,0.3415402492992175,0.21618559729994066,0.34212583163169524,0.05492445450530059,0.4763679850896098,0.1,0.9,0.2,54,2200.613211351103,9831.234576221425
3,28,0.4639312731454596,0.9222944992200235,0.8549133804708076,0.5402024874726401,0.46524694595536376,0.30369470838206575,0.13661093151681675,1.0,0.1,0.9,0.2,55,2024.481268609208,424673110.7253392
3,29,0.46099033396704714,0.9148539095841608,0.8459608550671271,0.5379887924535679,0.3849894364923597,0.30740970638741694,0.1377406019926118,1.0,0.1,0.9,0.2,57,1961.481460722239,424621513.0206232
3,30,0.4509884712839997,0.8942846585292024,0.8219807314518726,0.5420574381426784,0.4237447227992658,0.311197077845027,0.13659455236558823,1.0,0.1,0.9,0.2,59,2042.66591470277,424597967.63064766
3,31,0.44434654324350653,0.884696163122817,0.8114698725884781,0.5435463031307475,0.38836181738234765,0.30837776784203447,0.13223845283898653,1.0,0.1,0.9,0.2,60,2011.5520550440065,424615968.6254064
3,32,0.42739526586284793,0.8642532506034335,0.7899238513118041,0.5384752338844276,0.383711671412862,0.31185772720049254,0.11629440959235607,1.0,0.1,0.9,0.2,61,1960.3210034172268,424862060.7240087
3,33,0.4299033131815175,0.8837005026828597,0.8338483654532862,0.5798538257255588,0.3993388517929352,0.3091487391626825,0.12319237740028241,1.0,0.1,0.9,0.2,62,1910.61824368768,425066424.1673599
3,34,0.42227153605803447,0.8689108041536842,0.8170224869607297,0.5524925211905038,0.4219357838147641,0.3124466210247149,0.11960339725562877,1.0,0.1,0.9,0.2,63,1889.2647665064585,425128374.0264574
3,35,0.4272587269210145,0.8485808193834679,0.7698832895567922,0.5559798850499447,0.3786472908487092,0.31968757248789303,0.12635087813463758,1.0,0.1,0.9,0.2,64,1860.8786723619207,424851602.8006171
3,36,0.4360827508392141,0.8567373922917187,0.7778468305689397,0.5621883065623052,0.36346570605244277,0.31969299410835833,0.1366661164895995,1.0,0.1,0.9,0.2,65,1884.3820772648503,424579520.4649898
3,37,0.4181341943525317,0.8329178817819924,0.7524411223033194,0.5564626533385671,0.40446537276148087,0.3204402178126811,0.12040771964493976,1.0,0.1,0.9,0.2,66,1829.5586502714648,424837598.57187855
3,38,0.4186816053187618,0.828155269343795,0.7462669538447073,0.5625444401402544,0.401494669988518,0.3203617579511091,0.12428341972013102,1.0,0.1,0.9,0.2,67,1842.5260841215852,424855216.2396029
3,39,0.8612901264310279,1.2833213776511032,1.2248865041491972,1.0166588668053145,0.8954350153976208,0.328305863060717,0.762341646929096,0.3629354871610309,0.1,0.9,0.2,68,4276.132193751399,6558.139248318703
3,40,0.8583572115439384,1.2731663399093642,1.2129155526930782,1.0266383361851912,0.8166419003263232,0.3295496228091247,0.7626456813090918,0.3631855912892378,0.1,0.9,0.2,71,4200.428031652251,6638.930342242695
3,41,0.8514169396601042,1.256806724284192,1.19424366421523,1.0295478342197057,0.8834203109755844,0.3013860666411387,0.7624557152744567,0.36383642542917977,0.1,0.9,0.2,72,4233.600804165255,4405.797286395549
3,42,0.9120697035365847,1.3132355685911725,1.2496542882178439,1.1199464310804927,0.8618707580852274,0.2973643464733502,0.8251918116092577,0.3954047220642566,0.1,0.9,0.2,76,4854.954155018302,7485.878046546997
3,43,0.9107423013709228,1.3026853848750206,1.2369164101974361,1.1244371311916137,0.9430449292185592,0.29317696814816613,0.8276701574020201,0.3974673831660516,0.1,0.9,0.2,77,4698.216062307592,7580.157797666638
3,44,1.0554060544570165,1.4215100258627862,1.3393620210034625,1.2792365137535378,1.1411344109070505,0.30615486984415835,1.0,0.364271242302384,0.1,0.9,0.2,78,4038.514634392762,18422.244433482407
3,45,0.8288577855956227,1.1956973565362603,1.1347114150289028,1.0668810140434921,0.8231225455219533,0.29924213893996265,0.7543320176856744,0.3734094352237075,0.1,0.9,0.2,83,4533.729660251171,19702.908056007967
3,46,0.8257634830902983,1.1717480883716151,1.0956691641941259,1.0688311067644032,0.8252849021254931,0.28330164863707724,0.7554718615896104,0.3736183443431422,0.1,0.9,0.2,85,4638.2638238878,22590.0440026166
3,47,0.8267149255737593,1.180876259021104,1.1171461438394232,1.0876109496051956,0.797992130123811,0.3022260539253747,0.7552239513102565,0.3739192293390226,0.1,0.9,0.2,87,4666.090895862029,20300.961061240632
3,48,1.0434303228411537,1.3722601833760986,1.2925237817177426,1.306081462610587,1.066145283699587,0.3007261539712195,1.0,0.3738745534301219,0.1,0.9,0.2,89,4629.453256637964,19977.941918864584
3,49,1.0389510781770646,1.3657460876972398,1.2962411591860536,1.324136393450485,1.1164085762469653,0.27521755085677635,1.0,0.37888246450656704,0.1,0.9,0.2,90,4680.985106649243,20365.290578306725
3,50,1.0346407437515162,1.3465794305727807,1.2847443327433294,1.3291705214787308,1.112655178465461,0.30395760991667453,1.0,0.3682892214031601,0.1,0.9,0.2,92,4612.444370782816,15533.339086652846
3,51,1.033060875755813,1.3355056614267442,1.2717619321183704,1.3388295959479093,1.0430450093566783,0.30472035077618437,1.0,0.36826326980611046,0.1,0.9,0.2,94,4589.55807685291,15443.911244123468
3,52,1.036261676718259,1.3293312394337857,1.2637150950016527,1.3496832349370989,1.0860766199709233,0.31263319307418336,1.0,0.38810158601178296,0.1,0.9,0.2,95,4664.62549502296,15718.838052745288
3,53,1.0371795934760708,1.3288155331220854,1.2629177339552407,1.3647966453511435,1.0136039224957283,0.318599291688189,1.0,0.3907651213275396,0.1,0.9,0.2,98,4611.558095311942,14991.289932059011
3,54,1.0354659727411533,1.3457636914578592,1.3051253185535137,1.370800397487792,1.0390482151918432,0.3126331930741833,1.0,0.3881015860117826,0.1,0.9,0.2,99,4635.0093419950645,15537.24477160545
3,55,1.0331451038278723,1.3132970228847336,1.2342141201093932,1.3646560005550008,1.0179579129945147,0.28705273104758444,1.0,0.3903564040322606,0.1,0.9,0.2,100,4332.081671239404,17544.299801874666
3,56,1.0309316652698144,1.300609288306952,1.230393197243844,1.3630221137249288,1.1417311160557966,0.29117676376682844,1.0,0.38951887353778936,0.1,0.9,0.2,101,4278.78127864771,16903.11749491593
3,57,1.0303062721859741,1.2984027411014178,1.2278507613604206,1.3803547327777714,1.0286959742860209,0.2870527310475845,1.0,0.39035640403226574,0.1,0.9,0.2,102,4292.173951979631,17294.442344276846
3,58,1.0295243211489244,1.2917484733684748,1.2200813691340575,1.3689400626705583,1.0441818888109784,0.2877112066023546,1.0,0.3893135079056615,0.1,0.9,0.2,103,4292.070516237803,16975.223111594805
3,59,1.0362633401459282,1.2711195154760486,1.172491646351944,1.372296675597903,1.0237146393598866,0.2992610507415981,1.0,0.4204567028694187,0.1,0.9,0.2,107,1904.590590755856,9799.013346539305
3,60,1.0255296146706034,1.2551624438193207,1.1663739286148092,1.385869180375812,1.1342456496341942,0.27918807190193584,1.0,0.38698057926849705,0.1,0.9,0.2,108,4307.430186800394,12231.439305024707
3,61,1.0304979813777548,1.2230725942071539,1.1163689401348018,1.3738594206931545,1.2135444100262038,0.2868220852432141,1.0,0.42222168948659144,0.1,0.9,0.2,109,2056.2974031606173,10449.884748160292
3,62,1.0295687287341118,1.2166060970331005,1.1088581428121478,1.3763341967767422,1.055458658730525,0.28511069225362073,1.0,0.4212321967858975,0.1,0.9,0.2,110,1889.1863185841853,7971.760150989711
3,63,1.0288414036137121,1.2112430356788888,1.102623492054148,1.3789871656018762,1.048001747052008,0.2819623081972904,1.0,0.42144175592210464,0.1,0.9,0.2,111,1845.8937034670284,9923.544776986037
3,64,1.0277985799112836,1.1996001231430165,1.088994277926786,1.3812683964697208,1.093397082770492,0.2823112939937098,1.0,0.4210431032358907,0.1,0.9,0.2,112,1888.582197775265,10068.436821594714
3,65,1.027762200054198,1.1985650775518435,1.0877725369489126,1.3846174032989031,1.0200921330633488,0.28262515117211096,1.0,0.42115959463713243,0.1,0.9,0.2,113,1900.255912742081,10024.882615400897
3,66,1.0276989584131186,1.2096090859722783,1.1117990638413218,1.399718939975794,1.0131583273528135,0.2823112939937098,1.0,0.42104310323588995,0.1,0.9,0.2,114,1884.9520427153036,10025.62012224621
3,67,1.0272836089480157,1.194271077703493,1.0827663172320006,1.3908887024118677,1.0406746311869048,0.2817704141038652,1.0,0.42091312132481906,0.1,0.9,0.2,115,1907.2130976819549,10071.017203934043
3,68,1.0192253996456728,1.1901465781013145,1.101209811358961,1.414405027147362,1.0338736628994942,0.2843383428507911,1.0,0.3871955562303734,0.1,0.9,0.2,120,5091.212756598155,10844.604811753648
3,69,1.019013850287013,1.2097901140586627,1.1463816065766206,1.4375437441995798,1.0252273488662844,0.2842195705569225,1.0,0.3872294136335884,0.1,0.9,0.2,121,5475.0382965678855,10908.709210365803
3,70,1.019062641457574,1.197377502380058,1.1207361907032722,1.4411331966230292,1.0154206123525327,0.28625025895500494,1.0,0.38695492767396317,0.1,0.9,0.2,122,5542.566542073389,10967.908040662474
3,71,1.0176552003863946,1.1973216701498062,1.1428039179897136,1.4480999569897406,1.1643653929040452,0.283796935347571,1.0,0.38906840821326816,0.1,0.9,0.2,123,6485.359578346075,30489.791414921965
3,72,1.0172880825867203,1.1903461808028015,1.134615259301947,1.4548494825345626,1.057132772891674,0.2845005265018159,1.0,0.3892622161438275,0.1,0.9,0.2,124,6471.518764106872,31348.62857767003
3,73,1.0167732544054693,1.182912790999664,1.125919001147273,1.4577210680165775,1.0564403092276464,0.28395530463739377,1.0,0.38923729045008343,0.1,0.9,0.2,125,6519.503953566226,31263.860910806798
3,74,1.0100080378591116,1.1688094294648703,1.110476592132575,1.462378411543049,1.0273403198700868,0.2811399900624814,1.0,0.3592209495835756,0.1,0.9,0.2,127,6494.790684749456,31111.67164832568
3,75,1.0098389124938805,1.1648534523904914,1.1058308459971364,1.4758579092998532,1.0070954655500184,0.2825967261344088,1.0,0.3588540584146382,0.1,0.9,0.2,131,6173.481265730336,31525.32442414585
3,76,1.015932570267958,1.145870434902818,1.0603607648887026,1.4723712423608846,1.0163306087721522,0.2852466904482145,1.0,0.38884156945811704,0.1,0.9,0.2,133,6204.425346011896,31716.78711544182
3,77,1.0091503694866146,1.1383023344493484,1.0526506118362007,1.4775648501929755,1.004782931368546,0.28127664382120243,1.0,0.35713369637742953,0.1,0.9,0.2,134,5485.474219775022,30927.76074886076
3,78,1.0092274119180664,1.126442834885863,1.027657493583602,1.472726069289735,1.0050283398125188,0.28184714432531005,1.0,0.3574561568785866,0.1,0.9,0.2,135,5077.316550760034,30164.23765984744
3,79,1.008369307864953,1.1150821981350574,1.0143902875762247,1.4750554964939921,1.077348708984262,0.28013439863597034,1.0,0.3571763373265292,0.1,0.9,0.2,136,4236.70283987531,30967.283787639517
3,80,1.0086777756370784,1.1411596652992344,1.0780492871508556,1.511332101830779,1.0194845275003634,0.28417122950895785,1.0,0.3589424093519901,0.1,0.9,0.2,139,6216.364231630072,31445.26604560951
3,81,1.0084640819691109,1.1516413785943005,1.101439555490262,1.5305298891661765,1.0009425498410949,0.28182212989902805,1.0,0.359188784400749,0.1,0.9,0.2,143,6241.072743205893,31543.155591524952
3,82,1.0081939901370234,1.1502304688335647,1.0998218464677436,1.5376151600660912,1.0086030717737484,0.27977663323726387,1.0,0.35919375076146665,0.1,0.9,0.2,144,6193.595306186884,31799.81530268407
3,83,1.0077637186950423,1.140858951450351,1.0888361861095768,1.5367864589699076,1.0653423793413495,0.2801508435857272,1.0,0.3592763586284681,0.1,0.9,0.2,145,6165.468892671036,31605.88952215412
3,84,1.063010821562843,1.1944237641086435,1.1420976317925682,1.6383916357458677,1.0562867339829336,0.2824135927780581,1.0,0.634826733238359,0.1,0.9,0.2,154,6777.740033249494,34038.238280293226
3,85,1.0630067445003348,1.205546904492537,1.1662073855743706,1.6530348433263142,1.055418675778241,0.28241359277805833,1.0,0.6348267332383626,0.1,0.9,0.2,156,6777.490426020997,34079.08031525767
3,86,1.0626339648512668,1.1982255555514956,1.157634252239518,1.6614188565823254,1.10560771622574,0.28274609734212286,1.0,0.6346025896543699,0.1,0.9,0.2,157,6759.460065075135,31637.77987710398
3,87,1.0517928751855756,1.1876640155190077,1.1581093438995467,1.6590304443911381,1.1293820593250297,0.2838376321883867,1.0,0.5825629865014113,0.1,0.9,0.2,158,6802.059900997071,34490.37596136312
3,88,1.0261295094774159,1.171335716370584,1.154444161415915,1.6779602425471292,1.0222261611156744,0.2885335895927351,1.0,0.4524044697634209,0.1,0.9,0.2,163,6802.152709653429,33728.907357804695
3,89,1.025880266034321,1.1685776493985154,1.1512347885809195,1.6813235023453925,1.0385896722182562,0.28647927756235586,1.0,0.4528149830269165,0.1,0.9,0.2,164,6925.461707249999,34051.984616527174
3,90,1.0258313163094643,1.1670515436488251,1.149444540062222,1.6849132550067094,1.029416489058837,0.2865774746876273,1.0,0.45284928716664086,0.1,0.9,0.2,165,6909.210455295708,34107.17259220297
3,91,1.0253364785503862,1.1666437071356177,1.1600485850689153,1.708066527049194,1.0587615225826532,0.2865774746876273,1.0,0.4528492871666413,0.1,0.9,0.2,167,6907.741281556046,34404.05970312928
3,92,1.026726413952691,1.1678053846693226,1.1611694775981238,1.7094450949621112,1.02104311786602,0.2865001212928332,1.0,0.4598884035503099,0.1,0.9,0.2,171,6779.13453303198,33423.26323702989
3,93,1.020270373913536,1.1598179610238686,1.152907657291424,1.7197664780417703,1.0181361367647241,0.29016410645876733,1.0,0.4261307029303443,0.1,0.9,0.2,174,6732.997726297375,33324.0321590911
3,94,1.01960780760108,1.151242857892019,1.1429192525257896,1.7224399610526437,1.071067191448071,0.28571515961152494,1.0,0.42673987637535216,0.1,0.9,0.2,175,6824.894903924498,34009.20130659267
3,95,1.0261814756936336,1.1724027732835076,1.188684812727442,1.741668229035704,1.0777307622408785,0.2879543410911059,1.0,0.46011856834678105,0.1,0.9,0.2,176,6777.021239890208,26189.64017354471
4,0,0.8021607911716064,0.9507901779016893,0.8933888889545047,0.00824319303519446,0.0,0.0,0.0,0.0,0.1,0.9,0.2,1,3753.92073634071,7410.693878293279
4,1,0.8010842049176148,0.957329070848871,0.8994215432617785,0.020866271004911573,0.019831597616982638,0.09369478138847172,8.747159149222001e-05,0.00023335821689445002,0.1,0.9,0.2,3,3958.795927546421,6862.047535684059
4,2,1.4973637101372292,1.778953139053866,1.7117488398985043,0.8942180063739942,1.2862360146675538,0.3971463261430096,0.7174334184462141,1.0,0.1,0.9,0.2,4,3659.968685104716,376024.5898549557
4,3,0.615572359635572,0.9598885044155667,0.8991075009827281,0.10296131092218411,0.3407864255457831,0.04541492374557134,0.09177382814576324,0.03201574149782202,0.1,0.9,0.2,5,1959.498479403781,4287.403531135229
4,4,0.6169869848614752,0.9614377085386578,0.9006392966710491,0.10942136190949531,0.09589477091202052,0.04541811344422379,0.093475712718907,0.032609452119399966,0.1,0.9,0.2,6,1948.0924863103749,4271.230351113555
4,5,0.4640897697188347,0.8812526734447769,0.8084476654968966,0.09422023227237922,0.5817849721234064,0.05442966673582496,0.07356605804857061,0.06731730233911792,0.1,0.9,0.2,7,3947.291066152824,7433.902147918459
4,6,0.39338905724812834,0.8293933417626085,0.7506941757030094,0.07896295289919107,0.185031608174592,0.0587937070883255,0.058398111373494446,0.04617643150357698,0.1,0.9,0.2,9,2048.005418912624,4903.349108828619
4,7,0.38504896509796105,0.8281190608191358,0.7464675482205411,0.09681690841982894,0.20369792224714278,0.0756797654800475,0.06700638273837349,0.07882351532660252,0.1,0.9,0.2,10,3190.539218605925,9185.377117421192
4,8,0.3390572473475851,0.8002502993945236,0.7277456244486832,0.08271945933936406,0.22591575974835595,0.04938585679095679,0.05784333644410241,0.05035654147465474,0.1,0.9,0.2,11,2764.677099233155,4646.19599991217
4,9,0.32376322133986724,0.7761927171349855,0.6879269195962918,0.08586405623379548,0.1795139693052138,0.08465541605905151,0.05393848056666567,0.06661853896833163,0.1,0.9,0.2,12,3195.395150471015,16834.465079709753
4,10,0.32375545468783234,0.7761860495080667,0.6879191769269264,0.09208052685788794,0.07038143448554077,0.08465541605905152,0.05393848056666576,0.06661853896833178,0.1,0.9,0.2,13,3196.7646859563847,16826.15211410814
4,11,0.2886147907150278,0.7429200398792142,0.6514203566301058,0.07595612301394225,0.18778652289086814,0.08562853741472844,0.04078099313194062,0.05339515675961951,0.1,0.9,0.2,14,2415.4888598473817,17812.982704310234
4,12,0.26549014889510614,0.720089066631137,0.6260982823693626,0.07279765854810422,0.09845632984151619,0.08625619847034516,0.03339097335356339,0.044910826672147505,0.1,0.9,0.2,16,2426.921770601072,18110.10299437986
4,13,0.25747982144611825,0.711551809704521,0.6153389025099519,0.08272932127200809,0.09740763175224736,0.07077768057112986,0.04001993599447679,0.04500862420168773,0.1,0.9,0.2,18,3025.51291845904,16575.15249574486
4,14,0.23497992588237013,0.6980768162053042,0.6114281295201874,0.09403573973579003,0.11756042608660129,0.058112684437242566,0.0374497987593161,0.03984242732681016,0.1,0.9,0.2,20,1986.112450380556,23745.6693255165
4,15,0.24953528539543143,0.7094030321840993,0.6196990411535813,0.1518563034372392,0.11818810373277834,0.0451657412189842,0.048699280982104395,0.14153117323476136,0.1,0.9,0.2,23,2039.9315248873595,1069781.469080275
4,16,0.25680979963939515,0.7162922579840628,0.6262803216766979,0.16335891832312285,0.09162905590748521,0.04445444771936965,0.0531759677086273,0.16517291340026083,0.1,0.9,0.2,25,2047.002898703468,1134928.7359745137
4,17,0.2529181427567162,0.7122865278296752,0.6221885624110973,0.16576103797776748,0.08531752082037125,0.04472575022978572,0.051361813459837424,0.15568634277068727,0.1,0.9,0.2,26,2045.98873251691,1109174.4238603646
4,18,0.25387774179152556,0.7125034309495993,0.6218408065234257,0.168977501089313,0.10842760453733202,0.04438084447368666,0.05319240910328314,0.16519176582186226,0.1,0.9,0.2,27,1999.9140462537675,1135149.892113844
4,19,0.20075600227931234,0.6683715055898706,0.5891562209099569,0.12188720213659175,0.10274367922160767,0.04770783668455325,0.03136748086394617,0.030405778332819388,0.1,0.9,0.2,28,1914.6063490520323,23079.62560387315
4,20,0.5159554721124195,0.9816191466276494,0.9012073347740821,0.4669792427786444,0.3754739078227157,1.0,0.06590792370823681,1.0,0.1,0.9,0.2,31,2035.361584859696,3820713.45034074
4,21,0.5229922579610384,1.0074325819327015,0.9509798915104286,0.4880333047767766,0.4162616744895836,1.0,0.08293864778455984,1.0,0.1,0.9,0.2,33,1853.63948384959,3933914.822233501
4,22,0.5114115517273479,0.9937030865079883,0.9361430611708057,0.4880548696024769,0.38996001787594403,1.0,0.07486778342224659,1.0,0.1,0.9,0.2,35,1929.8539355982996,3816882.982311548
4,23,1.330081016546219,1.7928512781541615,1.7184774867452717,1.3217643823464797,1.3555201730960944,1.0,1.0,1.0,0.1,0.9,0.2,36,2088.488881605953,3829310.19698544
4,24,1.3264106703351626,1.7866059342734402,1.7111625670544692,1.327463977250916,1.2218123867919948,1.0,1.0,1.0,0.1,0.9,0.2,38,2039.88817098712,3831894.262602876
4,25,1.3180855473449198,1.7941979678269904,1.7422181514153794,1.3428121051921378,1.2518524151503965,1.0,1.0,1.0,0.1,0.9,0.2,40,2208.6702968462696,3931025.389646505
4,26,1.3081088210666532,1.7726521803561892,1.7075400689109037,1.3287608695328994,1.195651294244359,1.0,0.9893647163186902,1.0,0.1,0.9,0.2,41,2034.9717897283008,2378070.5668767085
4,27,1.315593544350006,1.800726429404577,1.760946553140761,1.3554653144907627,1.2272049324188137,1.0,1.0,1.0,0.1,0.9,0.2,42,2322.6285244559253,3946567.494137041
4,28,1.3040795801790919,1.777929642003998,1.734245695371104,1.3590825062013818,1.279609158378751,1.0,1.0,1.0,0.1,0.9,0.2,44,2377.749640216291,3945583.4282342033
4,29,1.2956097839323935,1.7426530757178957,1.6715439916185286,1.343817627997785,1.224482485544767,1.0,0.994940735336366,1.0,0.1,0.9,0.2,46,1847.459325632736,2391378.151319665
4,30,1.2935689312788232,1.738034977314207,1.666112320269346,1.3501448993224625,1.2121670141531105,1.0,0.9950875779630983,1.0,0.1,0.9,0.2,48,1873.7948003043089,2391365.4445237587
4,31,1.1684283796920276,1.6127536934881308,1.5407483119256136,1.243439592133596,1.0760738499987073,1.0,0.85642298093905,1.0,0.1,0.9,0.2,49,1574.432393680012,2400528.986474728
4,32,1.2945504089434197,1.7571369039045366,1.7098920475042945,1.3796571793943835,1.2487030636941545,1.0,1.0,1.0,0.1,0.9,0.2,50,1300.002794704195,2542752.8012107625
4,33,1.2882952926744824,1.7199547969087854,1.6441787002840245,1.3682328337880818,1.3032342320381212,1.0,1.0,1.0,0.1,0.9,0.2,51,1716.1067394280774,2397112.532457625
4,34,1.286256494477098,1.7373210586310934,1.686682608691658,1.3939061029823552,1.2117261177141776,1.0,1.0,1.0,0.1,0.9,0.2,54,1293.9813519858722,2544879.9088555174
4,35,1.1196847477362857,1.5568836093591618,1.492489315485532,1.23207299237634,1.0659822805772483,1.0,0.8168626925825,1.0,0.1,0.9,0.2,55,1410.0229053892467,2544187.73725194
4,36,1.2814947832982124,1.725092630861795,1.6723599826826667,1.4056230634233031,1.2272832642176656,1.0,1.0,1.0,0.1,0.9,0.2,57,1889.9810893110807,2544207.1056169835
4,37,1.2803208243751316,1.7219737201468759,1.6687069519066058,1.4156351573554067,1.2108907310143413,1.0,1.0,1.0,0.1,0.9,0.2,59,1897.1708492158969,2544235.7388616446
4,38,0.6412298578927702,1.053922399724326,0.9829629209824684,0.7880904317044455,0.7619316631092352,1.0,0.30061107257574937,1.0,0.1,0.9,0.2,60,4463.669496306078,1635890.625375397
4,39,0.6416026001431725,1.0536262417425568,0.9824954036120765,0.7987749816072458,0.5747679324348842,1.0,0.30139422910911884,1.0,0.1,0.9,0.2,62,4500.120916002398,1645658.7574115372
4,40,0.5763245241997079,0.9793637651993468,0.9162132570217354,0.7632300063333339,0.5495401811094391,1.0,0.23900292239504345,1.0,0.1,0.9,0.2,68,3731.4984560590287,3426912.4032042176
4,41,0.5081968240460027,0.9028104432748647,0.8376706015899169,0.6906107724554462,0.5293604910213441,1.0,0.16685075782461908,1.0,0.1,0.9,0.2,69,3929.4767894525817,3396172.0353880017
4,42,0.5930673624443679,0.9634865167700335,0.8927820950245866,0.7909798309971865,0.6568146873052152,1.0,0.2703714425186338,1.0,0.1,0.9,0.2,71,3838.9735223870985,3398711.527530843
4,43,0.5690213358827927,0.9139702184138534,0.8165776250449479,0.764139891198129,0.5484489136679236,1.0,0.2447089379609188,1.0,0.1,0.9,0.2,72,3357.626092919268,3414170.252584096
4,44,0.5909987236593863,0.9519291119398798,0.8791112680925948,0.7940272661834626,0.6021690364188894,1.0,0.271241257978224,1.0,0.1,0.9,0.2,73,3927.873213810272,3407090.731504731
4,45,0.5066163631265188,0.8512395014500562,0.7642937742513662,0.7241167981305907,0.48457292259635704,1.0,0.17912725307549895,1.0,0.1,0.9,0.2,75,6280.903664175449,1167223.3475022423
4,46,0.5020575687459379,0.8296112313114621,0.7389804937185647,0.7321882292634274,0.5358178541135858,1.0,0.17900374839542146,1.0,0.1,0.9,0.2,77,6570.749417049793,1215471.813222005
4,47,0.49678765101233935,0.8098021856943272,0.7160958827665287,0.7354829870003783,0.5219866900936874,1.0,0.17694832840273098,1.0,0.1,0.9,0.2,79,6029.914324081407,1151230.5943041672
4,48,0.49683344642432736,0.7986368310621526,0.7025950123237816,0.7468974940095423,0.5572553141234076,1.0,0.1796949883966526,1.0,0.1,0.9,0.2,80,5762.279451450012,1223296.4614282218
4,49,0.5012007986037061,0.796924795400199,0.699631256065842,0.748412656076759,0.51805333133587,1.0,0.18591374416857637,1.0,0.1,0.9,0.2,81,4409.128491521768,1467479.3846082026
4,50,0.49596405614409017,0.77498392142283,0.6742873388397954,0.7513054094770855,0.5346445317995612,1.0,0.1836137685678581,1.0,0.1,0.9,0.2,83,4124.6487681198505,1482995.143336656
4,51,0.4943251200552569,0.727874750332024,0.5965653301094347,0.7563180183571103,0.5145054435256347,1.0,0.1860899159817625,1.0,0.1,0.9,0.2,87,4103.120164659695,1483602.7730313437
4,52,0.4951863949492444,0.7241491687993613,0.5919331990394006,0.7640305735754873,0.4813708257133234,1.0,0.1878323296610665,1.0,0.1,0.9,0.2,90,4022.7929571131695,1523598.669681966
4,53,0.49509940885879317,0.7350397119851164,0.6157795319665427,0.7783479433441027,0.4699120754123125,1.0,0.18777410709825085,1.0,0.1,0.9,0.2,92,3994.763514793934,1523268.708945687
4,54,0.49695527882813284,0.724562655480038,0.5920785100049433,0.7791407437766709,0.4803545388154407,1.0,0.1900312310924893,1.0,0.1,0.9,0.2,93,4309.874139910491,1475030.7593211543
4,55,0.4949644978284424,0.73304682719237,0.6134203868782113,0.785008896317182,0.4747450531894503,1.0,0.1879358213599244,1.0,0.1,0.9,0.2,94,4040.3068576429528,1522856.2344914218
4,56,0.4785266390722737,0.6995282239170956,0.5765579907874345,0.773582907666559,0.5916607575224591,1.0,0.17238741123284446,1.0,0.1,0.9,0.2,95,3858.1538771947767,1475779.847151424
4,57,1.2233324848613285,1.4887944973271792,1.4177576547113289,1.5760945808398281,1.2002953393060967,1.0,1.0,1.0,0.1,0.9,0.2,104,3155.322135305011,2406316.3013460687
4,58,1.21887912115766,1.436824790578814,1.3458059469212453,1.5714527337093316,1.342363865860937,1.0,1.0,1.0,0.1,0.9,0.2,106,101181.10617842074,2774800.267840656
4,59,1.2167367812085128,1.4254250291601824,1.343535638785314,1.5886483984478905,1.2526445080807418,1.0,1.0,1.0,0.1,0.9,0.2,109,99272.61334041094,2772889.814104682
4,60,1.2164870266610273,1.4226502705731552,1.3402856861271442,1.5954731920623542,1.2097461448262907,1.0,1.0,1.0,0.1,0.9,0.2,111,99866.18827607646,2771901.16180439
4,61,1.2153444735559564,1.4093928057160368,1.3247578283308472,1.6048557742984537,1.2924116012474807,1.0,1.0,1.0,0.1,0.9,0.2,112,101043.45342740792,2773491.0536507363
4,62,1.2146108512772973,1.411670911580001,1.338507759270173,1.6111120244345334,1.2311744632256616,1.0,1.0,1.0,0.1,0.9,0.2,114,100521.96156015983,2773179.931695689
4,63,1.2142415075064237,1.4294468049458404,1.381491450715088,1.641057778446964,1.2161786456992039,1.0,1.0,1.0,0.1,0.9,0.2,116,102045.04250528544,2772181.1085495087
4,64,1.2135461547355115,1.4092645821214422,1.3467709591107007,1.647443534837273,1.2313953748984685,1.0,1.0,1.0,0.1,0.9,0.2,118,104709.61290246509,2834415.942678672
4,65,1.2135156997819654,1.4200628893990288,1.370500469087655,1.66636499750252,1.2014040096220635,1.0,1.0,1.0,0.1,0.9,0.2,120,104695.94232163456,2834355.7376468563
4,66,1.2123240684742271,1.4485514366812657,1.4481948753764873,1.7235248552686275,1.2228084241025055,1.0,1.0,1.0,0.1,0.9,0.2,125,4360.468471249218,2460494.6135838185
4,67,1.2122671227475526,1.3805059104665929,1.3020055350899742,1.6733901258079678,1.2028306299174127,1.0,1.0,1.0,0.1,0.9,0.2,127,2400.004320938659,2488604.120507246
4,68,1.2086518606176526,1.3667582895485375,1.330230452023599,1.6909051261643677,1.609383013479546,1.0,1.0,1.0,0.1,0.9,0.2,128,2100.496940796485,2515553.485489846
4,69,1.208086183598536,1.3559745142783384,1.3175998617342977,1.7010601611878038,1.2249938147057553,1.0,1.0,1.0,0.1,0.9,0.2,131,2013.7145966490684,2519633.956654028
4,70,1.2079353314826264,1.3530219523068066,1.314141710009211,1.7045078724588094,1.210309440747506,1.0,1.0,1.0,0.1,0.9,0.2,133,2025.9012195576167,2519683.836157494
4,71,1.2078681050119677,1.3628973916328977,1.3367900677562308,1.720447396782412,1.2092655443512716,1.0,1.0,1.0,0.1,0.9,0.2,134,2035.0538598611445,2519479.41683828
4,72,1.207705960543176,1.3484606116350946,1.3087992681471434,1.7181182299754276,1.203229730781601,1.0,1.0,1.0,0.1,0.9,0.2,141,1292.7812247813656,2521030.012709008
4,73,1.2063517523624112,1.3531269246895814,1.3475098591083514,1.771060030413932,1.3013632153003383,1.0,1.0,1.0,0.1,0.9,0.2,143,7025.958714562157,2500894.803972333
4,74,1.2055887212254455,1.3460771059763734,1.3503343586464818,1.8597123814285588,1.2057700261298012,1.0,1.0,1.0,0.1,0.9,0.2,165,7126.705970870593,2687140.15905576
4,75,1.2051948643951318,1.3360832735312735,1.338629082962177,1.8699535496204207,1.2698244972814623,1.0,1.0,1.0,0.1,0.9,0.2,166,7072.474399752074,2686971.7278645234
4,76,1.2049716991027002,1.3302091796981022,1.3317489338409898,1.8768491405195988,1.2204966697075985,1.0,1.0,1.0,0.1,0.9,0.2,168,6965.437521418309,2685929.826542914
4,77,1.20496799131863,1.3301205344530385,1.331645195194663,1.8842864860496509,1.2003451738873765,1.0,1.0,1.0,0.1,0.9,0.2,170,6982.20181945884,2687319.425475452
4,78,1.2044973005186774,1.3508144549022658,1.3891281504954451,1.9149193693579254,1.2450948388495433,1.0,1.0,1.0,0.1,0.9,0.2,172,6992.765177201351,2686123.9670664435
4,79,1.2044890164374271,1.3617844108318164,1.4130586417966875,1.9355674971938495,1.200814122621969,1.0,1.0,1.0,0.1,0.9,0.2,174,7030.280215869703,2685752.2768933857
4,80,1.2043317146213426,1.3572943624786984,1.4077996632857448,1.9428052125393627,1.2156738284753685,1.0,1.0,1.0,0.1,0.9,0.2,176,7054.994078478512,2688456.2390108537
5,0,0.6082461388547634,0.8890836842741882,0.8211147449164453,0.0025701283600943494,0.0,0.0,0.0,0.0,0.1,0.9,0.2,1,6548.559839128705,7949.630026841793
5,1,0.6000591741909309,0.8899996523279723,0.8211122114945545,0.011751480901155086,0.025008315403377984,0.06174640415969551,9.799641766906e-05,8.14820591139e-05,0.1,0.9,0.2,3,6385.956396009149,7831.4716797377405
5,2,0.5862315409870762,0.8907570487840641,0.8203245413269964,0.02302749452174112,0.07918165977881012,0.03033653889744859,0.01410778814344465,0.00164181407894401,0.1,0.9,0.2,4,6189.284138990312,8153.5815942592335
5,3,0.8890793368836348,1.2183509188287145,1.1450358899652073,0.370146809557449,0.47824673135967927,0.01540158793765382,0.3930626752851636,0.02593650242472741,0.1,0.9,0.2,5,5802.47726154762,8040.831517271692
5,4,0.4990566025630683,0.8841381821682677,0.8321938313458843,0.062080675912352806,0.21963337914184947,0.06842259628360924,0.02314442352358241,0.01614564529266829,0.1,0.9,0.2,6,4595.335725600586,7040.523422620817
5,5,0.4318162630807757,0.8631019015643713,0.8177745272469674,0.07480449173523483,0.16611529418656248,0.08571629142617408,0.02015942514690423,0.04609942918994017,0.1,0.9,0.2,8,3930.247297800598,6197.821778566593
5,6,0.4296628736957696,0.8609329892173185,0.8155963602199399,0.07267268593837237,0.03397179448702534,0.0856144563010399,0.01857299143228788,0.04271571592959386,0.1,0.9,0.2,9,4019.6013737543135,5852.2448163395175
5,7,0.43166173497889015,0.8766579460489964,0.8279964615701755,0.106029352055375,0.20456976954408068,0.08570646895054898,0.04385992133901272,0.10457455405883014,0.1,0.9,0.2,10,3266.4287321377674,5441.664564452776
5,8,0.4083631427704079,0.8722099429913616,0.8343185764389139,0.11856882170398186,0.15728020519367006,0.04285031606140585,0.06259155951126333,0.02856984453649829,0.1,0.9,0.2,11,2570.0123315067003,9362.792035819928
5,9,0.3760595140698558,0.845760068124453,0.8058725481796546,0.0980808830753663,0.13293889386789004,0.060174150792315015,0.03599054218363401,0.06563989973011772,0.1,0.9,0.2,12,2610.373195706202,4445.656210761883
5,10,0.3427169319688566,0.8133901408845211,0.7546824494014436,0.10116848840861939,0.30176060297856094,0.04081843000958058,0.058720932489299896,0.03711390569391669,0.1,0.9,0.2,13,4555.215402175225,131116.28977856174
5,11,0.32349631528686035,0.7969522217435893,0.7361272202946062,0.11372493047620139,0.0891000461674761,0.04751927066085871,0.0492174604008366,0.05615610901576233,0.1,0.9,0.2,16,4350.684023844607,131344.20659696238
5,12,0.3223918051683704,0.8193672672977815,0.7845644374200871,0.13219306515679408,0.065965882307259,0.06335829088008524,0.0517646145921999,0.03618810848533498,0.1,0.9,0.2,17,4287.113675752175,150739.5684221392
5,13,0.29129724310637034,0.7878757946385928,0.7523729935730671,0.1149857230332162,0.04370471639356146,0.06455415123884875,0.025065652688351682,0.01871527490777905,0.1,0.9,0.2,19,4095.100934444104,80889.20857713198
5,14,0.2881949996682853,0.7987584149193326,0.7712520267679897,0.13935727087998562,0.16360134216650998,0.049334140827198905,0.053798645224726785,0.04151442583443419,0.1,0.9,0.2,21,3832.400646130841,117678.87760347864
5,15,0.28762322633499215,0.7981995310116929,0.7705975087432524,0.14525931518172167,0.06555109917011089,0.049334140827198905,0.05379864522472687,0.041514425834434224,0.1,0.9,0.2,22,3867.389860235413,116585.6381323506
5,16,0.6476054492624065,1.1349085527601557,1.0768611902594487,0.5338967449228986,0.6279705537478368,0.08498363876985607,0.4374322901750398,0.2226814542477705,0.1,0.9,0.2,23,4398.821504038895,7714.384329694129
5,17,0.49026691918972065,0.9925285726366327,0.9530314679404986,0.4310414748384859,0.47737712302941654,0.09921029496487944,0.3145373299974918,0.1621868072525206,0.1,0.9,0.2,25,3676.6380233576433,8490.33696926804
5,18,0.43106296336250916,0.9248218291461825,0.880391389551987,0.3947447829508366,0.38716684149225167,0.08522554577504202,0.27623850621631607,0.1470211707467088,0.1,0.9,0.2,27,3659.8675349963696,6907.499380738474
5,19,0.3993412905397481,0.8927107188988515,0.8480857823070874,0.37209391244724194,0.2595249004467936,0.08393483230027782,0.2455815862980391,0.13074742112022325,0.1,0.9,0.2,29,3602.7315901820307,7015.434637508418
5,20,0.5656504082097281,1.0882597087962584,1.08056096236441,0.5522817676213188,0.47192060124727625,0.058927464957926834,0.3764531284620142,0.42460564579098614,0.1,0.9,0.2,31,2957.6952957454296,11974.083405349404
5,21,0.4846865014202877,1.0057268840086,0.9973268186687643,0.477968722751598,0.3654898456435583,0.10273142622999198,0.34339172621106173,0.1592931594027061,0.1,0.9,0.2,33,3222.101368186577,14321.050167364596
5,22,0.30176815262080986,0.8386180263451946,0.8534649023012009,0.31274314623919935,0.29006517312613594,0.06596952261560567,0.16762489159005484,0.10144867272487727,0.1,0.9,0.2,34,2994.381103713759,15212.76589277737
5,23,0.30110065381655227,0.8370912881928654,0.8515986427982155,0.31624565590180354,0.18512332980461124,0.06470006409141857,0.16818472217638275,0.1018370285052288,0.1,0.9,0.2,36,2888.4215755843243,15105.104868880366
5,24,0.2705731326605181,0.8166343592316749,0.8437006423565638,0.3013421035628157,0.15813082528513306,0.06380765429081674,0.13980416658618494,0.08458863906933602,0.1,0.9,0.2,38,2974.5804315151554,14971.967237120338
5,25,0.3426481686336645,0.8700407467829405,0.8813401263753335,0.37913048914121295,0.34272804946207097,0.03023400778780886,0.2197233594634663,0.14555312425121586,0.1,0.9,0.2,39,3381.8501036321272,13449.210110959555
5,26,0.2921207590979828,0.813741276284751,0.8324250493090514,0.3569524421643778,0.3096831554830156,0.04851232077355283,0.1838584780138264,0.12426002607997708,0.1,0.9,0.2,41,3122.716227208226,14588.358496725788
5,27,0.26477633224623537,0.7733985288027204,0.7785285151603379,0.3372963174019307,0.176789678437966,0.04962748933331003,0.15860549026647658,0.10780335582635839,0.1,0.9,0.2,44,3068.0262124023475,14787.182840545458
5,28,0.26248021198587207,0.791497032089091,0.8220136928152065,0.3514299984216858,0.17690744360065883,0.04823262701579911,0.15821093170368433,0.10666210158069508,0.1,0.9,0.2,47,3123.6034708311017,14151.650597323776
5,29,0.26231929622447986,0.7575114538241866,0.7489625915910901,0.29692381700134346,0.1711330939739519,0.04823262701579905,0.1582109317036841,0.10666210158069397,0.1,0.9,0.2,48,3123.5832867032573,14189.802676128074
5,30,0.3707644534479466,0.8931993651418149,0.9217577489617172,0.49373096528089205,0.3010379664707432,0.052740339648012766,0.2747647346174266,0.1456009885981748,0.1,0.9,0.2,52,3541.8065943305146,23980.23915854096
5,31,0.3695147995712254,0.8897668297528999,0.9176915299793698,0.500372132454195,0.2948863568180325,0.052949329691947836,0.27500640187681025,0.1457455593685513,0.1,0.9,0.2,54,3533.2193595547105,23978.38187382776
5,32,0.14581873101728657,0.613426804048948,0.587138336728786,0.246165674935921,0.15329654773597104,0.09001363717931987,0.037780986004415665,0.10166494373108788,0.1,0.9,0.2,55,3559.691657407281,22861463.89607367
5,33,0.14459986878905395,0.6003414909641888,0.5708384773590492,0.2543117209676467,0.20012467185656385,0.08547294838530417,0.042223963555857016,0.11236815637435335,0.1,0.9,0.2,56,2916.276697790075,22860666.032216765
5,34,0.1375450606286088,0.591213295524116,0.5611639649425715,0.25408059410986894,0.07422467953933355,0.0864560908710221,0.03801202245285265,0.10114121288618341,0.1,0.9,0.2,58,3016.9958006730485,22858231.66116668
5,35,0.14786054731353562,0.5989807502669137,0.5682652402720819,0.26538389347869235,0.10193267687967403,0.09514187290341594,0.04104181945016766,0.14145046392416716,0.1,0.9,0.2,59,3013.51575976648,22869643.05064789
5,36,0.1420533226003163,0.585888943013244,0.5533020550220079,0.279189051418604,0.1488788516341464,0.09069384139092894,0.04807857770628894,0.10118695974024436,0.1,0.9,0.2,60,2953.583139657777,22859475.19945782
5,37,0.14094867950694698,0.5820797615137322,0.5488091821435042,0.2824005268394001,0.08670135272410928,0.09101103974579364,0.04821927605390463,0.10130945005954,0.1,0.9,0.2,62,2939.821029950609,22866500.02378117
5,38,0.14162558050095667,0.5820888164132891,0.5486503116616626,0.28669462950532976,0.08059449316715406,0.09185110416677772,0.0484748539197987,0.10468700738364371,0.1,0.9,0.2,63,2939.0492084148614,22867552.64378643
5,39,0.14931199449568497,0.5986416215368809,0.5776184084049706,0.3048217118445795,0.10638220222989336,0.09867906626500472,0.0507454910470041,0.13488366296943044,0.1,0.9,0.2,64,2934.7477410782026,22876160.726402137
5,40,0.1392265224973751,0.5860591035206224,0.5644151820105631,0.3126956616645523,0.0819964448493648,0.09094490453828746,0.04861039944767279,0.1035666243365975,0.1,0.9,0.2,67,2918.728365884042,22866069.619954266
5,41,0.12656452617617872,0.5810160717520281,0.5714892087576907,0.316809003859447,0.07148279545579676,0.09064692904512525,0.04057031441394891,0.08445511535016126,0.1,0.9,0.2,71,2857.2301181043813,22801866.859390013
5,42,0.13070514806381595,0.5950159766303024,0.5981602287591513,0.32902864434003726,0.07392833390735376,0.08968196976589603,0.04439856894341515,0.0913092744106158,0.1,0.9,0.2,73,2864.5523218951,22797285.00787735
5,43,0.13028083975974142,0.5933891972517855,0.596239739176685,0.33596939801389314,0.07329144615430544,0.0897251422826548,0.04450621421840937,0.09124498152866464,0.1,0.9,0.2,75,2854.774213817626,22804854.42302589
5,44,0.12448651533811117,0.5738556840629839,0.5630902827498115,0.34098510717746955,0.07091156266924228,0.09192672347501152,0.04049494204309777,0.08451150903450506,0.1,0.9,0.2,78,2717.930975053957,22798776.35794572
5,45,0.13143680641256683,0.5671143535017302,0.5427501982910301,0.3458269903061519,0.09474970479072123,0.09283056306227712,0.04691860251994839,0.09493226117490869,0.1,0.9,0.2,79,3013.6138456593035,22809752.90192647
5,46,0.16734900546822917,0.6023366842935646,0.5778070162497266,0.40593743182248476,0.10765100312620784,0.11040167640224881,0.03720192309805992,0.3108191550267369,0.1,0.9,0.2,86,3332.4228538271864,110916982.91564412
5,47,0.1644763612043459,0.5720672004456123,0.5203471550845351,0.39078170656415206,0.15427808144133695,0.11173521841862974,0.03823584337590134,0.30091875954941305,0.1,0.9,0.2,87,3318.7788527761345,110820108.61814617
5,48,0.15580853057928876,0.5849820870704753,0.55906764168426,0.39909683405818724,0.1053818137429147,0.1109206017715407,0.03479274574777474,0.2750577585025712,0.1,0.9,0.2,88,3238.4595210467,110787426.37888391
5,49,0.15599062123937824,0.5718404101400443,0.5324253351698606,0.3966399724293157,0.11879593334583663,0.11142427429133558,0.03515268712375627,0.27809993800545507,0.1,0.9,0.2,89,3350.1537987390234,110940878.42673048
5,50,0.15587705681254202,0.5826269208469279,0.5561408689724521,0.406913600423032,0.09985724578666863,0.11142427429133565,0.03515268712375606,0.27809993800545485,0.1,0.9,0.2,91,3350.314330284696,110935427.2493574
5,51,0.1580456781966226,0.5731030265569863,0.5335016721418546,0.41303997022244376,0.10309044923933036,0.11233099935702928,0.0348366584873646,0.29082103130378417,0.1,0.9,0.2,93,3325.929359067998,110823350.68980904
5,52,0.2507519983541069,0.6992941580142387,0.6986642989887117,0.5233930965855119,0.19475314233083493,0.11217906576768133,0.053086124633074404,0.6725478609767582,0.1,0.9,0.2,94,3418.765235414948,110856651.32001242
5,53,0.9910906864415245,1.46550892830095,1.5020789795094807,1.3151777843108494,1.0100907033140167,0.08984854262405811,1.0,0.13820833307455396,0.1,0.9,0.2,95,4537.889149272063,841080029.337857
5,54,0.15962333651762847,0.5648426428009609,0.522954834732036,0.4310536437363483,0.12437523409672145,0.11377880446669657,0.039786631777108825,0.2932752431588543,0.1,0.9,0.2,96,2934.1653784188265,110780236.87215474
5,55,0.9826017431763322,1.4532380066393473,1.5099111616402698,1.3191554374430297,1.0473905305379787,0.08703376989614761,1.0,0.13841763794653922,0.1,0.9,0.2,98,4651.557587614108,841027448.550568
5,56,0.9821927524235775,1.4627251778108692,1.5321112483822579,1.3483055885146706,0.938303319198698,0.0870614816813586,1.0,0.13821226593532174,0.1,0.9,0.2,104,4703.202610073893,841010571.3207535
5,57,0.9819810628270697,1.4613788936249665,1.5305161814901418,1.3557182084961603,0.9415274776600199,0.08824545055516833,1.0,0.13815400943863315,0.1,0.9,0.2,106,4781.548665314648,841011085.1845518
5,58,0.9805480663037652,1.4663607455169394,1.5474529077229717,1.3736395180084562,0.9576612235622642,0.08728991859720893,1.0,0.13804761980018043,0.1,0.9,0.2,108,4688.804156014713,841014530.8183553
5,59,0.9798587365428016,1.45102193723097,1.5183662040137522,1.373463379356563,0.9518115825490577,0.08670622921252198,1.0,0.1394891125170957,0.1,0.9,0.2,110,4698.466488126129,840984807.618557
5,60,0.9772627957419454,1.4344925910717183,1.4882468668650128,1.3973114393487271,0.9587435457358354,0.0899491194097984,1.0,0.12845199596707163,0.1,0.9,0.2,111,4680.934170039189,840961369.8954703
5,61,0.9746028788911578,1.4563402523156095,1.5471463977424191,1.437368457476341,0.9502037236303837,0.0890407090276347,1.0,0.12700200523093166,0.1,0.9,0.2,116,4663.642787003328,841029449.0462215
5,62,0.973524988459162,1.4398750267230533,1.5167927530268712,1.4330111090945876,0.946315356409343,0.08731786194566343,1.0,0.12748243564265851,0.1,0.9,0.2,119,4565.104807176854,841010563.8068736
5,63,0.9727307224892692,1.4588925627603297,1.5612629921997097,1.4553303876538854,0.9451884009407694,0.08777682073411226,1.0,0.12630458337931064,0.1,0.9,0.2,121,4691.761698062006,841014956.6231589
5,64,0.9726718706977605,1.43629505115797,1.5126370742295754,1.4510545325883721,0.9351247660433508,0.08751566285513328,1.0,0.12629120614196696,0.1,0.9,0.2,122,4688.466618960776,841024056.500603
5,65,0.9721621315332696,1.4444803170564637,1.5332943540694082,1.4586839663493163,0.9556590124846027,0.08739469760832402,1.0,0.12668584750504547,0.1,0.9,0.2,123,4560.904990765925,841006269.9181144
5,66,1.0324932399486138,1.478293788911305,1.5723460149063784,1.5258474488891456,1.318549110966568,0.12083450892476093,1.0,0.4496407774969029,0.1,0.9,0.2,124,3816.36328182084,146890859.06153852
5,67,1.0375943097547502,1.4874525800790375,1.5930679650967847,1.5606482819445007,1.0200873632221095,0.11498413676115371,1.0,0.484308323097728,0.1,0.9,0.2,129,3845.073477894325,146883365.26506147
5,68,1.0303819774546386,1.4771320635909682,1.582125185448543,1.5768682331995807,1.0101289670760318,0.11956261293760077,1.0,0.4485840762752855,0.1,0.9,0.2,132,3672.172338267895,146891274.87456733
5,69,1.0298766766096865,1.4757102615591962,1.5805202015035114,1.583911797607268,1.0050545094224124,0.11736342092930611,1.0,0.4479224408391316,0.1,0.9,0.2,134,3760.711609459637,146884952.4868696
5,70,1.029683025580899,1.4859470857337342,1.603603025695658,1.5958884768264578,1.007563329856028,0.11726999639422624,1.0,0.44764414638278066,0.1,0.9,0.2,135,3774.5357091899846,146882549.8311124
5,71,1.0906128910068575,1.5327464217631177,1.6368182552061303,1.6561071471616389,1.0864776147308826,0.15137610934869572,1.0,0.7376461549566155,0.1,0.9,0.2,136,3708.802363571637,66195637.28817078
5,72,1.1629264175783858,1.7710724491159067,1.963412816084826,1.7842848456698783,1.1145873959191002,0.09117714609270341,1.0,1.0,0.1,0.9,0.2,150,5337.960769404832,840947674.72892
5,73,1.1574852531749165,1.7465207050356126,1.9346048572134409,1.790026579378688,1.1851757726879675,0.09418780527681483,1.0,1.0,0.1,0.9,0.2,151,5149.020297161855,841094467.5818121
5,74,1.1515265633742169,1.7191011372130343,1.9024893841996129,1.7953251762052964,1.1814653899996423,0.09419571961969923,1.0,1.0,0.1,0.9,0.2,152,5035.690743929325,840960301.6135005
5,75,1.1503468706211724,1.7121503022533051,1.8943067910729552,1.7987936691734325,1.1467694384432279,0.09661396799827382,1.0,1.0,0.1,0.9,0.2,153,4955.755170091802,840954502.3299211
5,76,1.1538633973011807,1.7410934311626367,1.939309285893476,1.8086455470155196,1.1555917466408532,0.09538630321660704,1.0,1.0,0.1,0.9,0.2,155,5467.2895395669175,841000627.4698942
5,77,1.153714445401353,1.74017151587584,1.9382201717598335,1.8203735137014612,1.111904378395877,0.09593265931296394,1.0,1.0,0.1,0.9,0.2,157,5469.059414467341,841002548.1535137
5,78,1.1515014646299657,1.740746235396997,1.9499771149287135,1.822690323391457,1.131317173676724,0.09580892354003093,1.0,1.0,0.1,0.9,0.2,159,5433.628007140162,840954650.9373952
5,79,1.1529333083014914,1.759169289264798,1.9826495849301178,1.8395869507488951,1.114071508317594,0.09506923359964921,1.0,1.0,0.1,0.9,0.2,163,5469.897454326581,841002225.3190068
5,80,1.1521068718362246,1.754980335902568,1.9777347875976898,1.8516399470334692,1.135181870521433,0.09556358175861099,1.0,1.0,0.1,0.9,0.2,165,5470.219638830355,841000621.8468442
5,81,1.152480265005565,1.7569382061110057,1.9800325655797681,1.8636329019379003,1.1109047632934836,0.09529498104767016,1.0,1.0,0.1,0.9,0.2,167,5483.641493559744,840994178.3182288
5,82,1.1622808189821257,1.7919870488039924,2.010200029876726,1.8598148916915465,1.1467854401631357,0.08373468557606253,1.0,1.0,0.1,0.9,0.2,169,5900.442847630609,1813971830.0815637
5,83,1.1611955392128317,1.799536999530126,2.0301569631713803,1.8839595442795538,1.157630170235574,0.08184697937973742,1.0,1.0,0.1,0.9,0.2,170,5936.967371123899,1813974664.575254
5,84,1.159484221066379,1.7922266622481502,2.021573893704649,1.89149424448275,1.1313568251495905,0.08306029233908438,1.0,1.0,0.1,0.9,0.2,172,5876.962020987418,1813982369.5828
5,85,1.1578919421317024,1.7962223881347767,2.037308559189701,1.9031111874136621,1.1236612746426204,0.0846513420547169,1.0,1.0,0.1,0.9,0.2,174,5838.269550367737,1814042426.517012
5,86,1.1586463755408842,1.7877739360348806,2.0163002329414863,1.9158587244525065,1.1457699739732599,0.08646984845756213,1.0,1.0,0.1,0.9,0.2,176,5798.984410338582,1813876119.93422
5,87,1.1583068576781583,1.7974999521320705,2.038773527621839,1.9361997656517234,1.1087518112562869,0.08646984845756214,1.0,1.0,0.1,0.9,0.2,178,5800.8820104547,1813882620.4021611
5,88,1.162019108592772,1.8374857425624513,2.1078988747101155,1.9894339185323864,1.10791841737379,0.07898874710115265,1.0,1.0,0.1,0.9,0.2,190,4495.70035082023,14820.40469252616
5,89,1.1611524595828582,1.8337308595039608,2.103464914671254,1.9852421290948237,1.1268219948147473,0.08109007126075476,1.0,1.0,0.1,0.9,0.2,191,4456.353126187021,15044.331420684755
5,90,1.160991530726766,1.8322447952389869,2.101696391488815,1.9892854429666433,1.1542850071447315,0.08272411181966732,1.0,1.0,0.1,0.9,0.2,192,4479.263640473443,15154.16205954157
6,0,0.9646302106311722,0.9919586709709902,0.9416077403596876,0.012028603597799217,0.0,0.0,0.0,0.0,0.1,0.9,0.2,1,1347.1691016899426,8216.98775085299
6,1,0.9477830008869308,0.9921210516049078,0.940879437141339,0.020309896631633174,0.023526877954138534,0.052450937713635196,0.00010509115076175,0.00011897876605684,0.1,0.9,0.2,3,1341.80318662831,8239.858363615698
6,2,0.8139483313228382,1.0098167339501607,0.9629289232107668,0.08930182533979568,0.41498697757724856,0.11395097522842364,0.0399646599349393,0.07490589158956878,0.1,0.9,0.2,4,1248.596089582216,44668.34011157035
6,3,0.71211637960404,1.0154448298865677,0.9596045109238318,0.13070983485809587,0.4922644691093406,0.06433498715060723,0.10104030911537949,0.1143926126358524,0.1,0.9,0.2,5,1282.749269164623,6439.282240658859
6,4,0.6013411195934161,0.9656290862626525,0.9021098971570006,0.1426759701696596,0.2683929573778085,0.0991296743248014,0.10336417275848912,0.061649571444215054,0.1,0.9,0.2,7,1416.1717732584932,5393.393186140242
6,5,0.5159582072875516,0.9219970146534094,0.8664890965384578,0.1165603656105137,0.2930559167097248,0.07186239832136733,0.07050248502550975,0.09464925459488768,0.1,0.9,0.2,8,1058.5915193191315,40953.47374054111
6,6,0.47529172147322224,0.8858350593598785,0.829466801309606,0.08885150376674401,0.09351419349353955,0.09571200201340246,0.03853333744660907,0.07089398774338844,0.1,0.9,0.2,9,1086.6891100351525,6502.772056229416
6,7,0.4525482676646141,0.8659533502272142,0.809016427923969,0.08248270487963572,0.0534652467091799,0.09260924265559932,0.025720351207119557,0.04729850568874539,0.1,0.9,0.2,11,1065.566741399091,6388.428698502228
6,8,0.4448481396614031,0.8630952382136521,0.8051518404824769,0.08644376192449875,0.08593256819396629,0.08696471036130063,0.02838869443355827,0.05320809583433632,0.1,0.9,0.2,12,1071.570150236836,6176.258820247997
6,9,0.4644959250419551,0.8840210276240877,0.8258017940129353,0.11411704892650064,0.07867096356024426,0.06995760092255811,0.05294512727623292,0.06388909155439126,0.1,0.9,0.2,13,1223.2886564473993,39506.07846953344
6,10,0.41815637473434536,0.8444029105872233,0.7846533732943294,0.08685936022320284,0.09915430401790276,0.09534098497651872,0.022108500536870877,0.03655071879472752,0.1,0.9,0.2,14,1066.364886908645,6250.726604149906
6,11,0.3671917377456042,0.8266940213132501,0.7734712052565038,0.10494318039105113,0.17790764808425966,0.08276675388173126,0.033339912111045686,0.03673785478631824,0.1,0.9,0.2,16,1150.643899190881,39491.374763334985
6,12,1.2387703612234386,1.6872905923697645,1.6209468360967616,0.9857405672041704,0.9188784251366189,0.16236488277083566,0.7798866087142526,1.0,0.1,0.9,0.2,22,790.2778639420325,103420985.57414784
6,13,1.2186437528938268,1.6842037941230108,1.6283591275065175,0.991239438256686,1.0204197666919348,0.1626302158678379,0.7802070030761914,1.0,0.1,0.9,0.2,23,734.5705906724946,103421554.15532738
6,14,1.2407787683472564,1.69573254909544,1.626590021028651,1.0145947465577878,0.9549979784878813,0.16241078504233517,0.8074196310218056,1.0,0.1,0.9,0.2,24,775.0268846860771,104662693.81425647
6,15,1.2151692533405152,1.6817040050826908,1.6253787655467888,0.9971262253469855,0.926288608062172,0.16329336718545548,0.7804739840779827,1.0,0.1,0.9,0.2,25,725.6404905409217,103425372.38743392
6,16,1.2206093701856902,1.6871914525763365,1.6308366714882265,1.0015575075688377,0.9255616409138088,0.1626270069182662,0.7868364785965463,1.0,0.1,0.9,0.2,26,725.9415131381295,103486917.3576418
6,17,1.2309079278395814,1.6993290319057335,1.6419903297281284,1.031794117488557,0.9623614583499589,0.14606122767709695,0.8085471453522229,1.0,0.1,0.9,0.2,28,710.7283711661908,103552724.2299913
6,18,0.32819532835519355,0.8153957355073316,0.7645123710152604,0.1926506154658859,0.1743534628262196,0.05575142356565958,0.07175142030787598,0.07613735283733439,0.1,0.9,0.2,31,858.0976470199382,332361.6680819966
6,19,0.43278741110579716,0.9314295976377108,0.8931095930666488,0.30597333047665326,0.19870774283677722,0.03813245723582317,0.18855130862914468,0.096260846983933,0.1,0.9,0.2,34,783.0691003809536,2760680.2840503408
6,20,0.3601096499419787,0.8593230974572961,0.8195107553711882,0.25329907935898627,0.15979759043223085,0.03990282110135577,0.12481112006451149,0.06524439013318818,0.1,0.9,0.2,36,765.1876352719921,389565.653495873
6,21,0.3748462950515504,0.8962027606388714,0.8781428066328248,0.3009772149788441,0.3419325994314282,0.04080822047350498,0.16407571827451276,0.08450446215989574,0.1,0.9,0.2,37,747.8226056313441,2893852.0613173167
6,22,0.3706185490959747,0.8802858655361278,0.8481532835808171,0.3051776948232132,0.213908049920108,0.04060178251645326,0.1655721113028316,0.08560543079637786,0.1,0.9,0.2,38,796.4340646310869,2767895.360539624
6,23,0.3667591072160724,0.8647217404775137,0.8186591044626729,0.29401067246291296,0.20955626455134047,0.04178433718011375,0.16626450962625156,0.08723757540239843,0.1,0.9,0.2,39,875.0759250824531,2769448.190060781
6,24,0.3407483163036778,0.8495731084846058,0.8160368636183241,0.279721946132124,0.15408274995817303,0.0790007928710914,0.12070561674686904,0.15572333634364308,0.1,0.9,0.2,42,957.9203357111772,273881.85192823235
6,25,0.3177683636940988,0.8420069545652965,0.8282179106189927,0.29916338741983384,0.4090178992078445,0.04134940021861787,0.14948852823667352,0.07774292829120064,0.1,0.9,0.2,43,712.4274290733512,2882794.9491026704
6,26,0.31409447119607015,0.8264890923673183,0.7992765177114609,0.30040905338401713,0.1696281296355515,0.04061750958051521,0.1477605128996047,0.076666161922944,0.1,0.9,0.2,44,816.0983096468162,2767367.562689167
6,27,0.29782419860450715,0.8238351551963857,0.817707764112306,0.30353382117994493,0.35710382621954095,0.04497127863080585,0.1511428692664161,0.07748044483735302,0.1,0.9,0.2,45,691.9119551855094,2887790.844251926
6,28,0.2934758017746612,0.7945489411130433,0.7612327931095897,0.30748059761418894,0.20429348056226346,0.04071609563501052,0.15119878117845437,0.07964478301726206,0.1,0.9,0.2,46,997.375241368352,2765698.0863983296
6,29,0.27315132166504963,0.7827955694098362,0.7612918807899389,0.2963635262788261,0.18863892095431598,0.04399314728050353,0.1349729983218919,0.07092157986436058,0.1,0.9,0.2,47,803.2334682985136,2888568.1661403514
6,30,0.26920620469951495,0.775255661308069,0.7522403595455137,0.3023536685738182,0.20249229548900174,0.04359976831665771,0.13621191389922035,0.07197475070307505,0.1,0.9,0.2,48,964.1255044669304,2764482.0188059374
6,31,0.2678372289216144,0.7735771040867856,0.7504182208259085,0.3026337166100855,0.14682703536253314,0.04576718810179165,0.13507658763307068,0.07180098926897391,0.1,0.9,0.2,49,807.1280111320631,2888243.53941772
6,32,0.2681997594418308,0.7734129766473654,0.750054060426236,0.3091234860099099,0.14920237777844414,0.04358381866342944,0.13634255514170174,0.07221448550005229,0.1,0.9,0.2,50,968.2987771513478,2764399.6134127597
6,33,0.2641364885380453,0.7551481073438783,0.7175888371459257,0.3128881132673894,0.1659429983501774,0.04217963523268783,0.1362975446967194,0.07284806186996624,0.1,0.9,0.2,52,968.1487177106944,2770025.203261249
6,34,0.25973493772498973,0.7698521459328779,0.757024854921221,0.3320542447275015,0.15411343145470072,0.0821836477004872,0.11165652482895791,0.16225713162742458,0.1,0.9,0.2,56,766.010228125396,283003.58731923613
6,35,0.27249015248326475,0.775662385115266,0.7695900800471526,0.36912624587935794,0.2995446094840945,0.09602385686058544,0.12117700847553323,0.2678685126484769,0.1,0.9,0.2,58,864.917538907602,384376.5183987196
6,36,0.2546532844795297,0.735228155074557,0.7126551594468569,0.3884725546508863,0.23486482827696192,0.08202744185463172,0.12370317623790442,0.21954034391563257,0.1,0.9,0.2,60,813.5026310199794,405411.31774480006
6,37,0.294689135507081,0.7521653604147286,0.7231227123229811,0.43006803992756304,0.48190595434695693,0.11085943985798026,0.12988875530666208,0.4508622978266835,0.1,0.9,0.2,61,981.3770336264892,403126.8284782436
6,38,0.2803337958571941,0.7371881863401718,0.7079801150958454,0.4193646317545461,0.2075233634252171,0.10398178765833772,0.12872577193384277,0.3894792889517699,0.1,0.9,0.2,63,945.777663589898,403779.8452371492
6,39,0.2800619483003979,0.7476249030810016,0.7312858779646539,0.4289670817106619,0.20682356829771179,0.10398178765833772,0.12872577193384277,0.3894792889517699,0.1,0.9,0.2,65,954.5375491090967,404087.0017411215
6,40,0.261808470254149,0.7133347290251343,0.6827163062165068,0.4242969091344228,0.24138931868107233,0.12239583137947443,0.0991457866740444,0.43529178452925466,0.1,0.9,0.2,66,1079.3383049601794,403074.0899065568
6,41,0.30225697275427627,0.7730093577792009,0.7675734676025091,0.4737702439771885,0.24703351090010842,0.11559456951587796,0.17001154168893923,0.3300227789722783,0.1,0.9,0.2,68,971.9047132690214,369789.7220210833
6,42,0.3022569720854194,0.7842137057564886,0.7917784949038281,0.4871195808211484,0.2305745692473687,0.11559457036157653,0.1700115408582629,0.33002277887156334,0.1,0.9,0.2,70,971.9047112516556,369789.7069027673
6,43,0.28085977216931607,0.7703985105940301,0.790023620267077,0.4877015854213708,0.23073737457399396,0.11748580014677781,0.15551629565941144,0.29665473609411325,0.1,0.9,0.2,72,1192.1940579894913,354718.92173399945
6,44,0.2985354500867013,0.7963735011927398,0.828276516050558,0.5027131645240562,0.24420318979093913,0.1163189769468466,0.16916721824184455,0.3307592611949616,0.1,0.9,0.2,74,1012.0895872763838,346706.8756090183
6,45,0.2525746384986526,0.7238817846111233,0.7287320174665313,0.45903176928739003,0.23065819456703507,0.12100072246829949,0.13920797577750008,0.24352943412580724,0.1,0.9,0.2,75,956.7748994366968,373609.5668769524
6,46,1.0875620305689964,1.5350455656591968,1.5135632589038661,1.295009273324182,1.0332916870860385,0.11664212294425365,1.0,0.549683624003715,0.1,0.9,0.2,76,999.0095363669012,405372.09642297926
6,47,0.249671310534227,0.7141525426037028,0.7173328816740477,0.4654667950449059,0.24130241711989478,0.12093234460820376,0.13923090185720954,0.243568275620785,0.1,0.9,0.2,77,940.1031131230042,374115.79028886737
6,48,0.24775896601037933,0.697924204401994,0.6976751874348259,0.4783988854391971,0.23637251143515042,0.12004407615344057,0.1433575742809182,0.24442451418411398,0.1,0.9,0.2,80,945.9903619197028,391478.4959149016
6,49,0.24565411813826682,0.7010909853409911,0.7124543153309102,0.49142813720167156,0.21821958124728486,0.11995750302899819,0.143419116476998,0.2445285167402222,0.1,0.9,0.2,82,924.7483757833144,392250.4792587569
6,50,0.23606621407912254,0.6605701663460926,0.6439670740515232,0.4818397676132512,0.22343895783330417,0.1186711727746802,0.13681192984870444,0.24172774602580976,0.1,0.9,0.2,84,980.8776414844126,394135.9043760836
6,51,0.2465777245380024,0.6909156247187507,0.699726829386579,0.5140362792597135,0.20666099659371673,0.11681768424488033,0.14333700300347757,0.2701061385906654,0.1,0.9,0.2,86,953.7683113432548,122574.32218604696
6,52,0.36448194270097034,0.7714280379720916,0.7403813136203848,0.6343400935085545,0.3487450734161243,0.11731581977150014,0.2466466232269743,0.400586128701676,0.1,0.9,0.2,87,1001.8611640814712,67159.37994071424
6,53,0.2415104167196351,0.6641038429139663,0.6575410692776458,0.5146796334646833,0.2548777853662558,0.11306276456157975,0.14776144761165794,0.24333017214078317,0.1,0.9,0.2,88,967.649571090404,131982.92390529433
6,54,0.3128101782201332,0.7002083759920281,0.6542848144105227,0.5984582900665242,0.28034746151511675,0.1183686315017746,0.20693289837345183,0.3334788762819476,0.1,0.9,0.2,89,965.4428082983662,66334.91494532344
6,55,0.3069574050961233,0.6867799993435875,0.6497510412149899,0.5920363670034959,0.4306121892872262,0.1182111115029699,0.20614618056326722,0.3338096236451631,0.1,0.9,0.2,90,1044.5826287978252,66891.99806718824
6,56,0.3069750784176533,0.6830679447116647,0.6452361075362801,0.603194123569807,0.29782976560375907,0.11784754808130674,0.20707091643065967,0.3347090938850084,0.1,0.9,0.2,91,1046.3606798518774,67348.98089795609
6,57,0.3051420429671023,0.677127148701456,0.6384159186933981,0.6019188260016027,0.3001853268266168,0.11792860385565851,0.20630713709816567,0.3340796499965276,0.1,0.9,0.2,92,1047.2368556944634,66805.78553955979
6,58,0.3227228835042034,0.6888533433226339,0.6488974834632975,0.5917073090156387,0.3340200808793334,0.12990988283214325,0.20900343837132546,0.410925194593068,0.1,0.9,0.2,93,1153.4510419895964,66635.26528476637
6,59,0.29695654496860513,0.645863728883435,0.60229841475464,0.6035650965741597,0.40867974940441276,0.11658908643872037,0.20606786043340158,0.3212260454721094,0.1,0.9,0.2,94,1023.2030448526288,106874.4848429965
6,60,0.2964460465176521,0.6452764168375171,0.6016951852581499,0.5994918069273352,0.2615206277843206,0.11649876071569634,0.20557939803219058,0.3209977531458776,0.1,0.9,0.2,95,1023.356118418005,115068.40228352044
6,61,0.2947131935021301,0.6342887777705978,0.5887982279108634,0.6093400076571306,0.2999763803163473,0.11752136233490515,0.20563551257271637,0.3210405219073336,0.1,0.9,0.2,97,1022.6388075690433,114901.68929350744
6,62,0.29671309339970875,0.6645924929029512,0.6570136229250263,0.6587615191232481,0.27537579892039765,0.13398061423556706,0.18985222508099878,0.399113276778876,0.1,0.9,0.2,101,1185.556558561669,73684.37754787007
6,63,0.29565336675171533,0.6689895364087899,0.6732454730909886,0.6541164398326003,0.2874251858960826,0.13398061423556704,0.1898522250809988,0.3991132767788761,0.1,0.9,0.2,103,1166.415128944635,74070.06127992574
6,64,0.29556699003427067,0.6796391043166465,0.696800444928013,0.6648552976835151,0.26602103856287157,0.13398061423556706,0.18985222508099878,0.399113276778876,0.1,0.9,0.2,105,1154.9872163680036,74353.79078155819
6,65,0.22775836037794478,0.5553674686884444,0.5074365780188898,0.5722026264679969,0.2000138617214141,0.12179277865727962,0.14876597704128305,0.25145904597530466,0.1,0.9,0.2,106,1113.9216927403247,73669.42270699341
6,66,0.2343938145496069,0.5849495434515133,0.5738491432089343,0.6049860452768314,0.298100675549388,0.12083658080056725,0.1569333786227422,0.25842016239107785,0.1,0.9,0.2,107,1109.4698498224118,73585.90135739624
6,67,0.22182620044557544,0.5287172417584527,0.48740616993426583,0.593713787804961,0.3629182796768065,0.11660001477350176,0.14878579907780493,0.2509902662110061,0.1,0.9,0.2,108,1081.7685230989491,73721.18444285894
6,68,0.2372628859595206,0.562714775253536,0.546646911862817,0.6239177843306227,0.24269429418680472,0.11957627030040056,0.16353591432025386,0.26319535456257526,0.1,0.9,0.2,109,1089.830912735733,74307.8284376035
6,69,0.21840113112239323,0.5180420193454311,0.4969452766201117,0.6059117152066955,0.40159882526304,0.11858659466366968,0.14921184636121196,0.2516050085867489,0.1,0.9,0.2,110,1148.007769365306,74118.66128861136
6,70,0.21640179899207962,0.4985073845169004,0.47404255867648587,0.6079564776491986,0.2652888903211425,0.11965838708700505,0.14923767705239316,0.2516160844646439,0.1,0.9,0.2,112,1151.92920212484,73987.22814767889
6,71,0.21612679162113366,0.4820525329548062,0.4436380806848238,0.6115036604317977,0.2162125472112711,0.11977762590111614,0.14945552312952196,0.25203447164220727,0.1,0.9,0.2,114,1152.9806767589116,73837.68815614707
6,72,0.21488546592281926,0.46784020652995895,0.42696262616712044,0.5992854575534788,0.2976846277138948,0.12234182019939273,0.14940048340037787,0.251852196766384,0.1,0.9,0.2,115,1145.3990056562066,75544.69110253561
6,73,0.21314041490394103,0.4524677633740879,0.4090206335859963,0.6049176578402174,0.24905571047610908,0.12110350231725212,0.1494597515451502,0.25035921988221627,0.1,0.9,0.2,117,1104.5078524893904,74416.45815517347
6,74,0.212410920159351,0.4436813088306454,0.3987230474574901,0.6115259201070125,0.22753131945523017,0.1212854848851227,0.1494784769111274,0.25037343063417467,0.1,0.9,0.2,119,1119.0665764458274,75188.37865773466
6,75,0.21151628849859633,0.43463137242926514,0.388149119819055,0.6216250902943956,0.2586713886639725,0.12198843416748859,0.14931493709316468,0.2500026453152152,0.1,0.9,0.2,120,1132.4305201422776,75896.56060158683
6,76,0.2647167969875589,0.41581497447521,0.37802000452602447,0.6946637185523454,0.9626320494245562,0.12562106743989795,0.20235034941166616,0.30889139007335126,0.1,0.9,0.2,121,8655.067421216248,78380.6566283319
6,77,0.2643299022701136,0.405376124335095,0.3657670163657962,0.7050883432729678,0.3306513738199378,0.12551798807154937,0.20249562585354547,0.30905811822777757,0.1,0.9,0.2,122,8689.172447851011,78113.8819199951
6,78,0.26443919554561535,0.40522575261148575,0.3655699553005599,0.7051834485046281,0.2576551879924488,0.12476174896904288,0.2029666265232477,0.30792917519381124,0.1,0.9,0.2,124,8555.055741430027,78364.75686409659
6,79,0.2641842500287073,0.41361748217167293,0.38650162246274194,0.7199016245768005,0.27532162009788896,0.12551798807154937,0.2024956258535462,0.30905811822777757,0.1,0.9,0.2,125,8635.885759295388,78311.96542801347
6,80,0.26438139860300786,0.4021201807478989,0.36191488946266165,0.7124950999685947,0.26083417985538,0.12537319677656153,0.20272593615724732,0.3092203251268687,0.1,0.9,0.2,126,8682.90056807857,79106.3898532933
6,81,0.2817682714919375,0.40521578922533014,0.36244167686741047,0.7401492569351712,0.3793275469651632,0.12612426970242924,0.2175279971722562,0.3327149562577921,0.1,0.9,0.2,127,8511.991630918725,79211.96314502535
6,82,0.28135554123345685,0.41140903260369294,0.3808103852788082,0.7435574638742366,0.2916122925362931,0.12626311812791863,0.2173117868395015,0.3326510366124544,0.1,0.9,0.2,129,8419.804871539774,77313.53517033267
6,83,0.9804762268377485,1.1135857183925828,1.0945281296087805,1.4652312336291966,1.033652309677863,0.12462470573619885,1.0,0.3088505083036705,0.1,0.9,0.2,130,8502.933031533217,77290.72629089514
6,84,0.26229158011121156,0.3830991379808901,0.3508444539171796,0.743051077593177,0.264109229311427,0.1274460124445352,0.20180895748845762,0.30862340146956213,0.1,0.9,0.2,131,8510.634919230937,79332.99210515509
6,85,0.9801570745746977,1.0942039494462645,1.0607401849515483,1.4756736689995718,0.9989899956460785,0.12590388835888486,1.0,0.3083609221891237,0.1,0.9,0.2,133,8442.421475351022,76175.3791655753
6,86,0.9758166731653889,1.1068730187256628,1.0984461768591385,1.4944210802456344,1.0093246282623194,0.12512562787571035,1.0,0.28820169276832464,0.1,0.9,0.2,134,8535.757193331141,81328.70076035468
6,87,0.9798964642245979,1.0907283201852767,1.0676920547345883,1.5052703797792113,0.9964759147705381,0.1276760388739458,1.0,0.30919432280557424,0.1,0.9,0.2,137,8476.924832951674,77762.42092590309
6,88,0.9672775071760324,1.0819815996936462,1.0816489465469705,1.5114193774611386,1.0299475878812265,0.11954090801304648,1.0,0.2537614851745363,0.1,0.9,0.2,139,8315.89444617992,77463.85394504984
6,89,0.9671244336017785,1.0890286468791737,1.100985427079626,1.522712781389521,0.9772000441965077,0.11978216334986383,1.0,0.25361075821241075,0.1,0.9,0.2,141,8302.591895385378,77079.50720721099
6,90,0.9668382463565184,1.06868184017422,1.066067503068773,1.5218420293691006,1.0267804942387013,0.1198963574117752,1.0,0.25369968474183147,0.1,0.9,0.2,142,8262.239277191293,76966.50525422285
6,91,0.9666906160625551,1.0752861914383391,1.0848835616038235,1.5370760020969036,0.9707784010920166,0.12009436768208148,1.0,0.2536305050380816,0.1,0.9,0.2,146,8401.47960803878,77871.58243925034
6,92,0.9663868123807158,1.05967912453256,1.0555502121826128,1.5518679750656503,0.9699680993996868,0.1189495339794839,1.0,0.25337657002166325,0.1,0.9,0.2,150,8329.465366621906,81724.2143204876
6,93,0.9614921667343673,1.0428223094959566,1.0365781614348135,1.4989857040300845,1.0012024186985715,0.11120565687646733,1.0,0.2347211906667368,0.1,0.9,0.2,152,8281.91520166061,76139.75073291003
6,94,0.9609743189656583,1.001701977897977,0.9662465947039156,1.5581006762096195,1.0235560343800116,0.11123862527539416,1.0,0.23487114413901442,0.1,0.9,0.2,154,8311.808037393615,76344.0965241031
6,95,0.9604342397930509,0.9943978694952598,0.9577511387481393,1.5685165471202036,0.9698983979869461,0.10990150695293646,1.0,0.2338049402642282,0.1,0.9,0.2,158,8300.641497869636,77541.90839982513
6,96,0.9661786119094933,0.9909679317674864,0.9968473000715419,1.6047263311837459,1.0614489496673556,0.11770000556778201,1.0,0.265326821277764,0.1,0.9,0.2,162,8391.643824326673,82762.58911073356
6,97,0.9656943092155977,0.9818996614937251,0.9973202421119542,1.6228297595214018,1.0000341790193636,0.11709954639235505,1.0,0.2652673913044224,0.1,0.9,0.2,166,8440.757043295187,82520.17584271505
6,98,0.965332896051981,0.9760902660104793,0.990559387642139,1.629956424270041,0.9839173275380179,0.11578840704060875,1.0,0.26465135121316796,0.1,0.9,0.2,168,8357.963034132456,82581.66109200066
6,99,0.965200450574966,0.9647889082694323,0.9883564783481358,1.6364017322820164,1.004568323771926,0.1178129384647553,1.0,0.2650380721147839,0.1,0.9,0.2,172,8447.695505826265,82461.06815743093
6,100,0.9651280388970299,0.9757181236350254,1.0122508476822034,1.6564966195813724,0.9650082766650947,0.11734230380628481,1.0,0.26492906808216,0.1,0.9,0.2,177,8459.706670439507,82667.54161849954
6,101,0.9652144390455873,0.9740755740927811,1.0103070830675678,1.664429151513223,0.9771365898354748,0.11728971329819242,1.0,0.26553789939021033,0.1,0.9,0.2,178,8390.01967818335,80939.05475991135
6,102,0.9653679098389323,0.9703237681073907,1.0058749300298513,1.676254306017789,0.9928610238322129,0.11826914036716034,1.0,0.26615184555544297,0.1,0.9,0.2,179,8346.664559339259,80826.62296134446
6,103,0.9653398166013555,0.9686290795988319,1.0038901164228053,1.6681164292766568,0.97682384420362,0.11826914036716034,1.0,0.2661518455554422,0.1,0.9,0.2,180,8358.346248916405,80775.23275847916
6,104,0.965428278539537,0.9791765361227681,1.027308179872923,1.6804599083774665,0.970467847868186,0.11908977897678823,1.0,0.26624692761219726,0.1,0.9,0.2,181,8349.327565392234,80728.32515957323
6,105,0.9653951886442058,0.9787637821683133,1.0268292400369863,1.6803971965305518,0.9678257335996447,0.118949325517099,1.0,0.26618357708039764,0.1,0.9,0.2,182,8356.871628315703,80501.27513195692
6,106,0.9644783779022382,0.9729912840808478,1.0202115508169645,1.7139767419873642,0.9757854509571263,0.11963561424394986,1.0,0.26165970200316097,0.1,0.9,0.2,185,8392.828087850825,80375.59941801775
6,107,0.964843081478756,0.9653356958829955,1.011160021852792,1.7256228564100358,0.9932577068457661,0.11905710438756903,1.0,0.2644196194802919,0.1,0.9,0.2,187,8382.022702126416,80093.053538111
6,108,0.9636622266050623,0.9972409170135542,1.0819752842714037,1.7650204152275413,0.9639563339441868,0.11981827446538915,1.0,0.25817636401830435,0.1,0.9,0.2,198,8300.200060855956,79841.61448143396
6,109,0.9623473776710549,0.9930512012559043,1.0772856640031043,1.7754463608482696,0.9725480164975637,0.11871492321870378,1.0,0.252379426745923,0.1,0.9,0.2,200,8312.343057931404,80077.51503604407
7,0,0.7080529351620791,0.9229536903391642,0.8607852300314258,0.005684717174335176,0.0,0.0,0.0,0.0,0.1,0.9,0.2,1,5272.118751306345,8587.343653980564
7,1,0.6965634657675422,0.9226494901940102,0.859585550456251,0.013525883682608444,0.023190311798663082,0.0481506145590692,0.00010521765220967,7.671314551957001e-05,0.1,0.9,0.2,3,5205.5116331844665,8599.742662838558
7,2,0.6181706783073226,0.9496224387632861,0.8904435228361625,0.09430577174321986,0.44690185592785103,0.12977108852196678,0.04142382783169663,0.11830551012944332,0.1,0.9,0.2,4,4410.455193163619,43614.71142003719
7,3,0.5295008964297652,0.9038985444028079,0.8388759994402272,0.06779438926871663,0.2996702000561243,0.05883971727207192,0.05396188451206363,0.03934307421000492,0.1,0.9,0.2,5,3229.0901160406984,6597.545714095783
7,4,0.5756582565730998,0.9516517773300218,0.8864164451041482,0.11668962125075255,0.12078223105695086,0.05900207381978345,0.10079562491570429,0.07348908932592457,0.1,0.9,0.2,6,2735.000803502143,6063.407108942711
7,5,0.5081870892211217,0.900578073106923,0.8474783882229385,0.08153591871692782,0.08874237825415285,0.07237457647515629,0.04130030053043442,0.04839730732943004,0.1,0.9,0.2,7,3020.450130362157,6215.3022336109925
7,6,0.42672239627257513,0.8617909753465887,0.7998098533790574,0.09069421968401159,0.4294106618590641,0.08472121870891339,0.04769285668472093,0.07882429594544291,0.1,0.9,0.2,8,2377.9462815708507,40880.13710417795
7,7,0.41989046413366965,0.8686723082564991,0.8189513068303259,0.0965460346794507,0.08202915048604442,0.08472121870891337,0.04769285668472093,0.07882429594544291,0.1,0.9,0.2,10,2437.045289628796,41639.3222603148
7,8,0.3941372125692658,0.834114659246948,0.7706887191714853,0.08097675281859769,0.07680699020543781,0.08509661208506637,0.03204515891555504,0.05285265687014209,0.1,0.9,0.2,11,2389.3375110356947,41567.26905435579
7,9,0.37112114287098225,0.8189531636132693,0.7528684180559849,0.08484882049773831,0.15659763090665424,0.08803513803575753,0.03203368807621789,0.053254098670995634,0.1,0.9,0.2,12,1845.7618210558423,37616.00346218917
7,10,0.3395679549538871,0.7946228932174344,0.725452107520768,0.08371081513148507,0.10498599826874977,0.10320397727358036,0.025638030535244348,0.0428972318091006,0.1,0.9,0.2,14,1696.9409155823807,38388.12133837413
7,11,0.31257180716070926,0.7724893616594538,0.7004708991266388,0.08104110028436017,0.0944299951435321,0.10129941621457783,0.02143995942010992,0.03521591777383852,0.1,0.9,0.2,16,1304.1913146371433,33449.802124298345
7,12,0.30617283892574293,0.7661678641661673,0.6941168143149222,0.07929914740739148,0.03183803522200216,0.10727992544797191,0.01478223140630074,0.03152851600077839,0.1,0.9,0.2,17,1605.8639860952833,33541.52080556502
7,13,0.3186959237386961,0.7923109491417057,0.7313128505249255,0.11342908329613496,0.1358869338267219,0.08078974583277293,0.042062359571956844,0.053566181425301874,0.1,0.9,0.2,18,2513.7106098504155,1070370.658746797
7,14,0.3113684397669488,0.7987197542946296,0.7475650407255521,0.13108761781006992,0.13466772975296623,0.0746329392768169,0.05341826350443102,0.07374182232762558,0.1,0.9,0.2,20,3133.8759782460884,1089788.085262251
7,15,0.2962754754825813,0.7838640008127518,0.7322298928976456,0.12629851372435008,0.06800926977588016,0.07678849154020971,0.043324219244386855,0.05780365589475615,0.1,0.9,0.2,22,3125.731158600967,1068898.3369256645
7,16,0.2904650306839006,0.7785942851454387,0.725435499191833,0.13678785651136519,0.08267611591956991,0.08497535958310984,0.04759820611779794,0.05264366052981956,0.1,0.9,0.2,25,1977.505586981784,1060444.2362632882
7,17,0.2916678730148189,0.7798925441520325,0.7258996016382736,0.15333053580018757,0.08496312474200479,0.06403265674998064,0.05571114707309312,0.05745115258989462,0.1,0.9,0.2,27,2641.691969690072,2496431.379878114
7,18,0.2830004228088991,0.7712337696660647,0.7167066174106059,0.1456065992630716,0.08420771923728662,0.08503530866570647,0.04791306357784567,0.054347012449187736,0.1,0.9,0.2,28,1943.9966535780688,1059414.9636438803
7,19,0.2591261356271857,0.7444578518000678,0.6835597666969906,0.16361751492609275,0.3331009864036287,0.05791355329006866,0.061571606453232675,0.058568568658608364,0.1,0.9,0.2,29,2075.7882624454214,2496178.015657014
7,20,0.24493567869577793,0.7387908555259965,0.6883924572003146,0.16812001105917915,0.12145990961231089,0.06726117305389433,0.0579465516745204,0.05886556949018582,0.1,0.9,0.2,31,2136.778475991747,2495939.332399483
7,21,0.23537340587543146,0.7123303652608571,0.644974669312595,0.17784802158052118,0.15917700187757236,0.06252791153507968,0.06539637984598598,0.0669473211207831,0.1,0.9,0.2,33,2086.8252613284835,2527315.103871404
7,22,0.213809709910412,0.6976209955017216,0.640836005705184,0.17532114304867685,0.11633268813024178,0.05478261489149686,0.05666436632974335,0.05148556928909124,0.1,0.9,0.2,35,2031.620515951045,2472934.8788446924
7,23,0.20816276774659095,0.6861269557206723,0.6265043220679812,0.18200550817889427,0.12969990244434498,0.050670119156962165,0.05748901733361768,0.07521108214503551,0.1,0.9,0.2,37,4190.463463365615,2474902.0380896046
7,24,0.1933396480170573,0.6598662726913327,0.5955043352489471,0.1902840550035641,0.16990159165786842,0.051162254859219734,0.05924225641075927,0.07413810422711142,0.1,0.9,0.2,39,4163.060816212885,2474797.674482484
7,25,0.1887014844655835,0.6504391309084313,0.5842995842119136,0.19655447585233807,0.11046252152244504,0.04758869688186359,0.060581469784495745,0.07466249626758052,0.1,0.9,0.2,41,3913.7712532256073,2473355.977969396
7,26,0.18813923988798317,0.6496012946544969,0.5833622500415305,0.20565385906108943,0.0759864379429624,0.04747299997915757,0.06041458204411258,0.0741868501105363,0.1,0.9,0.2,43,3912.1132958360017,2472811.596904972
7,27,1.2292096049111694,1.7101820317397036,1.6781585227091635,1.2880949175482437,1.2268701414461025,0.2887275771177744,1.0,1.0,0.1,0.9,0.2,45,2680.77640377047,28703634887.94477
7,28,1.218082847935391,1.6553269683120202,1.6008565562706563,1.3043514113229875,1.3329251848995072,0.40381439832064003,1.0,1.0,0.1,0.9,0.2,47,2632.2548883681693,6017745080.622872
7,29,1.205273305091384,1.6520283686841253,1.6101119565348447,1.2987530639741964,1.1373488368967535,0.2848570463378991,1.0,1.0,0.1,0.9,0.2,49,2748.0494670338526,28703714863.84209
7,30,1.1997864281073665,1.623621151650929,1.5656465521638394,1.3010305521892536,1.253707105746039,0.2913703150200154,1.0,1.0,0.1,0.9,0.2,50,2763.090779317235,28702755311.04349
7,31,1.0789048170900808,1.4998400354026924,1.441126395817879,1.1938530784422179,1.0139844877406898,0.08174909845932195,1.0,0.5074807838896154,0.1,0.9,0.2,57,2243.079564945845,382193715096670.9
7,32,1.106156774845578,1.5375509924798354,1.491648303098489,1.2341852694633029,1.0450953868094008,0.08556109898188059,1.0,0.6436436657023374,0.1,0.9,0.2,58,3556.397238294571,382233678015830.4
7,33,1.0773318677069876,1.4941279371047007,1.4343716972353697,1.2003030426942642,1.044787288776994,0.08182150515881823,1.0,0.5093260800545985,0.1,0.9,0.2,59,2222.2232294662376,382193765027499.8
7,34,1.0991099537633857,1.4967754600291385,1.432358545961834,1.2210235730243812,1.229876374568136,0.08448136708919479,1.0,0.6573063519433221,0.1,0.9,0.2,60,2693.320885757425,382233616881124.9
7,35,1.0966103801482212,1.4872894479050782,1.4212249217134363,1.233787899693991,1.0736616946038633,0.08385742853324657,1.0,0.6582909147011792,0.1,0.9,0.2,62,2405.816959292845,382233627783337.06
7,36,1.0950877705902788,1.4823214672893992,1.4154535443963012,1.2396314335787597,1.0561865438386733,0.08216162836593047,1.0,0.6577552812776151,0.1,0.9,0.2,64,2470.56733790719,382233548929068.1
7,37,1.091665109931327,1.46808769567238,1.3987386908962365,1.2483351843636727,1.1411232187007556,0.08546176599313374,1.0,0.6573715726133389,0.1,0.9,0.2,65,2599.653399998219,382233646748292.4
7,38,1.0880389032609885,1.4546731009642322,1.3831217683555914,1.2433592989576636,1.1292762144386082,0.08631296396282628,1.0,0.6541745683050562,0.1,0.9,0.2,66,3667.5480913634287,382233601456425.25
7,39,1.2376617754257118,1.6072672859296404,1.5786831320436148,1.4250021573810308,1.322825409518765,1.0,1.0,1.0,0.1,0.9,0.2,69,2196.1948309282807,277590728324564.6
7,40,1.2369778409626053,1.6035082830305045,1.5742803090401174,1.4379923366031135,1.2065654540588335,1.0,1.0,1.0,0.1,0.9,0.2,73,2216.201656046393,277590708448557.6
7,41,1.230385807436662,1.5188651528019206,1.4308146823583014,1.4383211078779101,1.4786562455948828,1.0,1.0,1.0,0.1,0.9,0.2,74,3586.5871227386683,382194085903401.9
7,42,1.2289669880008556,1.5315950203084803,1.4678879612121134,1.4544302427321243,1.2335292175423775,1.0,1.0,1.0,0.1,0.9,0.2,76,3520.2378136230536,411328227339716.9
7,43,1.2270507003276012,1.5179357881882989,1.451889506596426,1.45660500706177,1.2476977421819389,1.0,1.0,1.0,0.1,0.9,0.2,78,3527.793338762492,382194103504174.1
7,44,1.2264966112008688,1.5138261364991454,1.4470761252690412,1.4630931680893964,1.2143506802807253,1.0,1.0,1.0,0.1,0.9,0.2,80,3479.2542658934026,382194113995829.6
7,45,1.2258956987066756,1.520487095791146,1.4659594459975713,1.473012725283205,1.215867854202739,1.0,1.0,1.0,0.1,0.9,0.2,82,3517.2473846261337,411328249555448.3
7,46,1.2253389426030248,1.51619365694974,1.4609307134764833,1.4830254431522014,1.2149952428025894,1.0,1.0,1.0,0.1,0.9,0.2,84,3481.7317912790904,411328320491752.6
7,47,1.2244633490137613,1.531683580071147,1.5012369504853669,1.492858203416749,1.2241776930781834,1.0,1.0,1.0,0.1,0.9,0.2,86,2467.4371090243267,382194120378967.2
7,48,1.223717753959354,1.5144164779286589,1.469930779223557,1.4958071979406562,1.2423887876646529,1.0,1.0,1.0,0.1,0.9,0.2,87,2425.8772273772165,382194071157387.6
7,49,1.2233302445027694,1.511191740007001,1.466153931353493,1.5060301134743896,1.2112466199795995,1.0,1.0,1.0,0.1,0.9,0.2,89,2407.935793100598,382194084792827.4
7,50,1.2228291696493263,1.5069533518288745,1.4611898304368531,1.5091758672001694,1.2295716144365212,1.0,1.0,1.0,0.1,0.9,0.2,90,2407.895641805625,382194084791961.0
7,51,1.2220607635745886,1.4890936857145667,1.4291897060292165,1.5085169836997714,1.2464607230984692,1.0,1.0,1.0,0.1,0.9,0.2,91,2379.437017051706,382194108204549.3
7,52,0.9706001734181319,1.2614152506177652,1.2386191399890332,1.3986348428182565,0.9522588142457961,0.06812789590642221,1.0,0.21477293476475312,0.1,0.9,0.2,122,2087.0899332414147,34399834056770.555
7,53,0.9702605392364394,1.2590535447106066,1.2358692544838328,1.3910051554522236,0.9655021058989213,0.06733839130138743,1.0,0.21469070399778536,0.1,0.9,0.2,123,2084.6281589790333,34399826612001.867
7,54,0.9692771044571586,1.261730335025142,1.250102551264787,1.3937972566907817,1.0084631209552424,0.06730469494829246,1.0,0.21422711387547683,0.1,0.9,0.2,124,2114.807695496813,34399834017888.805
7,55,0.9684712335599764,1.271058674269864,1.2722270759530507,1.4118051187032747,0.9572257911144542,0.06665177794706192,1.0,0.2111384869178951,0.1,0.9,0.2,125,2139.180609235291,34399779832308.883
7,56,0.9683327106216244,1.2581006656301197,1.245960434316104,1.4194419773010087,0.9615060226448079,0.06707057584804528,1.0,0.21115695546778684,0.1,0.9,0.2,126,2153.940034813561,34399782633561.945
7,57,0.9687689567632041,1.2568254579810438,1.2443590724086908,1.4043265863109746,0.9628678137456089,0.06721648423655989,1.0,0.21423155681067393,0.1,0.9,0.2,127,2119.962609242129,34399834298733.105
7,58,0.9688055842951079,1.2680381557248706,1.26856689966349,1.4195596607878995,0.9498288270377615,0.06733462457737947,1.0,0.2143715196664211,0.1,0.9,0.2,128,2079.103890172395,34399836360647.797
7,59,0.968586651380766,1.265585012631188,1.2656883891050896,1.4304383340712492,0.9583145806644727,0.06761330496160929,1.0,0.2143853465543625,0.1,0.9,0.2,130,2117.800689499346,34399833793867.08
7,60,0.9560858128100079,1.2162183801990598,1.198471312702405,1.4143027573708913,1.1375989149132506,0.07137829704425472,1.0,0.1632896019895356,0.1,0.9,0.2,131,2175.6005349943525,34399804619646.824
7,61,0.9560013542711251,1.2129690301206304,1.1946275550023029,1.414214303407201,0.9644681857578,0.07324272564676769,1.0,0.16346441858856384,0.1,0.9,0.2,132,2231.04228156734,34399803322490.133
7,62,0.9551765246848842,1.2039404241704257,1.1840635512321587,1.4207103253919067,1.0025695394456078,0.07295996553667881,1.0,0.16329059238682295,0.1,0.9,0.2,133,2234.8740626232798,34399803603550.75
7,63,0.9551765250060269,1.2039404241528815,1.1840635512146145,1.4207103254883966,0.9399555719485544,0.0729599654823051,1.0,0.1632905923262898,0.1,0.9,0.2,134,2234.874062572294,34399803603550.75
7,64,0.9542821237544457,1.1837006858873127,1.1493054307679298,1.4190559450291382,1.0015326088846832,0.07334140628212885,1.0,0.16223785301674015,0.1,0.9,0.2,135,2238.0143685606963,34399803538194.586
7,65,0.9539889102204292,1.190307378734021,1.168112139592617,1.4267465328459517,0.9724784809394872,0.07158179234219421,1.0,0.16350197774060676,0.1,0.9,0.2,136,2186.1387633019326,34399800194347.52
7,66,0.9539977276101906,1.2189006429365667,1.2347733297977768,1.4500840292995814,0.9530276190163443,0.07324010582771853,1.0,0.1648359579622723,0.1,0.9,0.2,139,2242.612561774098,34399795944421.773
7,67,0.9534608441295749,1.2122727874092292,1.2270169207048918,1.4569398726060139,0.9633580943336918,0.07264408068321378,1.0,0.16494388258883091,0.1,0.9,0.2,141,2240.040114669334,34399794832059.05
7,68,0.9523381191987782,1.2231649826917963,1.261991663276527,1.4676797472590717,1.0178375767821737,0.07112546137264601,1.0,0.1641313126430706,0.1,0.9,0.2,142,2297.375448693136,34399793702993.2
7,69,0.9519844522342057,1.2173155743154889,1.2551304523894904,1.474799110707829,0.9813121193579294,0.07149925097677726,1.0,0.164239237330102,0.1,0.9,0.2,143,2295.23520233587,34399792590633.32
7,70,0.9518679428622504,1.203604710646676,1.22797940199364,1.4742304160527886,0.9581392501246092,0.07151881977049294,1.0,0.16453291453441138,0.1,0.9,0.2,144,2303.238107886308,34399792517297.3
7,71,0.9510986920376522,1.2093079756127525,1.2458147213619475,1.4733219840020926,0.9748258712007701,0.06855975945848566,1.0,0.1638619598135876,0.1,0.9,0.2,145,2296.061053857919,34399797332058.92
7,72,0.9512265348952401,1.2046888047756619,1.2403252691081161,1.481323184431671,0.9756400548378047,0.07102579438504994,1.0,0.16494273049368377,0.1,0.9,0.2,146,2287.5715472081297,34399803100307.73
7,73,0.9486190554258677,1.201555454689949,1.2370957136671528,1.4938945154624463,0.9413905036840657,0.0689822096266488,1.0,0.15310672398990569,0.1,0.9,0.2,147,2212.7539942043904,34399794043357.074
7,74,0.9482685707725983,1.1854892375642225,1.2072033218523648,1.496634399321997,0.9543348073550715,0.0692175923952328,1.0,0.152785726063114,0.1,0.9,0.2,149,2269.0329230067177,34399792202737.52
7,75,0.948180353252204,1.195294923254854,1.2297699878759962,1.508483475096394,0.942346176700823,0.06921759239523284,1.0,0.152785726063114,0.1,0.9,0.2,151,2275.332076343183,34399795111549.35
7,76,0.9499750443607845,1.1929849125025622,1.226709970449564,1.5057220873968336,0.9701917442118915,0.06805393177176527,1.0,0.1637121088023995,0.1,0.9,0.2,152,2327.7461653933656,34399776372090.84
7,77,0.9595881705891155,1.1668923820676163,1.183160697754412,1.5182302302687658,1.0415175728055601,0.07619268474200086,1.0,0.21530774040815506,0.1,0.9,0.2,154,2045.721483759347,39714835152924.23
7,78,0.9589706963526137,1.1557997853302882,1.1701722635743101,1.53228667559548,1.0279825226165837,0.07622138394356247,1.0,0.2151819684353332,0.1,0.9,0.2,155,2095.080695131814,39714835268790.37
7,79,0.9632700083845667,1.1508569399462572,1.1635608841577312,1.539005215719279,1.023517179986813,0.07843109430827039,1.0,0.23807417509535198,0.1,0.9,0.2,156,2225.737135586466,39714896969197.92
7,80,0.963099940245718,1.1482056817073647,1.1604624962660808,1.5462181199033698,0.9645339324489849,0.07798760112573008,1.0,0.23809706654170873,0.1,0.9,0.2,158,2254.616556046293,39714897357492.36
7,81,0.9583531232475115,1.1539402665875529,1.179067319698003,1.5584975639254868,0.9560132265435504,0.07637489347515967,1.0,0.2153577132812648,0.1,0.9,0.2,159,2137.154146227356,39714836845795.14
7,82,0.962883573145626,1.1569256211232881,1.18177429820985,1.5695665579475646,0.966718018128654,0.07849607641359478,1.0,0.23735156074009386,0.1,0.9,0.2,160,2214.933630338909,39714917303774.29
7,83,0.9609544642959219,1.1319075617793088,1.1416182510498027,1.563314901510805,1.0412131824404869,0.07965710448793498,1.0,0.23010806195060468,0.1,0.9,0.2,161,2084.040370611224,39716980843193.05
7,84,0.9593762797414261,1.0937528892591093,1.096920249166007,1.5636264250690155,1.220846740463174,0.07958808406890476,1.0,0.2304078334976977,0.1,0.9,0.2,162,2152.896478738828,39716978783012.92
7,85,0.9593207190713582,1.1035276303222454,1.1194506296289692,1.5758898766178866,0.959010655858225,0.07958808406890476,1.0,0.23040783349769764,0.1,0.9,0.2,164,2155.996414456129,39716979930625.945
7,86,0.9590053361388298,1.0963445748403935,1.1110445909205862,1.5827909617577143,0.9789338741979161,0.0781954419664863,1.0,0.2308948741144255,0.1,0.9,0.2,166,2139.472953049542,39716983312540.22
7,87,0.9668842616623778,1.11369584090455,1.1410882027909246,1.6030059835136752,0.9744929973215186,0.08172366750277486,1.0,0.26886322540940205,0.1,0.9,0.2,167,2113.09147491935,39716980222070.08
7,88,0.9667218743093221,1.1006877570626359,1.1147876104642471,1.6017173307188142,0.973757367848389,0.08075264897236303,1.0,0.2688543633360344,0.1,0.9,0.2,168,2147.399834945535,39716961395619.24
7,89,0.9696394663561672,1.1511148946187255,1.239717330703221,1.557879552700141,1.036881817926171,0.08237413908882234,1.0,0.2862571557314755,0.1,0.9,0.2,170,2112.9605516629936,39716980222069.484
7,90,0.9643775578735854,1.0282265362250673,1.0299251462072778,1.5722311026574816,1.0525449765736168,0.07946493442815847,1.0,0.2692587901250112,0.1,0.9,0.2,174,2042.3372939070389,34401825393685.168
7,91,0.9643605703686333,1.0279486820456583,1.0296015441168584,1.5796406859295193,0.9627341668611602,0.07919690097304496,1.0,0.2693443273430004,0.1,0.9,0.2,176,2017.5821000750725,34401833474710.76
7,92,0.9643711508044984,1.0137291185741428,1.0018488853224157,1.5777508676643903,0.9836283653551066,0.0804745924105284,1.0,0.26917309911776843,0.1,0.9,0.2,177,2046.4546542517155,34401830619843.1
7,93,0.9587601238737261,1.0362907539998079,1.0624553530730192,1.6140263049122063,0.9759413953390766,0.07828744068621987,1.0,0.24294227745967625,0.1,0.9,0.2,179,2042.499158884662,34401825393685.04
7,94,0.9639535358029057,1.015535309979678,1.015076603291507,1.6193540788141632,0.9702440468662661,0.08067981603895083,1.0,0.2681824944653767,0.1,0.9,0.2,182,2062.021538561083,34401837666007.125
7,95,0.9579326077134447,1.078097794255548,1.1669138257448546,1.6051997825034183,1.026124357621486,0.07807594631284057,1.0,0.24062755901919286,0.1,0.9,0.2,183,2082.752139791519,34401837384527.8
7,96,0.9605305880149131,1.0099315147906327,1.0201232110541574,1.6355315257225327,0.9839464333962469,0.07875832219052839,1.0,0.2537128305496776,0.1,0.9,0.2,184,2078.68870854242,34401835167443.625
7,97,0.9646627404606317,1.0464896910403025,1.095474958048967,1.6846686938375284,0.9637226960795374,0.0815532111091719,1.0,0.27312097287535714,0.1,0.9,0.2,193,2055.4097142985347,34401791907860.96
7,98,0.9647345797592174,1.04413563277851,1.0926952397781928,1.6789727538077377,0.9687386806004009,0.08235067626619844,1.0,0.27337724271608127,0.1,0.9,0.2,196,2025.6031657902445,34401790871813.117
7,99,0.965814060296924,1.0222325091515725,1.0557273911110012,1.6772033549930794,1.04832188820497,0.08252398113698535,1.0,0.28006436937970397,0.1,0.9,0.2,197,2076.1706170274374,34401851051443.77
7,100,0.9644269262768862,1.0425797345559542,1.1019573911948428,1.6909824437584393,0.9677055606019532,0.08221270805913772,1.0,0.2733610062064725,0.1,0.9,0.2,198,1993.6809179691604,34401812485043.312
7,101,0.9565359612799313,1.023315413441465,1.069663139368233,1.6925170864062533,0.9562220897066042,0.08041316376627314,1.0,0.23482514311037384,0.1,0.9,0.2,199,2074.6445785808564,34401851376061.24
8,0,0.9715185392425278,0.9935479596847923,0.9434691961836249,0.012176214320389107,0.0,0.0,0.0,0.0,0.1,0.9,0.2,1,1198.4437216261465,7671.279404044189
8,1,0.9572791267941954,0.9966183630618255,0.9456413193413744,0.02340483443343236,0.02663187188498111,0.0819237728721522,9.158662429444001e-05,0.00020398985418201002,0.1,0.9,0.2,3,1364.070827993687,7012.180407012359
8,2,1.1532645608245877,1.429319050696306,1.375884825093986,0.5435150336309229,1.1504842905888069,0.10118013589516975,0.37137507466127034,0.8785835543492599,0.1,0.9,0.2,4,4006.501595852733,3135.569295109509
8,3,0.6623068593949554,0.9953808591820977,0.9359583720682679,0.13123231788943457,0.3653432400120911,0.10036314098789148,0.08254789338033316,0.1838579908737494,0.1,0.9,0.2,5,1254.860433665775,4662.49042929165
8,4,0.5502311995162682,0.9304609505814874,0.8645836654440944,0.10665834766856701,0.22639117862490982,0.09131061849941949,0.06856872534619066,0.11514374671615904,0.1,0.9,0.2,7,1307.059635101676,5297.274420616968
8,5,0.41971345023601675,0.8482642133822673,0.771892863235289,0.08545222778113613,0.2860224066788447,0.10451849422972914,0.045401145274397384,0.10819196422214365,0.1,0.9,0.2,9,1326.601567652399,1862.882493045617
8,6,0.39677012266578177,0.8279082941058846,0.7507260821221172,0.07513684891237912,0.07386723555597031,0.1042998558317368,0.03407473188510876,0.08116746144490239,0.1,0.9,0.2,11,1352.5658947886398,1850.877489662988
8,7,0.3928752968199095,0.8261651348690692,0.7482692758303673,0.08085449764270178,0.08886560898704662,0.10407012073037711,0.03608105548939664,0.08437270106590493,0.1,0.9,0.2,12,1410.6791391449185,1809.296752902996
8,8,0.3900805066916135,0.8235121322212121,0.7455672766415727,0.08157527384364462,0.05937960156148542,0.10408564745051237,0.03414635067304042,0.08123792627979529,0.1,0.9,0.2,13,1380.1295981219826,1840.784957439478
8,9,0.3703217727570124,0.8074349747830742,0.7281615465280111,0.0781166330734785,0.10326079715030374,0.10444148404658216,0.02846343531627558,0.06503754173327334,0.1,0.9,0.2,14,1302.8677062778163,4139.0100282831045
8,10,0.35305502238495534,0.8303747485537815,0.7872543402928138,0.10718629245538559,0.11311148423199847,0.09792226779500252,0.03547750452934431,0.06653501044873616,0.1,0.9,0.2,16,1888.7567707503915,30332.83537367561
8,11,0.30845035753747607,0.7934574795185088,0.7452836169132803,0.1043074523929077,0.15066852874070086,0.0942073270613274,0.030260099225688508,0.054825366037927536,0.1,0.9,0.2,18,1666.9625745967492,31235.592108908902
8,12,0.2996716326039997,0.7850591060435447,0.7365100787886659,0.10821651615021559,0.04906316614987291,0.09563345668537107,0.02522936733728694,0.04571244162312665,0.1,0.9,0.2,20,1680.9591941480612,30954.30087956924
8,13,0.27705182423254404,0.7763687364039396,0.7361072024427232,0.12258764089383581,0.11310939406766254,0.09072007863487348,0.032700454426904904,0.05267666072401404,0.1,0.9,0.2,23,1682.8709288726125,40978.85955574019
8,14,0.35597598380522333,0.832949693567516,0.7646190365247231,0.2266152832511615,0.18226956522852097,0.13128403977878342,0.07403876278066171,0.30170020085336746,0.1,0.9,0.2,25,1537.692568184592,57156.13808189639
8,15,0.3266454037733233,0.8027437449896127,0.7316826400870492,0.21896811295017998,0.1815423534446392,0.13343005812339856,0.06598519145619203,0.2655559833350859,0.1,0.9,0.2,27,1032.1208469875014,50277.89969599218
8,16,0.3245791876143928,0.8004640079074853,0.7290129097975221,0.22471109752109597,0.13378657126609994,0.1335591498870853,0.06597154426176247,0.26554127444150477,0.1,0.9,0.2,29,1013.4415670239076,50314.54722010674
8,17,0.3235818500367997,0.7994029887940769,0.7277916910833997,0.22976976957878378,0.13247640843070602,0.13351439617120736,0.06586272086817527,0.2654258577343556,0.1,0.9,0.2,30,986.1722235731736,51060.92990276196
8,18,0.32191695384084346,0.7973587774297288,0.7251944343562079,0.23432002897673698,0.1492119041930589,0.13234140145422446,0.0669838188991456,0.2668922721630921,0.1,0.9,0.2,31,942.87170514742,48324.63778806567
8,19,0.3116762047186299,0.7869123890901787,0.7144523530565747,0.2278350112037123,0.13022290372287804,0.12940266007832274,0.061796418667218654,0.24810757905696468,0.1,0.9,0.2,32,1055.2995237039058,47569.15234907328
8,20,0.3198699469087723,0.8053254090506177,0.7446198899544416,0.2416484982848565,0.18346688086315943,0.13226471299864634,0.07182198826965777,0.2739810248481986,0.1,0.9,0.2,33,2263.6123687900026,58272.46052412357
8,21,0.30358559021068215,0.7888755482070224,0.7279831663953874,0.2346328407869821,0.12111344192923935,0.1373748976470126,0.06192133641874895,0.23918590299711334,0.1,0.9,0.2,35,1462.7997227809683,54347.44035176147
8,22,0.2861946271273669,0.8148141387963356,0.8044225124554679,0.2599777600132331,0.13780845129677943,0.13374429452472314,0.05540154574620966,0.21978247001789902,0.1,0.9,0.2,37,1139.4518914240812,49487.71621408224
8,23,0.5050318159787074,1.0070738652909943,0.9674270857460765,0.4935556333192127,0.4072123972891914,1.0,0.0454012018389557,1.0,0.1,0.9,0.2,39,1177.0845528993948,44484.83691142061
8,24,0.4871679752807351,0.9852857346829018,0.943197849878519,0.4925210422517086,0.43288264652803593,1.0,0.03703015627340913,1.0,0.1,0.9,0.2,40,1430.0985436625035,45261.530516503095
8,25,0.48442175303875884,0.9658125671651199,0.9078063180708504,0.5056971942639612,0.38176184104942,1.0,0.04677332131035114,1.0,0.1,0.9,0.2,43,1120.6142083019952,45047.53280817807
8,26,0.4725617245224921,0.9507691289734841,0.8912573998201268,0.503704746638225,0.3972444516983074,1.0,0.03982655840296892,1.0,0.1,0.9,0.2,44,1244.337810341229,45480.08747512072
8,27,0.4665384055848451,0.9529513661350348,0.9051071514783631,0.5108471919918015,0.36178444956166367,1.0,0.03844995917293986,1.0,0.1,0.9,0.2,46,1347.7731539273173,45945.6670140355
8,28,0.4596171740178404,0.9440701184067579,0.8953916695417328,0.5155513209992424,0.34760683240308987,1.0,0.03399427155957942,1.0,0.1,0.9,0.2,48,1267.8799253049017,47239.80075077758
8,29,0.4549335750755629,0.932689832528184,0.8813381258322304,0.5226092805774151,0.38933589695956355,1.0,0.038693887701105725,1.0,0.1,0.9,0.2,50,1342.9996623924349,48442.74827816962
8,30,0.4507277227982725,0.9274044105985066,0.8756432141552979,0.5288125697383306,0.3402777008233151,1.0,0.035477419665488306,1.0,0.1,0.9,0.2,52,1351.2151807303112,48200.65351066611
8,31,0.44869195325902445,0.9354120401663504,0.8962170700492558,0.5407286075079873,0.3371778960748053,1.0,0.034744718995724226,1.0,0.1,0.9,0.2,55,1411.4687993908676,48485.53757552736
8,32,0.443061375094441,0.9252690628763316,0.8844368380580712,0.5452667159301522,0.3974597321497949,1.0,0.034097356687896554,1.0,0.1,0.9,0.2,56,2515.8730140991474,48317.02288666236
8,33,0.4435659644408722,0.9362211845644857,0.9081221880716581,0.6043759386230081,0.33308627910396743,1.0,0.035551257377996345,1.0,0.1,0.9,0.2,66,1393.929796683027,47513.41717113858
8,34,0.443248966961287,0.9355072229707035,0.9072687278731304,0.6114787813215852,0.3349452566039377,1.0,0.03566332027651699,1.0,0.1,0.9,0.2,68,1395.655329010891,47462.048925699135
8,35,0.44203771498042965,0.9329177742456314,0.9041994568279195,0.6159351125786333,0.35186684845657223,1.0,0.035898854020550916,1.0,0.1,0.9,0.2,69,1306.0086489612254,46086.09563811584
8,36,0.4429468259937518,0.9442202088009841,0.9282228710279756,0.6277802456113262,0.3397410687248269,1.0,0.0378217747997311,1.0,0.1,0.9,0.2,71,1292.1713451347964,46743.30080892908
8,37,1.2187692508535943,1.713477203114086,1.6952867386050714,1.3779769462127542,1.1608221401488608,0.16102196542626634,1.0,1.0,0.1,0.9,0.2,73,2239.393837525449,54118.87940931972
8,38,1.2180815802286868,1.7120023617048605,1.6935528864801281,1.3812821405923266,1.1268727344957714,0.16139709690446655,1.0,1.0,0.1,0.9,0.2,74,2134.728059041496,54680.014450774375
8,39,1.2149010939737885,1.705550069192624,1.6860403902190948,1.3804009150257979,1.159842889879984,0.1587822329003042,1.0,1.0,0.1,0.9,0.2,75,2177.704915693292,56065.48620217674
8,40,1.211043870493627,1.6965634920425037,1.6754741107549183,1.3900310645616534,1.1480332716891024,0.16116051535046066,1.0,1.0,0.1,0.9,0.2,77,2122.5673551602317,55128.48135612482
8,41,1.210633727682858,1.6950421189847613,1.673605117993225,1.3937578928614531,1.131310958291266,0.1662471442692552,1.0,1.0,0.1,0.9,0.2,78,1947.169948903,55103.85610243592
8,42,1.2091943427769252,1.692251584899293,1.6704147768145872,1.3999587482511866,1.1320346647213944,0.16168191692664508,1.0,1.0,0.1,0.9,0.2,79,2119.062762551884,54906.85546537508
8,43,1.2055308548181267,1.6839891928629391,1.6607825016094482,1.4058313950810317,1.1720665376186346,0.15905071346293234,1.0,1.0,0.1,0.9,0.2,80,2134.530968711721,54970.6965549374
8,44,1.1944013103671542,1.6703318499619082,1.6562466135327232,1.4153665260799446,1.271353206788894,0.13693821322741068,1.0,1.0,0.1,0.9,0.2,81,1926.8730594192195,56576.157802773385
8,45,1.1880538152000597,1.6502698535593026,1.6325251948082087,1.414708049568152,1.1896217335907124,0.14999859547344443,1.0,1.0,0.1,0.9,0.2,83,2332.352140065591,56727.373195504304
8,46,1.1862430394868877,1.6459356019446474,1.6275386984747042,1.4172973339912966,1.1277327220605928,0.1447419062173485,1.0,1.0,0.1,0.9,0.2,85,2316.9124293059467,57223.8168584103
8,47,1.1859065925304033,1.6446483020153446,1.626006529585989,1.4207780609474592,1.1246135646458817,0.14616669254558304,1.0,1.0,0.1,0.9,0.2,86,2131.0209784988087,56975.1127639202
8,48,1.1853574442304122,1.6432558395006496,1.6243980907777364,1.4239975509725835,1.1232596313522125,0.14485243051502855,1.0,1.0,0.1,0.9,0.2,87,2278.701533281629,57690.38593566336
8,49,1.1824684691009262,1.64405889841338,1.6362839687383337,1.4484210347514976,1.1949158113401273,0.15282831090863788,1.0,1.0,0.1,0.9,0.2,88,1900.671707839712,62460.25816794429
8,50,1.1794694688335259,1.645992349059594,1.6496769181309796,1.4473015758153334,1.1766300231686653,0.1501049398046525,1.0,1.0,0.1,0.9,0.2,89,2280.226104408946,58473.399652272186
8,51,1.173854906474549,1.6153408062504724,1.6026865288255665,1.4455562999931557,1.2512683395380255,0.1505550875249971,1.0,1.0,0.1,0.9,0.2,90,2155.844457523446,72637.50810806386
8,52,1.1722907308510082,1.6209076682975025,1.6202954765340805,1.4591647566019048,1.1344146231649477,0.15015238490303834,1.0,1.0,0.1,0.9,0.2,92,2274.654521361186,69997.14009824317
8,53,1.17124473454905,1.6057551777038284,1.5914627914475532,1.4623947746901145,1.1289060403164384,0.15035873256991394,1.0,1.0,0.1,0.9,0.2,94,2106.866589703538,72547.87430752422
8,54,1.1707976944971765,1.604205562375317,1.589656054842865,1.465775337296271,1.120215218562146,0.14986132055651388,1.0,1.0,0.1,0.9,0.2,96,2228.3376506997447,65177.98316081306
8,55,1.1694488799329994,1.644473648011938,1.6811833410892572,1.5376854916274916,1.117812599284262,0.14775909491475891,1.0,1.0,0.1,0.9,0.2,106,2294.015623889401,62500.56061583587
8,56,1.166987321071867,1.6235202590436861,1.6455575274874612,1.5477828478156492,1.1829090773081845,0.14789471746541188,1.0,1.0,0.1,0.9,0.2,107,2126.9488379448057,66229.60556119129
8,57,1.1669722276810595,1.623459395577452,1.6454861374512795,1.5477770417858854,1.1152148563514408,0.14789471746541188,1.0,1.0,0.1,0.9,0.2,108,2143.980083195529,66098.6867076385
8,58,1.1655416158183933,1.617586870653357,1.6386061397050085,1.5621241803671861,1.1353445107598714,0.14800187272032234,1.0,1.0,0.1,0.9,0.2,110,2077.217636107371,66429.1826923996
8,59,1.2024804379381058,1.6535863933179926,1.6743839310191777,1.584173225953654,1.1623958678410726,0.5209442631248795,1.0,1.0,0.1,0.9,0.2,111,1995.9048915843089,67798.52934830527
8,60,1.2007266233744562,1.6417741170131455,1.660332680734543,1.5951114317544708,1.1834262714644506,0.5335548578292123,1.0,1.0,0.1,0.9,0.2,114,2086.697699109057,66561.00663360443
8,61,1.198658351123359,1.6372942106674582,1.6553207941982657,1.6043448824597115,1.1591706348476052,0.5198252261665786,1.0,1.0,0.1,0.9,0.2,117,2023.2910839610076,66566.53786838625
8,62,1.160472859178257,1.6081839384500018,1.6387423178603677,1.5852859291911132,1.133507212443425,0.14404877106552033,1.0,1.0,0.1,0.9,0.2,118,2309.3276830888176,66990.18452553819
8,63,1.1966512452534293,1.6497724048709865,1.6920605967954525,1.6413116411556736,1.1783396382554823,0.5220920880386065,1.0,1.0,0.1,0.9,0.2,120,1968.305072391005,68062.45404538795
8,64,1.1917097787414233,1.609620149213079,1.6444278059088153,1.6523697061958764,1.308062666141726,0.5573708998617322,1.0,1.0,0.1,0.9,0.2,122,3086.63192884523,65934.93163503305
8,65,1.2031259937230618,1.617190589612768,1.6512007719927164,1.683222963256173,1.1760898554563173,0.6796358555278154,1.0,1.0,0.1,0.9,0.2,126,2598.2366554999835,53349.66919073276
8,66,1.1877313821457967,1.599453239277549,1.643681740228266,1.6802772847894731,1.2687497692988814,0.5526884178098633,1.0,1.0,0.1,0.9,0.2,127,3129.9368231011176,66586.28242219656
8,67,1.1854409662486904,1.5684178041683166,1.5853569336896391,1.690989413502318,1.1716801633294605,0.5416387101640535,1.0,1.0,0.1,0.9,0.2,130,2650.5761640575406,58744.07679164061
8,68,1.1815152128148023,1.5445736660565983,1.5682938096002323,1.6907519807937936,1.4090758283165516,0.554322384236445,1.0,1.0,0.1,0.9,0.2,131,2443.5827016095463,67506.04825756924
8,69,1.1797367240142345,1.5390165756147538,1.5619925987728405,1.704017207329002,1.1693838520128959,0.5422038915542183,1.0,1.0,0.1,0.9,0.2,133,2583.9362839992405,64476.08521963992
8,70,1.1774878668802404,1.5344547263179142,1.5677861559212714,1.7142803796427668,1.2617934953822922,0.5390051829735745,1.0,1.0,0.1,0.9,0.2,134,2376.5029389020738,66203.1957953927
8,71,1.17490694498856,1.5128571010990075,1.5425085367981548,1.7234351753811097,1.2288244366646577,0.5379077402540774,1.0,1.0,0.1,0.9,0.2,136,2499.263448239241,66402.9455434338
8,72,1.174373470511881,1.496649015828739,1.51244135304486,1.714620088058947,1.1888086701150797,0.5380057996425793,1.0,1.0,0.1,0.9,0.2,137,2524.086281374984,66921.43481051116
8,73,1.1741146251493078,1.4950915669929443,1.510634651977616,1.7329877641151834,1.157096679239187,0.5369752862075149,1.0,1.0,0.1,0.9,0.2,140,2490.0325254716645,65840.75360373236
8,74,1.1736696636127755,1.4866072614290846,1.5006131747175668,1.7400976888992572,1.16464578976844,0.5419007143206386,1.0,1.0,0.1,0.9,0.2,146,2531.366962695534,288373.6026961028
8,75,1.1705197523962272,1.453403914155621,1.461722522177651,1.7482037900737024,1.3860707676924389,0.5419629322901751,1.0,1.0,0.1,0.9,0.2,147,2689.203803732299,289502.31267743144
8,76,1.1701514890845144,1.4418028930304925,1.4371151942672324,1.7612764352988703,1.1541108556996305,0.5383159118061076,1.0,1.0,0.1,0.9,0.2,148,2405.2429474766623,289398.34125679487
8,77,1.1701419826504034,1.451407104444654,1.4594217622208714,1.7552578696884586,1.1660944634812327,0.5397443999682533,1.0,1.0,0.1,0.9,0.2,149,2428.8540798990507,291331.9169868759
8,78,1.1691149522995254,1.446165804048637,1.4533899331717144,1.7616527586322561,1.1856204084022124,0.5334765032307897,1.0,1.0,0.1,0.9,0.2,150,2392.1011242195736,289953.31440924096
8,79,1.1690079171120649,1.4448133795791833,1.4518042931207094,1.768977610933878,1.1581184169045509,0.5335713139301305,1.0,1.0,0.1,0.9,0.2,152,2398.671009766861,290347.5249651809
8,80,1.1687693213836656,1.4523486006492463,1.4716986168119273,1.7662644030164332,1.1795447040471227,0.5343435530707533,1.0,1.0,0.1,0.9,0.2,153,2565.346906310484,291121.39435386576
8,81,1.1657121885957211,1.4075783703337261,1.4082611666997173,1.7837951754608408,1.3842329932953525,0.5295648675476637,1.0,1.0,0.1,0.9,0.2,154,3188.595958980321,65728.27395680209
8,82,1.1650349953985373,1.3936327113965326,1.3918724058965493,1.7939517628959545,1.2030032112903943,0.5327647205779014,1.0,1.0,0.1,0.9,0.2,156,3181.9258582285324,65414.67561178552
9,0,1.0,1.0,0.9510262383316989,0.012767904366277633,0.0,0.0,0.0,0.0,0.1,0.9,0.2,1,781.8546428463583,8001.541735541956
9,1,0.9825113552316737,1.0007216012986178,0.9508372968799271,0.02171268602052057,0.02460451872041403,0.05922232646947889,0.00010725661360837,9.750412846396e-05,0.1,0.9,0.2,3,750.5536819822771,7868.089025500393
9,2,1.3060930205093946,1.4487150853531177,1.3917794113539244,0.5203515958855695,0.784906414308476,0.0727610151370449,0.44975293536534294,0.41576155504565593,0.1,0.9,0.2,4,2050.2562396800377,3963.041035090403
9,3,0.7253674678880419,1.0390738689831436,0.9818854549223958,0.16143886560992088,0.6907929678797335,0.07263612672476423,0.13355810384718295,0.12141411216340567,0.1,0.9,0.2,5,779.0753984461219,5405.576237134425
9,4,0.5516131792971912,0.9456326981854832,0.8772759912960184,0.1318272461204448,0.3509303593073928,0.09575475663982565,0.09888130241575435,0.12476287659326413,0.1,0.9,0.2,7,1247.6255921705292,7399.780792509689
9,5,0.5059557496947856,0.914079896120314,0.8431372444334644,0.11915867383674601,0.1619055824737447,0.09905172431749666,0.08421166883728574,0.1068634956769243,0.1,0.9,0.2,9,1721.7920019007738,7319.256854731728
9,6,0.8980299584355205,1.3339173414060859,1.2875372423255935,0.577797313920149,0.5219715468913272,0.1006942089437162,0.3364756174278088,1.0,0.1,0.9,0.2,15,2213.304288933668,35492.74537043269
9,7,1.4451364728327694,1.9015223951717666,1.8493914365858266,1.1784580001397231,1.2313560293571646,0.14082922051064908,1.0,1.0,0.1,0.9,0.2,17,612.4299927960712,39691.16904283609
9,8,1.4395960980960634,1.8978141985604637,1.845030023744162,1.1858940101523643,1.1275125652033255,0.14189291896555264,1.0,1.0,0.1,0.9,0.2,19,628.8954259616494,39685.89636065059
9,9,1.4395961975006282,1.8754055012576982,1.7966200990250187,1.1706739191927804,1.1141894211105954,0.14189291914728755,1.0,1.0,0.1,0.9,0.2,21,628.8963216463865,39685.87603044779
9,10,1.4389190675758685,1.9197589640776662,1.892896477554317,1.2043420471925899,1.117408750278496,0.14188332751701815,1.0,1.0,0.1,0.9,0.2,22,598.1921676945465,40780.10540076605
9,11,1.4325471007734427,1.8704602620857809,1.7908818464575509,1.1820824093878253,1.1430403123956243,0.13874976085190246,1.0,1.0,0.1,0.9,0.2,23,884.7040492976181,39617.12219789638
9,12,0.6355202856024303,1.11273990213006,1.0696868842066878,0.4242783726001275,0.38755824144645745,0.10187279076606318,0.26907665662715446,0.42322152763940746,0.1,0.9,0.2,25,288.87565812600644,38486.023624619
9,13,0.7050123537975401,1.1960102519575841,1.1645806131835579,0.5216769443970184,0.44511192089092994,1.0,0.130119895294435,1.0,0.1,0.9,0.2,27,1468.9327005439336,95715.08846857928
9,14,0.692483744456305,1.1768614516036868,1.1292599220212725,0.5315691394913495,0.49233413176520185,1.0,0.14186890944143885,1.0,0.1,0.9,0.2,29,2258.2451985872062,246025.01732873885
9,15,0.968101260195507,1.486605781323389,1.4776213731574566,0.8370587099256119,0.7141518452995776,0.09839956959311368,0.5513544086995678,1.0,0.1,0.9,0.2,31,179.8677083804359,39259.59280760762
9,16,0.7823331373113851,1.3008812493388267,1.2917848218980055,0.6513651197528421,0.5251035340005517,0.11258809017590996,0.34414410564888215,1.0,0.1,0.9,0.2,32,184.24386023021844,41182.9776050631
9,17,0.8776227039017912,1.3988603725911657,1.3861656007213445,0.7776831343813491,0.7867448056564028,0.09463154048284587,0.4783509726389812,1.0,0.1,0.9,0.2,33,209.22173926909716,34388.48376289515
9,18,0.9648911907001285,1.4866821842085611,1.472003794155204,0.8760169573588032,0.8202177403928728,0.09214180225188587,0.589076870664113,1.0,0.1,0.9,0.2,34,208.4242762044392,35321.190570928295
9,19,0.8248511779121723,1.3015188902278094,1.2318226917371424,0.722413333179001,0.6781414261782632,0.10368342906792852,0.4514197904174574,1.0,0.1,0.9,0.2,36,238.91099429427783,35742.16817602085
9,20,0.823432601243439,1.3336375998253753,1.3027184219734442,0.757530849923032,0.6210423745882891,0.10368116064695505,0.451216098778121,1.0,0.1,0.9,0.2,38,246.56569455937296,35999.38182481952
9,21,0.8432908359055469,1.3635617989828275,1.3433610868091288,0.8062082618625968,0.7419027725352014,0.10766958599746153,0.48638041491692585,1.0,0.1,0.9,0.2,39,227.32650730652125,35869.989470396315
9,22,0.794325876387747,1.3208320654278622,1.308667806589752,0.7876073977389784,0.7246274669881927,0.10456079859651064,0.45900523542753235,1.0,0.1,0.9,0.2,41,230.3155448191388,36613.0646568298
9,23,0.8205834066348399,1.357543046552191,1.3578168148513658,0.8251861345720874,0.6638161353767347,0.10568809147699668,0.490870021883258,1.0,0.1,0.9,0.2,43,268.96763980974475,36230.49752363672
9,24,0.8143604095992854,1.3391746515141507,1.3257784792127107,0.8253996120769953,0.6627459335139545,0.10747981713175421,0.48705453522654024,1.0,0.1,0.9,0.2,45,265.4136241079358,36827.49497585967
9,25,0.8047067914461861,1.333704718203369,1.3291167819500724,0.8402215842052121,0.7423882829020247,0.10994946602771882,0.49545231863276784,1.0,0.1,0.9,0.2,47,269.53553610799787,36866.29359112364
9,26,0.7052751338762246,1.2264210583403028,1.2180675390780513,0.7682515073155964,0.6483923744158377,0.09866183133260432,0.40193330264113225,1.0,0.1,0.9,0.2,49,422.6372309469958,36844.33976536013
9,27,0.6931339510247982,1.2069847147354131,1.1955967456021128,0.7716171573538311,0.631762370344216,0.11696675300932544,0.3979910308105599,1.0,0.1,0.9,0.2,51,770.4420601709969,31948.17691396044
9,28,1.2256697952455804,1.7761993730614167,1.8137607803305473,1.3620978611738306,1.1328652138975122,0.12112536623861395,1.0,1.0,0.1,0.9,0.2,57,2841.1238373882984,48131.41445083877
9,29,1.221260663136956,1.7678323251066552,1.8040026805038136,1.3679697684015024,1.1402287226897436,0.11867684045100632,1.0,1.0,0.1,0.9,0.2,59,2684.244576294727,47047.545935067705
9,30,1.2157422432964062,1.7680542236934602,1.8153834580675279,1.3767324154707732,1.1492109743527152,0.11638919438103797,1.0,1.0,0.1,0.9,0.2,61,2774.2942231530324,46925.325588080486
9,31,1.200532107412862,1.7459426539596323,1.800670097260719,1.376124773196923,1.225272598328677,0.1103591739116084,1.0,1.0,0.1,0.9,0.2,63,4037.055503330332,46860.01822274733
9,32,1.1989625320611963,1.7297829959043354,1.7705283289883573,1.3934284033235118,1.131817870460401,0.11812202674712076,1.0,1.0,0.1,0.9,0.2,65,2727.740137011022,46691.95558137919
9,33,1.1987536741274893,1.740468295453886,1.7941252293484704,1.4106042686613425,1.1136193647214225,0.11812202674712076,1.0,1.0,0.1,0.9,0.2,67,2710.9800526044087,46576.06781481984
9,34,1.1968090624952568,1.7240822474897979,1.7638169963695802,1.4075643137119203,1.1496033041244549,0.1201264601300398,1.0,1.0,0.1,0.9,0.2,68,2816.085783935734,43657.70370889078
9,35,1.183285575039481,1.686742766859336,1.7200724269406706,1.403873292771576,1.3737170182268235,0.12073081524311424,1.0,1.0,0.1,0.9,0.2,69,2689.467832806901,47679.44561921786
9,36,1.179190236457424,1.6870450742067258,1.7316498448471023,1.405649289140318,1.1462770744510296,0.11245824485719,1.0,1.0,0.1,0.9,0.2,71,4075.8162910839615,50207.27943857327
9,37,1.1790867913858092,1.697920486605862,1.7554697078385992,1.4230068410826322,1.1123803179022809,0.11245824485719,1.0,1.0,0.1,0.9,0.2,73,4070.63787622316,50170.87823295129
9,38,1.1760620565125477,1.6754161491001878,1.7179115564675864,1.4297336273028172,1.1537963626971521,0.1193422884073172,1.0,1.0,0.1,0.9,0.2,75,2663.478856278071,46336.96618482115
9,39,1.173075099152214,1.6377905392669,1.641034366960398,1.4238279332849555,1.1108243629197172,0.09381875284095724,1.0,1.0,0.1,0.9,0.2,82,1658.7707364957955,30204.628482876546
9,40,1.1693738486844798,1.6704177242467748,1.7236109582762453,1.465008746834317,1.1929001927059815,0.09177323385624946,1.0,1.0,0.1,0.9,0.2,83,1752.2384893266972,27363.18878273406
9,41,1.1691035564980852,1.6693473499424574,1.722349339802449,1.4685238137217456,1.113127246827792,0.09223691107830431,1.0,1.0,0.1,0.9,0.2,85,1764.120179531657,27257.4036425749
9,42,1.1689087261215716,1.6688939397039244,1.7218341648695625,1.4827873236145972,1.1103948951366776,0.09131016582090248,1.0,1.0,0.1,0.9,0.2,87,1724.2937733683757,27162.80126524375
9,43,1.1678293107780615,1.665033365872544,1.717312453997626,1.4824308511897748,1.1360791394416634,0.09130827771971466,1.0,1.0,0.1,0.9,0.2,88,1742.945567697109,27214.42942461906
9,44,1.162509474943406,1.634705081614624,1.6707630355954042,1.4731791560700944,1.141648695168706,0.08813019381729846,1.0,1.0,0.1,0.9,0.2,92,1757.2383140840527,22093.53043541829
9,45,1.1607841428489862,1.648799468235737,1.7093539183550597,1.498056336678543,1.1706398628785546,0.09284247453940604,1.0,1.0,0.1,0.9,0.2,93,1825.9735118836008,28324.162681465405
9,46,1.1584072470798286,1.6616915881536178,1.7466381115036127,1.5299321409570914,1.174780828212016,0.09163211203604084,1.0,1.0,0.1,0.9,0.2,94,1819.058522721229,24318.32825009354
9,47,1.1461461493835887,1.5574607763797472,1.5802282146068418,1.4628006463256458,1.524212455905106,0.09174249644914154,1.0,1.0,0.1,0.9,0.2,95,1301.9791651945868,28427.208528089715
9,48,1.1458995587489738,1.555810995071818,1.5782855531604503,1.4735107096066196,1.1152088793004917,0.09234971088876835,1.0,1.0,0.1,0.9,0.2,97,1276.8178526945733,28158.443035344942
9,49,1.1452396598646561,1.5515362768089238,1.5732583657277046,1.4840582759931307,1.1246958729988275,0.09353706071172377,1.0,1.0,0.1,0.9,0.2,99,1328.7103373054583,28498.394361177467
9,50,1.1427594949775948,1.567354573613581,1.624924294879931,1.515683478164459,1.1742934132935192,0.0997648112761198,1.0,1.0,0.1,0.9,0.2,101,1462.9310291694856,33584.1991856969
9,51,1.1424205594094772,1.5648564884235294,1.6219855459601926,1.5303023592472063,1.1190364997734383,0.10051074139506573,1.0,1.0,0.1,0.9,0.2,103,1482.797862781928,33616.17258400573
9,52,1.1389777444071507,1.5109581026148866,1.5256804381042304,1.4985788397404105,1.2485168123926313,0.09648768749283004,1.0,1.0,0.1,0.9,0.2,104,1517.3993287115634,30555.562226817136
9,53,1.1388361821604247,1.5099334162419675,1.5244786095850291,1.5095729170142749,1.113270550076509,0.0965807744317472,1.0,1.0,0.1,0.9,0.2,106,1510.481641855537,29755.29614690703
9,54,1.1385836853579876,1.485962652779379,1.4742444346284727,1.48751857354185,1.1203366760696074,0.09628026809741433,1.0,1.0,0.1,0.9,0.2,107,1514.389797097038,29699.185392702253
9,55,1.131934813967349,1.520037108326252,1.5918880129540918,1.541482365703241,1.4118812813218813,0.0868461867282755,1.0,1.0,0.1,0.9,0.2,108,1530.8279851984466,27328.319436105
9,56,1.1320878168448902,1.53101915087676,1.615797573765734,1.5711198751129754,1.109483899010649,0.08888356826505919,1.0,1.0,0.1,0.9,0.2,113,1473.974269064633,33325.56396917159
9,57,1.1301932305543179,1.5155842917158486,1.5977429798509104,1.5695784412399731,1.2156104582341147,0.08751940219073391,1.0,1.0,0.1,0.9,0.2,114,1480.3783178893416,25691.763528223863
9,58,1.128684710388369,1.5115502851715912,1.6040755118390813,1.5800134709116174,1.1625973438330948,0.08893748738780143,1.0,1.0,0.1,0.9,0.2,116,1650.4291354285026,25771.472743782284
9,59,1.1274266109400508,1.4779334284572256,1.5425610449101452,1.597210551172643,1.1216824723312835,0.08758637044958276,1.0,1.0,0.1,0.9,0.2,122,1536.058902817048,21971.072467647664
9,60,1.1246409558656725,1.4707939367301703,1.5563731105883403,1.6025056159850577,1.3144250752891402,0.08696232915561106,1.0,1.0,0.1,0.9,0.2,123,1732.9328645976752,21666.740121345483
9,61,1.1240972189942195,1.4441489935960259,1.5139441299826564,1.605331541131246,1.1662681877034122,0.0950874839831998,1.0,1.0,0.1,0.9,0.2,125,1680.3810120509977,25318.86239617235
9,62,1.1240942533623453,1.455316413861252,1.5381058515113848,1.6169172341614633,1.109637542767238,0.0950874839831998,1.0,1.0,0.1,0.9,0.2,127,1679.8117709813723,25313.523418244917
9,63,1.123825541941928,1.442780884933735,1.512371984932754,1.627959370380826,1.1174023824415,0.0933277723617338,1.0,1.0,0.1,0.9,0.2,128,1776.3204555740783,24195.60407568353
9,64,1.1232043258644864,1.458245886446709,1.5526626049606296,1.6351157215640937,1.1571879785982333,0.09252463034875684,1.0,1.0,0.1,0.9,0.2,129,1764.661069736737,26306.40860249359
9,65,1.1202671557794697,1.4096502757993286,1.4847114585246064,1.615090730534988,1.3681474005376961,0.08969622218022294,1.0,1.0,0.1,0.9,0.2,130,1650.1459428726769,21448.92130341125
9,66,1.1188683878774708,1.3891430788740786,1.4607122849192689,1.6291079584400012,1.1800603204037443,0.08852712269999294,1.0,1.0,0.1,0.9,0.2,132,1693.835702332644,21493.070742006887
9,67,1.1187238313988368,1.3846132185614293,1.4553839270138524,1.6363606504109212,1.1252663586080605,0.08985232821602714,1.0,1.0,0.1,0.9,0.2,134,1719.129359940449,21629.97250837749
9,68,1.117535702013337,1.3647096394406486,1.4320839294998986,1.6457984695997134,1.1782403189749997,0.08914424488751543,1.0,1.0,0.1,0.9,0.2,136,1855.182788122504,21228.2441752682
9,69,1.1175031736723013,1.3638188559123259,1.4310377798637088,1.6575812705671604,1.1120758273755014,0.08930267256609115,1.0,1.0,0.1,0.9,0.2,138,1931.9448302988724,21346.822955102027
9,70,1.1170487168892962,1.3546663879724934,1.420313218009196,1.6605615838756076,1.1409852273091226,0.08957582900993742,1.0,1.0,0.1,0.9,0.2,140,1931.9534190271224,21550.08037223653
9,71,1.1167471687041854,1.3575326435770654,1.4347304320851453,1.6832575168955037,1.1287783879866407,0.0908327287709708,1.0,1.0,0.1,0.9,0.2,143,1817.330856107924,21141.94553220977
9,72,1.1166421225661554,1.3565287405377633,1.4335646711321717,1.6945891563846605,1.1123284522711154,0.09024976106731984,1.0,1.0,0.1,0.9,0.2,145,1854.2636525082803,21416.6574865333
9,73,1.1164299748026072,1.3529120444572067,1.4293348233073755,1.6903983880366649,1.1339923006276995,0.0898811182246408,1.0,1.0,0.1,0.9,0.2,146,1931.0064842342128,21288.223184948387
9,74,1.1161873574638694,1.34749936387454,1.422992170868324,1.7013954872442334,1.146948915974724,0.09006127882861051,1.0,1.0,0.1,0.9,0.2,147,1912.9639582248376,21617.98546923052
9,75,1.1161336636562988,1.3448928999574448,1.4199267547738341,1.7127072956682634,1.1185108323475517,0.09079708057585753,1.0,1.0,0.1,0.9,0.2,149,1928.8859697326172,21790.63481877153
9,76,1.1161933223818574,1.3559672621861905,1.4439677818218073,1.7364438478785635,1.109553778871651,0.09147527891123408,1.0,1.0,0.1,0.9,0.2,152,1988.9933359568024,19802.57258311497
9,77,1.115537011861554,1.3754247874015961,1.500005289011159,1.7977113729700418,1.115716685340202,0.0913250513701358,1.0,1.0,0.1,0.9,0.2,167,1877.035231738068,21929.956060611992
9,78,1.1155370118661518,1.3978333137609378,1.548414820056619,1.8266398608549081,1.1091325482945873,0.09132505140209111,1.0,1.0,0.1,0.9,0.2,171,1877.035234448506,21929.956082318407
9,79,1.1154472859826647,1.395505553116242,1.5456862687748827,1.8178191920763607,1.1255208413567912,0.09145252508846871,1.0,1.0,0.1,0.9,0.2,172,1906.8841380986544,22834.07885859636
9,80,1.1153240210031465,1.3933072935111526,1.5431165770878101,1.8387171544703504,1.1242365294123096,0.09115681300334226,1.0,1.0,0.1,0.9,0.2,173,1805.5910168494927,21791.193223623264
9,81,1.1151740742851577,1.3876093597985624,1.536426421068725,1.8336185936454437,1.1497093946003585,0.0921217182747422,1.0,1.0,0.1,0.9,0.2,174,1927.3827113916925,22840.53604776848
9,82,1.1151252231830646,1.3976420012548167,1.5592587656401249,1.8460598310615348,1.113287774729412,0.09212171830664674,1.0,1.0,0.1,0.9,0.2,176,1920.2744061580056,22797.09254099238
9,83,1.115001174153708,1.3950483101493605,1.556223815502112,1.853695781713317,1.1181968714116355,0.09195091117388857,1.0,1.0,0.1,0.9,0.2,178,1977.214613328185,23050.09189781844
10,0,0.7922326238700641,0.9480128548427701,0.890135917967599,0.007990598170689141,0.0,0.0,0.0,0.0,0.1,0.9,0.2,1,4142.118626963242,8787.441425597292
10,1,0.7820069187447686,0.9488850721206407,0.890254955209457,0.01625691194115913,0.020661891088430577,0.05157062828531409,0.00010196117805215999,0.00010985789032766,0.1,0.9,0.2,3,4167.72697989299,8929.762531177656
10,2,0.7841883501399447,0.9582435934448236,0.8991707903147103,0.030307665920081904,0.036919512495657766,0.033029202424883594,0.01469684997786569,0.00341769688157765,0.1,0.9,0.2,4,4442.534521102825,9643.839795151038
10,3,0.5944128617708765,0.9595950680439562,0.8961178503503769,0.11533512091399138,0.8208710575198952,0.06323992110201436,0.09203802457461996,0.09916620622521369,0.1,0.9,0.2,5,2976.852578017777,6589.6696206581255
10,4,0.4710198892979305,0.8740655944441765,0.8039881818013365,0.06940129463080003,0.19498970577141497,0.0555236481013322,0.05036297094845639,0.055612553297022096,0.1,0.9,0.2,7,2260.7626319686265,15966.85785334931
10,5,0.45866142000313226,0.8738952177262349,0.8010993350446626,0.08731776890993559,0.13284400232194243,0.059095396424664035,0.06339484693189723,0.0737009038502612,0.1,0.9,0.2,9,1783.9079778738628,35210.97798208216
10,6,0.79562567026078,1.227632063525608,1.1665147811164638,0.4487403756759276,0.4830183981014707,1.0,0.14217499445409917,1.0,0.1,0.9,0.2,10,3015.461226495648,6696.251669074087
10,7,0.3773149758064223,0.8089191587331774,0.7316020486929096,0.056875968527117765,0.16868283792463243,0.04009005778823767,0.032733741758117066,0.028298458352595517,0.1,0.9,0.2,11,2208.075488472858,15887.647316322826
10,8,0.3847881620060237,0.8213580652178777,0.7423101008809476,0.08838532600581495,0.13229772576516222,0.03478215073562269,0.05843769454929069,0.02801463984375095,0.1,0.9,0.2,12,2695.081068168636,15858.19841336781
10,9,0.34449124789718993,0.7850341196044753,0.704374409172461,0.0567528416835721,0.10025912395303758,0.04507014923787312,0.028047164456442442,0.025062937863793773,0.1,0.9,0.2,13,2206.5335649196654,15839.769050270226
10,10,0.4399446217851845,0.8818700912841502,0.8006018194418003,0.16712812234957705,0.16001851581113885,0.15986237926895377,0.048733434213417894,0.3765276930791608,0.1,0.9,0.2,14,2625.6700285959405,15987.887213973016
10,11,0.3351909826350575,0.7797969142362096,0.697218527312919,0.06642909521217973,0.09408139148771544,0.053287597201573535,0.03165859773321174,0.034535916125610626,0.1,0.9,0.2,15,2214.141045561318,15794.605591607466
10,12,0.42731173439662673,0.873613304632574,0.7901089631306331,0.16919792387209287,0.1588347868850043,0.25177342644914413,0.028240233939682457,0.4467913984148916,0.1,0.9,0.2,17,2106.6785225797485,15418.788587569585
10,13,0.31760949762656915,0.7768699772493317,0.7053043873938255,0.0735319383035281,0.08161803526845128,0.04381608033966499,0.03202465620276515,0.025006256240176623,0.1,0.9,0.2,18,1053.2507789206943,12445.873326741748
10,14,0.6100686632264893,1.069745140362547,0.9978913226822912,0.37787662245840103,0.34441999107536014,1.0,0.03640335492573933,1.0,0.1,0.9,0.2,19,1406.498804345208,12493.53675784094
10,15,1.3075353551257516,1.7945666215039597,1.736024337265671,1.1531494796549409,1.6267794121675607,0.09272115414834632,1.0,1.0,0.1,0.9,0.2,20,1108.0781251996086,14412.438778360116
10,16,1.3021850767008998,1.799728580059881,1.7531299188759653,1.1599529338270844,1.1309535163805882,0.0940104143572878,1.0,1.0,0.1,0.9,0.2,22,1147.853852601444,14179.867499483847
10,17,1.2831672298843133,1.7771664377723548,1.7268800707539194,1.1718966487444593,1.1459937942551242,0.08372085765249389,1.0,1.0,0.1,0.9,0.2,26,1438.9318500907684,13141.12975234572
10,18,1.2790351704489742,1.7716025456052547,1.720186329066583,1.1793699136162885,1.1324216102931064,0.0940572495202375,1.0,1.0,0.1,0.9,0.2,28,1428.7956721939504,15564.37120637729
10,19,1.2782410169458425,1.7817708476213996,1.7431776608201492,1.1950713448134875,1.1130043226728326,0.0940572495202375,1.0,1.0,0.1,0.9,0.2,30,1411.0526339617998,15413.093830635862
10,20,1.2741320644399705,1.7766019177851646,1.7372293019568918,1.1959495381485212,1.1194700524152414,0.08788390794311743,1.0,1.0,0.1,0.9,0.2,33,945.0187170327396,22546.7740781618
10,21,1.2671832420988844,1.768928488072253,1.727818082499011,1.2150823113929605,1.1562140308528317,0.1126223442803151,1.0,1.0,0.1,0.9,0.2,35,1198.675804292189,23488.15645190256
10,22,1.2447598899807573,1.7433877157473499,1.7089851547371975,1.2199243959255557,1.2299304165984644,0.11262234428031506,1.0,1.0,0.1,0.9,0.2,37,1040.326297874571,21191.56361337016
10,23,1.2395915051395894,1.733730490093792,1.6974208403543822,1.2406116722922882,1.1386995880812905,0.1274097151782617,1.0,1.0,0.1,0.9,0.2,40,1459.3267558175453,22829.40716065246
10,24,1.2294818453443521,1.7269192627529895,1.700536136702674,1.2541840510194082,1.175447750228199,0.12674818147078115,1.0,1.0,0.1,0.9,0.2,42,1458.6875188015788,20267.30435372835
10,25,1.22882434898463,1.7143831144745298,1.6747581745264548,1.2617569191629137,1.115947782376353,0.12751597456908212,1.0,1.0,0.1,0.9,0.2,45,1440.1587954754525,22208.65182241906
10,26,1.2271357561032017,1.711266147812242,1.6711212434097056,1.2679452475476551,1.1232729719112753,0.1267130744420623,1.0,1.0,0.1,0.9,0.2,47,1408.7764237605877,22309.24499686132
10,27,1.2260304048734578,1.7174465521942015,1.6889092906695728,1.271657721537873,1.1442694910942768,0.15780500288435634,1.0,1.0,0.1,0.9,0.2,49,1362.6956398422235,11835.778634584223
10,28,1.2260979651916832,1.7173768825154776,1.6887951732326905,1.2739958236609257,1.1176540412806761,0.15970184200378482,1.0,1.0,0.1,0.9,0.2,50,1368.3144723241828,11829.265906300709
10,29,1.2159660463076498,1.696567763916801,1.6644406999589691,1.2787781762518988,1.260497689487809,0.15863192360982886,1.0,1.0,0.1,0.9,0.2,51,1312.064686749596,7684.871781936677
10,30,1.2159660458063284,1.696567763905125,1.6644406999472934,1.2787781762388593,1.1158638898942146,0.15863192349307087,1.0,1.0,0.1,0.9,0.2,52,1312.06467516168,7684.871649779394
10,31,1.2117885623901519,1.6872308105578389,1.6534884629667654,1.2870475944809439,1.1819096322082068,0.15958366620399994,1.0,1.0,0.1,0.9,0.2,53,1304.1553844874825,7593.89501504797
10,32,1.2117885620513829,1.6872308105464644,1.653488462955391,1.292685677093087,1.1159584950032109,0.15958366609025693,1.0,1.0,0.1,0.9,0.2,54,1304.155374347698,7593.894885805523
10,33,1.2111342127781777,1.6858808785313364,1.651923993865437,1.2937027789678186,1.1246706987433261,0.1586126459548311,1.0,1.0,0.1,0.9,0.2,55,1313.9017685372723,7537.790033167461
10,34,1.2095021354613624,1.6818801770547285,1.6472051085834742,1.2992177070537427,1.1452562851932497,0.16053987556497198,1.0,1.0,0.1,0.9,0.2,56,1291.9523094398992,7651.808604537798
10,35,1.2082995184327554,1.7028535705995702,1.6941110275840172,1.310854233894847,1.1177262469365261,0.1501874139553519,1.0,1.0,0.1,0.9,0.2,57,1452.3927512651694,5872.037571292622
10,36,1.2126486965240555,1.7037699843180458,1.6940046324822389,1.3241939023997202,1.1635412557274314,0.2190712629105628,1.0,1.0,0.1,0.9,0.2,58,1396.1861922633657,7858.721366964548
10,37,1.2109602817317022,1.6994751787763342,1.6889451488230547,1.3274611490823567,1.1532832772985333,0.2207775017230027,1.0,1.0,0.1,0.9,0.2,59,1423.1829438457048,7699.969487224122
10,38,1.1926570723157308,1.662986706806837,1.6473514510618292,1.3204117160907605,1.3260313406016555,0.15399554298120724,1.0,1.0,0.1,0.9,0.2,60,1471.083865490257,6122.57052330877
10,39,1.1977700805876288,1.6651586981052275,1.6487734236537213,1.3265188501056142,1.136028510507243,0.21950979728692022,1.0,1.0,0.1,0.9,0.2,62,1409.2478284092954,7536.849521164813
10,40,1.197583961158942,1.664718643255846,1.6482661078804115,1.332262688616523,1.1246449197872173,0.21903631008355823,1.0,1.0,0.1,0.9,0.2,63,1406.856825892357,7532.547016201586
10,41,1.1957216732231908,1.6596460359858554,1.6423486501515614,1.3329171081060154,1.1562176865399205,0.2176404186960863,1.0,1.0,0.1,0.9,0.2,64,1424.0205914913945,7179.304864943301
10,42,1.1894792024447218,1.6528618180899666,1.6455486515959186,1.3546831799189811,1.183072147392138,0.21388439231558123,1.0,1.0,0.1,0.9,0.2,66,1535.0669468843512,6426.211444164961
10,43,1.1781594813468863,1.6402005887533104,1.642792924145246,1.3532569183344292,1.1785292745020661,0.1559640430452454,1.0,1.0,0.1,0.9,0.2,68,1338.4906429949406,5881.6736924444
10,44,1.1757896883557206,1.6316066754921321,1.6326996602725152,1.3598218742907038,1.1463503180795866,0.15757256152680263,1.0,1.0,0.1,0.9,0.2,70,1345.5213943597212,6208.501006678477
10,45,1.1716825713939616,1.5839633809257179,1.5437097697593785,1.3854171122606516,1.124131983660485,0.15419748787243145,1.0,1.0,0.1,0.9,0.2,81,1186.3660147089054,14515.041302549083
10,46,1.1706646153286828,1.59128067405725,1.563361714462021,1.3990622066289482,1.1288767451015003,0.1541974878724315,1.0,1.0,0.1,0.9,0.2,83,1145.4298542947377,14199.952763892008
10,47,1.1727811219635744,1.5880310573648926,1.55887409277389,1.409093045155289,1.1699063309973379,0.1939972028771516,1.0,1.0,0.1,0.9,0.2,84,1258.527292439072,14188.693759016403
10,48,1.1682930150981703,1.5714064517491821,1.5290352320564944,1.4012699558458428,1.1239538486216252,0.15227677284654562,1.0,1.0,0.1,0.9,0.2,85,1178.3932660712835,14587.304934028343
10,49,1.1681065402795103,1.570296672355086,1.5277143237120627,1.394817009346874,1.1239346483961903,0.1535038308180184,1.0,1.0,0.1,0.9,0.2,86,1090.560506978727,11989.9076675146
10,50,1.1673329781737296,1.5674489387532349,1.5243934702937785,1.4047689348522514,1.124913921352589,0.15265440531482416,1.0,1.0,0.1,0.9,0.2,88,1067.3194136379504,12104.25333755689
10,51,1.171069479228881,1.5692318132868635,1.52573235062143,1.4156894997489353,1.1377635235568853,0.19640825183021154,1.0,1.0,0.1,0.9,0.2,89,1229.4176447688217,12001.050968678954
10,52,1.1662031275908749,1.5631277183622996,1.5193480004477775,1.4112959411678851,1.1265901668373048,0.15173376219862847,1.0,1.0,0.1,0.9,0.2,90,1071.4581081288682,11908.780284936774
10,53,1.165057986421144,1.557450036274268,1.5126490781718913,1.421545752748962,1.1362833346375687,0.1545860417485899,1.0,1.0,0.1,0.9,0.2,92,1126.4872651267106,11824.824238655468
10,54,1.1624378967845632,1.5570292852651788,1.5232243748965104,1.4484776632819059,1.156418376021767,0.15537925184688678,1.0,1.0,0.1,0.9,0.2,94,1205.4803828083204,12954.515513092225
10,55,1.1607869867287686,1.550327118627492,1.5154111148935134,1.454871726103047,1.137983170563347,0.1532370146869615,1.0,1.0,0.1,0.9,0.2,96,1235.1267197666384,13108.300704294084
10,56,1.1601142527423072,1.5472631092780191,1.5118242626521163,1.4617843927057776,1.1259762919529568,0.15312781388917135,1.0,1.0,0.1,0.9,0.2,98,1235.084719145342,13064.236798803602
10,57,1.1593774779974424,1.5446836043606962,1.5088430593840656,1.4614198880464448,1.1314767297072026,0.15078913428711604,1.0,1.0,0.1,0.9,0.2,99,1271.0724395350912,12687.859192246313
10,58,1.1592839190812734,1.544018005477371,1.5080530751638126,1.468534012264607,1.120204121396097,0.15139572985170088,1.0,1.0,0.1,0.9,0.2,100,1243.5809688850743,12725.271893826935
10,59,1.1586307336692072,1.530680709227415,1.4813940412877036,1.4715006711742933,1.1192440413979783,0.1488245110220643,1.0,1.0,0.1,0.9,0.2,103,1078.3538216913153,12848.229631834614
10,60,1.1577975293340719,1.5254950473258717,1.4752671165101827,1.4748460047700485,1.1535886218693892,0.15192965359366212,1.0,1.0,0.1,0.9,0.2,104,1198.3098577388937,13447.233959914618
10,61,1.1574162691724557,1.5236542129691506,1.4731117933053435,1.4817506932659794,1.1216188896297938,0.151884638420328,1.0,1.0,0.1,0.9,0.2,106,1228.720172217239,12887.70421521797
10,62,1.1515073724557723,1.494166047101094,1.4386318083737122,1.4822632547825236,1.3183655389787148,0.1484859839160042,1.0,1.0,0.1,0.9,0.2,107,1197.7074973786318,14841.590935361408
10,63,1.1442098291843483,1.6012415211302555,1.6868715766874092,1.5345423504535443,1.1124364624045775,0.0942992262226518,1.0,1.0,0.1,0.9,0.2,132,1285.9855852533467,30442.613433755207
10,64,1.1378070843905819,1.5995231981715867,1.7290338259384572,1.655864802667031,1.1434392765182144,0.10317445035344538,1.0,1.0,0.1,0.9,0.2,142,1300.9484856138104,55207.08423779606
10,65,1.1361929295919198,1.6003034339399786,1.7410703523131394,1.6701671787018744,1.1456636702535685,0.10078559673898475,1.0,1.0,0.1,0.9,0.2,144,1352.6117064873863,46869.87174969306
10,66,1.1358936123198984,1.5977925237989603,1.7381234843396303,1.6815196760218745,1.1160422343426448,0.10113144332772228,1.0,1.0,0.1,0.9,0.2,147,1342.389019660237,46530.4682839577
10,67,1.1354397471157442,1.5945271330549857,1.7343051656141208,1.688884865703954,1.1213296246819635,0.10076594665482683,1.0,1.0,0.1,0.9,0.2,149,1349.2524865169908,47033.27087106968
10,68,1.1346816581944748,1.610362516837979,1.7750010901305069,1.7001383206077072,1.1567649876209187,0.10163727525159168,1.0,1.0,0.1,0.9,0.2,150,1232.7680850718702,48334.6622169061
10,69,1.133173806876029,1.574600639717142,1.7109301441420863,1.6946006416082422,1.1572929140446386,0.10286334622776154,1.0,1.0,0.1,0.9,0.2,152,1245.6752658457203,49721.37501850864
10,70,1.131548465182181,1.5700427562291939,1.7166422055903137,1.7054801595252516,1.2218247468670032,0.10468620979801065,1.0,1.0,0.1,0.9,0.2,153,1240.0185984468349,57934.7556989497
10,71,1.1288871994000471,1.5254539653329668,1.642320594708842,1.7143684699489228,1.1861620173042855,0.1007952892909169,1.0,1.0,0.1,0.9,0.2,155,1233.5149234429148,51388.13390481493
10,72,1.128866352649388,1.5364478563335082,1.6662789071271256,1.7185663728808604,1.1108132633918288,0.10079528929091697,1.0,1.0,0.1,0.9,0.2,157,1236.161330388452,51400.28792090497
10,73,1.1268154960531773,1.524526107353248,1.6524855472058593,1.7398166534999924,1.1472575917597723,0.09086704328111343,1.0,1.0,0.1,0.9,0.2,159,2716.220411190975,47950.71652081631
10,74,1.1268110712108346,1.5356836116604922,1.6766357203463818,1.7596692636681173,1.109250087940188,0.09086704328111356,1.0,1.0,0.1,0.9,0.2,161,2708.936254753485,47929.27608528753
10,75,1.1253803571170897,1.5472125128882348,1.7232799903398415,1.7663742661630562,1.1361108594356777,0.09694374592249572,1.0,1.0,0.1,0.9,0.2,167,1235.6096248136316,48653.917412749695
10,76,1.1252753212599285,1.5543447137903346,1.7426705360890329,1.7940920048121412,1.1250889269929663,0.09955671436798949,1.0,1.0,0.1,0.9,0.2,169,1348.1114816279728,51666.31168236321
10,77,1.1251122549739665,1.5397500185815305,1.7144726296984982,1.7856514205950897,1.122363618423235,0.10084977077690085,1.0,1.0,0.1,0.9,0.2,171,1339.2318389324562,51942.748053054114
10,78,1.1245399309985298,1.5442285984234168,1.7308047187719506,1.809030446636055,1.1334596963298484,0.10056412087179552,1.0,1.0,0.1,0.9,0.2,173,1338.4559920813676,51509.03299692814
10,79,1.1244832973720162,1.5429503818596746,1.7292992367130757,1.8251754708802446,1.1147517769488084,0.10105566174680616,1.0,1.0,0.1,0.9,0.2,175,1348.3833277222427,51146.14778445404
10,80,1.1235536744633379,1.5447595573225377,1.7425365142096783,1.8122170245583287,1.1312583798531994,0.09891202350048012,1.0,1.0,0.1,0.9,0.2,178,1241.488703518961,49760.59108435125
10,81,1.1232237896517177,1.553144495113794,1.7634608857986362,1.839608876451983,1.1160424078985416,0.09765683720871297,1.0,1.0,0.1,0.9,0.2,181,1241.751641816023,49112.2343498663
10,82,1.1226183802702132,1.5574758332886929,1.7796332515797701,1.8512423033466612,1.1333214866962835,0.09663220959481375,1.0,1.0,0.1,0.9,0.2,183,1227.4595885395595,49164.16358640449
10,83,1.1223863797681883,1.5422569761121734,1.7507154696382046,1.853818946595774,1.1239602887709101,0.09726906610711053,1.0,1.0,0.1,0.9,0.2,185,1266.867961008324,49576.706960224
10,84,1.1219730087190047,1.5381021622527753,1.7458707296033291,1.8612137514365525,1.1236786264080967,0.09600536163889994,1.0,1.0,0.1,0.9,0.2,187,1253.1185470482692,48250.93694905691
10,85,1.122026225684914,1.537469730839609,1.7451118783316344,1.901585085028262,1.1104546231471195,0.09706501690795796,1.0,1.0,0.1,0.9,0.2,194,1274.0273939498252,49752.72872791114
10,86,1.121758729045676,1.5348257276092903,1.7420301933400257,1.9052296808485563,1.1185554906168327,0.0961808018314386,1.0,1.0,0.1,0.9,0.2,196,1270.4558394724947,49573.32937380108
11,0,0.9479124776397997,0.9880552028219449,0.9370358909469955,0.011670124676483594,0.0,0.0,0.0,0.0,0.1,0.9,0.2,1,1594.1202572244688,7447.518020471225
11,1,0.9350130034467227,0.9887044117379877,0.936961692505818,0.019553078027159915,0.019630644919105315,0.04763842942806326,9.836315272015e-05,0.00010433135660194,0.1,0.9,0.2,3,1581.351922312843,7112.236651167639
11,2,0.9040804964080409,0.9904768074026757,0.9369082708897979,0.03332059373849297,0.09174872951453404,0.034426236360832155,0.01449090885411963,0.00410935365430019,0.1,0.9,0.2,4,1479.0671787135002,7243.502654430772
11,3,0.7572815199007362,1.0365401663126057,0.9831770395508311,0.1386830024132564,0.6584778186418356,0.05840500879488052,0.10883419048372797,0.11543772666723182,0.1,0.9,0.2,5,672.148991959103,6258.860415249133
11,4,0.6017296105411387,0.9601327240806331,0.8977739752071384,0.11459297509045295,0.28522059101948316,0.07628838735027345,0.08522596353488758,0.09332939771587208,0.1,0.9,0.2,7,587.2918940694009,8454.806955516327
11,5,0.5830010779955219,0.9659631836669701,0.9143354338625059,0.12754079116198994,0.15347980366593,0.08756204184205296,0.07867975926983078,0.15654699797856997,0.1,0.9,0.2,9,779.6410640237222,3943.817064781512
11,6,0.48308057595451315,0.8787340106776343,0.8250690317500757,0.06267115898080061,0.07708594134716715,0.08117765517137598,0.02127513368164307,0.04139364775065588,0.1,0.9,0.2,11,680.9375057650906,2672.2040780504717
11,7,0.420541915036006,0.844368522435539,0.7851884138452626,0.06377049608957236,0.14585882779881962,0.08456215928048373,0.01980745879785971,0.03549655261077299,0.1,0.9,0.2,13,773.416488488858,3215.931495577045
11,8,0.4188197898400168,0.8657825465920098,0.8324331324589421,0.06303904504549372,0.04029755836814876,0.08456215928048379,0.019807458797860188,0.035496552610773655,0.1,0.9,0.2,14,732.7921917939135,3330.1892671335445
11,9,0.4718347554032639,0.8916922194384317,0.8177485214140753,0.13016917679023807,0.16715163663232224,0.0753792649040716,0.08492960531539176,0.09114922930509864,0.1,0.9,0.2,15,636.6334115305863,5390.0281675922215
11,10,0.42617550618442585,0.8564794527425063,0.779575188808517,0.11707750627876327,0.144727703248954,0.07814081861147916,0.06938848889141155,0.070075167995901,0.1,0.9,0.2,17,851.9340343496588,7069.618665881288
11,11,0.8615024795392345,1.300664481693946,1.220592711142516,0.5805270785170007,0.6761143911390171,0.2053076010850922,0.3626987226820217,1.0,0.1,0.9,0.2,18,627.4293184772005,47562.53098732099
11,12,0.7784439818234652,1.2257254434988558,1.141644335754614,0.5335766575636671,0.5771486570921949,0.21056092987270567,0.3048617147122785,1.0,0.1,0.9,0.2,20,605.4024863590231,49390.38200016271
11,13,0.3319586324718799,0.7930370263259823,0.7201663119967993,0.12223656243702088,0.08023255321973649,0.04951217419578925,0.05395851930149832,0.04239570376872826,0.1,0.9,0.2,24,543.1205893418369,10271.718242655374
11,14,0.5608393014019111,1.0352055204053228,0.9734650632468869,0.36696691307463036,0.3801448831151818,0.1056886919025239,0.1896107039500239,0.6132943669655905,0.1,0.9,0.2,25,1071.3535542447246,3869992.941665076
11,15,0.3538082095771898,0.8188525091726009,0.7415019556262846,0.1763494326346498,0.220404384383712,0.08534166304386652,0.06557122790719142,0.23209267063451683,0.1,0.9,0.2,26,633.8941476988996,26464.90021971913
11,16,0.3530192646113161,0.8180681791216244,0.7407115340428646,0.18016648475148486,0.11347872923781577,0.08959238389143913,0.06428147763935763,0.23202904919353418,0.1,0.9,0.2,27,632.1862403119899,26489.486300143188
11,17,0.5309839678878263,0.9943306596140704,0.9079374840216059,0.40562356780664266,0.711032859336328,0.10449463740482404,0.14644123742093848,1.0,0.1,0.9,0.2,28,641.879047698956,155778.7618623991
11,18,0.5304178121897285,1.0048624327796931,0.9313545969744228,0.413222481435077,0.34455551502771936,0.10449463740482397,0.1464412374209386,1.0,0.1,0.9,0.2,30,649.2224304520522,155649.475532883
11,19,0.3928738382276185,0.867258684571846,0.7937082940839919,0.3038871613746622,0.2051999035639073,0.10060956018208007,0.11876150196929292,0.4397255211481452,0.1,0.9,0.2,35,1166.095828818201,322624.2541850255
11,20,0.36961162609580306,0.843316185909922,0.7690098663622598,0.2921861364389257,0.20077828115170285,0.10003828527637412,0.10689575563584881,0.3957652237174647,0.1,0.9,0.2,37,1127.202178650296,322355.4438068168
11,21,0.39605996267906884,0.879104190374375,0.8160367391478577,0.3355223541748991,0.2561586090847383,0.09812326114855487,0.11925731588251612,0.515446187131114,0.1,0.9,0.2,39,1152.5400773160943,376587.9482567275
11,22,0.3562665038800226,0.827870772090936,0.7515871468044242,0.288261461077,0.18594351177822174,0.09847851856974445,0.10537791612571996,0.38387628770584736,0.1,0.9,0.2,41,1256.1580795642178,361918.66553262086
11,23,0.35148954856811454,0.8217889876102221,0.7444678423270152,0.29385317947455564,0.20259272743786289,0.09812227991080533,0.10539038090172823,0.3838809351267403,0.1,0.9,0.2,43,1219.306413777992,361597.2595590004
11,24,0.3484016879613677,0.8171019697585549,0.7386391921635838,0.2982949090830873,0.22981036938808788,0.0980098812269118,0.10732460043410663,0.3851293533175334,0.1,0.9,0.2,44,1132.5004276603954,361305.7267668289
11,25,0.36129103539544827,0.8392099254217922,0.7724448130289603,0.3277779385686157,0.22849639405520933,0.0983080336589236,0.1145591335884508,0.4449800148453275,0.1,0.9,0.2,46,1126.6595279331962,384584.9622242687
11,26,0.39677403586981186,0.8850629949894451,0.8306766731510979,0.38771412012062834,0.2537669715762493,0.1007037197555671,0.16200502763472735,0.42167229482341845,0.1,0.9,0.2,48,1163.8737145436617,17102721.68370723
11,27,0.36902108551312135,0.8551385282236996,0.7995267985782017,0.3701022247938356,0.24220078248420593,0.10005868070609687,0.14611410022779028,0.37965689156650073,0.1,0.9,0.2,50,1123.9870173268716,17103007.860682648
11,28,0.3789629664377311,0.8847787917047811,0.8537722090813331,0.39374497615921417,0.2887500937680265,0.10948377471719697,0.15279749134258724,0.42178663159481244,0.1,0.9,0.2,51,762.306487318625,17119586.58858426
11,29,0.4055244280978115,0.8928571131150193,0.8454139100076308,0.41902172731533815,0.41199653012702586,0.11149810159197937,0.16988997042194504,0.5405919644729573,0.1,0.9,0.2,52,1211.1591782536966,5261091.01627739
11,30,0.3992118894070158,0.8815747413490508,0.832031921420595,0.43363224566543224,0.3160018115526656,0.10185244538183096,0.21069155374428944,0.36669523525350034,0.1,0.9,0.2,54,1220.8644154498909,83615208.59166361
11,31,0.3855698888574336,0.8718089039820273,0.832435561379803,0.4367384643300495,0.38409339650468455,0.10276183255141061,0.2058939345793621,0.3656403750887399,0.1,0.9,0.2,55,1185.1719224929243,83613919.92197384
11,32,0.3836554048168008,0.8681142378928941,0.8280890129300891,0.4431320876382513,0.2821122885702807,0.10261457826373199,0.2060171081213292,0.3657173367577944,0.1,0.9,0.2,57,1218.7942781408012,83609298.04632679
11,33,0.38135145897197914,0.850446431318441,0.7959432907520192,0.4386202899194835,0.331229443011258,0.1045231033874688,0.2079396930863951,0.3669242953850174,0.1,0.9,0.2,58,964.3726240034764,83615563.28465873
11,34,0.3788193411420223,0.845429147984014,0.7900708254182941,0.44141128400649254,0.3058317498988671,0.10384947096573276,0.2081876144750491,0.3660241825423776,0.1,0.9,0.2,59,972.2135584773284,83610994.03797017
11,35,0.3033504068460233,0.7673288557787786,0.7110849176162568,0.37128334702417315,0.23416347512027552,0.10380007258745765,0.1367787771805447,0.3227447586165539,0.1,0.9,0.2,60,984.4235874866464,16793698.777908858
11,36,1.0893688825778813,1.5893030585267693,1.5822101621571547,1.1975920617753335,1.1081093764159609,0.09697553971190198,1.0,0.410690030156095,0.1,0.9,0.2,61,1130.503924478109,17163981.758465976
11,37,1.0891420713055433,1.5885942516709561,1.581351252478448,1.2045450558418633,0.995063345252373,0.09718757766234169,1.0,0.4114209497171254,0.1,0.9,0.2,63,1140.6865666694289,17174824.089557577
11,38,1.0614859961264533,1.5176649241936981,1.4882728150878919,1.193342201890252,1.3591561342225726,0.11013074399424665,1.0,0.3734261875432901,0.1,0.9,0.2,64,926.9816482469312,19547579.13792851
11,39,1.0442353081117188,1.463414143543877,1.4247496446679695,1.1951581716948945,1.176397753560006,0.1085177454864618,1.0,0.3736955491677413,0.1,0.9,0.2,66,1035.5646343412986,17172379.401118387
11,40,1.0421270923959458,1.4664648393064725,1.4394044836854072,1.2109336518925262,1.0126252930945319,0.1085177454864618,1.0,0.3736955491677436,0.1,0.9,0.2,68,1051.2160491320044,17168953.91195851
11,41,1.025432868496601,1.4230476866382085,1.3794220111761142,1.191357881312143,1.1189100272883272,0.10690446767740018,1.0,0.3175164049417803,0.1,0.9,0.2,69,1026.041027686358,17127792.135511693
11,42,1.024428580713674,1.4300580979666777,1.398714774759217,1.2076176798005422,0.9887005305298215,0.10690446767740018,1.0,0.3175164049417797,0.1,0.9,0.2,71,1057.411664614679,17122855.85911023
11,43,1.0241030130680295,1.4028698673621107,1.3445264515277353,1.1784059903087305,1.015990811719511,0.10646874280720624,1.0,0.3230031946091903,0.1,0.9,0.2,72,1052.0229165633814,17125809.092684265
11,44,1.0218971168368498,1.4182255435629165,1.3847987539295614,1.227958732506638,0.9835438905463284,0.10783883209666374,1.0,0.31871315951713225,0.1,0.9,0.2,77,1873.3523301662092,17125987.8408131
11,45,1.0191344664779987,1.406666828108139,1.3713100450811813,1.2334876030036421,1.0132878493741162,0.10774232624587284,1.0,0.31731526640125646,0.1,0.9,0.2,79,1791.3569363396405,17125184.66658543
11,46,1.0367524973283715,1.4282100740600818,1.4042689271099247,1.2450900229413284,1.059158717636718,0.09658879117988328,1.0,0.4208632705047757,0.1,0.9,0.2,80,1440.153940295835,5206200.73206474
11,47,1.0351986755247204,1.4316401406978836,1.41936811660992,1.27191513513386,1.0205086062497213,0.09658879117988328,1.0,0.4208632705047748,0.1,0.9,0.2,82,1374.543763011066,5210753.572491505
11,48,1.0358276868315723,1.4407678487265723,1.44090784957986,1.2832448003987986,1.0209188855336198,0.10224500375360143,1.0,0.4248330679107254,0.1,0.9,0.2,83,3410.585436256584,5210149.575754503
11,49,1.0420499344297343,1.4560507642509288,1.4687451670876768,1.2892236863921929,1.0183427639281144,0.09803919634405957,1.0,0.4603537586738516,0.1,0.9,0.2,84,3349.2648347400805,5205266.2657558825
11,50,1.0327688892686508,1.426541993513286,1.424322524731943,1.2885971922970698,1.0738199278768497,0.10082915834941467,1.0,0.42329855850639175,0.1,0.9,0.2,85,3393.3655280098915,5209847.463759988
11,51,1.0262330130374095,1.3777606461281602,1.3561373438510396,1.2816341958086677,1.1246027606779816,0.09860095051615045,1.0,0.42347852454264273,0.1,0.9,0.2,87,3159.8040973118527,5206056.506999488
11,52,1.0256458763399476,1.3734163022439412,1.3510313934983034,1.288336290961667,1.0101890674269964,0.09889169285264916,1.0,0.4238479697278953,0.1,0.9,0.2,89,3118.751830848315,5205347.410529341
11,53,1.036419030795065,1.4005775617518412,1.4029788661356772,1.2990377672737354,1.031277305544014,0.0949969371994238,1.0,0.4850248047541812,0.1,0.9,0.2,91,1532.809042820418,5213503.859273693
11,54,1.028986958464117,1.3807104264130414,1.3698637218357397,1.2988293648502165,1.0093856892635487,0.08700575780032267,1.0,0.45293228802946855,0.1,0.9,0.2,92,1566.0109427340035,5211670.025420465
11,55,1.0223443644647454,1.3496084551640943,1.344700766704974,1.2942312408678613,1.2862007151357,0.08818944318780415,1.0,0.4469769990654201,0.1,0.9,0.2,93,1543.2502394003682,5213216.779378878
11,56,1.0150224447764948,1.3221698328926013,1.302526386473185,1.3045163831103357,1.0275292111599452,0.08937782405520908,1.0,0.4158734376248928,0.1,0.9,0.2,95,1512.2149212203483,5215512.339547252
11,57,1.0200460736944024,1.3228463235214047,1.3023602164611303,1.3170761101633306,1.032102031194108,0.0971335675129803,1.0,0.4399772882510174,0.1,0.9,0.2,96,3203.29747838801,5210376.071584813
11,58,1.0130508590784124,1.3097811024209713,1.2989707018219767,1.3280196636254842,1.0606819323256444,0.09282542265159832,1.0,0.41785646640098684,0.1,0.9,0.2,98,3388.109450522368,5214551.187381242
11,59,1.0102032393491451,1.304322005105344,1.2930124824938825,1.3254166456870473,1.010511950179606,0.08874528555457063,1.0,0.4071740873090219,0.1,0.9,0.2,99,3278.8874463340208,5209570.816560088
11,60,1.0068885864433763,1.2724981088208747,1.2557800710905842,1.3365978476372435,1.2109971987845676,0.08932772583360755,1.0,0.4056698876664508,0.1,0.9,0.2,100,3157.4241816049007,5209710.261254503
11,61,1.0081087733014271,1.2595467669121694,1.2401689901036361,1.326854384842265,1.0469787675937527,0.08988823471257297,1.0,0.4182859873938993,0.1,0.9,0.2,102,3162.845988148419,5215330.630390702
11,62,1.0070999390017834,1.2566117264147083,1.2368741191365862,1.3367235726727666,1.0063600208826466,0.08967364791637844,1.0,0.4142238648218105,0.1,0.9,0.2,103,3157.94337796042,5214056.167164346
11,63,1.007086358446379,1.2481298429508727,1.2268127025054705,1.343883387883137,1.0569945829506482,0.0894157245299845,1.0,0.4180620168756538,0.1,0.9,0.2,104,3094.2661616407004,5214972.040492254
11,64,1.007020889944508,1.2136807791327064,1.1532186301881495,1.2832367912306408,0.9982653259956912,0.08941572452998474,1.0,0.4180620168756475,0.1,0.9,0.2,105,3095.015655186676,5210913.089538195
11,65,1.0066648978292605,1.2539525618638099,1.2447142133889726,1.3614854150089812,1.0239792860483528,0.08941572452998443,1.0,0.41806201687565103,0.1,0.9,0.2,106,3093.2681608339367,5212698.420471912
11,66,1.0027001225396017,1.2093252339901486,1.1925896942690979,1.3456272368986084,1.144602132936587,0.08926568736465826,1.0,0.41388832995056807,0.1,0.9,0.2,108,3330.7004460768426,5269311.265202606
11,67,1.009593756710692,1.218701853721515,1.2133728645440658,1.3669039211582708,1.0316945323766191,0.0890321104216816,1.0,0.4514107837904196,0.1,0.9,0.2,110,3141.6135143916435,5272707.8591283085
11,68,1.0019052333447886,1.1957820836304476,1.1767177167521543,1.3590838426786809,1.0067448160853134,0.0884089861593426,1.0,0.41459277202445727,0.1,0.9,0.2,112,3279.3358489080592,5269950.98853896
11,69,1.0089779449512664,1.161861209604162,1.1024511621796764,1.3012488065027057,1.0541495507720449,0.08966217961251476,1.0,0.4516694387871823,0.1,0.9,0.2,113,3353.1583522503047,5279933.812161548
11,70,1.0011939580173423,1.1694078306183522,1.1347127440044114,1.3615082773958675,1.0443217349450526,0.0891122138242085,1.0,0.415183037588678,0.1,0.9,0.2,114,3327.72656375992,5280792.8878641
11,71,1.0006342859768715,1.1608749490009558,1.1247340589171957,1.3679062635539445,1.0213374085956084,0.08864483918188135,1.0,0.4149635241634025,0.1,0.9,0.2,116,3259.266537444285,5280433.89128164
11,72,0.9990235885046241,1.1803999445013191,1.170029513079704,1.39206386646357,0.9926689984192776,0.08771934472717918,1.0,0.4077386461801279,0.1,0.9,0.2,120,3205.0235356284597,5267875.547974998
11,73,0.9941653975322922,1.1640117372161365,1.140581871445284,1.3908842423435421,0.9878835908495471,0.08800492768473968,1.0,0.38339817704120505,0.1,0.9,0.2,121,3249.081436756963,5273937.6771456525
11,74,0.9986338239115746,1.168321462313103,1.1558380662825276,1.4022653022936158,1.0743628132812324,0.08905044899338951,1.0,0.4083776027050473,0.1,0.9,0.2,122,3221.107788817165,5273415.397024152
11,75,0.9995688340679674,1.1464503758786926,1.118874953021106,1.4024903613010165,1.0347676021843752,0.08956279749733784,1.0,0.41584439603346307,0.1,0.9,0.2,124,3274.5500688878697,5281838.6361514665
11,76,0.9982095514367797,1.1384349805660168,1.1096624213815323,1.4118104593198741,1.015514707362477,0.08906696519078149,1.0,0.41096737786192356,0.1,0.9,0.2,126,3244.082082560781,5280840.835815891
11,77,0.9978019922969189,1.1491975589553103,1.1334195875624127,1.4227607952009442,0.9908202424652737,0.08881855466099725,1.0,0.4090622448033683,0.1,0.9,0.2,128,3239.847214717115,5280663.812545579
11,78,1.139103268066361,1.3178563020207703,1.3399564101286137,1.6205171910289742,1.1380267317975588,0.32299920610285027,1.0,1.0,0.1,0.9,0.2,136,3196.666677257444,5196931.261493864
11,79,1.1385963455594132,1.3075065062585431,1.3278421356239385,1.619522400958451,1.1682344137656961,0.32253318085716615,1.0,1.0,0.1,0.9,0.2,138,3158.747459034676,5196186.597263126
11,80,1.1381798081622252,1.2977937529835613,1.316466280748158,1.626175799552309,1.1661647028964803,0.32251706970951866,1.0,1.0,0.1,0.9,0.2,140,3166.654083872846,5202196.588518609
11,81,1.1378331101942696,1.294836640041239,1.3130426969096238,1.6332424682996447,1.1510500451878913,0.3201823414261169,1.0,1.0,0.1,0.9,0.2,141,3179.7614134514524,5205794.60373487
11,82,1.1376306677682342,1.2887859755021318,1.3059479272514254,1.632726522079227,1.1746375012868142,0.3206417411449612,1.0,1.0,0.1,0.9,0.2,142,3182.4404825034103,5203227.583221254
11,83,0.9987761092455699,1.1821436514201042,1.238057355980849,1.5744701686793403,0.9941935328726722,0.08960038524127312,1.0,0.4215401775790779,0.1,0.9,0.2,153,3252.7596131216574,5269073.9431008
11,84,0.9976885826581386,1.1593670242375884,1.2114196868352363,1.56834431362814,1.0717830973218818,0.08953707658358352,1.0,0.4204173240071564,0.1,0.9,0.2,155,3198.138805356507,5235010.956917767
11,85,0.9974846064870783,1.1613247698431655,1.2247725011334751,1.5911557388352944,1.0258913151719886,0.08892271718289027,1.0,0.4213619137891714,0.1,0.9,0.2,157,3214.3417912544446,5234530.125662112
11,86,0.9974614840208151,1.1599907845344484,1.223206098409781,1.5987539676126952,0.9979327784589724,0.08914578463734502,1.0,0.4213690380281786,0.1,0.9,0.2,159,3213.387941880753,5235011.995796753
11,87,0.9971487993329956,1.1766014247708205,1.264845163209819,1.6067481917426474,1.0328332586540103,0.08868956551924716,1.0,0.4210015497753871,0.1,0.9,0.2,160,3227.8740315383584,5235988.840499097
11,88,0.9907673400822747,1.1419247110663697,1.2031248902840206,1.6080976735710704,1.029413953473715,0.08948848787715276,1.0,0.3897027154476168,0.1,0.9,0.2,161,3211.8781701291955,5235756.740560631
11,89,0.9907482191393246,1.1515104610769573,1.2254281064658699,1.6357348017730255,0.9926429023410803,0.08909526980091827,1.0,0.39006991449596484,0.1,0.9,0.2,163,3222.359890044684,5237139.738994184
11,90,0.9907450354901116,1.1483336308126657,1.2216895774778078,1.639479919198267,0.9984730674866124,0.08909786596575746,1.0,0.3905804161329,0.1,0.9,0.2,165,3226.987839251023,5235757.328385701
11,91,0.9906130597805543,1.1434848986806256,1.2160067742680112,1.6469425977781464,1.0040558581282848,0.08928604302234014,1.0,0.3905961742657618,0.1,0.9,0.2,167,3225.246383088636,5232508.60486632
11,92,0.9844486041201798,1.1193177989998686,1.1886611815268429,1.6359052924964697,1.1110653708222393,0.08886989787027078,1.0,0.36276630090603784,0.1,0.9,0.2,168,3614.2365990158055,5234342.971552664
11,93,0.9830563241966925,1.1283448473928726,1.2105504399322908,1.6624686397837716,0.9811996474957738,0.08831544725422188,1.0,0.35619820516637396,0.1,0.9,0.2,173,6012.050300007582,5234422.202789898
11,94,0.9842915028410486,1.1404813062068793,1.2356339773451115,1.6637954471802314,0.9834913064813106,0.08854614442268807,1.0,0.36230346108406153,0.1,0.9,0.2,174,6180.30857434988,5235663.368184437
11,95,0.9842122179797272,1.1171213284620738,1.1861191137743399,1.6668842382259386,0.9825386553258236,0.08864629280128349,1.0,0.3619878024701167,0.1,0.9,0.2,179,3515.380873088196,5242033.507427296
11,96,0.9841347564264578,1.1255753665008856,1.2071026007602907,1.6823991117087054,0.9908098929243986,0.08864629280128346,1.0,0.36198780247011775,0.1,0.9,0.2,181,3524.969087719221,5243085.474567154
11,97,0.9840686714554041,1.1244189370275484,1.2057540194037875,1.6901498867377922,0.9851548378714046,0.08843180724977316,1.0,0.3619222527307184,0.1,0.9,0.2,183,6165.686937585022,5242610.327336657
11,98,0.9841998733953929,1.1426017193559854,1.2491705899749754,1.7579547867290062,0.984327553597982,0.08809172992112257,1.0,0.36337021699992583,0.1,0.9,0.2,194,6087.542760087578,5235496.595368184
11,99,0.9835274360160259,1.1289366904164662,1.2332194179744644,1.7722835777662673,1.0122678373147291,0.08790200630417097,1.0,0.3618845892171172,0.1,0.9,0.2,197,6168.9960428159375,5234536.967848124
11,100,0.9836412859878358,1.1160950011215383,1.2070693605258471,1.763386079964061,0.9875708307142413,0.08740617855578905,1.0,0.3629321368401861,0.1,0.9,0.2,199,6165.084996108472,5235202.778415684
12,0,0.8836262484414701,0.97237807325243,0.9186738224679404,0.01023079352208939,0.0,0.0,0.0,0.0,0.1,0.9,0.2,1,2551.7963512014067,8255.198064372069
12,1,0.874103548174014,0.9750053790089475,0.9205908911120305,0.020023815447150307,0.02128562351967533,0.06669854473793489,9.620781181176e-05,9.14958022705e-05,0.1,0.9,0.2,3,2507.6608697246384,8386.102500889901
12,2,0.7857459952565585,0.9937243610214463,0.9321137019211977,0.09012894551139722,0.3614432771459945,0.1445757930111493,0.03944502497231627,0.08777502872104063,0.1,0.9,0.2,4,2086.108972204232,42540.36484392266
12,3,0.6228382956016834,0.9744387278471891,0.9127125598239303,0.12086589670238093,0.648781796209356,0.08232038590538168,0.09665909799690162,0.09192498562662989,0.1,0.9,0.2,5,1711.0437220441822,5606.264866714444
12,4,0.5128197177956036,0.9135231088792838,0.8438851278092668,0.1065079084493391,0.25983395063697257,0.09496450647530814,0.07677360671790597,0.10150263727187467,0.1,0.9,0.2,7,1332.1504836781216,7174.364424400463
12,5,0.48308168813775915,0.9046257088924968,0.8459690403150306,0.11978455933454628,0.17307292153781076,0.11366401217060591,0.06805206198610382,0.08985001092358187,0.1,0.9,0.2,8,1727.4502227881578,38937.94775701349
12,6,0.450973048866334,0.8749461054452506,0.815737454515029,0.10191515838050087,0.07537814390582091,0.11288244747868796,0.04539255436985863,0.059925701675062656,0.1,0.9,0.2,10,1669.2312005746558,38605.81588751462
12,7,0.7906586316298909,1.2053569815371896,1.132995850413977,0.4277700567919663,0.4179599883083002,0.04629166627693586,0.3972797682104544,0.22223530636052452,0.1,0.9,0.2,11,4641.890005584062,4818.501759511902
12,8,0.41384285824155553,0.8527276513613021,0.7896218257771996,0.10609642427229427,0.21218108603087896,0.10769141487214547,0.03717385936452401,0.10219527362999511,0.1,0.9,0.2,12,1884.0000894130349,38954.98454670135
12,9,0.41268005430337074,0.8407796765204756,0.7645473867897917,0.10337742154785007,0.06978510462262157,0.10759518891350114,0.03717444076903077,0.10219581796040558,0.1,0.9,0.2,13,1888.62345404737,38949.09620735694
12,10,0.7331833196978791,1.1825767185783576,1.0970698992070211,0.49185397630326044,0.8388137005375942,0.048595825236456405,0.4733296504734983,0.14875886971537483,0.1,0.9,0.2,14,4869.539380157772,4432.93995366234
12,11,0.399471711111186,0.8508327934795814,0.7636945003467217,0.18001296929250588,0.20496307253005042,0.06778982195559237,0.12720896720091923,0.08561782150853647,0.1,0.9,0.2,15,4369.336946567224,38293.39781777503
12,12,0.5672792213524682,1.0423159356205645,0.9798732915735621,0.3789729829801098,0.3685951048224977,0.07505073450808611,0.28215641998732177,0.2682135071708168,0.1,0.9,0.2,16,5257.373848536941,304015.04080030124
12,13,0.4842091520686959,0.9487176234586252,0.8723314186317657,0.301146691704173,0.25735965105659053,0.07348823429098944,0.2123447309794743,0.1987097105386848,0.1,0.9,0.2,18,5268.515896993198,299813.22593438666
12,14,0.41730776024533534,0.894107380619762,0.8284897630019691,0.24717121065767655,0.27661355613769417,0.06443786298201912,0.17362904531815773,0.11354575494541139,0.1,0.9,0.2,19,4305.896869194008,37605.78848271826
12,15,0.46774503622190117,0.9336064185800508,0.8542857018050598,0.3120420115509486,0.2695504383971293,0.07660523243525556,0.21341495793917722,0.2024538975433141,0.1,0.9,0.2,20,5591.218583624337,304033.1273163674
12,16,0.4586734314885741,0.9355808025566091,0.8668245192217635,0.3052713963256912,0.34356845779538114,0.06531898047350963,0.23171757714249902,0.15071104161131044,0.1,0.9,0.2,21,27354.894928788457,38035.232403461065
12,17,0.40773817335198553,0.8720571338085451,0.7870034318520787,0.28675345987754963,0.3466957409716938,0.07470453912864794,0.19111801011686044,0.163372891803493,0.1,0.9,0.2,22,25290.744946000294,298755.2072142939
12,18,0.40626434502940173,0.8815839759221318,0.8092435934455255,0.29466088133235085,0.21796774304141903,0.07470453912864791,0.19111801011686086,0.16337289180349296,0.1,0.9,0.2,24,25413.67110726265,298275.0005891729
12,19,0.40856008218313616,0.872464256100263,0.7868256100819843,0.3038512842899903,0.22812247820115658,0.07362375887112955,0.19500104420200498,0.16555547763165737,0.1,0.9,0.2,25,25658.092451817083,298700.03899904486
12,20,0.3325014013526024,0.80470171417897,0.7289484505032001,0.224051041093588,0.2822263078330246,0.0709480230348741,0.14429954059979838,0.0911655093208201,0.1,0.9,0.2,26,4439.024453350082,38926.09457457802
12,21,0.3188088984052421,0.7790512605302093,0.6896508555692185,0.21369875948727807,0.15772102714059796,0.0727892665059305,0.13189915325087317,0.09269403813418145,0.1,0.9,0.2,28,4447.755026183055,38831.75479945942
12,22,0.30517694672535045,0.7749561333783671,0.6972605620124221,0.2153585130147136,0.1896166744830562,0.06855878824914272,0.1274079503393893,0.07635083617999351,0.1,0.9,0.2,29,4430.750583173567,39161.51000625835
12,23,0.28566477469960766,0.7868475897178698,0.746617148215454,0.2425654697142756,0.1554600729336282,0.06961837385135575,0.11431323659201809,0.07099533971757988,0.1,0.9,0.2,31,4773.165067806507,38666.27672106346
12,24,0.2967483747243058,0.7719537354731545,0.7111075732385131,0.26593549261325505,0.4752105100119721,0.06703020457519898,0.15613439847271085,0.08798039723061049,0.1,0.9,0.2,32,4574.54340140572,39236.4011617714
12,25,0.2836667236645612,0.7548354210813938,0.6922984828865871,0.26303303063382566,0.1920604675819599,0.06054265672310334,0.15156650324248028,0.07555164718092383,0.1,0.9,0.2,34,4451.973102273714,39279.76507644188
12,26,0.28160052472923397,0.7505779702487139,0.6871644123097456,0.26867140778323034,0.19421658823606644,0.057857791511876235,0.15262716185014552,0.07642900101765411,0.1,0.9,0.2,35,4443.545728729261,39260.623259491935
12,27,0.2483278674562475,0.7114852162613513,0.6456152826806824,0.24904492028077,0.1700434699380321,0.06224543343266464,0.12647058403905975,0.06819061190313414,0.1,0.9,0.2,38,4958.276044849867,37281.42085519536
12,28,0.24385250573541778,0.7132560695850996,0.6587711277858261,0.2567158134419248,0.16392110193258128,0.06224543343266464,0.12647058403905975,0.06819061190313414,0.1,0.9,0.2,40,4982.306066550303,37574.13563100941
12,29,0.24293095502787512,0.703764384622906,0.646486465819864,0.2716789451549003,0.19571211640304664,0.0621910187778217,0.13421678876838858,0.06744569553203154,0.1,0.9,0.2,42,4908.371113229446,38548.238181993525
12,30,0.22886769152267653,0.7003736088966239,0.6559249841462573,0.26900066028217173,0.13038607198155766,0.0627632189823924,0.1207082434653682,0.05997827649255314,0.1,0.9,0.2,44,5017.130784880379,38247.275483844605
12,31,0.2122067904126857,0.6669281237580298,0.6173412320406608,0.27275925770905407,0.22832986565368862,0.06202267509176529,0.11713240466374804,0.05922716443616414,0.1,0.9,0.2,46,4654.252044222683,38334.3113164026
12,32,0.21207540289797894,0.6657383537595172,0.6158449578020495,0.2798256637926516,0.1302992789680701,0.06190110558351537,0.11772574315964808,0.05961737322095143,0.1,0.9,0.2,48,4724.718591047453,38270.458601670616
12,33,0.1789884644177594,0.6644469514249435,0.6530337942533068,0.29365658378999765,0.1027747034358767,0.05930845950549908,0.0845023897531677,0.05111668568759074,0.1,0.9,0.2,50,4973.582985541272,206004708.0969134
12,34,0.1757319965049166,0.6671244419083172,0.6672193797506897,0.30599430705913033,0.12285826629791144,0.06037328897745371,0.08456587656011147,0.051240650645882846,0.1,0.9,0.2,52,4900.353819414509,206014568.33143327
12,35,0.18349881632873583,0.6730331720079212,0.6726121109081007,0.30784151292949513,0.12228952801694265,0.060816868926498624,0.0932157600611792,0.05670345295547746,0.1,0.9,0.2,53,5299.647359943156,206046434.34502175
12,36,0.1699121575557408,0.6390920412061686,0.6231786682646069,0.2975954507751166,0.19506015941623883,0.06436607886420187,0.08483253774849574,0.05171410219666138,0.1,0.9,0.2,54,5063.2009459988085,206048503.9484344
12,37,0.15535691475715654,0.643691854997874,0.6529204704625489,0.3068995730668338,0.0919303055953129,0.057556221888549954,0.07420671427004902,0.03897477308989105,0.1,0.9,0.2,57,5266.628823001168,206064581.73375437
12,38,0.9863955561687701,1.4464569587149854,1.4281558326261823,1.1382027712658775,0.9455764448403874,0.05613023724946804,1.0,0.04411563432553941,0.1,0.9,0.2,59,7047.553574400657,205689099.7278929
12,39,0.9813469333572951,1.432343549540496,1.4117366821379298,1.1356355052710776,0.9608259415534661,0.05696336444561882,1.0,0.04045026684114912,0.1,0.9,0.2,61,6847.634636481972,205721058.0692586
12,40,1.019527798848281,1.4588015542032957,1.4250642709922552,1.164996482603405,0.957506567507775,0.06586903916686984,1.0,0.2281020500249779,0.1,0.9,0.2,62,4987.173962028244,95556.76770286074
12,41,0.9810204163447288,1.4532925501886025,1.4584037644835042,1.1558482807395822,0.9201951955730557,0.058924193350893675,1.0,0.040439226403810105,0.1,0.9,0.2,63,6815.569777059929,205724252.5858957
12,42,0.9975592907313482,1.421360267147846,1.4045966489913693,1.186282428471936,1.3069734589887292,0.0522155745687221,1.0,0.1992416043073571,0.1,0.9,0.2,64,4856.025159807161,195765074.4168731
12,43,0.9965932382420949,1.408773542134278,1.3893617347464855,1.1947221275123445,1.0036496138314421,0.05703929787395712,1.0,0.21121323547951878,0.1,0.9,0.2,66,5306.642274026194,195772009.9851576
12,44,0.9937534727675833,1.4069360125413408,1.3982913946950084,1.2034569607631462,0.9918163448167253,0.057039297873957076,1.0,0.2112132354795193,0.1,0.9,0.2,68,5552.702289475029,195815727.5597323
12,45,0.9815414587859728,1.4026035595688895,1.4168067488762988,1.2242067662023848,1.0038841028477798,0.05247200576768217,1.0,0.17185054204084824,0.1,0.9,0.2,70,5700.287707135501,195832176.74302223
12,46,0.9848705763268507,1.3583782822499806,1.3412701278314691,1.2168585821930251,0.9654677361954853,0.05809183693860498,1.0,0.21499800363365842,0.1,0.9,0.2,83,6254.881889719438,37255019.03228549
12,47,0.9810600248706197,1.3585218659516392,1.3529130815541888,1.2238737942420013,0.9771222824577246,0.05775227647999145,1.0,0.20369163852531158,0.1,0.9,0.2,85,6325.096492666668,37124980.21267165
12,48,0.9743494584373745,1.345041647175472,1.3380419282873584,1.2315244805622456,0.9695210263369715,0.05778856004252282,1.0,0.17688167009528538,0.1,0.9,0.2,87,6025.833220724479,37003141.11164237
12,49,0.9718084808582625,1.3406538727040591,1.3332761245792075,1.2466312405079825,0.9467169163881278,0.05811280628791993,1.0,0.1658181616382261,0.1,0.9,0.2,89,6153.105146043274,36981890.54775056
12,50,0.9726145598821887,1.3595038867545002,1.3772372100627703,1.2695883651313042,0.9769086363785295,0.056386276679092295,1.0,0.17486952965087413,0.1,0.9,0.2,90,5681.595398563231,37010087.31565605
12,51,0.9688726783313061,1.3492550041988112,1.3656686850684563,1.2768286662174264,0.9649917857131571,0.05695828232593699,1.0,0.16186688492883033,0.1,0.9,0.2,92,5680.462062405042,36990944.3586669
12,52,0.9734142625275213,1.3441978188766563,1.3586801327498097,1.2746805338589922,1.0229637178618638,0.05890075508413598,1.0,0.1919981847218444,0.1,0.9,0.2,93,5350.22871928898,37428330.7495615
12,53,0.9668301785523788,1.3448041079953925,1.3714842618788987,1.2861805253737202,0.9711133899608755,0.0596308709519644,1.0,0.16208295699512262,0.1,0.9,0.2,94,5643.716170638681,36991742.13933887
12,54,0.9667383156627154,1.3444206923516606,1.3710426329293457,1.2787222611663667,0.9407108774159384,0.05927513785545595,1.0,0.16204313536507603,0.1,0.9,0.2,95,5644.12575250129,37000061.9367118
12,55,0.9687865576152765,1.3312324299647769,1.3440501909860412,1.2846907408126673,0.9738123460580917,0.05882061014498553,1.0,0.1758106194552703,0.1,0.9,0.2,96,6329.62712612847,36908929.66511006
12,56,0.9656315965595137,1.3374236270158797,1.3628726836511678,1.2964036816926325,0.9457241902101804,0.058278938906175505,1.0,0.16180015615721163,0.1,0.9,0.2,98,5659.462023074861,36997012.18227842
12,57,0.9635746470577339,1.3293878715425695,1.353652104329515,1.3015604624714951,0.9853862110859469,0.053768017056743424,1.0,0.15846558176925357,0.1,0.9,0.2,99,5680.825523889655,36253350.22986555
12,58,0.9677675552178127,1.3274371031187984,1.3504897454117226,1.3324698766466707,0.9545442811359209,0.0590328197519143,1.0,0.18145024428371817,0.1,0.9,0.2,103,6185.392012098664,36904277.212935805
12,59,0.9676573787230193,1.314741407979713,1.3245218148097322,1.3323842865881614,0.953407110319111,0.05913427677157077,1.0,0.1818755497663969,0.1,0.9,0.2,104,6198.221445930416,36896534.66881578
12,60,0.9712606525732772,1.3368652091283728,1.3718839927170297,1.3506629325317474,0.9568187100414842,0.05899120621202893,1.0,0.2027958973898178,0.1,0.9,0.2,107,5794.144044977296,37203678.08799447
12,61,1.1291363260868323,1.5248506085993903,1.6090046320936744,1.6716765768627266,1.1101386891445293,0.06367006473785078,1.0,1.0,0.1,0.9,0.2,138,4805.976981856308,50153643.003738895
12,62,1.1285812373900788,1.5198176540965798,1.603104376324503,1.6750953949973264,1.1240958895651856,0.06398029133497572,1.0,1.0,0.1,0.9,0.2,140,4792.855677483059,50153255.96516124
12,63,1.1273589824815617,1.5086126458424491,1.5899750761501956,1.6971914756808475,1.1260385542744105,0.06428314167332198,1.0,1.0,0.1,0.9,0.2,144,4810.398604813437,50156392.35943562
12,64,1.1271092289781983,1.5515163129358531,1.6845614182425126,1.724341799713035,1.119414014507556,0.0638066733219145,1.0,1.0,0.1,0.9,0.2,145,5059.867626674044,43182212.67164043
12,65,1.1264186836495504,1.499530573347595,1.5793323163235458,1.7002368403412642,1.1570812068562437,0.06459348987505692,1.0,1.0,0.1,0.9,0.2,146,4797.068368686256,50155990.493320525
12,66,1.1252150241007244,1.4964173227193884,1.5867192737634372,1.7033455745635584,1.1581344765687729,0.06742997827299371,1.0,1.0,0.1,0.9,0.2,148,4782.658170173058,50193901.19752839
12,67,1.124845325287233,1.484118646780013,1.5612846201701704,1.7219033867553202,1.1073806971501292,0.06439211750267183,1.0,1.0,0.1,0.9,0.2,153,4758.639483073328,44584056.22149272
12,68,1.1243745944524974,1.456437262031898,1.5066920106107082,1.7253063426657498,1.1435931271399964,0.06480452012677136,1.0,1.0,0.1,0.9,0.2,154,5718.31291351305,46231307.92329264
12,69,1.123816609903903,1.4467266312835585,1.4952523789081726,1.7241844219366447,1.1776632454999565,0.06865976137924372,1.0,1.0,0.1,0.9,0.2,155,4400.924499894058,50169774.79939826
12,70,1.1234592313729888,1.4539292070391268,1.5147701392137642,1.7359477637225604,1.1207041702633864,0.06865976137924372,1.0,1.0,0.1,0.9,0.2,157,4440.465302146375,50158732.3569437
12,71,1.1228030653273973,1.4713223722980349,1.5573455024470901,1.7634420469593823,1.1133114831558284,0.06632842224686744,1.0,1.0,0.1,0.9,0.2,162,4324.890426306714,50173870.34557937
12,72,1.1191650369142898,1.4319258178106813,1.500365029787681,1.7556553141173963,1.1675131416257443,0.052026102376249085,1.0,1.0,0.1,0.9,0.2,165,5363.41296301113,51350205.62224669
12,73,1.118857065264637,1.439170672537158,1.519933043457859,1.763087998207265,1.1190327483922935,0.051995835384432934,1.0,1.0,0.1,0.9,0.2,167,5410.986488924236,51340414.72086662
12,74,1.1185060085531786,1.4025599413955574,1.4438302553513063,1.7835114048561522,1.115041713524558,0.05065045763152122,1.0,1.0,0.1,0.9,0.2,169,4760.770469454153,51235262.69671079
12,75,1.1183936449744942,1.4051432194068458,1.4578407295006643,1.780397045639766,1.1377117737747198,0.05630768254693132,1.0,1.0,0.1,0.9,0.2,171,4705.190187474969,51276807.47451
12,76,1.1176197556291103,1.3989562178985084,1.4506552889378828,1.815213149991759,1.1460674619216018,0.052738371453829515,1.0,1.0,0.1,0.9,0.2,172,6095.1826843243625,47112540.2487656
12,77,1.1175545716843074,1.398828873370032,1.4505153195200329,1.8190430254877403,1.1057994284647477,0.052203494073928366,1.0,1.0,0.1,0.9,0.2,174,6103.107912363894,47088318.39372717
12,78,1.1168275532923724,1.3881371075139024,1.4379923455025712,1.8219127107381252,1.179182088894903,0.05221405551696749,1.0,1.0,0.1,0.9,0.2,175,6024.8804465016165,47099052.7893955
12,79,1.1166611815317444,1.3871027358998511,1.4367986163856514,1.8294743988326616,1.1083684019021407,0.05117424340023803,1.0,1.0,0.1,0.9,0.2,177,6023.923258519526,47081157.71022628
12,80,1.1162293326242099,1.3742877942970262,1.4217156787235166,1.8286834652023838,1.1517888760183068,0.05545415586929917,1.0,1.0,0.1,0.9,0.2,179,4714.27281711843,51220673.24813935
12,81,1.1158175101098824,1.4008987128459187,1.48612507930595,1.8641278800449712,1.113749733748597,0.055695992086127286,1.0,1.0,0.1,0.9,0.2,185,4780.054533010866,51508506.777675696
12,82,1.1157980752158108,1.389621907631641,1.4618378362833722,1.8822995502610234,1.1058382766777513,0.05555099719561244,1.0,1.0,0.1,0.9,0.2,187,4816.279592986502,51497045.9704793
12,83,1.1157242998667334,1.3882995454558358,1.4602880394656588,1.870548165352328,1.114664991793175,0.05560792054171089,1.0,1.0,0.1,0.9,0.2,188,4779.292941397526,51471264.28940424
12,84,1.1154209724803135,1.4061226712670314,1.5033318970200873,1.8986297353642982,1.1373616332690055,0.05531261307562896,1.0,1.0,0.1,0.9,0.2,189,4780.982912448266,51500653.55934947
12,85,1.1151748534600752,1.4111388047453368,1.5202674788164645,1.9111794971334046,1.1276997018926314,0.05655408204894905,1.0,1.0,0.1,0.9,0.2,191,4763.76586598041,51501561.83244991
12,86,1.11506002662293,1.3853605237269708,1.4678968451069059,1.913535063691213,1.1137771532823906,0.05738800427504196,1.0,1.0,0.1,0.9,0.2,194,4781.408326293062,51465422.34123978
12,87,1.1150341656512843,1.3849052444837635,1.467363650774172,1.9134916361200214,1.1073267920447767,0.05738800427504198,1.0,1.0,0.1,0.9,0.2,196,4763.136874940488,51468922.33760162
12,88,1.11486523749037,1.3812860401018405,1.4631182556349007,1.9248891866201665,1.1313175235397734,0.057760200690409415,1.0,1.0,0.1,0.9,0.2,197,4746.69115215052,51466120.6209138
12,89,1.1146143829681037,1.3789401952404414,1.460392462578455,1.920659864865162,1.1211402034708313,0.0564861435892147,1.0,1.0,0.1,0.9,0.2,198,4723.149229874544,51449556.66142339
13,0,0.7780583715403271,0.9439833856414367,0.8854163672943871,0.0076173987845341365,0.0,0.0,0.0,0.0,0.1,0.9,0.2,1,4439.243963808355,8925.380749018175
13,1,0.7634946648114994,0.9436160705006806,0.8840538280121855,0.01592256183206822,0.02573971201312351,0.05321837477035628,0.00010929867962031,0.00011956903581750999,0.1,0.9,0.2,3,4443.399649323817,8930.219642020938
13,2,0.6949121637709296,0.9706413200237631,0.9172369983319195,0.08467619986903743,0.3402753525884199,0.09706405966067572,0.039283706432725676,0.08079132086503696,0.1,0.9,0.2,4,3306.8851281729358,47686.68966544165
13,3,0.7881314071935716,1.0959582531817966,1.0394730769873446,0.22988927434818898,0.3326718653274217,0.09489154640085676,0.20514660158014242,0.052028066729852995,0.1,0.9,0.2,5,2793.8855959114344,5626.585897739209
13,4,0.5961049002263712,0.9609056063022074,0.897495623649823,0.12804757992002103,0.39387844166203095,0.06468114735886196,0.09264498472649034,0.10030428788336836,0.1,0.9,0.2,6,3224.796228306267,6861.043247053836
13,5,0.6196559353838995,1.01062004695363,0.9577360536531344,0.1951681369142108,0.25981640261114025,0.09672999614900868,0.14035754142073753,0.13437610422507842,0.1,0.9,0.2,7,2179.353439353036,4324.831165930189
13,6,0.4583010433029452,0.8876409226091937,0.8271352353442486,0.10870189869946743,0.39515038489330234,0.0733854449418444,0.06551036788120103,0.09048597474180192,0.1,0.9,0.2,8,1879.1053191170265,41475.857265357634
13,7,0.9499531551631496,1.3712220936715338,1.2971062441081593,0.6106583679666893,0.5967429468299444,0.05476465154407721,0.4298753039762612,0.9518749184368744,0.1,0.9,0.2,10,2905.411108768405,6515.216034108932
13,8,0.4274013464185392,0.8606539717510864,0.7991390997675241,0.09890129051991486,0.07650252999852974,0.07322360762649446,0.047675197307037745,0.06535447908258687,0.1,0.9,0.2,11,1924.6495109488656,42563.513223343085
13,9,0.7118039644276841,1.1617820612024505,1.0948612401267042,0.4321095134324001,0.6164549160883261,0.05869924403799287,0.29056016896052045,0.6431051582794877,0.1,0.9,0.2,12,2096.604894722529,19048.55395320166
13,10,0.6392693013711122,1.092491227008036,1.0241748708933807,0.3821570035788572,0.36329019204232604,0.04895274071729519,0.246814651477479,0.5391251067077609,0.1,0.9,0.2,14,1865.3659730761915,18719.44865818192
13,11,0.46022805719571264,0.9270006900747216,0.8705485112076057,0.21119403129749104,0.21113458340230037,0.05479009370564467,0.09367451856171269,0.37503746358309575,0.1,0.9,0.2,15,1564.407960816578,42405.14981374961
13,12,0.4646953032972139,0.9212402275280178,0.8512725784868251,0.22420026811915755,0.18374628801261977,0.055073612848428856,0.08432802714357066,0.45921069948829885,0.1,0.9,0.2,17,1131.3532393302676,41071.97123719063
13,13,0.42864662401712583,0.8857622023322425,0.8154796882342882,0.20037989768734707,0.14602384342360092,0.05389573305109948,0.0674744323083378,0.36744261225113994,0.1,0.9,0.2,19,1129.258541600097,40522.27928478141
13,14,0.5604181216424653,1.0411935207111733,0.9961821879664967,0.3581273754870712,0.30667091715419814,0.04643269122539514,0.20509069504199542,0.4383231079261872,0.1,0.9,0.2,20,1751.044146641124,20256.464623964
13,15,0.34231962948448275,0.8135103325183907,0.754444054754946,0.13581358680813377,0.10956485513820305,0.0533690969208722,0.05344794272555781,0.06563701343112575,0.1,0.9,0.2,21,1253.2147712340193,41780.16118984976
13,16,1.373728993247934,1.8470615736214016,1.7863198023123854,1.1817651512203697,1.1782220206335874,0.09902162201893812,1.0,1.0,0.1,0.9,0.2,22,2105.744031783689,58853583.81860708
13,17,1.3711793618006192,1.856149838892486,1.8080105204790884,1.1955083040574181,1.1182270108273817,0.10110516135319647,1.0,1.0,0.1,0.9,0.2,24,2099.064229075268,58853615.29207863
13,18,1.2002702571583217,1.6743867815951488,1.612904248077626,1.0200669300157859,0.955532371712449,0.052225727353342875,1.0,0.18165445278567877,0.1,0.9,0.2,25,2042.279714334113,20647.306948296085
13,19,1.197038839726622,1.671342842348748,1.6096679101530826,1.0267994154068008,0.9474765112171906,0.05241056410686298,1.0,0.17195767679619514,0.1,0.9,0.2,26,1995.6127672699936,20622.60760717868
13,20,1.3281425111417509,1.8033951151322591,1.7406189654368613,1.163773593790316,1.1230216041517884,0.058743354533410196,1.0,0.8612008651372358,0.1,0.9,0.2,27,1931.5394072713457,20425.433599648382
13,21,1.3256783528840106,1.8012193491055692,1.7380506142933931,1.1726147729621914,1.0942524068020754,0.05830477873897329,1.0,0.8620053670817274,0.1,0.9,0.2,28,1986.4575251718904,20531.792950860945
13,22,1.179325570318025,1.6548674372096877,1.5916962657845337,1.026274960459177,0.9319892580909249,0.05037309701069124,1.0,0.1342834536794338,0.1,0.9,0.2,29,2134.8729382108127,18116.120639634955
13,23,1.16408776014202,1.6409578716207718,1.5748733431002984,1.0298724913163642,1.0538113117767343,0.06410724424888455,1.0,0.14292695582603482,0.1,0.9,0.2,30,2667.2985749301843,47329.7949545072
13,24,1.156334518214038,1.6445614531551216,1.590246542807536,1.0409317027113825,0.9847770256661704,0.06700267151912401,1.0,0.13941135118140097,0.1,0.9,0.2,31,2533.1288853784386,47904.49134810695
13,25,0.4307451942492623,0.9184076351577708,0.8609582196349105,0.326157090286753,0.3551385613720085,0.04585242333850629,0.17891818841239324,0.30560042653928565,0.1,0.9,0.2,32,1926.388456804568,28852.50969654321
13,26,0.4248969394738787,0.9225408762548792,0.8760774616353565,0.34107915096467584,0.2722261478241109,0.039570487865761964,0.1842924591276256,0.3080143817849966,0.1,0.9,0.2,34,1819.470481185152,32317.943033025367
13,27,0.3984828971975514,0.8955314238415343,0.8482843937704785,0.3266698742773208,0.24095323771111465,0.03856756636604683,0.16781640368379674,0.27049190300878506,0.1,0.9,0.2,35,1817.145651088147,34569.652179450335
13,28,0.3973066058721243,0.9053610446031568,0.8708790777586777,0.3350735966372508,0.2137755354266901,0.0385675663660468,0.16781640368379674,0.270491903008785,0.1,0.9,0.2,37,1775.9513325193789,34090.1699509413
13,29,0.38179735863964026,0.8879921523018767,0.8515800626501276,0.33108077868168595,0.2816480378650276,0.03860583931404061,0.16117783289170332,0.2698535789452456,0.1,0.9,0.2,38,1633.0670915101534,29016.137749785677
13,30,1.0993574634348213,1.5917771372124898,1.540254124950795,1.0572550854496225,0.9732189475587926,0.059676173398068064,1.0,0.1211810390938389,0.1,0.9,0.2,40,2236.6064417763337,23312.44721136016
13,31,1.0561166558202855,1.546549223896245,1.493629301174735,1.0281025081371025,0.9216169253019603,0.05967631655489748,0.9612657075635562,0.11012851339495655,0.1,0.9,0.2,42,2158.6243202278306,23408.2978764088
13,32,1.0450255852835912,1.5345096959203903,1.4809727594733064,1.0193351794897094,0.9098579474095881,0.05704631258414537,0.9539043497211701,0.10238569118441113,0.1,0.9,0.2,43,2205.2305260447715,19032.47283680674
13,33,0.9507314075114308,1.4338552618358946,1.3767160154475426,0.9465340678072406,0.9520039889647112,0.0569643847996967,0.8663774202612308,0.09820064327812587,0.1,0.9,0.2,44,3323.905021898233,24299.405059062643
13,34,1.075750686461411,1.559033416279437,1.5098690276790956,1.1058045390274178,1.050871140145199,0.07782280060436741,0.9761962639288735,0.31018363672929933,0.1,0.9,0.2,46,2524.615016557538,6123917.51042462
13,35,1.0733211668380054,1.55487383983708,1.50500669311002,1.1119199401398379,0.9626716559322973,0.07819695732140478,0.9760893655098588,0.31019805865159134,0.1,0.9,0.2,48,2538.568062487192,6120593.440361563
13,36,1.0725938777906836,1.5536109036129808,1.503529608052097,1.1175898798587864,0.9570608966276184,0.07834857299311561,0.9760539092075051,0.31021845070430015,0.1,0.9,0.2,49,2544.082794215589,6118303.773897362
13,37,0.9762139305105767,1.4536815322634822,1.4022195819869063,1.028296958247565,0.9127649149779002,0.07729775813997389,0.8808721546253591,0.2797258306716873,0.1,0.9,0.2,50,2537.765257695773,6119601.607226107
13,38,0.36195414525176645,0.8349935910112379,0.7910433617387848,0.4216699701193881,0.37054827186508715,0.051194557685550465,0.2491986753031843,0.1461021964573826,0.1,0.9,0.2,52,2479.6504933724245,46691.38426498464
13,39,0.3894185792039765,0.8695650963035496,0.8372951376488403,0.457878551701039,0.34355771850592554,0.05267837105276378,0.2718868594928904,0.19864582108634196,0.1,0.9,0.2,53,2024.3149703976287,47311.33368504552
13,40,0.38687751674953064,0.8640319866857025,0.8308219575787711,0.460646910575301,0.3280000711023149,0.05289837132043802,0.27180372556119314,0.19869020856689956,0.1,0.9,0.2,54,2039.2929725740853,47642.74831231345
13,41,0.2576398323229297,0.6999824944476402,0.6370539646548694,0.34535468961375115,0.24559027378740303,0.05356194506404881,0.15385527213698671,0.12945008315931694,0.1,0.9,0.2,56,2775.328191806745,45357.119451971565
13,42,0.25505334654429507,0.6946235055325528,0.6308894530181498,0.3448613214126443,0.20249530481946285,0.050329140552319254,0.15345817773543344,0.12957638254331408,0.1,0.9,0.2,57,2788.175104107762,44111.05524994621
13,43,0.25548103497652974,0.6825105975754662,0.625356699693669,0.36493899414768743,0.3138288994433072,0.04849512707048509,0.1690512219351763,0.13119360917924516,0.1,0.9,0.2,59,3164.032860813145,44504.55529023758
13,44,0.30312341386077973,0.7237608542475419,0.6649727733135345,0.41816242525364555,0.30056060438563476,0.04296757486427974,0.2260219671159717,0.1315514600538362,0.1,0.9,0.2,60,2571.9126462813338,45090.61113040937
13,45,0.30212975031751427,0.720532413138166,0.6611803082325404,0.42455818329387324,0.24559742809697738,0.04360427029719957,0.22603213513688739,0.1315124795381802,0.1,0.9,0.2,62,2560.1551900030563,45545.027139034486
13,46,0.27778952015552427,0.6876476919876982,0.6261740130434563,0.41246229993899586,0.25685286119785417,0.04585169054229562,0.20561474052192463,0.11978569350738766,0.1,0.9,0.2,64,1610.5487423510965,47080.80305433212
13,47,1.1662921483264759,1.5753061635911776,1.5239238879512067,1.3278402859277927,1.1239882284259481,0.07036588015549781,1.0,1.0,0.1,0.9,0.2,71,2417.7460710768987,58094905.9669107
13,48,1.152673660115084,1.558176496132484,1.5059629544021815,1.3283715131276885,1.1117004404684683,0.06928826240138868,1.0,0.939158923920526,0.1,0.9,0.2,73,2536.3133027489325,58094156.35663191
13,49,1.1645317625348084,1.5585775432928963,1.4933011452384914,1.343718261789593,1.1095762181917987,0.0673033281856739,1.0,1.0,0.1,0.9,0.2,74,2543.684424353157,58093443.24970893
13,50,1.1512147644837614,1.5397709734236378,1.473211214901613,1.3351029396795562,1.147503983868649,0.0680042871008678,1.0,0.9430870248325093,0.1,0.9,0.2,75,2525.54063105136,58089290.5675499
13,51,1.066506575697653,1.4527623100657299,1.3961029935705476,1.2599050286183415,1.1417072601987126,0.06487312461650643,1.0,0.5440920331674957,0.1,0.9,0.2,76,3311.9125704350163,58088909.08364685
13,52,1.144670252013288,1.5267368247200244,1.4691296879272189,1.345784341853589,1.13385195589941,0.062076341211703766,1.0,0.9430387787986708,0.1,0.9,0.2,77,2332.559804144735,58114258.93165137
13,53,1.144073011081956,1.5242739655657456,1.466247799635642,1.3455445962133707,1.1119503228699934,0.06246197144021872,1.0,0.942765053661307,0.1,0.9,0.2,78,2326.942521052718,58114242.92070018
13,54,1.1429783483520153,1.5196474780392535,1.4608322762582255,1.3519684022086662,1.1270306273884056,0.0616142290375065,1.0,0.9430905737631786,0.1,0.9,0.2,79,2342.5353258808764,58103233.27356144
13,55,1.1253781226541497,1.4983337308588351,1.4386947040580924,1.3486476002758687,1.0950817754231168,0.060860718804617395,1.0,0.8609516296755514,0.1,0.9,0.2,81,2373.1622249975794,58103463.48552096
13,56,1.1249169199932327,1.482333251197988,1.4087423563842092,1.3489864642845302,1.117300230348685,0.05972208636064391,1.0,0.8653186504286257,0.1,0.9,0.2,82,2468.2693372055774,58106821.68759024
13,57,1.124314402973077,1.479623642746777,1.4055707102562731,1.3521608674129224,1.0978798887921628,0.059801927768630456,1.0,0.8652198096199291,0.1,0.9,0.2,83,2474.0728137837486,58105926.05627833
13,58,1.1241053879315734,1.4781900866909983,1.403869342661645,1.355581567548336,1.0900972626751628,0.060573993828229,1.0,0.8654859259335803,0.1,0.9,0.2,84,2452.223127748116,58102850.14577167
13,59,0.973671909018683,1.3612046693132456,1.3364236089280095,1.2948631604696974,0.9370166233336847,0.040231942405091446,1.0,0.1385318772684438,0.1,0.9,0.2,103,17962.705010835933,90795.61090537877
13,60,0.970216933023255,1.3404996448805255,1.3014255765517484,1.3067442135440286,0.9429409165867728,0.044381237656292497,1.0,0.12669005467078318,0.1,0.9,0.2,107,17635.83006651383,90276.13114985406
13,61,0.9723450051103296,1.353720849428018,1.3276240122215244,1.3197791757698158,0.9328570383211818,0.04049896504180827,1.0,0.139401039232239,0.1,0.9,0.2,108,17889.003334809582,91096.55700490132
13,62,0.9697539707966709,1.3615784761427836,1.3483213126588365,1.335549745540462,0.9360833569995489,0.04173665607630121,1.0,0.12674413202052706,0.1,0.9,0.2,109,17093.687096141955,77269.10691836037
13,63,0.9715893254379927,1.349801888287231,1.3230328041997224,1.326689756099654,0.9527871850888597,0.04039436496526508,1.0,0.13948187248333338,0.1,0.9,0.2,110,17869.62306492146,91784.24799191552
13,64,0.9896536411338318,1.3838495337110555,1.381713203571104,1.3639405561208835,0.9804960014086196,0.04810848495662695,1.0,0.23376718648604755,0.1,0.9,0.2,112,17581.226729419286,74897.97718468182
13,65,0.9884593010766277,1.3789733656631862,1.3760755982014934,1.359415137832915,0.9802242733993528,0.04687362001863753,1.0,0.23223689519443796,0.1,0.9,0.2,113,17483.667826329096,62376.96307922263
13,66,0.9884292035321918,1.3768977633065143,1.3735709337275284,1.3669704002219851,0.9693122755440746,0.04810848495662695,1.0,0.23376718648604794,0.1,0.9,0.2,114,17469.149741017878,74501.44562657498
13,67,0.9829651682039209,1.3714282733422902,1.3787758998718291,1.3773992013063416,1.043426766159801,0.04763302901391654,1.0,0.21854806597502296,0.1,0.9,0.2,115,17514.872077577547,74450.74979450954
13,68,0.9887912341443184,1.3629036014569758,1.356604787353114,1.37969322861481,0.980945300944863,0.048589260551344285,1.0,0.2503274603750584,0.1,0.9,0.2,116,17458.899884530296,74974.36095207438
13,69,0.983039587303725,1.3453412935254236,1.336630603303487,1.3785820483687603,1.0498106712598285,0.04714825607898121,1.0,0.23365254698501953,0.1,0.9,0.2,117,17498.375645342796,62766.96775400235
13,70,0.9860809714821605,1.3469739865483672,1.3379747837916125,1.3854211780598646,0.9671398235845681,0.04693911899809264,1.0,0.2503440159810805,0.1,0.9,0.2,118,17536.824685886524,74850.26411764341
13,71,0.9857588329967801,1.3448535962644863,1.3354934223798542,1.3888569163736215,0.9687513197854168,0.046813083057879665,1.0,0.2503442071834959,0.1,0.9,0.2,119,17489.486421260084,45314.24064382777
13,72,0.9850654073931117,1.351429158083755,1.3542746119699685,1.4034048172165596,0.9871691902818104,0.04693911899809264,1.0,0.2503440159810805,0.1,0.9,0.2,120,17359.68324809942,74190.77829094767
13,73,0.9808841807123303,1.3317454726184614,1.3207232083776517,1.3955678098103605,0.9693135586304517,0.04577891949665086,1.0,0.23384731752029703,0.1,0.9,0.2,122,17244.09048993867,62244.36408928344
13,74,0.9807994537318924,1.341617163514084,1.3433473514608525,1.4182564507508761,0.9538552161782844,0.04798526029966822,1.0,0.233325491389149,0.1,0.9,0.2,126,17171.996623105348,72541.07812936488
13,75,0.9798375275082282,1.3264008907877929,1.3145193616541084,1.413505795986816,0.9759593670991471,0.04331272175271938,1.0,0.233442316461444,0.1,0.9,0.2,127,17233.30234635683,84771.4413912576
13,76,0.9797768239488283,1.3352885915351247,1.3359559940380588,1.425011221237566,0.9699258302684711,0.046433586540468405,1.0,0.23348259449809888,0.1,0.9,0.2,128,17247.63887198198,74233.81119582051
13,77,0.9748766060817234,1.3002846618519404,1.2950146804275198,1.4326426727510675,1.1929895193219227,0.04347162231202552,1.0,0.23329538949659515,0.1,0.9,0.2,129,17266.70460009825,83952.91547365715
13,78,0.9743250289355093,1.2953775213337806,1.2892593451238354,1.4396724993711105,0.9683462928219789,0.043772902997256655,1.0,0.23337158715129142,0.1,0.9,0.2,131,17252.844363116998,84570.55870788373
13,79,0.9734472768265385,1.288250573843131,1.2809187864679386,1.4501526016601183,1.0008596782614358,0.04347519257147603,1.0,0.2333190130412063,0.1,0.9,0.2,132,17303.64526757056,85911.59298210134
13,80,0.9729109924206203,1.2834763454459526,1.2753262930784455,1.4385430288181036,0.9840118448360522,0.043206614851566974,1.0,0.2334710704122073,0.1,0.9,0.2,133,17255.017421803812,83975.66817557203
13,81,0.9733247820388486,1.293050324494573,1.2975063540594174,1.488038059738124,0.9539844941446293,0.04510527724498145,1.0,0.23588522477481438,0.1,0.9,0.2,140,17150.66883006469,84225.22445251465
13,82,0.972998633383702,1.2901594687809108,1.294121366940552,1.495262362985607,0.9617578830668907,0.043779320057329305,1.0,0.2365216436641146,0.1,0.9,0.2,142,17017.208656869967,85532.07940024624
13,83,0.9520380229537245,1.3110984987378642,1.3665013522341622,1.5133232319480043,0.9326072576238846,0.03619621469215566,1.0,0.13730749348730595,0.1,0.9,0.2,157,17260.254970248585,72402.37143830357
13,84,1.1262076322401446,1.4688068670380363,1.5102004415802142,1.7225180030174656,1.1470453586443405,0.05884087133409115,1.0,1.0,0.1,0.9,0.2,158,17868.505957426707,71742.00588394236
13,85,0.9516139694188639,1.2918444634259219,1.3436485445191098,1.5238118800236122,0.9856408500519809,0.03806513531091589,1.0,0.14517183450092647,0.1,0.9,0.2,160,17148.347019082525,71149.12373387595
13,86,0.9514981956562719,1.2905724282880127,1.3421568005199762,1.5312534120124361,0.941814254223494,0.03807513062016163,1.0,0.14522211500630705,0.1,0.9,0.2,161,17151.029835659043,71128.72954852853
13,87,0.9514271152629716,1.3008318179038463,1.3652507835705336,1.5357789267557789,0.9396510853549539,0.03844730025905685,1.0,0.14515723201539318,0.1,0.9,0.2,162,17049.84149808667,71339.50286398244
13,88,0.9508543095644904,1.2952602660802972,1.3587311887191016,1.5390344047949636,0.9714980915635008,0.03812138452584059,1.0,0.14513906624551942,0.1,0.9,0.2,163,17194.45193204187,71889.15550618108
13,89,1.12311516360581,1.460609358844964,1.5227734330812923,1.7587221113270364,1.1191603297840538,0.058200579926617924,1.0,1.0,0.1,0.9,0.2,167,17630.920812416836,67707.71156865927
13,90,1.1225775771573634,1.4668287431205496,1.5411552451948207,1.7704632253505694,1.1142697156881787,0.05730157555021607,1.0,1.0,0.1,0.9,0.2,171,17332.997367234173,66840.82072154814
13,91,1.1227073940828154,1.4553245491891509,1.5165694869138264,1.778962937429536,1.109162573257235,0.05902175112200427,1.0,1.0,0.1,0.9,0.2,172,17281.480907236364,44683.85601726423
13,92,1.1224914614764916,1.4770748341174154,1.5642375861213507,1.7943405638399612,1.1091266947242848,0.05730157555021613,1.0,1.0,0.1,0.9,0.2,173,17305.665884094713,66755.46827355544
13,93,1.1221994164752986,1.4505431156718458,1.5109843063691555,1.7862412613901835,1.1352026385513156,0.05813896121851057,1.0,1.0,0.1,0.9,0.2,174,17368.02966778809,44824.651914850125
13,94,1.121258290296167,1.4508361786293718,1.522409079566535,1.809289468873456,1.1439147700401548,0.05814951213286591,1.0,1.0,0.1,0.9,0.2,176,17369.514218539407,44938.65681920501
13,95,0.9466268859741259,1.2533975747440427,1.2988948604991177,1.6031540834927958,0.9342936343005414,0.04349811629733125,1.0,0.13435340173203286,0.1,0.9,0.2,177,17302.180854113372,82089.11718042576
13,96,1.1212047216641325,1.437972032205203,1.4962308556810557,1.8078799167116657,1.1138156597659652,0.059860154156055355,1.0,1.0,0.1,0.9,0.2,179,31112.12926762365,67398.82645089919
13,97,1.12006735270583,1.4352693771157532,1.5041617085650378,1.8016467775421108,1.1966916841561768,0.05900318409435231,1.0,1.0,0.1,0.9,0.2,180,17397.07346400425,81755.83242926563
13,98,1.1191267994970286,1.4107866556271913,1.464390534079246,1.7993915285357116,1.1995622534361903,0.05981647384551163,1.0,1.0,0.1,0.9,0.2,181,17472.492273537784,82048.1302582828
13,99,1.1190251844408625,1.4212542817597071,1.4877415172428223,1.8080892846327175,1.110582270964066,0.05929296922147159,1.0,1.0,0.1,0.9,0.2,182,17478.458982110893,81825.9340576722
13,100,1.1175562201380214,1.3969586699507899,1.459243733192516,1.8186857200494095,1.2772269504365366,0.06172432787574587,1.0,1.0,0.1,0.9,0.2,183,17773.3296742272,79297.43511503752
13,101,1.1174897832471844,1.407154155368989,1.4822668886294907,1.838991300351376,1.1096886895454892,0.06172432787574582,1.0,1.0,0.1,0.9,0.2,185,17728.14292960546,79121.75216803918
13,102,1.11717856902682,1.4027961472596349,1.4771673899590596,1.8346659019999603,1.1363774926091963,0.06143595161319815,1.0,1.0,0.1,0.9,0.2,186,17733.126365759068,79081.81512309524
13,103,1.1169925325594878,1.3999257801999263,1.4738059390783869,1.8460957728198364,1.1261742084308541,0.06141675395089,1.0,1.0,0.1,0.9,0.2,187,17659.56596407249,79025.31092030503
13,104,1.1166363706134155,1.407999981012704,1.494373332750032,1.8807412417391498,1.1085588738160246,0.05973150652947122,1.0,1.0,0.1,0.9,0.2,195,17562.936636230854,78971.85348714238
13,105,1.1160967606658436,1.399937535306172,1.484937685430783,1.8786721060011964,1.133932087399814,0.05929295657983299,1.0,1.0,0.1,0.9,0.2,197,17737.923793477363,78509.32566747081
14,0,0.76329614878778,0.9397101206455801,0.8804113877081318,0.0072245257068444075,0.0,0.0,0.0,0.0,0.1,0.9,0.2,1,4304.572328407447,8181.892910831497
14,1,0.747362622232005,0.9386423797508704,0.8782712702140781,0.015238258146588055,0.02705879154506343,0.05074867923527806,0.00011015451427447999,9.747862683178e-05,0.1,0.9,0.2,3,4330.2558755782575,8336.306807604697
14,2,1.1766581883711442,1.4219012694240614,1.3711811721395624,0.5217037471117483,0.6334053372823027,0.062030249070975915,0.455351707799028,0.4039334156447216,0.1,0.9,0.2,4,3305.359097243057,3310.493602041864
14,3,0.7503311930273586,1.0903463428337956,1.0304910213018972,0.2421868693376596,0.6009813795291732,0.08149931604239562,0.21360659594318193,0.09098831308351812,0.1,0.9,0.2,5,4203.948190466429,6082.025936885833
14,4,0.6903848017297544,1.0389620958884505,0.9780921331414688,0.1983311183627355,0.21608435354524722,0.08443111499272966,0.17213828093507016,0.04883337571326559,0.1,0.9,0.2,6,4170.279026630757,6445.554744287182
14,5,0.5660164288505483,0.9781501147619569,0.921468002899544,0.17808593123541017,0.5005916032337526,0.09536505623069899,0.13669089397628875,0.10009659133130473,0.1,0.9,0.2,7,2877.7146627936395,4448.67386536774
14,6,0.5183081762049547,0.9304604026298754,0.8737745979329046,0.13278792907785056,0.10506363132316243,0.0963942370819828,0.08915060431437474,0.0751758708391831,0.1,0.9,0.2,8,2893.104958968802,5061.862991598025
14,7,0.524719766370143,0.9426638384074573,0.869214401201971,0.18327376696380712,0.3038978882316577,0.09846560779626028,0.11673276869599325,0.17691792450782043,0.1,0.9,0.2,9,2226.0478069508968,4770.159946788506
14,8,0.4566989071028874,0.8854913935551403,0.8090463803589886,0.1485847338339151,0.1716174196449983,0.09595682871732372,0.08492078053397067,0.12292364073985804,0.1,0.9,0.2,11,1730.0482366876724,5518.992440162861
14,9,0.4491026367852298,0.8836335100476753,0.8053072809046331,0.15917438372847736,0.19646939088472581,0.0988273221313984,0.09984305059182527,0.09997376539173183,0.1,0.9,0.2,12,1687.9631850225455,4656.589012667911
14,10,0.4416346016194733,0.8802200688453481,0.8003720900487191,0.17586291849530505,0.15624165242930338,0.08405243326672648,0.1136617759168114,0.07253665090513314,0.1,0.9,0.2,14,2943.6628708295416,11910.472553596006
14,11,0.7256438350022932,1.1786462561224416,1.1104786930256159,0.4923582377982263,0.43373353914299995,0.10724443389504776,0.2988220220142138,0.7023770228907414,0.1,0.9,0.2,18,3515.440741974317,6534.088504830117
14,12,0.6866301698055631,1.1481494614214123,1.0749266285529502,0.4954326421411277,0.5219701351459387,0.11204873865318303,0.3013115141283293,0.6838803784631093,0.1,0.9,0.2,20,1949.666460038102,5511.893486191049
14,13,0.6690293695906723,1.1319024556653856,1.0574585187955925,0.4885789105010493,0.45984142281763796,0.11095178450019653,0.2931549523123884,0.675548788348325,0.1,0.9,0.2,21,1930.770667131443,5811.531865110198
14,14,0.700049281154269,1.1631201850050028,1.0884748951555514,0.5296216090629384,0.45065667386212294,0.11233562149623699,0.3244328908903927,0.696077691467369,0.1,0.9,0.2,22,1908.234921567829,7415.43106694553
14,15,0.6819927382585377,1.1459476597971778,1.0702917321600032,0.5198694289193637,0.45177418506520717,0.11059379023548413,0.31223258995228215,0.6954907295723759,0.1,0.9,0.2,24,1941.6638609578945,6167.17460642643
14,16,0.6816360557064144,1.1568370913093233,1.0941277366486517,0.5278556555727486,0.4322655835502087,0.11059379023548413,0.31223258995228215,0.695490729572376,0.1,0.9,0.2,26,1938.034888491395,6140.352129360718
14,17,0.6066053082849726,1.0823571232724285,1.0188733681070903,0.4686964434313225,0.37700087247325437,0.11060110913395124,0.2602355678025897,0.5796830686351704,0.1,0.9,0.2,28,1850.0034828771256,6124.58182140575
14,18,0.5973975274284999,1.0743295991904946,1.0080664772726495,0.47850235685988146,0.4829289471815869,0.11120162686879151,0.2634178690053143,0.6060715631969996,0.1,0.9,0.2,29,1729.4981735898589,5771.132083380557
14,19,0.3890172729520225,0.899456720592755,0.8693249702262409,0.3029666944809868,0.20690454472893546,0.11832824864619049,0.1032523948551407,0.36461909180384233,0.1,0.9,0.2,33,3656.343658524528,22705.39882817308
14,20,0.36394346338950645,0.8741490892265148,0.8432370418523993,0.28718587670237583,0.17284494820748847,0.11796712541771023,0.0903568206368344,0.31907605850475795,0.1,0.9,0.2,35,3575.9750870859743,22639.36843844926
14,21,0.3425170125241916,0.8525858905329307,0.821314154135251,0.2761421351795097,0.14480306509138355,0.1195683052791758,0.07771148846793792,0.2778624177915434,0.1,0.9,0.2,37,3443.595326985338,21548.14054653646
14,22,0.3363243427009987,0.8459237274735681,0.8136651795165729,0.27794290922222004,0.17681641636874446,0.12297776214259115,0.07673022721697595,0.2760743913977622,0.1,0.9,0.2,38,3476.993304715152,21735.919140364374
14,23,0.3336631731964622,0.8430362880780282,0.8103814723840378,0.28038688234287695,0.15215498686170764,0.12580635899899725,0.07602069342507836,0.2749841307597236,0.1,0.9,0.2,39,3510.3637038564907,21883.839520411268
14,24,0.34542847357072115,0.875013611761775,0.8655605390061974,0.3266827097135508,0.27609833172283127,0.11629982466291437,0.09339454760269675,0.3311313244329789,0.1,0.9,0.2,40,3506.5045474255253,22755.076872506903
14,25,0.3440914430613898,0.8844406105120028,0.8875454911284182,0.3312133386631139,0.1717432557526759,0.11557318233261224,0.0939008702849201,0.33325010819223333,0.1,0.9,0.2,42,3371.873027059873,22709.36493405676
14,26,0.337388594346914,0.8764412066460217,0.8783586197392493,0.3327436395337526,0.21013244565060574,0.11882462387735152,0.09280248078221434,0.33123750671069546,0.1,0.9,0.2,43,3393.002301165978,22904.34840933439
14,27,0.338250175623274,0.8769183202664653,0.8785067403970012,0.3381982729977094,0.17753045625273994,0.11658681072173671,0.09440384528463962,0.3371423528368333,0.1,0.9,0.2,44,5554.399878282394,22863.065220933644
14,28,0.3863703233475071,0.9250519267923455,0.9266069433893392,0.4083406224323353,0.2129922845598843,0.12460383178991649,0.12391991040270209,0.4419549360437481,0.1,0.9,0.2,47,3466.500185221156,23215.702831441493
14,29,0.4109524800462856,0.9309528663102344,0.9145339733457895,0.4343431743679105,0.4613204292483546,0.12877291085014675,0.18274167446761452,0.40590015245621497,0.1,0.9,0.2,48,3660.944726242889,27128.63738537221
14,30,0.40972661024488016,0.9403463558854432,0.9366179692350891,0.4432942357664512,0.2647038816603276,0.1287729108501467,0.18274167446761488,0.4059001524562177,0.1,0.9,0.2,50,3661.310636257899,27120.48392730282
14,31,1.1534022978453695,1.7018814564896856,1.7218107691363669,1.224619300742926,1.0430962770223258,0.13200275432464703,1.0,0.49067147301957714,0.1,0.9,0.2,53,2820.724884276351,27192.26385381192
14,32,1.1419745349620523,1.6728671284962107,1.6768195132212742,1.2088913536870758,1.1338984731534463,0.1359057843806431,1.0,0.48656719138331594,0.1,0.9,0.2,54,3435.836079250417,27256.29900524713
14,33,1.1355712798121718,1.6727659599601694,1.6877500532043443,1.2277222524209428,1.0504341789575595,0.13758272123301504,1.0,0.48668633890323065,0.1,0.9,0.2,56,3394.5890149491424,27183.063774434664
14,34,1.1357343082935305,1.6616498304879612,1.663603392263095,1.2322681272254896,1.0119659687122384,0.1388691378645157,1.0,0.4873552921480638,0.1,0.9,0.2,58,3421.2832586874674,27267.068376286607
14,35,1.121258366007361,1.6659423564421034,1.6924802865951187,1.2408692873837552,1.0592975781812244,0.1265510739135301,1.0,0.44429925372975954,0.1,0.9,0.2,59,2766.3987424123143,27076.001416218605
14,36,1.1208188270751738,1.6651502837186067,1.6915542373791845,1.2407895664539113,1.0042432680860045,0.12638792558109613,1.0,0.4443338483855196,0.1,0.9,0.2,61,2756.447902746896,27105.440109269315
14,37,1.1255766768349225,1.6435516337563563,1.6424927028779899,1.2501266673686335,1.0704513081334217,0.128602691114274,1.0,0.48994865986949276,0.1,0.9,0.2,62,2780.6490573798465,1314606690291.455
14,38,1.1174136291320766,1.6466771211688476,1.6677834642099298,1.2616104655245672,1.170972189329317,0.13068123155311245,1.0,0.5044898113945139,0.1,0.9,0.2,63,2747.194299502601,2889006318878.1914
14,39,1.115808286905331,1.6207683416908878,1.615269587952078,1.2652320999343736,1.0380673982083528,0.12922187792342604,1.0,0.5053506765049751,0.1,0.9,0.2,64,2734.978934943959,1314609033239.9993
14,40,1.1141983980460677,1.638336032879802,1.6578059892002976,1.2723394059521427,1.05734179273087,0.13028243676918183,1.0,0.5107590238632375,0.1,0.9,0.2,65,2674.6439140460207,2889001429544.107
14,41,1.1142053045144331,1.6262464104169114,1.6324359239362225,1.2764031829915679,1.0272910751684696,0.12995768156656934,1.0,0.5146620206041503,0.1,0.9,0.2,66,2816.139046464496,2889001357201.26
14,42,1.102397221429357,1.6131976271329034,1.6190002088794289,1.2718775097520372,1.0209128747205878,0.13184872481226326,1.0,0.45977591983676,0.1,0.9,0.2,67,2938.3462535909057,2889001423689.562
14,43,0.8329665320555035,1.3608348461668485,1.3910053902055701,0.9847404918583207,0.8064991452840733,0.7375600491292534,0.5179425617016343,1.0,0.1,0.9,0.2,68,1725.9111646495628,36437295605473.12
14,44,0.7302184242034158,1.251804666857909,1.280118946168044,0.8988689674478951,0.7174183957207809,0.342612940074533,0.4527240700683133,1.0,0.1,0.9,0.2,69,1313.4946616775103,36437358345154.78
14,45,0.7630199878193029,1.2871878237810526,1.3260517458886747,0.9530381825792433,0.7135199335705369,0.7300593765697597,0.4524410539441486,1.0,0.1,0.9,0.2,72,1388.189654543779,36437358025078.61
14,46,0.7620527532082608,1.2818452881407032,1.3195026639450513,0.9540957476065288,0.731121907227281,0.7368819148635353,0.45357532128421213,1.0,0.1,0.9,0.2,73,1341.0186799862672,36437360638516.47
14,47,0.6873867395582633,1.2151814050593277,1.2750103395270609,0.9246170554660176,0.6464999679421417,0.7940588179408115,0.3730991116096334,1.0,0.1,0.9,0.2,78,1620.8058055825672,38196830173266.5
14,48,0.686725209407628,1.2004016462520202,1.246484043231001,0.9214153920656669,0.6460847297688737,0.7944896492522172,0.37391743704166963,1.0,0.1,0.9,0.2,79,1606.9831676852918,38196826214322.1
14,49,0.6831628194004997,1.2019855308345708,1.25953216015793,0.9266216981416986,0.6780378766549713,0.7912787971454673,0.3735537509235919,1.0,0.1,0.9,0.2,80,1540.3141529513146,38196871363133.766
14,50,0.6510994028867583,1.1385226390843135,1.167824142020085,0.9046950232936883,0.6338696353055109,0.787803694728001,0.34288232381524003,1.0,0.1,0.9,0.2,82,1454.6583322814267,38201020809472.78
14,51,0.6496262155147126,1.1445882989678098,1.1860102944265265,0.9145468973028958,0.6047298979263449,0.787803694728001,0.34288232381524003,1.0,0.1,0.9,0.2,84,1427.76188638326,38201017014683.01
14,52,0.6481831274770085,1.1507591026584278,1.2043195426122624,0.9500776996503568,0.6047563377557683,0.7878036946940867,0.34288232432962445,1.0,0.1,0.9,0.2,86,1374.5602600215234,38201008550797.25
14,53,1.1296583943993883,1.6127225946542307,1.6513080730647072,1.415401302747765,1.092203835304898,0.4275520834099704,0.9214629081974524,1.0,0.1,0.9,0.2,90,1353.6055918572251,35321.8418666557
14,54,1.129105146540746,1.6323652897290095,1.69643248314023,1.4251787233436726,1.0935198114317937,0.41601027690427805,0.9230422812620519,1.0,0.1,0.9,0.2,91,1357.485837602533,35144.66664938774
14,55,1.1256805102609524,1.5991756851210546,1.6355327799195167,1.4393090766815098,1.1412296687929187,0.42867433926741116,0.9207434441598551,1.0,0.1,0.9,0.2,92,1929.6788095269176,35386.42619524431
14,56,1.1900012994341824,1.6765272703114158,1.7367444063844932,1.5114313499825898,1.2263074601507018,0.38982247801763836,1.0,1.0,0.1,0.9,0.2,93,1285.9574727063125,579961.6451604033
14,57,1.1608304409865706,1.63440721876188,1.6917289635621853,1.4771687328154164,1.2318486044706292,0.3925870651749408,0.9716781878431195,1.0,0.1,0.9,0.2,94,1387.316409990226,579438.3357168108
14,58,1.1608304409865697,1.6456115674223486,1.7159338603150007,1.498983448225119,1.1137699589097394,0.3925870651749412,0.9716781878431184,1.0,0.1,0.9,0.2,96,1387.3164099902276,579438.3357168108
14,59,1.1606034619750156,1.6436158420600346,1.7135475566567584,1.5103803635213693,1.1193616066721948,0.39818027630165964,0.9713725656227842,1.0,0.1,0.9,0.2,99,1373.5702243121862,579777.4738386119
14,60,0.5302723293126876,0.9995105475097485,1.0558755261072394,0.9182343700590607,0.4902670805859904,0.7578638804919731,0.23185829093807828,1.0,0.1,0.9,0.2,103,1545.563959646012,97205094523621.36
14,61,1.1797641452004728,1.659570309307978,1.739357412656176,1.5805119365663307,1.1900476240648497,0.3716900621432787,1.0,1.0,0.1,0.9,0.2,105,1215.2390127065055,652240.5041380601
14,62,0.6976139452948014,1.1242839884762135,1.1822760952388847,1.110187153760803,1.0227695667816619,0.3453363351161856,0.47767286938690123,1.0,0.1,0.9,0.2,106,1404.435529436606,751416.623959521
14,63,0.684101939646926,1.1049750940945648,1.1617859043327097,1.1047762857613503,0.6759195375879622,0.29184887184063785,0.4791145777242788,0.9582011546853895,0.1,0.9,0.2,108,1341.9275687928755,751080.4015345972
14,64,0.6836356906321608,1.1010782178440854,1.1571920508951543,1.112227403173737,0.6664148874054092,0.2909875049172884,0.47940090603535773,0.9582080639569757,0.1,0.9,0.2,110,1371.6836920838882,751315.2149895749
14,65,1.16220781665848,1.5781994945988014,1.6555249431125345,1.6067310144688511,1.3309554451347263,0.34879837024185006,1.0,1.0,0.1,0.9,0.2,111,1467.7432312464073,597059.1588908078
14,66,1.1639517793233463,1.558161789229166,1.6203978064613003,1.6287456186964244,1.1594110336802061,0.38244134421614706,1.0,1.0,0.1,0.9,0.2,115,1592.4874520029152,602658.007395537
14,67,1.1636060013539906,1.5655854995444345,1.6401472537792727,1.6552546036348146,1.1521065740353185,0.38404234550287797,1.0,1.0,0.1,0.9,0.2,117,1567.8953211746375,603507.9742830402
14,68,1.1630405989921888,1.5501576209009518,1.6110016665150677,1.6358153389898364,1.167543036187585,0.38367803307563375,1.0,1.0,0.1,0.9,0.2,118,1480.068058054053,599555.6433862206
14,69,1.1626672659445156,1.570302716620879,1.656778046735571,1.6541536928748093,1.1533083316295707,0.38263487039524746,1.0,1.0,0.1,0.9,0.2,119,1603.6701363531986,602756.907473665
14,70,1.1581839100548441,1.5706849214430576,1.6905948412462217,1.653275850747616,1.1699755102819718,0.37540233511505117,1.0,1.0,0.1,0.9,0.2,126,1411.3150066669857,282447.3364866665
14,71,1.1540757516202462,1.500778796028929,1.5755622500380517,1.6357150461648753,1.3887099741579925,0.3700991136477011,1.0,1.0,0.1,0.9,0.2,127,1442.279387366562,282294.3285402992
14,72,1.1527711633628364,1.4954629593589952,1.5803935572681573,1.6533597223674568,1.1657907177968712,0.3715263859912508,1.0,1.0,0.1,0.9,0.2,131,1416.6395399251255,281707.48711789737
14,73,1.152506255358921,1.506166646665451,1.6040535778534024,1.6644669085692676,1.1378161333921906,0.3690979215264319,1.0,1.0,0.1,0.9,0.2,133,1432.2569054517226,282735.07704642764
14,74,1.1523446901640777,1.5231750235206813,1.6460838080002773,1.690983393669942,1.1571617303206765,0.3722704725230434,1.0,1.0,0.1,0.9,0.2,135,1512.8164483662308,281768.2960692013
14,75,1.149487563505648,1.5109926690149922,1.632161304784842,1.8581426690345435,1.1372094733198026,0.3520581424146279,1.0,1.0,0.1,0.9,0.2,171,1483.6486113442138,292646.46168639854
14,76,1.1483847346160658,1.5329984533047363,1.6912219942599824,1.9020112766872173,1.143652735706718,0.3496651451697101,1.0,1.0,0.1,0.9,0.2,180,1523.488534788274,294757.8667968599
14,77,1.1487390242617066,1.5205861642783003,1.6655200234207792,1.8849189414501593,1.1413450453937433,0.35447364374211643,1.0,1.0,0.1,0.9,0.2,182,1481.881921694045,284444.0764119406
14,78,1.147993847068759,1.5026238191483026,1.6334434828388378,1.8865854846976726,1.1584439745198527,0.3519201379855769,1.0,1.0,0.1,0.9,0.2,184,1583.7348338460904,283679.1961130816
14,79,1.1474372419344605,1.5058598407462849,1.648315444677714,1.8984696962066023,1.1624779247779609,0.3519201379855768,1.0,1.0,0.1,0.9,0.2,186,1595.5826180603267,283760.4624711008
14,80,1.1475564224502157,1.4935558895503256,1.6227865306309877,1.8898387480131,1.1445617951370548,0.3540268543503208,1.0,1.0,0.1,0.9,0.2,187,1597.3631792996937,283581.28221274214
14,81,1.1474276366215244,1.5031409841526193,1.6450979060780504,1.9110234118409213,1.1391104314530534,0.35384858590946977,1.0,1.0,0.1,0.9,0.2,190,1594.387389911896,281380.6791861908
14,82,1.1472033962152322,1.5341891826848513,1.7147171819354556,1.97121779542041,1.1388444023105309,0.3533336456061712,1.0,1.0,0.1,0.9,0.2,195,1488.027597520791,282986.1377744944
15,0,0.8273831469654326,0.9576985232488611,0.9014803065204691,0.008878385824255637,0.0,0.0,0.0,0.0,0.1,0.9,0.2,1,3368.542604888486,8213.391414843176
15,1,0.8114763931838952,0.9579613037311315,0.900701133786558,0.018061373682448326,0.02759314474030441,0.06230900095497295,0.00010561808353773999,0.00010474096353469001,0.1,0.9,0.2,3,3342.601517547411,8174.839370466012
15,2,0.7003496887409658,0.9713398592669629,0.9183720786781211,0.08306091389755968,0.4145127574366165,0.11608012971452597,0.03860758386293055,0.0650739631394484,0.1,0.9,0.2,4,2923.2399404604494,46118.28535542564
15,3,0.737329742909266,1.0776233816483147,1.0175467308573265,0.23061682375789574,0.5024830887182072,0.10170413855924991,0.207464191652388,0.051374384373826854,0.1,0.9,0.2,5,3339.172579864451,5426.904983220748
15,4,0.6894376395868924,1.034892638259147,0.9741584415492444,0.19351390870230575,0.19489741520424847,0.10072878416806079,0.1689993470055729,0.03049863694092097,0.1,0.9,0.2,6,3219.9818159131028,5763.232747395307
15,5,0.5892543911107331,0.995642523360958,0.9400690941336108,0.18969978970467544,0.4781170443567547,0.09958111202458104,0.15665457402167943,0.06324528200564863,0.1,0.9,0.2,7,2889.8448875048043,4154.283845552472
15,6,0.5265989272767941,0.953400745435792,0.893517956366997,0.1711588986614787,0.20509919192026266,0.0705742015014639,0.1252691846336828,0.1335896553754806,0.1,0.9,0.2,10,2816.8792081072365,37909.04236678792
15,7,0.4037576276387382,0.8720786296028198,0.8326911911496429,0.1177814018981901,0.2994798125496859,0.07538109515968158,0.05567448722715531,0.08645108893791689,0.1,0.9,0.2,11,2190.701603139966,39558.00786454717
15,8,0.4035825649591189,0.8835658001925731,0.8570150414611875,0.13133400876636958,0.07951348810304612,0.07733072162516388,0.055988580544356126,0.09026056032653408,0.1,0.9,0.2,13,2198.636521431804,39179.83226142703
15,9,0.36736046703657105,0.8293468039683527,0.7750944386725558,0.1130369712404662,0.12365073812738207,0.039585948605033325,0.04052016374202166,0.06933750375772864,0.1,0.9,0.2,14,2093.687887155853,38331.39282179573
15,10,0.48838555933866573,0.9397772137685511,0.8722687652230388,0.236969947444289,0.18263772637537204,0.10176507946881479,0.1609230846481979,0.11207290940471719,0.1,0.9,0.2,16,2354.4550657140035,45703.97757069453
15,11,0.46483454434283744,0.9337576951248102,0.8761329429080987,0.24171032367440007,0.24195556820518518,0.10600122943431381,0.16206429455881313,0.10969691909108417,0.1,0.9,0.2,18,2702.4200287643616,47697.09308123511
15,12,0.45294105384376443,0.9290178187011959,0.8650168204044419,0.28393326996996027,0.34094560100394583,0.08297499745472392,0.1947870027212548,0.1364203194559812,0.1,0.9,0.2,20,1884.086622877804,44315.197966601365
15,13,0.43928460100610256,0.9271504656734635,0.8749206800647301,0.29093786201343325,0.21756845998215585,0.08518314061255623,0.1894098476872784,0.1300447212159792,0.1,0.9,0.2,24,1948.749068692178,44923.9584496242
15,14,0.36242853677496295,0.850415979299137,0.7976915428125149,0.22416169519899612,0.14111955191740905,0.07236023939173325,0.11825911283396977,0.08740258801789172,0.1,0.9,0.2,26,2494.11125986829,46195.39912125577
15,15,0.34406789058041515,0.832086100474505,0.7792441226006859,0.21458216646824832,0.11590009947159094,0.07264553375611296,0.10139393087511499,0.07493512891873869,0.1,0.9,0.2,28,2501.567275598407,45857.36021629085
15,16,0.35270338665724726,0.8406324060137884,0.784119314525108,0.2508270718156435,0.2932072846610905,0.05293500752338444,0.13468799907463036,0.08488157037929792,0.1,0.9,0.2,29,2766.015544187833,50166.62167410158
15,17,0.34112570152152566,0.827289660059264,0.7674236643391488,0.26144441683019237,0.21818687318001048,0.05059909698964371,0.1422508302229889,0.0831966412351297,0.1,0.9,0.2,31,2546.8290081243317,46171.81423447263
15,18,0.3505853544932751,0.8252593820985967,0.7520568581096698,0.28225187809029484,0.1743829223280472,0.08194832792653019,0.13951471770511117,0.13551399058263525,0.1,0.9,0.2,32,2193.931737023216,47828.214579493615
15,19,0.3247345493679262,0.8074549164925754,0.7441058881795467,0.26316064999249966,0.2786604464657705,0.04991493218841374,0.1427702641107402,0.08371826688454764,0.1,0.9,0.2,33,2467.99418115364,45810.407725826015
15,20,1.0948825097154078,1.5761496579711227,1.51166428469602,1.0330977042389833,0.9486825012895321,0.07544219270558329,1.0,0.09006854091054681,0.1,0.9,0.2,35,2365.4090048020707,45132.45843905847
15,21,0.3228399853757863,0.8023063116747109,0.7365387185902768,0.286266780774369,0.21158593356666264,0.06801724295774132,0.1403056923930676,0.13062568403541053,0.1,0.9,0.2,36,2217.7653399257256,46568.13949360143
15,22,1.0854429179480647,1.5745655987561373,1.5207995555038112,1.0500237942154917,0.9667444303216641,0.07648995806885203,1.0,0.09220195388407444,0.1,0.9,0.2,37,2289.8543050965677,45113.91531124948
15,23,1.0786511867428228,1.5539003346271578,1.4855245529997052,1.0547859649257239,0.9920829215970836,0.06160767612730097,1.0,0.0993239166915856,0.1,0.9,0.2,38,2086.747462905285,47648.36810571245
15,24,1.0639735535776784,1.5448220860261568,1.4865519012247472,1.0617575762036282,0.981457081177838,0.057438810687189944,1.0,0.08451522771726896,0.1,0.9,0.2,40,2164.403833617937,45945.30415015891
15,25,1.0617521477534513,1.541219946007418,1.4822913593388733,1.0647860689111337,0.936323179564053,0.057585823717561324,1.0,0.08565344758604973,0.1,0.9,0.2,42,2198.132181887151,45374.1165444345
15,26,1.0549291902440843,1.541492191044456,1.493712878346935,1.0789929411906565,0.9605090297145453,0.0568427736577759,1.0,0.08541326409230118,0.1,0.9,0.2,44,2118.1379883299155,45574.16285966993
15,27,1.0548087904550103,1.5524973657213217,1.517684642012845,1.0880904259569528,0.9234626460124469,0.0568427736577759,1.0,0.08541326409230118,0.1,0.9,0.2,46,2140.1537482271974,45345.24480173785
15,28,1.053750851354358,1.539373281715609,1.491189314581697,1.088571894617739,0.9381170912386009,0.057711948364133195,1.0,0.08619694245290782,0.1,0.9,0.2,47,2140.812664595139,45782.66855254931
15,29,1.0459133095780189,1.517674656015206,1.4553798516063903,1.096449774682814,0.9642861218187287,0.055555545353115056,1.0,0.06722124794415471,0.1,0.9,0.2,48,2111.4106088893086,45146.32419117032
15,30,1.0591509562910024,1.5527118134536873,1.516169841996038,1.116857195511007,0.9432127796083545,0.06559938031674813,1.0,0.13259395756032186,0.1,0.9,0.2,49,2098.4461842203536,46142.46052964362
15,31,1.231529855062226,1.72383117966385,1.6867672712099475,1.3203971789961468,1.1089185145726197,0.07245201255848494,1.0,1.0,0.1,0.9,0.2,62,3367.7853314496447,62466.64682343488
15,32,1.2188442131261283,1.6894262343393824,1.6354391444806204,1.3120251597726458,1.1867964292410458,0.06949270776681142,1.0,1.0,0.1,0.9,0.2,64,3241.9160415404613,64512.22639097038
15,33,1.2135854521085465,1.690080241633048,1.6472704781313372,1.3309838214427472,1.1442539370160896,0.07045932845842179,1.0,1.0,0.1,0.9,0.2,66,3235.078347643994,64805.071562166944
15,34,1.2092150281242657,1.6815803501779911,1.6374102946630054,1.3392769420913568,1.1341026838859027,0.06488894699146543,1.0,1.0,0.1,0.9,0.2,68,3037.188819240348,61199.6007187384
15,35,1.2061972767856408,1.6875472916575818,1.6556565028978987,1.3553951055789966,1.1351085280179092,0.054632051887186284,1.0,1.0,0.1,0.9,0.2,69,3008.964949887708,63524.77421700696
15,36,1.1977969898389373,1.6559602501650417,1.6073872610958446,1.3440094668807288,1.2564926123534927,0.06578480226379715,1.0,1.0,0.1,0.9,0.2,70,2929.2962644071986,60776.05310508944
15,37,1.1974877085586784,1.6551753203364663,1.6064614969747257,1.350978325999307,1.109487619429938,0.06615891051137653,1.0,1.0,0.1,0.9,0.2,72,2968.112116158837,63342.71830012302
15,38,1.1914826607105249,1.7036052594472377,1.7187827846214783,1.3670175752266944,1.1890670221979334,0.055135684643911165,1.0,1.0,0.1,0.9,0.2,73,3590.5249597957927,651100654732326.1
15,39,1.1914078642024968,1.6405614272770481,1.5893803273130327,1.343184198168209,1.1234748247710002,0.06408688185991132,1.0,1.0,0.1,0.9,0.2,74,3036.93134477536,56965.8944633379
15,40,1.174329168435389,1.6616036549426574,1.6806698227499257,1.3717428100289475,1.4218270003242994,0.055135684643911165,1.0,1.0,0.1,0.9,0.2,75,3178.459818011984,651100779804639.2
15,41,1.1733414377919744,1.6697385576667374,1.7012807446607208,1.3824423687648477,1.116201067051305,0.05506614861299217,1.0,1.0,0.1,0.9,0.2,77,3175.9114523613466,816828582186521.2
15,42,1.1729295760483736,1.6684129203273634,1.6997260143664805,1.38965759454154,1.1101915739834463,0.05519118955114449,1.0,1.0,0.1,0.9,0.2,79,3176.5565781330856,816828576367938.6
15,43,1.1684940833027868,1.6425341061523722,1.658319995650024,1.3883801954289336,1.2086423710171998,0.05598060234647791,1.0,1.0,0.1,0.9,0.2,80,3045.908841144874,1337794127638454.5
15,44,1.1669046772821359,1.637422386246303,1.652355402761985,1.3951160609627327,1.1228581619116942,0.05466715707426408,1.0,1.0,0.1,0.9,0.2,82,3046.632245233238,1337794109151045.8
15,45,1.1652143241499193,1.6319218891925928,1.6459408633348198,1.405450894843169,1.1425818839365165,0.053033975551221565,1.0,1.0,0.1,0.9,0.2,83,3021.324815692308,986861468219237.0
15,46,1.165370186071404,1.631352282225852,1.645198133317548,1.4181134266429347,1.1063870061872318,0.057447054081649164,1.0,1.0,0.1,0.9,0.2,94,3016.957695541044,1484513534458434.8
15,47,1.1624000506518206,1.6342745424777423,1.6598610293959128,1.4475470172666673,1.1564072506451084,0.04819573963045989,1.0,1.0,0.1,0.9,0.2,95,3150.25133872215,1484513349419829.5
15,48,1.1626123968143973,1.6344340445837289,1.6600100446650605,1.430051187709534,1.105253663405919,0.05040110500059567,1.0,1.0,0.1,0.9,0.2,96,2973.5309295653124,1484513599408392.5
15,49,1.1605390116948666,1.6276917279280614,1.6521743536716547,1.4400999292473562,1.1493153182980802,0.04682132101653872,1.0,1.0,0.1,0.9,0.2,97,3165.41595510705,1484513424530229.5
15,50,1.1590903214767851,1.6219391695129597,1.6454145932940698,1.4397111711764508,1.14699847417576,0.04810591593832044,1.0,1.0,0.1,0.9,0.2,98,3231.893570748024,1484513449304015.8
15,51,1.1580090385958606,1.6174097577801398,1.640102213178053,1.482931685127632,1.1110085611791496,0.04853120349877496,1.0,1.0,0.1,0.9,0.2,103,3030.016640614242,1484513443632672.8
15,52,1.1543973332053858,1.6031307521594484,1.6234042545449543,1.4847266083392314,1.2033537532838041,0.04698883980142262,1.0,1.0,0.1,0.9,0.2,104,2900.8960751400045,1484513452826714.2
15,53,1.1543073004449391,1.6139545331911611,1.6471633572666862,1.5065870961932435,1.1060257317660689,0.0469888398014226,1.0,1.0,0.1,0.9,0.2,106,2883.236898406712,1484513460553493.5
15,54,1.1530313535250047,1.6073283485820549,1.6393419552889907,1.510448742429656,1.129462997954523,0.050521660720097575,1.0,1.0,0.1,0.9,0.2,108,3048.024741197852,1484513499444346.5
15,55,1.1527900758903584,1.5838156316909735,1.5896370930732462,1.5180191908989336,1.1058364338826439,0.05064033704425912,1.0,1.0,0.1,0.9,0.2,118,2190.33322982556,1484517494332789.2
15,56,1.1509915447432981,1.57708427884834,1.5818155151900297,1.5391822982907224,1.126926584450293,0.046983839566396804,1.0,1.0,0.1,0.9,0.2,120,2130.8012726513816,1484516915618988.5
15,57,1.1505636451539556,1.5750631971467504,1.5794441821420024,1.5501578182105098,1.111867855183981,0.047225540712306106,1.0,1.0,0.1,0.9,0.2,122,2146.2632481441183,1484516940149761.2
15,58,1.1497061946994187,1.5701349074795334,1.5736251568570527,1.557272654569972,1.1413206596989913,0.04995697259941907,1.0,1.0,0.1,0.9,0.2,123,2263.500710399142,1484517685059559.2
15,59,1.148314923518126,1.5867366672427357,1.6152679660732947,1.5678773427540824,1.1439381255779426,0.047938404339174616,1.0,1.0,0.1,0.9,0.2,124,2857.378567053273,1484520106041980.8
15,60,1.1443672167302013,1.6096141515744857,1.6862989470068197,1.5502887785001722,1.262293758316952,0.05327423101197121,1.0,1.0,0.1,0.9,0.2,125,3538.552996603185,14318707.559040274
15,61,1.1435389125047175,1.6050435579485398,1.680939409028525,1.557552557723188,1.1214507168012813,0.05363475817053472,1.0,1.0,0.1,0.9,0.2,127,3513.105155031732,14318292.98500728
15,62,1.1429703257694368,1.624803782089067,1.7262636687780588,1.5941170908550084,1.1230999582173753,0.05266481204281942,1.0,1.0,0.1,0.9,0.2,128,3508.864948015362,14317815.93452369
15,63,1.1423564056619802,1.6212752853354113,1.722124834919801,1.60162352584603,1.1177584283728679,0.05302258450770695,1.0,1.0,0.1,0.9,0.2,130,3483.3505920666817,14317399.748443255
15,64,1.1422889959755658,1.6096954979899694,1.6974803120250557,1.5755774334963941,1.1066058353611787,0.0530225845077069,1.0,1.0,0.1,0.9,0.2,132,3476.87852888123,14317760.656584289
15,65,1.1403041862934682,1.5404054105556118,1.5608452278995941,1.6016055279248305,1.1375417906441976,0.05710584847806751,1.0,1.0,0.1,0.9,0.2,135,3221.0055363039205,1.2525928192291344e+36
15,66,1.1390008477021616,1.557399201389388,1.6029939823548909,1.6275750005179261,1.1167381197043285,0.052367318371491264,1.0,1.0,0.1,0.9,0.2,138,3114.092460672212,435042084776164.3
15,67,1.1393183121653399,1.6125646904395265,1.722921387885836,1.6433861083999142,1.1107058520118387,0.057870049352467236,1.0,1.0,0.1,0.9,0.2,140,3341.567865370534,14318210.406735158
15,68,1.1377765011189556,1.5505008485131948,1.5949339709400514,1.6494816203415874,1.142664680321028,0.05121749044596182,1.0,1.0,0.1,0.9,0.2,141,3165.729377163449,6.194368539097174e+36
15,69,1.1381921018439265,1.5951113073428418,1.6914194221625205,1.623581697075682,1.1073876221671424,0.05656629468293282,1.0,1.0,0.1,0.9,0.2,144,3342.445497787002,14316189.292701757
15,70,1.1379185927384532,1.6050364524179035,1.7141401453458964,1.6496674774994926,1.1097567115302256,0.055748632916061545,1.0,1.0,0.1,0.9,0.2,146,3350.786802069037,14314387.975224923
15,71,1.1313030684098346,1.5834611713239888,1.711080239571172,1.6685620596170185,1.2070643483928338,0.053009405557114565,1.0,1.0,0.1,0.9,0.2,149,3529.802957891226,14325739.164199805
15,72,1.128891521767241,1.619988562620086,1.8092637656918804,1.7179083764229295,1.1735854649463564,0.05348035330472143,1.0,1.0,0.1,0.9,0.2,151,3277.170659225392,14325023.410882857
15,73,1.128784766807725,1.5858549376434905,1.736047649327771,1.7061655903483655,1.106964267003107,0.05298635304222149,1.0,1.0,0.1,0.9,0.2,153,3515.00538165028,14325315.54783018
15,74,1.1272817843214882,1.629141846946711,1.8421597052023235,1.7601987364845904,1.1496729722919552,0.05280675487402435,1.0,1.0,0.1,0.9,0.2,155,3253.0062762415578,14317426.929726971
15,75,1.1252649884998878,1.5980950258642737,1.7946869316519194,1.7427471766478468,1.1753765756738566,0.054390322446797625,1.0,1.0,0.1,0.9,0.2,157,3427.363612087998,14315224.474353423
15,76,1.1250768328547187,1.529273931792376,1.647593441532402,1.695251868519815,1.1091255981064887,0.05415709475743319,1.0,1.0,0.1,0.9,0.2,160,3221.010912417739,14290536.489455452
15,77,1.124601103185625,1.5245621421030062,1.6420746899026686,1.6948026384539014,1.1216990956220156,0.05415709475743319,1.0,1.0,0.1,0.9,0.2,162,3164.09806914482,14294124.807157282
15,78,1.124157180363202,1.5551025296720746,1.711115487566509,1.7493116740027645,1.115661808300779,0.05270310245601654,1.0,1.0,0.1,0.9,0.2,164,3251.1974873107333,14289708.726968495
15,79,1.123681255687568,1.5271817307688018,1.656237771904508,1.717455008417043,1.1439760945802868,0.053388414296107745,1.0,1.0,0.1,0.9,0.2,165,3193.9696779849373,14291729.520041356
15,80,1.1232295902024323,1.5318493254583616,1.6727533278305924,1.752726557313537,1.152532878058953,0.05531603632611585,1.0,1.0,0.1,0.9,0.2,166,3100.840601841836,14296363.225343153
15,81,1.1225072991864418,1.5252488279236736,1.6650431520846092,1.7519260637470342,1.1506723589668617,0.05411868498320384,1.0,1.0,0.1,0.9,0.2,167,3110.037238302344,14291289.775771746
15,82,1.1218616321696133,1.5524590210746165,1.7301710251512301,1.8232099649140443,1.1127067202859036,0.05338132297044781,1.0,1.0,0.1,0.9,0.2,173,3158.04304989647,14288893.738234255
15,83,1.1219321288180857,1.5408977690862258,1.7055289510161888,1.7749879247692835,1.1062673402507897,0.05450356360546933,1.0,1.0,0.1,0.9,0.2,177,3160.9353135524298,14290895.742394438
15,84,1.1204010358385772,1.529660073742851,1.692470870823856,1.7856314313561374,1.1790922323119084,0.048422260442721736,1.0,1.0,0.1,0.9,0.2,178,3142.582838700493,21747248.22625138
15,85,1.1202810407060355,1.5287282905353399,1.6913871573337182,1.7814982632988972,1.1110043428062917,0.047974081817702005,1.0,1.0,0.1,0.9,0.2,179,3071.5498670610264,21732412.297882013
15,86,1.119980396936725,1.4716046716008546,1.580021193476678,1.7965829100651558,1.1971042311179423,0.055718711505336346,1.0,1.0,0.1,0.9,0.2,180,3306.8941585694656,17498456.22675129
15,87,1.1192157181487725,1.5068721883978007,1.6656595721455305,1.7913012955680467,1.1718879046917396,0.05547980595224087,1.0,1.0,0.1,0.9,0.2,181,3329.167921242867,17505717.262210324
15,88,1.118755961894968,1.457666119088142,1.563723209244426,1.8030356080840246,1.1351273121331054,0.05410003570650688,1.0,1.0,0.1,0.9,0.2,182,3334.145624422066,15994833.195729798
15,89,1.1181652665362798,1.4472164920718933,1.5514518755417968,1.8180241920275382,1.1799191673189486,0.05597805961970759,1.0,1.0,0.1,0.9,0.2,183,3340.2472594385654,17539334.644743856
15,90,1.118134428156968,1.4468863971644284,1.5510666269451083,1.825875288955493,1.1067155376164524,0.05589979688920251,1.0,1.0,0.1,0.9,0.2,185,3352.2272646865395,17535693.19785607
15,91,1.1165497184265738,1.488059602445357,1.6548023871743516,1.8311786488838828,1.1253973007450737,0.04989989428439595,1.0,1.0,0.1,0.9,0.2,191,3403.2890793457686,16366837.870774578
15,92,1.116362322683195,1.4847382174341976,1.650906103113733,1.838749124667047,1.110877379630676,0.05025669088559779,1.0,1.0,0.1,0.9,0.2,195,3372.9299261932247,16368111.604493609
15,93,1.1152411925301706,1.4821774946536117,1.65903256486198,1.8589165109207801,1.139548958965054,0.04768525926064307,1.0,1.0,0.1,0.9,0.2,197,3314.758956178784,21732175.81604992
15,94,1.115327317626138,1.4684719735367284,1.6318541800190702,1.8607855648026346,1.1595460542441551,0.05025699436569594,1.0,1.0,0.1,0.9,0.2,198,3391.578573033542,15825129.129988324
15,95,1.1150475367243962,1.4634689365779001,1.6259881714824338,1.8760666957163554,1.1205006704142042,0.050615078157236,1.0,1.0,0.1,0.9,0.2,200,3405.2726760333085,15830535.917431053
16,0,0.9354642426978547,0.9851284565341248,0.9336077912775809,0.011411981210888222,0.0,0.0,0.0,0.0,0.1,0.9,0.2,1,2070.5566563444672,6933.691568460121
16,1,0.9065890852718145,0.9828559344281359,0.9298652271676472,0.020318318672283085,0.036202246612105395,0.0620270319284935,0.00010064936599677,9.166258945734e-05,0.1,0.9,0.2,3,1866.229217607382,7653.741089204409
16,2,0.9002209203204127,0.9880905573683043,0.9344581819063636,0.0312940733606902,0.042103743188541806,0.02048412559105747,0.01453053970713597,0.0008343362701976701,0.1,0.9,0.2,4,2043.0701067656355,6518.057394978125
16,3,1.5311714094925157,1.7993888901439379,1.7326386560896399,0.9135549290497448,1.4375262468887515,0.00539817212518247,1.0,0.013244895786152188,0.1,0.9,0.2,5,2084.623694761413,35156022.36515744
16,4,0.6807088573988215,1.0017943726748286,0.9581250476105491,0.12764968482150316,0.14104775263525432,0.07482986646963155,0.08623411379854069,0.07571960473602805,0.1,0.9,0.2,8,970.2182710990484,6078.066978266657
16,5,0.6829150292000322,1.005390263371905,0.961578055643106,0.13200405453990544,0.11064028478650154,0.07481758771484198,0.09036621686294488,0.07928141992916682,0.1,0.9,0.2,9,969.8508977864624,6028.655495627337
16,6,0.543089320314011,0.9460029695659347,0.9060020985338816,0.12234441804529761,0.45917282548979,0.07780605889445061,0.06895889933397706,0.0894501116255608,0.1,0.9,0.2,10,851.8073871855888,57427.1991474644
16,7,0.544901389443657,0.9479753841263846,0.9079476946831856,0.12445875529849765,0.09094535475685622,0.07704354395516272,0.07101015361210058,0.09124667122085188,0.1,0.9,0.2,11,852.7496143385579,57344.46800296349
16,8,0.5404464604073783,0.9558977279136113,0.9286731593622607,0.12873124172140263,0.0956924047951012,0.07780605889445061,0.06895889933397706,0.0894501116255608,0.1,0.9,0.2,12,820.1653667364378,57744.294730828864
16,9,0.5042522507413587,0.9132526539697807,0.8722299853620953,0.10569670608212597,0.09357448044872987,0.07579543479934835,0.04603888695722446,0.059674693258182886,0.1,0.9,0.2,13,814.8347690167998,56820.41022986921
16,10,0.6778450971459713,1.1164855142072507,1.1001665033581585,0.31345330071717953,0.26693403542125727,0.07280741245345282,0.2378130915942001,0.14018455763856774,0.1,0.9,0.2,16,1795.5940139428542,24700.01221158496
16,11,0.5856011171642047,1.0297814613944876,1.0124099208118165,0.23975269721475845,0.19025488183885325,0.07343117522213356,0.1585965113904877,0.09355794461162588,0.1,0.9,0.2,18,1778.5440261554645,24840.72537431295
16,12,0.5916614248083697,1.0719545827800185,1.0619488052519612,0.3073424132934879,0.46428197441642893,0.0701944941218279,0.2244940508243975,0.11798952872747973,0.1,0.9,0.2,19,1397.1621295254995,28684.761724169814
16,13,0.5293990477064636,1.0114929639950634,1.0008590526866326,0.2530325675829225,0.19966513929296797,0.07912323433924391,0.16365152071644976,0.1033504079745378,0.1,0.9,0.2,20,1700.1474962946377,26727.85096158008
16,14,0.555605052724207,1.056412846867752,1.056419820805545,0.30587722028378755,0.31959787436482756,0.07233755707200346,0.2143417108327747,0.1161104543454384,0.1,0.9,0.2,21,1515.2629216331147,27392.731347696885
16,15,0.5556050568041389,1.056412849308909,1.056419823246702,0.3058772227275161,0.2233640215931171,0.07233755646543003,0.2143417135598748,0.11611045458255846,0.1,0.9,0.2,22,1515.2629162967096,27392.731312391104
16,16,0.5542301238062604,1.0569337375504884,1.0562720436965498,0.31590164588006503,0.2550700112171447,0.07421803861585742,0.21764848543786802,0.12241665095328265,0.1,0.9,0.2,23,1494.3460341380426,28533.617609998928
16,17,0.49149959759698314,0.9962136781530573,0.9948089528063933,0.27006671108047975,0.18661589308696414,0.07281091641362837,0.16195435246846196,0.09183809081101256,0.1,0.9,0.2,25,1428.5992664950531,28533.37932667864
16,18,0.46764511713910106,0.9907717456226719,0.9991573240711796,0.2754280711807876,0.23894054102912374,0.08021366447921133,0.16310780428784072,0.09343853186972334,0.1,0.9,0.2,27,1365.746054266239,104231.37532758217
16,19,0.4655355458126913,0.9891677539366887,0.9972786768966163,0.28144754844194064,0.18463961450940605,0.08021366447921122,0.16310780428783941,0.09343853186972369,0.1,0.9,0.2,28,1403.6591731256417,103789.52629873928
16,20,0.4302730085079421,0.9543915923562576,0.9622452026465333,0.2531383546628034,0.15080378614858483,0.07819148218439478,0.13050653101853485,0.07478673782216472,0.1,0.9,0.2,29,1372.085531635376,104118.81326946228
16,21,0.43003372396841255,0.9542284291658132,0.9620405995490605,0.25319533209382433,0.14200900355258828,0.07896528986551336,0.13050707397983946,0.0747920054364849,0.1,0.9,0.2,30,1338.4808367805483,104089.635331044
16,22,1.320043935116639,1.8356704634342556,1.8288737357222038,1.1794599443070894,1.1079139104707705,0.056947530968432566,1.0,0.683270112779407,0.1,0.9,0.2,31,1707.45317605911,44282253648.23396
16,23,1.2874867322156183,1.805539786690614,1.7968907495479014,1.1646341368182498,1.0607940506497509,0.04845583004327033,1.0,0.5909455820758549,0.1,0.9,0.2,33,1552.4345413930482,44281570513.1209
16,24,1.2834318798517799,1.8022206076224827,1.7929611677593265,1.1709340014443388,1.0486048074769423,0.052439821152233314,1.0,0.5901790611814397,0.1,0.9,0.2,34,1545.101143801298,44281598468.03072
16,25,1.2962210653961037,1.81575879447962,1.8056562798518707,1.189625656240408,1.0757830741717187,0.04933536566765806,1.0,0.6840351696038331,0.1,0.9,0.2,35,1707.154899323669,44281672666.66299
16,26,1.2402172932800228,1.7846516243381834,1.7946082177834937,1.1637617171159214,1.2665742242994065,0.051028108997591956,1.0,0.5890891455217784,0.1,0.9,0.2,36,1553.316165751993,44286355846.60079
16,27,1.1269103755864567,1.6472560437111976,1.6271687641483854,1.0975949393638473,0.9642912587228565,0.04463308975983264,0.9252015759702203,0.4719835138084064,0.1,0.9,0.2,41,1529.853937199225,44282502334.70042
16,28,1.1240027120133576,1.6551163210246398,1.647456788824141,1.1201944885202568,0.9430709121799903,0.04463308975983275,0.9252015759702198,0.47198351380840703,0.1,0.9,0.2,43,1557.6380045919436,44282255193.79629
16,29,1.1185638559906022,1.6489292624580452,1.640331331968657,1.122256423008225,0.9690960193701338,0.052781484442853875,0.924161355684998,0.46905212296247073,0.1,0.9,0.2,44,1581.084976373481,44281689959.15524
16,30,1.1044616790244688,1.632018293449245,1.6206816060488913,1.1093433343076038,1.0417444533487523,0.04655417096126207,0.9239381956202305,0.4685745337159529,0.1,0.9,0.2,45,1243.4565527977516,44281067191.56736
16,31,1.092943308079062,1.61678082861209,1.6027233639736926,1.1190566890956282,0.9859808164825358,0.04523711808243364,0.9244954737878308,0.46997506553863905,0.1,0.9,0.2,47,1251.789913456331,44281960724.229324
16,32,1.0903002415794356,1.613050444639616,1.5982939285594338,1.1190339394242859,0.9594387392749022,0.04325414352030657,0.9250098280742496,0.4704089608080902,0.1,0.9,0.2,48,1266.6695742609854,44279204374.91906
16,33,1.0867158375304269,1.6083970935073515,1.5929879185845848,1.1272035382473973,0.9433666106186541,0.04429535774753618,0.9241205414831365,0.46967997832181296,0.1,0.9,0.2,50,1265.8478840805133,44279678460.39162
16,34,1.0086394925661828,1.5334207811545166,1.5267233004491083,1.072479465570261,1.0439781467191025,0.04584645125583518,0.8644915529567243,0.431547898759377,0.1,0.9,0.2,51,1843.1270120470235,44282177933.998825
16,35,1.0761649079658002,1.5939687773437088,1.584182234797413,1.1534667207602265,1.0733674055778681,0.05016042963289624,0.9416099992723865,0.47528095547056903,0.1,0.9,0.2,52,1617.5196053214422,44281734740.9988
16,36,1.0726176477759148,1.58811839623896,1.5773877141972408,1.155979731483899,0.9664385521951034,0.04962708145972649,0.941309457164874,0.4752153815310939,0.1,0.9,0.2,54,1626.5979590988911,44281321091.19898
16,37,0.9856883325059853,1.4963748033438646,1.4837652522876732,1.0803538221824565,0.9047243566394855,0.04993703958664138,0.8618747069598914,0.4286571418019724,0.1,0.9,0.2,56,1600.893507701246,44282049934.75506
16,38,0.9831786116900798,1.4919191209070408,1.4785810545050562,1.0899469546442748,0.8810656352275628,0.04941734400870529,0.8617289061697282,0.428561846362018,0.1,0.9,0.2,58,1612.1212974545529,44281636289.39056
16,39,1.2441544971927805,1.7379479286628394,1.7194595934080985,1.369532634985593,1.3524174235353932,0.42312488858046926,1.0,1.0,0.1,0.9,0.2,59,7584.504205529047,44280000078.0182
16,40,1.240321288859284,1.7305198814901634,1.7108849750818609,1.371617715818639,1.1649691702585727,0.4157942297113733,1.0,1.0,0.1,0.9,0.2,61,7568.7220478886975,44279895458.46147
16,41,1.2358711834587446,1.7218850448818663,1.7009506655258628,1.376126515661859,1.1935467766103518,0.4053251676136359,1.0,1.0,0.1,0.9,0.2,62,7400.262463818901,44279562621.193375
16,42,1.235670958128368,1.7196032341953542,1.6980366104646503,1.3910696791359771,1.1548002180550598,0.41942348845626576,1.0,1.0,0.1,0.9,0.2,64,7683.037222893168,44279875278.22478
16,43,1.2271514570525504,1.712196127251022,1.7006638480274316,1.384717990949656,1.261637078389265,0.4065133639866401,1.0,1.0,0.1,0.9,0.2,65,7762.987421576741,44286677573.676834
16,44,1.0564529354473344,1.5235789941405522,1.507111007203748,1.2426398273746422,1.0212964965542857,0.04343517448715306,1.0,0.3825519596267784,0.1,0.9,0.2,70,8293.808964141557,44280532125.28719
16,45,1.2125498747730576,1.6701885676588921,1.651238722357039,1.4094295448286596,1.1931456941036762,0.41955655483078874,1.0,1.0,0.1,0.9,0.2,72,8353.601701709782,44281139836.93551
16,46,1.2095194004014098,1.6622086356038357,1.6419982550324905,1.4181846516279384,1.167241853236694,0.4133592872254551,1.0,1.0,0.1,0.9,0.2,74,8251.577589544248,44280859833.51979
16,47,1.2072709221836881,1.6659691771861063,1.6574847748482775,1.427560583075124,1.1662966906472183,0.4133592872254551,1.0,1.0,0.1,0.9,0.2,76,8368.434509311246,44280684132.98273
16,48,1.2044139312404438,1.645745841861012,1.6227505224774013,1.4341355409346694,1.2022519754748358,0.4113581896455245,1.0,1.0,0.1,0.9,0.2,77,8709.421877387585,44280539919.41516
16,49,1.2014590632830202,1.637328450884328,1.6130105070936949,1.4398059299759067,1.167411250580383,0.40441078643112166,1.0,1.0,0.1,0.9,0.2,79,8686.771629351992,44280435290.58875
16,50,1.198321149336785,1.6504831005396476,1.6507070480925121,1.4517409120925464,1.199224359463668,0.39708258179871875,1.0,1.0,0.1,0.9,0.2,80,21937.26305843838,44281488729.71985
16,51,1.195995240389408,1.6415761313917265,1.6402531571604573,1.461842392829521,1.1713773752916758,0.398338719295732,1.0,1.0,0.1,0.9,0.2,82,21846.726291709147,44281309189.49317
16,52,1.1960918617678957,1.6298796303149812,1.6154186420902037,1.4624170241144088,1.1457477847501987,0.4014354439149579,1.0,1.0,0.1,0.9,0.2,83,10496.329232405033,44281333611.32204
16,53,1.1937834638974718,1.6339263747299158,1.6313421146298845,1.4680848529472565,1.1853895629734974,0.3954927854127669,1.0,1.0,0.1,0.9,0.2,84,21808.26304338544,44281221739.03847
16,54,1.1934114854991649,1.652131107646796,1.6746670960116614,1.482187044589397,1.158474776694183,0.40487935104425565,1.0,1.0,0.1,0.9,0.2,86,18530.381934735546,44280643638.57564
16,55,1.192699765431074,1.6497709264783873,1.6719306095353146,1.4854830525285356,1.1479838576400494,0.40325164417782944,1.0,1.0,0.1,0.9,0.2,88,18553.222166116582,44280288411.90244
16,56,1.1918929899684672,1.6251219703238045,1.6209541182276326,1.482090616686203,1.1533196977037783,0.39991504953364393,1.0,1.0,0.1,0.9,0.2,89,18429.4004747394,44280504296.14715
16,57,1.191446637939905,1.6243131399128103,1.620063172452227,1.485315082303449,1.1429727571493566,0.3966223078615426,1.0,1.0,0.1,0.9,0.2,90,18301.44408502205,44280482042.63629
16,58,1.1876084653082022,1.6294638929534815,1.6482014142485364,1.4979797994718618,1.2630899616856652,0.40001008768878804,1.0,1.0,0.1,0.9,0.2,91,15159.509884250549,44281774179.831314
16,59,1.1849026508784635,1.6112050337454884,1.6159824417741364,1.4926867181296457,1.1774935565351594,0.3854969834034666,1.0,1.0,0.1,0.9,0.2,92,18654.24290837897,44280001063.38826
16,60,1.180920827306212,1.6024127679895113,1.6167082868204619,1.5091202443879816,1.2098952278148833,0.38887294449091125,1.0,1.0,0.1,0.9,0.2,94,18447.620980732376,44280119213.49325
16,61,1.1808634732616654,1.602176471026985,1.6164335439516624,1.5161168974845511,1.1396641776597056,0.3887547425950186,1.0,1.0,0.1,0.9,0.2,96,18451.40165214183,44281011013.20356
16,62,1.1792081153356908,1.588882332466525,1.5900456080292686,1.5148198384956006,1.1411334183975592,0.3733054915414204,1.0,1.0,0.1,0.9,0.2,97,18471.30420325044,44280995000.09118
16,63,1.1789995245711633,1.5929758137784227,1.6056650189460389,1.5263051146334596,1.1989661899171362,0.3883015262978724,1.0,1.0,0.1,0.9,0.2,98,18536.247260321976,44279881098.54181
16,64,1.178685183205244,1.5911838307159518,1.6035591303059606,1.5335614872738141,1.1452739257369555,0.38871083110847887,1.0,1.0,0.1,0.9,0.2,100,18498.53171562137,44278892289.59096
16,65,1.178657843843019,1.6135005448881459,1.6518630956489693,1.5477779764204789,1.139136959894281,0.3885928244992295,1.0,1.0,0.1,0.9,0.2,102,18584.41744365855,44279694533.20055
16,66,1.174527061638725,1.5906116590601647,1.6250403131896336,1.5535277779846803,1.192418191834163,0.3894122618158344,1.0,1.0,0.1,0.9,0.2,105,18950.538461395616,44280176480.19661
16,67,1.1390136982561165,1.5524511055843517,1.5863318241575668,1.6246051823234517,1.104912471402487,0.03981304591644775,1.0,1.0,0.1,0.9,0.2,129,1573.1024325294356,44279759580.24877
16,68,1.1374368026405288,1.5317940026301373,1.551052678745994,1.6263274745918501,1.137057910280995,0.0399606762838708,1.0,1.0,0.1,0.9,0.2,131,1606.8085194563043,44280068084.87932
16,69,1.1371974200155999,1.5416834134014907,1.573722188363542,1.634591503108801,1.1129545219894477,0.03967810769829776,1.0,1.0,0.1,0.9,0.2,132,1938.92875916864,44279995892.53858
16,70,1.1359700939703,1.5231804043034154,1.540979109310414,1.6338713732892896,1.1545251685812647,0.03907457729485795,1.0,1.0,0.1,0.9,0.2,133,1533.1002647757043,44280095768.27287
16,71,1.1342003796738247,1.5595371921033847,1.6279811538255184,1.6730819076753822,1.1586304176030409,0.03369701315181436,1.0,1.0,0.1,0.9,0.2,134,1595.355059383013,44281247429.37764
16,72,1.1339554628078667,1.5334073679752607,1.5751486557773795,1.6566387498737531,1.1323715922997308,0.03745745767276046,1.0,1.0,0.1,0.9,0.2,135,1612.4681736246932,44279592871.70964
16,73,1.13218742413438,1.5216282980888949,1.5613613926978174,1.6712551214014129,1.1446421834923288,0.036933219833621675,1.0,1.0,0.1,0.9,0.2,137,1716.7120310086225,44279340749.73427
16,74,1.1317008937733213,1.5204576965490428,1.5600538844625977,1.678312606583157,1.108990755844786,0.03322151814608934,1.0,1.0,0.1,0.9,0.2,138,1633.7486591919806,44279497213.558624
16,75,1.1315035008645085,1.5175655253127602,1.5566247803435524,1.685756184226934,1.1253841360757495,0.03565303913353611,1.0,1.0,0.1,0.9,0.2,139,1664.4521258673165,44279149258.43882
16,76,1.1286492503114756,1.4864464270730093,1.509130099779661,1.6790493171183025,1.2412172930385803,0.03356811175335256,1.0,1.0,0.1,0.9,0.2,140,1653.5567843321448,44279859481.42424
16,77,1.126755025676888,1.4787489062032233,1.5111124098158573,1.6862048066366586,1.1716295944069557,0.03846623267603931,1.0,1.0,0.1,0.9,0.2,142,1572.088478732952,44281161868.59726
16,78,1.126640609910642,1.4779886583146074,1.5102259491305812,1.6973616424924909,1.106536329934347,0.03823404600718242,1.0,1.0,0.1,0.9,0.2,144,1582.7952320386055,44280301800.30817
16,79,1.0584040267294894,1.3969241816355673,1.4158481853226088,1.6354901402759798,1.0388198045717296,0.041072716716046995,1.0,0.6584103993118124,0.1,0.9,0.2,148,2162.74020333523,44277433919.0616
16,80,1.1224261323978475,1.4231722713755397,1.434860256649337,1.7061559008131342,1.2518387197615937,0.04288825340790337,1.0,1.0,0.1,0.9,0.2,150,2984.767345812096,44277983843.00337
16,81,1.1207007107605198,1.4282950419273315,1.463047150759996,1.7332621212762551,1.128109740283392,0.04153231760653639,1.0,1.0,0.1,0.9,0.2,155,2766.528801551487,44279248760.4268
16,82,1.1197689528245132,1.4062597255690057,1.4261542968642005,1.730891113950548,1.1799264797919842,0.04165877010474003,1.0,1.0,0.1,0.9,0.2,156,2752.7212772869148,44279294867.85837
16,83,1.1195536713265382,1.4154491892230776,1.4480075760168678,1.7395462528663281,1.1178437252652988,0.041169161564013464,1.0,1.0,0.1,0.9,0.2,157,2733.5382098963805,44275531805.43376
16,84,1.118938796541762,1.3975115541749679,1.4159266716718248,1.7426219105159058,1.1506906865258608,0.04056214666671164,1.0,1.0,0.1,0.9,0.2,158,2712.5740171241346,44278691781.97804
16,85,1.1187560473470666,1.4067376069127224,1.4378183932506416,1.7512521086931063,1.1177055874718809,0.040329011495423325,1.0,1.0,0.1,0.9,0.2,159,2911.0957142288016,44278326819.53951
16,86,1.11834733151496,1.3890118460128167,1.4059545486905762,1.7456748133328832,1.1505011141793247,0.04154154969277593,1.0,1.0,0.1,0.9,0.2,160,2762.9503037108675,44278695632.6017
16,87,1.1178569138950383,1.382868099682864,1.3987611889795992,1.748843952148506,1.1469442263527707,0.04139496460947326,1.0,1.0,0.1,0.9,0.2,161,2822.554274368236,44279779759.88183
16,88,1.1175056195151534,1.3788715942232594,1.3940891717785322,1.7521756407479363,1.1316388921870706,0.04087490700658451,1.0,1.0,0.1,0.9,0.2,162,2904.567137807216,44279511242.31611
16,89,1.1174509421631766,1.389346778042468,1.4174399471150072,1.7723409082567492,1.106628822544345,0.04087490700658451,1.0,1.0,0.1,0.9,0.2,164,2937.432222052342,44279437654.71359
16,90,1.116777362803763,1.369024770579571,1.3825566663128763,1.7700016881178,1.1677540150504717,0.040836230724301044,1.0,1.0,0.1,0.9,0.2,165,2739.687800589013,44281899414.17809
17,0,0.8897307853725902,0.9739135080565021,0.9204722214676397,0.010369306319299719,0.0,0.0,0.0,0.0,0.1,0.9,0.2,1,2543.4991128771626,8476.759457379796
17,1,0.8745319239405611,0.9740474040635038,0.9197129970093976,0.0186344967275277,0.023562831431087384,0.0523999204655886,0.00010241048510978,8.593246390473e-05,0.1,0.9,0.2,3,2460.077610546137,8339.60696047634
17,2,0.7582150564219559,0.9939854484399564,0.9440497328746527,0.08963863557590664,0.41523991162724755,0.11529221795857406,0.04020100536183468,0.08300160807713548,0.1,0.9,0.2,4,2108.9348473544446,44480.06525560314
17,3,0.6869320535690866,1.0083150285862965,0.9503352853256888,0.14664941722607902,0.29063005184196483,0.06374684467450842,0.11189053042849709,0.09267195886244114,0.1,0.9,0.2,6,1654.788340080963,6294.046840107911
17,4,0.5129770159139204,0.9172049557101222,0.8620314750219701,0.10999399134604007,0.2896465042335826,0.07554417086297163,0.06605667191631344,0.07908957845867201,0.1,0.9,0.2,8,995.5943639629908,40688.7210483842
17,5,0.478862115658139,0.8873074686523794,0.8313447589018104,0.09458641097448305,0.07362785931507919,0.07329865328058548,0.04405889624831802,0.05275752723974506,0.1,0.9,0.2,10,989.7415127347006,40346.859165309885
17,6,0.4755370751877444,0.8868263617682732,0.8303134074441234,0.09855134309617,0.08274457786505901,0.07562183167479211,0.04651074274012323,0.05422351081169199,0.1,0.9,0.2,11,979.3761458007086,40478.10487061735
17,7,0.4162415698666986,0.8595693840854213,0.8113509999492651,0.09700931307760764,0.14522657923760637,0.057450319728873725,0.036155898457257155,0.05499272559698851,0.1,0.9,0.2,13,3826.42392733535,21680.34538565628
17,8,0.42928153995459767,0.8840888883869488,0.8487986057824378,0.11070807208899966,0.06597265579219062,0.058223592048041305,0.0473091519538773,0.07310535174682464,0.1,0.9,0.2,14,3763.49024529275,21500.502515045933
17,9,0.46194167837307115,0.9122988708060471,0.8455363321907228,0.19038889088807648,0.37254876854070745,0.054708458684493824,0.10088701003959173,0.2465952002411001,0.1,0.9,0.2,15,951.1676218842372,39297.49542909666
17,10,0.4337340427964346,0.8840991316238288,0.8173100454570517,0.17208714551304732,0.11794040662868413,0.054166250888479685,0.08073168631881444,0.19733932583493868,0.1,0.9,0.2,17,917.3383477573786,39085.78366057213
17,11,1.398265926290767,1.8550764879038524,1.7849870454351107,1.1659640260917943,1.2390723203718876,0.07791857595983213,1.0,1.0,0.1,0.9,0.2,18,3280.363441368133,239796.6035089641
17,12,1.3839171036095574,1.854873811950226,1.795969250654427,1.1771817081805138,1.1439037817108568,0.06986701712554899,1.0,1.0,0.1,0.9,0.2,20,3200.8627241919885,238225.0414145213
17,13,1.376241021835636,1.8486330407952936,1.7886796823335824,1.1842098230523876,1.1282591604788461,0.06870060400253883,1.0,1.0,0.1,0.9,0.2,22,3131.265853383757,238133.26415349427
17,14,1.3758654965113002,1.8483148092072896,1.7883253379213488,1.192656267338858,1.1083006232941859,0.06762628401763017,1.0,1.0,0.1,0.9,0.2,23,3214.0827822797355,238353.71854179507
17,15,1.3564767183348454,1.8317377770490262,1.7689523467909198,1.192167890391408,1.2204585872938816,0.06511537201663438,1.0,1.0,0.1,0.9,0.2,24,3217.099949268294,238093.1648677901
17,16,0.7174573601740464,1.1720196024872591,1.0793554081447747,0.5894434778769496,0.5181987338628858,0.06497652008337444,0.39853873640202536,0.6333071924449175,0.1,0.9,0.2,30,2540.709810554157,92076.63104207956
17,17,0.654364356894382,1.1425602971555913,1.088719971725904,0.5406415655596428,0.43706698516094794,0.06276290704357788,0.38606309378315057,0.3803856897654517,0.1,0.9,0.2,31,3017.413110891047,219696.68330247368
17,18,0.8141343050794068,1.3023144138166587,1.2455129789399364,0.729509737138159,0.7301722265885203,0.05944927436778561,0.49671249661768585,0.769344253072744,0.1,0.9,0.2,32,3295.1580341200947,93759.96849397729
17,19,0.8074994763829678,1.2724393420648745,1.1883582340812349,0.7081679650865534,0.6318908927579555,0.0594492743677857,0.4967124966176904,0.769344253072733,0.1,0.9,0.2,34,3183.209640984316,94001.0230177696
17,20,0.8041068086451644,1.313438750954101,1.280705773375608,0.7520582367452242,0.619973387711265,0.05944927436778561,0.4967124966176855,0.7693442530727441,0.1,0.9,0.2,36,3098.253857927896,94208.36198630383
17,21,0.7364162075995048,1.2006104682829197,1.1153556462913967,0.6508408905540913,0.563198521249622,0.0602875160914228,0.4419414358298298,0.6905178650899417,0.1,0.9,0.2,37,3033.595227634657,94169.52319072638
17,22,0.9271642629149113,1.4244512253246173,1.3775096882490387,0.8781838701027949,0.7640275465285371,0.07153515170188834,0.5877470446874141,1.0,0.1,0.9,0.2,38,3173.470361967197,93073.76447682144
17,23,0.9293651192671282,1.4369820687160846,1.402000201559118,0.9034419748657472,0.7647514174019587,0.055063761192974604,0.5978038116164006,1.0,0.1,0.9,0.2,40,3142.495104436832,98973.30028026192
17,24,0.5168157300255963,1.0131477806933131,0.9650770291334761,0.4996641925228306,0.332137426618268,0.06335423552992762,0.2918473615198109,0.31209065982583806,0.1,0.9,0.2,45,2680.583435088772,219210.3907244312
17,25,1.0000483880525415,1.4962837132438385,1.4481083696293549,1.0131136309866278,0.8172949600093526,0.10448300450908854,0.6719049991394027,1.0,0.1,0.9,0.2,47,2151.7365087734534,83750.17846604952
17,26,0.9990955452225818,1.4951705758911684,1.4468250773441762,1.0225937651392676,0.8219828245625835,0.10214719685913536,0.6720315767207856,1.0,0.1,0.9,0.2,48,2185.9446507258244,83899.80468714506
17,27,0.944342447442684,1.4394493015143819,1.3901490989869267,0.9717732549461271,0.8038321531447359,0.10453460671168827,0.6160482162387177,1.0,0.1,0.9,0.2,49,2095.4228624703665,83864.3978528184
17,28,0.946019419102635,1.4393012976273234,1.3882427078898647,0.9617688512714064,0.8489810033073646,0.038937808417868855,0.6345804013203795,1.0,0.1,0.9,0.2,50,1978.510668431525,15385.259322733244
17,29,0.8683516863804273,1.3333358543724343,1.2525236660055616,0.8883813276298933,0.8641669688228575,0.04277616450824578,0.5656599946755805,1.0,0.1,0.9,0.2,51,1931.9159946418815,88682.88493117508
17,30,0.8303980323813933,1.3231357080674715,1.278162930859514,0.8902667723500346,0.7529020440015453,0.036307502976642904,0.53821299525738,1.0,0.1,0.9,0.2,53,1608.8886995346122,14944.76674793401
17,31,0.8073482052651755,1.2699524995101545,1.1955085308247813,0.8745957054501776,0.7478699714821959,0.04222790432113484,0.5258758150357817,1.0,0.1,0.9,0.2,55,1612.8379448573376,88623.80323810576
17,32,0.8054482415048221,1.2674696475608338,1.192780654619648,0.8799586627808296,0.6797885308179958,0.04035957637358215,0.5249144652539129,1.0,0.1,0.9,0.2,58,1562.8380764009678,88422.10503729178
17,33,0.895504662338189,1.3304662574871413,1.2278942914956597,0.9657950974945984,0.8496077227460834,0.02859580465676125,0.6333262624100006,1.0,0.1,0.9,0.2,59,1804.317247531323,87257.06053445916
17,34,0.97026587374283,1.415224854689584,1.325183530068997,1.0418433732925596,0.8683365766503834,0.026848755711320997,0.7182954340785235,1.0,0.1,0.9,0.2,60,1770.929977591093,87162.43187891705
17,35,0.886358580915056,1.3253562139502437,1.2330950495314559,0.9766421362815132,0.8627853569429982,0.02947826226670222,0.6325520554059373,1.0,0.1,0.9,0.2,61,1776.7613773593494,86218.75470644476
17,36,0.8860424212868889,1.335953637596299,1.2565889986353467,0.9863330483792121,0.7743521964973235,0.02947826226670222,0.6325520554059374,1.0,0.1,0.9,0.2,63,1781.6878872538932,86163.55145691057
17,37,0.8282441323198071,1.2697352546649017,1.187464530532471,0.9453072114388652,0.782248157530469,0.03138647036437596,0.5776188084418024,1.0,0.1,0.9,0.2,65,1466.8995893881424,86130.54636099288
17,38,0.8279003589823493,1.2677306463504305,1.184911258309176,0.9560356368964,0.7465701961390518,0.03364635718285395,0.5787000442816085,1.0,0.1,0.9,0.2,66,1450.997238572314,86626.10842908367
17,39,0.7872888807658784,1.207741329111449,1.1093183262737771,0.9377579339312438,0.7259988262739512,0.051790190515049114,0.5393679640765828,1.0,0.1,0.9,0.2,69,1709.342636635153,85639.42312858847
17,40,0.7513375942909772,1.170062402679272,1.071107403982618,0.9164031815394178,0.6668834938087043,0.0517797918375005,0.5009544750337522,1.0,0.1,0.9,0.2,71,1663.3697865478475,85555.4862033834
17,41,0.7851407327246582,1.2579924483384948,1.2234634635943826,1.0027164956732786,0.7030747413580452,0.13679645340620852,0.5307038879817851,1.0,0.1,0.9,0.2,73,1722.0315413895546,96029.0616507762
17,42,0.7810454307488768,1.1826989086135902,1.0689786639879155,0.9559956160300802,0.7386348967331027,0.04917029013647192,0.5391843401618293,1.0,0.1,0.9,0.2,74,1671.4313794593716,87605.99892194505
17,43,0.7378729170407532,1.2128560073949541,1.188651965979841,0.9782521623969391,0.6809266909749969,0.05768638324433677,0.49425221361729876,1.0,0.1,0.9,0.2,76,1743.8992999724146,95274.9610378065
17,44,0.7372864061057338,1.2112955919625465,1.186811942366681,0.9851816311198647,0.6563691033652359,0.058278762941946186,0.4942663452166512,1.0,0.1,0.9,0.2,78,1745.1185736485363,95564.07545033202
17,45,0.8267548135900173,1.262593925197533,1.1978182318777668,1.0213415267645,0.7694270329031743,0.09259703318660786,0.5931713268885249,1.0,0.1,0.9,0.2,80,6067.579052616407,5529427066658.174
17,46,0.8253586825958592,1.2585372450019172,1.1930207876556274,1.0313464516532271,0.7735915470478765,0.09201342405804144,0.5935345702330869,1.0,0.1,0.9,0.2,81,5976.835383767659,5529425042714.74
17,47,0.8252594734086118,1.2580252889825554,1.1923946863412007,1.0382303924523857,0.7458647748459462,0.0914339809484354,0.5937705802929816,1.0,0.1,0.9,0.2,83,5911.092626745708,5529423552878.822
17,48,0.8238408541907454,1.2884197315395471,1.2612955667275842,1.0551244526788308,0.7499442862694536,0.09390336996066184,0.5931335459308004,1.0,0.1,0.9,0.2,86,2101.500904270611,5529177394173.645
17,49,0.8263598640484895,1.2821788687348423,1.2526964664451123,1.0823373367402613,0.8469156122890373,0.16516169463839644,0.5935822514061461,1.0,0.1,0.9,0.2,87,6063.422930101642,5529423567667.831
17,50,0.8271729953410836,1.2713248226934997,1.2287194576982712,1.0868078095976133,0.7568029006020409,0.17230591848506133,0.5939720902927237,1.0,0.1,0.9,0.2,88,6055.473463526419,5529426720469.262
17,51,0.8241156144346711,1.2891369699472346,1.2721271769017124,1.0951383385933258,0.7578401239658319,0.15375694518768962,0.5935558178691119,1.0,0.1,0.9,0.2,90,6049.638635132638,5529423291177.34
17,52,0.8231202204659067,1.2755711108422982,1.2452028840758824,1.0981790310865602,0.7639010032461033,0.14458318937636197,0.5942734953452876,1.0,0.1,0.9,0.2,91,6115.128891356593,5529424456851.104
17,53,0.824566765634553,1.2752293384065965,1.2443951722490127,1.11432378094595,0.7706832231842917,0.17401163035363892,0.5936467689167125,1.0,0.1,0.9,0.2,92,6141.865827855876,5529421748717.498
17,54,0.8244206121674997,1.2749297940315403,1.2440557427489518,1.1212439961798952,0.7524298576479125,0.1754429971228853,0.5934134378400572,1.0,0.1,0.9,0.2,94,6118.873113715217,5529419524531.196
17,55,0.8075143291371869,1.3070881417493856,1.3394320015160253,1.1723646062937163,0.7624392230272534,0.1696124248442898,0.5791264105200649,1.0,0.1,0.9,0.2,97,8340.952380438106,5532797216896.417
17,56,0.8066439313870992,1.302738317424042,1.3342044944364326,1.1726686682328467,0.7747474197790021,0.17610798278643539,0.5792661910076035,1.0,0.1,0.9,0.2,98,8318.021428768967,5532796084728.249
17,57,0.7681886402565177,1.264161543791676,1.2955972077403455,1.1419467939363026,0.7011741276340231,0.1952989161679705,0.5344687225004596,1.0,0.1,0.9,0.2,100,5210.694832933483,5531631942179.336
17,58,0.7682650930165802,1.274193821764973,1.3183175933298474,1.1573892692161385,0.707572855064766,0.19342904238417785,0.5354014480114505,1.0,0.1,0.9,0.2,102,9354.368608175091,5533097954842.733
17,59,0.7685920936181545,1.2735304863852424,1.3174070679410184,1.1653622483942159,0.707023647253513,0.19390436012223655,0.5362148654532668,1.0,0.1,0.9,0.2,104,9260.750789579874,5533101455629.619
17,60,0.7685658109845506,1.2618746609284306,1.2926448978810996,1.1727984067245512,0.7064670002677946,0.1935403439519,0.536440569354856,1.0,0.1,0.9,0.2,105,9265.93240718808,5533104109771.356
17,61,1.1650094718601915,1.6753970817423907,1.7411466006165555,1.630416130629199,1.1602505098998102,0.0554791970495194,1.0,1.0,0.1,0.9,0.2,108,11815382.16703885,5529175916825.69
17,62,1.173451440085366,1.6777617555755109,1.742072119900078,1.6478603059273238,1.1457986829203368,0.1631568406863145,1.0,1.0,0.1,0.9,0.2,110,11828320.540822634,5529176117426.186
17,63,1.17175550871798,1.671236291380197,1.7344198260680164,1.6547478695498155,1.1393128388301084,0.1636997088874169,1.0,1.0,0.1,0.9,0.2,112,11829087.959450768,5529174908326.655
17,64,1.1693276702481255,1.665365104891931,1.7277426112358072,1.6302776378022175,1.1321905404495296,0.1520527418126838,1.0,1.0,0.1,0.9,0.2,114,11999733.212648932,5529184176240.668
17,65,1.1666145851279874,1.6652510530859452,1.7386737590008685,1.632211112943062,1.154493623260551,0.15303902577517334,1.0,1.0,0.1,0.9,0.2,116,11997251.334626265,5529179376418.313
17,66,1.154246100896324,1.666005942331829,1.7633379828047309,1.6384642696084368,1.1345435090726048,0.05864161229165858,1.0,1.0,0.1,0.9,0.2,119,11812564.615855746,5529176332813.98
17,67,1.1530170653973657,1.6607703510630012,1.7572113453253686,1.6454519911989611,1.1241188013374948,0.05832054393780103,1.0,1.0,0.1,0.9,0.2,121,11813401.69024173,5529174843000.161
17,68,1.1513215898197438,1.6461938329491492,1.7292303114842233,1.6854804950499627,1.1260374487830516,0.0481834425697431,1.0,1.0,0.1,0.9,0.2,122,11820525.1748725,5529184011493.698
17,69,1.1519730756771758,1.656356589539045,1.7520606041080227,1.6411762783162425,1.1136186406767823,0.05721134774833521,1.0,1.0,0.1,0.9,0.2,123,11810237.529754717,5529177530207.445
17,70,1.1499216709838607,1.6399543222910618,1.721922236260676,1.6924064799983174,1.1414175135727889,0.0481836467665318,1.0,1.0,0.1,0.9,0.2,124,11820595.940288346,5529185853233.691
17,71,1.158038727809123,1.6749459304770913,1.794491138667182,1.725468568531525,1.16626650769266,0.14514364050644513,1.0,1.0,0.1,0.9,0.2,125,11814476.85988376,5529178414348.04
17,72,1.1558888893113708,1.6637325257052094,1.781327091271196,1.7359975547964777,1.154443946865933,0.1469080473941221,1.0,1.0,0.1,0.9,0.2,127,11814760.095332276,5529172056980.678
17,73,1.1551036256264255,1.6709231339252821,1.8008308754024245,1.7554204288063653,1.1285793393600052,0.1469080473941221,1.0,1.0,0.1,0.9,0.2,129,11811420.702780183,5529169813894.246
17,74,1.1550606270845951,1.6592276404462114,1.7760384611469975,1.747047641073545,1.1188812870658773,0.1476298891306306,1.0,1.0,0.1,0.9,0.2,130,11816011.711109208,5529170126474.041
17,75,1.1540362688255728,1.6651860693240654,1.7941021639310282,1.7579448911974371,1.1511518358725923,0.14744146705295086,1.0,1.0,0.1,0.9,0.2,131,11814135.660103668,5529173435732.675
17,76,1.1532509427724666,1.6607826523148377,1.7889353388762832,1.7651844144461777,1.1303284659027313,0.14798636668139847,1.0,1.0,0.1,0.9,0.2,133,11813837.172090188,5529171501490.537
17,77,1.152506154333625,1.66796801110011,1.8084329261259153,1.7824715445631412,1.128830809286722,0.14798345212330472,1.0,1.0,0.1,0.9,0.2,135,11813211.311473057,5529175451601.188
17,78,1.1494955991043352,1.5880937515600142,1.6806972077852635,1.7543978848796133,1.4816656602283156,0.20272103741503528,1.0,1.0,0.1,0.9,0.2,136,12083521.878746592,5532169930416.322
17,79,1.1492824902646261,1.5978231869530597,1.7031745706478254,1.7668622718291482,1.1253958967537308,0.2027210374150353,1.0,1.0,0.1,0.9,0.2,138,12080067.720952349,5532167632787.298
17,80,1.1474211057218238,1.584609540459044,1.6876986452363167,1.7669003268562833,1.212526116817877,0.20268393892209197,1.0,1.0,0.1,0.9,0.2,139,12158894.747200647,5532181596479.576
17,81,1.1474057089135705,1.5835118351827677,1.6863863252370146,1.770717858619052,1.1291975546873494,0.20424031511897311,1.0,1.0,0.1,0.9,0.2,140,12159284.56885891,5532181151765.567
17,82,1.14694615438426,1.5817106895464195,1.6843195319970852,1.7740959101467217,1.1255790718978134,0.20173878475765267,1.0,1.0,0.1,0.9,0.2,142,12159982.272500604,5532172454996.35
17,83,1.1466500200966632,1.5775072245064996,1.6793438442381416,1.7815345668954807,1.1519732811159358,0.2047960984575566,1.0,1.0,0.1,0.9,0.2,143,12158606.375613997,5532179124547.806
17,84,1.1461323400988823,1.573391794428826,1.6745194730027302,1.788726903997521,1.1349597928361088,0.20503921260767224,1.0,1.0,0.1,0.9,0.2,145,12158705.731239608,5532177034052.477
17,85,1.1424332985325159,1.55560295785656,1.6647989126348377,1.7972086380347647,1.3214627803458692,0.20310781162737085,1.0,1.0,0.1,0.9,0.2,146,12082259.61728495,5532172692598.645
17,86,1.1407671086892979,1.5510920974692815,1.670584763829414,1.8199431318515582,1.147949663027041,0.20383657835026364,1.0,1.0,0.1,0.9,0.2,150,12081969.088089423,5532174744515.034
17,87,1.141053191582844,1.5485870409961635,1.6675452628519778,1.827872761540717,1.1318962362609568,0.20999221724755515,1.0,1.0,0.1,0.9,0.2,152,12078444.216155691,5532179619245.964
17,88,1.1401952137858362,1.5436905102792384,1.6618769891556062,1.8308709900862803,1.1520954823712921,0.206091519810561,1.0,1.0,0.1,0.9,0.2,153,12081628.01948339,5532172924143.037
17,89,1.140159929408911,1.5434486198828286,1.6615957331068774,1.8346364065465726,1.1221959132638823,0.20597380195745368,1.0,1.0,0.1,0.9,0.2,154,12083585.944021102,5532173540226.318
17,90,1.1400172747187889,1.5303408105689569,1.6351515129055028,1.832943920524895,1.1343713186852753,0.2065539861005509,1.0,1.0,0.1,0.9,0.2,155,12084835.864658078,5532172512745.392
17,91,1.140114610404673,1.5413552308825833,1.6591115328661032,1.842219386439363,1.1230341613722394,0.20785516355320222,1.0,1.0,0.1,0.9,0.2,156,12081288.580013957,5532175947672.549
17,92,1.1399193101099412,1.5405781823613902,1.6582236833765107,1.8458252986324384,1.12514584350984,0.2065539861005509,1.0,1.0,0.1,0.9,0.2,157,12083228.279727198,5532171443425.221
17,93,1.137286728338061,1.5262847447297991,1.6525999426674716,1.8677157585275763,1.1646104463721714,0.20446211573528367,1.0,1.0,0.1,0.9,0.2,161,12089246.490913715,5532171186712.677
17,94,1.1361572777386726,1.5102909721899358,1.655648110692048,1.9454604153580248,1.140416321418075,0.2268002138206311,1.0,1.0,0.1,0.9,0.2,177,12139898.78365137,3683298941935.8135
17,95,1.135508744763775,1.5041500582649618,1.6484909092713917,1.9617037281266716,1.1328353181654363,0.22473637344513056,1.0,1.0,0.1,0.9,0.2,181,12141340.788285475,3683296829248.917
17,96,1.1348881176777819,1.496359043318018,1.6393761810246041,1.9688202341528152,1.1494024793120865,0.224115987501466,1.0,1.0,0.1,0.9,0.2,183,12140876.662675343,3683299600583.3374
17,97,1.134810029076209,1.4957966583302618,1.6387245778953707,1.976618818031844,1.1241893901868014,0.22370485415615585,1.0,1.0,0.1,0.9,0.2,185,12140316.905393807,3683295073956.1406
17,98,1.1344359279386758,1.490887971040509,1.6329807228008433,1.9879711067566588,1.139370772172204,0.22338226910691855,1.0,1.0,0.1,0.9,0.2,187,12141341.887980958,3683291957253.657
17,99,1.1343768796206428,1.5015971599453122,1.6566101977760483,2.0090420550525545,1.1239491670580015,0.22311681652070883,1.0,1.0,0.1,0.9,0.2,189,12140536.650835631,3683289073427.6064
17,100,1.1329492294182089,1.4782053921205918,1.6182420033065053,1.99802384382968,1.2022387639207455,0.2166216345902805,1.0,1.0,0.1,0.9,0.2,190,12144191.887932517,3683293952421.246
17,101,1.1332694024002454,1.4691522590462758,1.607473336265212,2.0099005578423035,1.1366193458724623,0.22626199524028312,1.0,1.0,0.1,0.9,0.2,195,12144075.798371002,3683283759080.6006
17,102,1.1330151003089235,1.4664238260233668,1.6042929503110404,2.017457083726133,1.131752172222935,0.2253677904266928,1.0,1.0,0.1,0.9,0.2,197,12144837.01303826,3683284739239.6
17,103,1.1316394324643488,1.4724410586382701,1.6226151533168376,2.0356785175522627,1.1497752232242398,0.2141110261468903,1.0,1.0,0.1,0.9,0.2,198,12146911.639313385,3683287791423.917
18,0,0.9198594345507013,0.9813479120710974,0.9291798374065678,0.011053573584910636,0.0,0.0,0.0,0.0,0.1,0.9,0.2,1,2002.9587191167516,8202.562124913826
18,1,0.9163882431189332,0.9842996846990784,0.9317826805255338,0.019261675140530624,0.012192974234555782,0.04864432417830577,0.00010969014148205,0.00013003259264151998,0.1,0.9,0.2,3,1725.327532115262,7470.161763773426
18,2,0.879914819100786,0.9843023468671848,0.9296794393106196,0.03274154392278023,0.10303436506349181,0.02971424123031575,0.01507213778053772,0.0037605841395322104,0.1,0.9,0.2,4,1774.5785558159655,7609.401235035619
18,3,0.6732390856645625,0.9611872037315531,0.9066219103025074,0.06962618720770287,0.5863806829278253,0.05938048398763611,0.04626465205706715,0.05484460657403371,0.1,0.9,0.2,5,969.4673076507684,5784.933825010119
18,4,0.5578977536983291,0.9073850243656749,0.8459048659601168,0.057118173983808446,0.18611618165056545,0.07603704508054948,0.03227862669078138,0.04232802856378825,0.1,0.9,0.2,7,1297.6985795950327,3601.447338750645
18,5,0.4549211665363034,0.8598200404074868,0.78933532965341,0.062424951663624405,0.2338016075199849,0.08607539990723416,0.03224591887909328,0.06252709768545896,0.1,0.9,0.2,9,625.3488454017125,2186.267411579539
18,6,0.4286844519110262,0.8433314322746474,0.7707230991099788,0.06273407037146098,0.08969779033105346,0.08263809257376366,0.030007770021517388,0.05387561747736598,0.1,0.9,0.2,11,349.58944480549576,3423.279637639332
18,7,0.4154369355615604,0.8361740325069519,0.7620027306939108,0.0711152740279548,0.07948160390149614,0.08716175716882706,0.03165134491323017,0.05406291217297794,0.1,0.9,0.2,13,705.6183601045412,3619.267542769644
18,8,0.46053241908608333,0.88143758758541,0.8072221624573862,0.1189848085288562,0.0953336020220819,0.09918382451138996,0.03312287096944402,0.26903600635471714,0.1,0.9,0.2,14,565.2698002737053,3909.917215162325
18,9,0.38452312483842377,0.8273400878233106,0.7630101503867469,0.07927440555405509,0.10998264542024279,0.0747428671372779,0.03461455656877664,0.038985363025815664,0.1,0.9,0.2,16,6181.267066146136,4454.249543513586
18,10,0.3716966048351896,0.8180066503503934,0.7524758440192649,0.08296119342358467,0.06855266805524247,0.09443176910314169,0.030528540211551443,0.03592311281572385,0.1,0.9,0.2,18,13493.863526118512,4484.95629704936
18,11,0.3936800751803635,0.8350113033520492,0.754004076747018,0.1270165109230432,0.18773623138103823,0.07903368918819956,0.04399104027515386,0.196366405894554,0.1,0.9,0.2,19,693849.3200897103,3227.296497449735
18,12,0.38173294895769727,0.8247701374654144,0.742974718925321,0.1263904822785396,0.09720080841811969,0.08174953023715974,0.038133737886190164,0.193173232621112,0.1,0.9,0.2,21,699436.000360011,3004.357366635892
18,13,0.37787282253206833,0.8219150756139277,0.7396252012254548,0.1343134281816704,0.09124511203193596,0.0822246063758458,0.03811388913269364,0.1931859717884949,0.1,0.9,0.2,23,699432.9921640302,2983.522770339912
18,14,0.3427099004409722,0.8096395406043221,0.7531163682456107,0.10703921962852303,0.05751254344861662,0.06874934433299909,0.03029110722199773,0.06855124488271278,0.1,0.9,0.2,24,33198.45458263684,4446.289885251603
18,15,0.4019907055812586,0.8581731792617951,0.7883998460390368,0.17094899566740854,0.11912111198140751,0.08277170788446837,0.04954387079511695,0.28088079273441413,0.1,0.9,0.2,25,1205215.5038595195,2745.090527467255
18,16,0.32449565686416215,0.804428212625892,0.7599147577044598,0.1003484293400584,0.06744350044722326,0.05567355143880677,0.030905962676373078,0.01917115153116632,0.1,0.9,0.2,26,696514.4935368546,6300.7773372455895
18,17,0.3241568140969836,0.8153688038115796,0.7838124725013151,0.10780171021601206,0.03809021084736152,0.05548233747481962,0.0309131028311412,0.0191809799094607,0.1,0.9,0.2,28,695998.4092143556,6345.651903054451
18,18,0.6119174903805725,1.1158044866674643,1.0963519918626616,0.410720196241141,0.3682443984447654,0.05495565461751387,0.26544855711580667,0.4363721415785231,0.1,0.9,0.2,29,21271.60443838308,716318.3000467184
18,19,0.30518566104609385,0.8155435184225347,0.7890082591425541,0.15695640526119276,0.21725896814904022,0.05647833868257329,0.06836366278855367,0.02797502862066864,0.1,0.9,0.2,31,1200514.5426269248,3980.296599745583
18,20,0.2805542568216626,0.7921936760979434,0.763105071371366,0.1551675823706346,0.11998272947859731,0.051765823256894605,0.05958447805755278,0.027635039425466818,0.1,0.9,0.2,33,1203966.0412825695,6891.995445820852
18,21,0.27519598074724055,0.7847665374303392,0.7524549997193881,0.1697467553030152,0.19986370060066194,0.05118421498773017,0.06412942570887546,0.06443519809631035,0.1,0.9,0.2,34,1199007.2434343302,3710.386659681853
18,22,0.2620869324451477,0.782653819633145,0.7629724886433963,0.172805165733348,0.07972084829777273,0.051896560679033074,0.05967935637615449,0.028335092575621317,0.1,0.9,0.2,35,1199126.0680588963,7633.481821074903
18,23,0.27008880351767284,0.7783532459836164,0.7441251559835484,0.17760756256196114,0.14350608932025297,0.05715734655148948,0.06613543829375018,0.07630847583411088,0.1,0.9,0.2,36,1197541.6220502066,3533.337381913658
18,24,0.25447404267631923,0.7731894241540095,0.751091849442541,0.1896810549807938,0.08695892600487194,0.05961530192754788,0.05701078985266015,0.05970749636150826,0.1,0.9,0.2,38,1199061.660322194,7694.417706254981
18,25,0.33465987078040604,0.8530818164272371,0.8306709711741391,0.2764398368224616,0.16372307504238615,0.05916425959442858,0.06127522988800107,0.4493507603256228,0.1,0.9,0.2,39,1199664.8354364976,7590.64406525621
18,26,0.3341665711861788,0.8524883976314528,0.8299759025589963,0.27118000315706814,0.15506454218987814,0.059164259594428704,0.06127522988800029,0.44935076032562404,0.1,0.9,0.2,40,1199230.592885706,7658.413042710908
18,27,1.2757856288544842,1.789186869819743,1.7626454393017035,1.2367809784209765,1.2754789496531924,0.11158538389105344,1.0,1.0,0.1,0.9,0.2,41,1200973.9188226294,7824.86641115353
18,28,1.2722592332861895,1.7839784647427235,1.7563299202220168,1.2469988068473883,1.1350063758344726,0.12414825021960338,1.0,1.0,0.1,0.9,0.2,43,1198723.6080402066,8026.044413617579
18,29,1.2699326332772642,1.7807713680959216,1.7525778922340576,1.2530490920082724,1.1234959563048852,0.12389383169032339,1.0,1.0,0.1,0.9,0.2,45,1198138.485832899,7869.680980830706
18,30,1.2674850829031428,1.7778492317681425,1.749371975151391,1.2604696866966882,1.1168957715966283,0.11124579542586892,1.0,1.0,0.1,0.9,0.2,47,1200684.397510611,7706.721215996488
18,31,1.2638245013978608,1.7850201894415978,1.7693222551890375,1.2788294620748089,1.1174089534115146,0.08382998529915169,1.0,1.0,0.1,0.9,0.2,48,1201913.220590958,8010.032778979849
18,32,1.26695408347238,1.7769448392565532,1.7482416907475584,1.2720403449772724,1.1118027933709338,0.11539351372187052,1.0,1.0,0.1,0.9,0.2,49,1201389.81301372,7625.327908347138
18,33,1.2650249331363803,1.7742389658434587,1.745088803244998,1.284964989840548,1.129613795444171,0.11443768415453251,1.0,1.0,0.1,0.9,0.2,50,1197898.4547782962,8237.889675631039
18,34,1.2650428024591227,1.7742145277891959,1.7450326855859921,1.2817995083293519,1.1130264655385027,0.11604314266991678,1.0,1.0,0.1,0.9,0.2,51,1199623.4932042086,7957.204586232952
18,35,1.2684470952419094,1.7772253481441542,1.7478284891265476,1.2925738752444473,1.1201826092819023,0.15870700060220672,1.0,1.0,0.1,0.9,0.2,53,1202951.232638084,7828.948089205698
18,36,1.2434643081158123,1.7766042300986287,1.7816011599492516,1.2986646836387277,1.2964826886676803,0.08541607404676113,1.0,1.0,0.1,0.9,0.2,54,1196859.6143822945,8321.623451147057
18,37,1.2408133035529205,1.7721091063289625,1.7762947325183112,1.2984700691094844,1.1253204904888892,0.08783918043299167,1.0,1.0,0.1,0.9,0.2,56,1196785.7730482053,8291.8356161159
18,38,1.239346596401092,1.7696055166973508,1.773346306582877,1.3083942982382755,1.1179458876182111,0.08877967473381371,1.0,1.0,0.1,0.9,0.2,58,1196049.701495721,8271.37754157034
18,39,1.224814468796209,1.7337951855288005,1.7205461819718921,1.3135622308523536,1.1889068317268798,0.07565937983320721,1.0,1.0,0.1,0.9,0.2,60,1200957.0849554571,7992.050445207659
18,40,1.222355074814572,1.7289962902597333,1.7148900184164595,1.3201744663213677,1.1252522263487763,0.07772549917641038,1.0,1.0,0.1,0.9,0.2,62,1200597.2883677804,8005.602583859078
18,41,1.2209684145395985,1.7362743955091002,1.7342616683639587,1.3244906751280172,1.1276397443664832,0.09142624822467134,1.0,1.0,0.1,0.9,0.2,64,1200169.4544458068,8046.693082219412
18,42,1.219769682963365,1.7348216975449917,1.732719505463397,1.3356379636806406,1.111859468635597,0.08212395265133561,1.0,1.0,0.1,0.9,0.2,65,1199847.4813508291,8053.713155591793
18,43,0.14005154533195943,0.6807748722024394,0.724442494436597,0.28912846289113536,0.3000465163365037,0.04664416778662582,0.04102447819996088,0.020771598523549033,0.1,0.9,0.2,66,7384.928030869426,12652.421930322807
18,44,0.12795939735278347,0.6501992219370147,0.6885283630647838,0.2900796659077324,0.15514051683410218,0.047162554842095375,0.04140528679634646,0.02178056833451967,0.1,0.9,0.2,68,7490.115565105929,12259.282937101543
18,45,0.12753124748955022,0.6490655543960058,0.6872005608844745,0.28997153521209856,0.05028488570821317,0.047162554842095375,0.04140528679634657,0.02178056833451967,0.1,0.9,0.2,70,7509.333232214776,12437.171467737102
18,46,0.12404097909468677,0.6273257861475926,0.6505385084358413,0.2964413101396308,0.08662319333325787,0.04525664270635148,0.04217763994548205,0.02268806299030711,0.1,0.9,0.2,72,7438.493557403027,12129.697418224505
18,47,0.12150776888384016,0.6200389247491777,0.6420036590091067,0.2957467856663033,0.07205740741216174,0.045256642706351505,0.04217763994548182,0.02268806299030684,0.1,0.9,0.2,74,7506.794098298391,12643.215440686465
18,48,0.12037878351644095,0.6150998065335181,0.6360708594016671,0.3062655379663961,0.08842488946314139,0.0408780153340905,0.04104182020572336,0.03430569976399399,0.1,0.9,0.2,75,7641.288425592946,12961.225134787332
18,49,0.11490339843472896,0.612080024523514,0.6438181477337974,0.3072779010153365,0.13777893033382868,0.04611783689374492,0.041814564227493876,0.02229461432897193,0.1,0.9,0.2,76,7538.133973804232,12318.076732517437
18,50,0.11491040188029002,0.6119675959119546,0.6436722897059624,0.31390786975337664,0.047063033138798685,0.044295037618270236,0.041651254163292725,0.02435497516466502,0.1,0.9,0.2,82,7381.297881524789,13118.034129762946
18,51,0.10737464010355664,0.5689398729355519,0.5817384954937346,0.32379404213791774,0.29001679736975366,0.04422503733228392,0.04176216601963192,0.03719455837790503,0.1,0.9,0.2,83,7575.5111927988355,11571.587505582607
18,52,0.10664597679589119,0.5665749000072632,0.5789881557890251,0.3266862450619725,0.057195791959537584,0.04425706933718287,0.04166067356642407,0.03705987713921433,0.1,0.9,0.2,85,7518.906576815837,11590.801249876617
18,53,0.10337485728669028,0.5631778190899387,0.5755618198475768,0.32694491213891846,0.04727342666478056,0.04507176440644619,0.038442780125272816,0.035003324291068325,0.1,0.9,0.2,86,36126.183953415326,13657.607491494517
18,54,0.10510805866788167,0.5607381578383507,0.5721463376778053,0.32296426604809053,0.08917077744910536,0.04395164467228564,0.04173296692066605,0.03704710074400473,0.1,0.9,0.2,87,7506.008918324503,11687.765504225456
18,55,0.1017064260399201,0.5570216318759439,0.5683564592590263,0.3333632129427614,0.04909070348417915,0.044863492383068956,0.03842979607303705,0.035015859568568716,0.1,0.9,0.2,88,36214.68691691708,13789.766977116971
18,56,0.10423311757750622,0.5573511907834443,0.5681763057862866,0.3365460281685637,0.07016107168666408,0.04341954448948045,0.0417745629950513,0.03721580729244957,0.1,0.9,0.2,89,7489.416710378869,11830.613011320373
18,57,0.110159074929674,0.5691171476880419,0.5917081482961057,0.3750368092053306,0.08232137476847762,0.0494765370360028,0.048023667385208815,0.04492059939655544,0.1,0.9,0.2,91,7476.907926667166,13304.897661449542
18,58,0.10952845865283505,0.5666913148604112,0.5888719318579079,0.38179601254129814,0.06549903834123816,0.04927071038473098,0.04801068333297301,0.04493313467405544,0.1,0.9,0.2,93,7437.169801451666,13513.910253751785
18,59,0.1084008212442737,0.5619904126512667,0.5833589615378433,0.38139948201025653,0.07371448715417452,0.04890637154936236,0.04805413218759841,0.0451255254886739,0.1,0.9,0.2,95,7447.580318691823,13297.225546067242
18,60,0.11156171457503077,0.5603943505759409,0.6017543704030053,0.3960620911056256,0.31332191661428843,0.05130462007402289,0.06217395029298125,0.03581689619838016,0.1,0.9,0.2,96,7262.510397305986,17722.65603500812
18,61,0.11196303008666264,0.5706683568585725,0.6247411526280947,0.4071531638286621,0.0748721857491439,0.049041939023617094,0.06325959301097714,0.03581661664107022,0.1,0.9,0.2,98,7263.036822170175,17722.78820611301
18,62,0.11009142613121375,0.5595410184142783,0.6116279682671713,0.41382501040463093,0.10997298088554933,0.052085177308724626,0.062871575945312,0.03838623672425587,0.1,0.9,0.2,100,7334.565932573796,17593.33706587408
18,63,0.10940676704794532,0.5761905126641804,0.6532004131951388,0.46098621980797505,0.07733015712603523,0.05430086330903209,0.06375344773724573,0.035986864010443584,0.1,0.9,0.2,106,7467.441458707658,17483.40320431084
18,64,0.10918353710111953,0.5855456955970396,0.6752121655854854,0.4719493720616181,0.07717630821416857,0.05289127112609475,0.06385350357691999,0.03703634246604856,0.1,0.9,0.2,108,7541.708410638916,17204.82559664131
18,65,0.10622462526370768,0.5745754274379262,0.6625532733691164,0.46995661259465543,0.13873683900346356,0.05397582343921342,0.06268513495298021,0.03620150161931519,0.1,0.9,0.2,109,7362.050044664737,17189.65646397234
18,66,0.10496770314811314,0.5674140541974215,0.654165469044482,0.46927404807105144,0.09365673402259207,0.05397582343921344,0.06268513495298064,0.036201501619315915,0.1,0.9,0.2,111,7423.966324873474,17553.35466566351
18,67,0.11585442575042876,0.5890312885268776,0.6886850392901835,0.5021847208687136,0.08405725947306579,0.052192873060896615,0.07352492251222893,0.04325142447967133,0.1,0.9,0.2,112,6955.530399688805,15986.144320518742
18,68,0.1156862795555094,0.5881550848908103,0.6876616732484941,0.5094132702312331,0.08601653780972049,0.05226660826480891,0.07350069132880968,0.04323294049790047,0.1,0.9,0.2,113,6956.298697420573,15558.198997369316
18,69,0.11288095706737293,0.5736580934721881,0.6600631069217864,0.4993309374666078,0.07938075797202737,0.055733551877326794,0.06856152489892715,0.05021335615895357,0.1,0.9,0.2,115,6909.474301248149,19106.97846351961
18,70,0.11369356571316998,0.5746104411604012,0.6717359150767236,0.512327924334816,0.1733852234278001,0.05435997560761172,0.07375172954267414,0.04285705402522329,0.1,0.9,0.2,116,7045.908638405485,15827.270651618514
18,71,0.11358483683878927,0.5739455534932482,0.6709570494432652,0.5122644984450971,0.08502457804562961,0.05435997525048718,0.07375172428083865,0.04285704994213788,0.1,0.9,0.2,117,7067.704449869462,15953.81730520734
18,72,0.11306273476548832,0.5703051718396479,0.6666791860127234,0.5120055615391617,0.10645847508208847,0.054751233582876244,0.073843840877862,0.04265450551683271,0.1,0.9,0.2,118,7071.940901389016,15812.214593637473
18,73,0.10984836970507113,0.5641251185401913,0.6598945109324656,0.5201119146196896,0.10253816355508386,0.056376787968388443,0.06903446555566374,0.05023576563254324,0.1,0.9,0.2,119,7050.265492086279,18344.449850573128
18,74,0.9489801481762794,1.4127910440429523,1.5319586212122505,1.473625642568164,0.9274333694608448,0.056261860731922894,1.0,0.0682317348526322,0.1,0.9,0.2,132,884813789.3681946,16330.120002700196
18,75,0.9491233150919632,1.398326645944553,1.5145769384213552,1.4787293112827324,0.9813450948669981,0.06688973934898762,1.0,0.07576875517355053,0.1,0.9,0.2,134,884845343.6213175,15824.403541606578
18,76,0.9456938993604085,1.3891425858312452,1.5042535531955938,1.4832332453204864,0.9425295007010019,0.05641697928054288,1.0,0.06834859955096834,0.1,0.9,0.2,136,884843292.2787335,15665.37520879118
18,77,0.9441936455468891,1.3885074590281234,1.514584701447388,1.4898324186100405,0.9608330239905178,0.05637391958421003,1.0,0.0685676307453277,0.1,0.9,0.2,138,884865092.0617526,15402.841997345866
18,78,0.9438659714610222,1.396557880260531,1.5350821835848132,1.5049167934604228,0.9307163243862439,0.05624592438036945,1.0,0.06901816412585864,0.1,0.9,0.2,140,884865016.6162751,15296.003160539138
18,79,0.9438352251348964,1.396395504434323,1.5348940385071723,1.504890316054605,0.9199396647461247,0.056205990404699924,1.0,0.0689776422469797,0.1,0.9,0.2,142,884848547.9318211,15020.180327120344
18,80,0.9429214776329387,1.40108398967793,1.551489842587447,1.5237688051633635,0.9415795356177136,0.055657816976785825,1.0,0.06859581281086027,0.1,0.9,0.2,144,884882990.7278341,15532.280912718134
18,81,0.9422661473049303,1.3947086648282094,1.544002164514802,1.53812970206549,0.9648005900354133,0.05532592326393152,1.0,0.06935562368985816,0.1,0.9,0.2,145,884871879.748036,15269.028648182368
18,82,0.9427035762727417,1.3815098800146897,1.517331176893967,1.5151106778606642,0.9394763387402953,0.06127269693967298,1.0,0.07018212497016088,0.1,0.9,0.2,146,884897016.0844345,13463.980702864432
18,83,0.9390500380055055,1.3845418090063355,1.5324897417064691,1.5236195589831667,0.9348715777152306,0.04394708077852314,1.0,0.06349505591112334,0.1,0.9,0.2,148,884886007.523625,13410.158902409898
18,84,0.9388954998887306,1.3809337632164895,1.52821534735656,1.523543360858911,0.9445383812795903,0.04472588498347383,1.0,0.0645177989833842,0.1,0.9,0.2,149,884898226.2599094,13870.07233935742
18,85,1.0080248548487778,1.4382708646756508,1.5724388202564152,1.664236680383811,0.9868090450302972,0.08507964546664733,1.0,0.39035377360860096,0.1,0.9,0.2,169,884917534.2908242,13104.50428721307
18,86,1.0072197784140022,1.431028703258423,1.5639590023513064,1.6711564655333124,1.0117987122000047,0.08455599612391655,1.0,0.3905390549745511,0.1,0.9,0.2,171,884932020.6498495,12923.056369726391
18,87,0.9302617400289713,1.374914139648918,1.5335454225973009,1.6094280377307586,0.9128529601673503,0.04677880045955987,1.0,0.025576713080997286,0.1,0.9,0.2,175,884677127.4671293,14466.925348208042
18,88,0.9299978668490408,1.3842496322808264,1.555573830455527,1.6433922668101624,0.9139007950504962,0.04555801523500902,1.0,0.02582189646794572,0.1,0.9,0.2,178,884711216.6977205,31507.775800997995
18,89,0.9299960706955409,1.3834450196840813,1.5546155516149973,1.6434011140730183,0.912944240596469,0.04688511736383383,1.0,0.02562310823061787,0.1,0.9,0.2,180,884681406.7426277,31768.28042872845
18,90,0.929494196888236,1.378542151534538,1.548871203215993,1.650561578947161,0.9269820845086828,0.04646207347204724,1.0,0.025887075329157273,0.1,0.9,0.2,182,884714121.9100914,31743.613209600026
18,91,0.9294745576456079,1.3783515257905739,1.5486479781212406,1.6505433946804506,0.9104887315652648,0.0464620734720473,1.0,0.02588707532915771,0.1,0.9,0.2,184,884711806.8703358,31713.634930525703
18,92,0.9295638150941313,1.3970508275285038,1.5926237226794047,1.6886792315566306,0.9177320926568471,0.04851015061020555,1.0,0.02746867783332313,0.1,0.9,0.2,188,884689450.994612,14303.65668116867
18,93,0.9280448403068884,1.4195648005100705,1.6523189689394289,1.7141706103074772,0.9222505502960798,0.0454987750424592,1.0,0.026628535401415732,0.1,0.9,0.2,194,884575582.8770854,14315.712890854713
18,94,0.92775181912608,1.427904314426717,1.6731719246720844,1.729573736176294,0.9197842864958269,0.045493433162697425,1.0,0.026528738910652837,0.1,0.9,0.2,196,884566894.7840841,14660.612188379087
19,0,0.8112534974274055,0.9533050700036718,0.8963343841054282,0.008474428291040972,0.0,0.0,0.0,0.0,0.1,0.9,0.2,1,3603.058692963679,7463.113328154744
19,1,0.79707018121766,0.9525170126109632,0.8946621244519167,0.015770489606860724,0.022408187171786383,0.04271531894147699,0.00010136823555110001,6.328986538246001e-05,0.1,0.9,0.2,3,3488.233991830102,7410.110382554102
19,2,0.7737807507352505,0.9530265540754072,0.8935266854345097,0.027319441757745287,0.08157591662811255,0.01648153492307635,0.01414520816999946,0.00055718425917624,0.1,0.9,0.2,4,3339.1288518404085,7304.487801227033
19,3,0.602765163947255,0.9341803558864199,0.8749571631659303,0.06731967160591813,0.5777198485891046,0.052199007976027625,0.05221846108958461,0.03260290913488431,0.1,0.9,0.2,5,2004.079407419899,5035.091700430978
19,4,0.45148739409509775,0.8639284157137869,0.7918036374369235,0.07011347020436155,0.32700506047399824,0.0901289477637382,0.04545661814841354,0.06947787274217758,0.1,0.9,0.2,7,2495.0573906063423,3768.33512378596
19,5,0.37775424044772404,0.8131844215542092,0.7345357309873877,0.05906804506649035,0.1840581442000342,0.08039044173854722,0.03659086314290447,0.05099407330817879,0.1,0.9,0.2,9,1685.1365956020377,1902.5287789648744
19,6,0.3099242178247409,0.7608054004435222,0.6741003040869994,0.05492953577327356,0.2101163270076652,0.10080546960997609,0.02946443214043548,0.04617631972637781,0.1,0.9,0.2,11,2030.4761142745624,3567.8988956353687
19,7,0.2681884332515572,0.7340077159158257,0.6536507630664707,0.07619930404241605,0.11450405560128442,0.09569084417559712,0.02740088490451432,0.06223654638854355,0.1,0.9,0.2,15,2465.1739539412374,3207.016717506244
19,8,0.25565385950677,0.7214054115659997,0.6399413067988856,0.07899845494048614,0.06311854035020423,0.09596466172046336,0.022849635980956788,0.05189561386821777,0.1,0.9,0.2,17,2429.389011195049,3191.576811160432
19,9,0.23955385804213797,0.7044313008427164,0.6203502963900113,0.08133717334009567,0.09220585891843107,0.09762801053916116,0.02277198247719652,0.042943573212623445,0.1,0.9,0.2,19,2581.7906730553377,2902.359541525356
19,10,0.2403646808552512,0.7387774691606503,0.693551245139806,0.08637757565385881,0.0464183206858291,0.09622483139654608,0.02355084562760401,0.048088558349184365,0.1,0.9,0.2,20,2622.6072385255734,2908.733716705588
19,11,0.23152256813659092,0.6956702113448927,0.6103775526003405,0.08621639904011053,0.08059630203418094,0.09555676736790189,0.02072904722248957,0.04474213605604014,0.1,0.9,0.2,21,2608.5016393824885,2900.754131659337
19,12,0.22759939977202068,0.7024386809555578,0.6294460278773689,0.08429918193937196,0.06538091152074735,0.09783681821094316,0.02002304491789214,0.04505138909402555,0.1,0.9,0.2,22,2238.880667628456,3198.245612855701
19,13,0.2217367185424161,0.6951252382083544,0.6204929576138469,0.08408375489032767,0.10593980244302675,0.09930622518967605,0.02159950031987193,0.04852470971775523,0.1,0.9,0.2,23,2217.757404578566,3110.542831752052
19,14,0.2389028440643332,0.7117737894664534,0.6366344919320182,0.11072975025947046,0.07936294286314205,0.09703562608849386,0.02865877778188717,0.1159372939158096,0.1,0.9,0.2,24,2304.13390490328,3113.808466184647
19,15,0.1999119035566354,0.6668063757430241,0.5871538372759301,0.08796442991565995,0.2241343875233677,0.09859401659822364,0.02272919101411278,0.048775284543839656,0.1,0.9,0.2,25,2244.3514835534424,2879.116129392922
19,16,0.21329747625629208,0.6801877378444873,0.6005325936176402,0.11638631110865699,0.05350187518192588,0.09662762991930832,0.02607728482940544,0.10167409073062603,0.1,0.9,0.2,28,2472.338606307467,2825.807853870921
19,17,0.19554694920062793,0.673461099744756,0.6066930968821024,0.11462748087334827,0.04081987691449622,0.09959586741791557,0.01972385877693589,0.04243533380490044,0.1,0.9,0.2,29,2280.7153896719947,2838.787370431136
19,18,0.19347496010045473,0.6705414612287225,0.6032521323410768,0.10960137282586337,0.05758758685945118,0.09875728707631888,0.0198997236905162,0.04268688961072746,0.1,0.9,0.2,30,2279.2436060604405,2854.009538056111
19,19,0.19562132974534732,0.6599063029504715,0.5786906923040714,0.12298614029475383,0.06117971497928665,0.0978415731633236,0.020579190276631982,0.06996177775737593,0.1,0.9,0.2,32,2287.079470257789,2617.725983822465
19,20,0.1956416090813374,0.6597549253647215,0.5784418392911155,0.12941812130542582,0.044703386554477614,0.09858237064746,0.02083665300382346,0.07052247261419556,0.1,0.9,0.2,34,2308.979879069132,2729.143028179694
19,21,0.19044557900881684,0.6501063414938394,0.566434498469781,0.1272357346572936,0.14302644403987125,0.09137113750260674,0.02207315650819985,0.08918637742342522,0.1,0.9,0.2,35,1988.7728885625124,3302.989638929561
19,22,0.167684901069255,0.6198082641109552,0.5326713404661557,0.1294503067332396,0.08388103936961934,0.08825188576091302,0.02324005489926043,0.03516957045936757,0.1,0.9,0.2,38,2045.4823863984243,2895.148694112258
19,23,0.16589945012954274,0.6166742686567859,0.528966853299281,0.13237548476389788,0.04860864495283396,0.08859415624476677,0.02339566656022879,0.03528530523403891,0.1,0.9,0.2,40,2021.0981605293352,2926.2735638083805
19,24,0.1739063297585991,0.6180447928757777,0.5276849621293371,0.14851239601691613,0.16215301388275288,0.08854067406951815,0.029826533612255818,0.09066512340196536,0.1,0.9,0.2,41,1956.0287060665669,2978.9321892955973
19,25,0.16798431181674356,0.6109622236415344,0.5201632719150726,0.15216317236737562,0.05825399501551442,0.08826190875913853,0.026849486646193882,0.08160731139682419,0.1,0.9,0.2,43,1997.401602442732,2875.295110434205
19,26,0.16700498454114676,0.6092235975076105,0.5181400746938823,0.1580008005507701,0.055042660496360335,0.08865115512404932,0.026728092440375488,0.08157643004858978,0.1,0.9,0.2,45,2013.7624809436545,2818.880820283962
19,27,1.0396940459835,1.4998795309437953,1.4331750784447055,1.0527147124519947,0.9601119858546007,0.08845900038526516,1.0,0.09053807745968993,0.1,0.9,0.2,47,1968.0923855265703,3033.3839967243025
19,28,1.036375577253772,1.4951605559957122,1.4279625553619302,1.0475256054894917,0.9351604168961838,0.08818075601559813,1.0,0.08149294728861335,0.1,0.9,0.2,49,2009.336364807751,2925.9140659346517
19,29,0.1536071241782051,0.6146079994643827,0.5573852861160313,0.19626343685253056,0.17412612879422407,0.08863288895282662,0.03862130865264883,0.03700944235274112,0.1,0.9,0.2,50,2541.152807839805,2734.226208825642
19,30,0.7837879395903982,1.2753244567521331,1.2561122085178618,0.8501249165876079,0.6974293277165884,0.11539925697511481,0.5248622497631541,1.0,0.1,0.9,0.2,53,3633.333039324252,7488541.261082701
19,31,0.783545360162597,1.2861092616675962,1.2798412274450508,0.8658187188098947,0.6849751726882398,0.11540046457269075,0.524761250642906,1.0,0.1,0.9,0.2,55,3637.163842247366,7487867.942410451
19,32,0.7833986931001324,1.2858575150778988,1.279556077321811,0.8628504639755581,0.6851359084856148,0.11540122179886525,0.524698193438752,1.0,0.1,0.9,0.2,56,3639.571884628682,7487446.570491791
19,33,0.7788983407574299,1.265392573742316,1.2446053152408094,0.8679256825307964,0.7134667791373559,0.11638239434303832,0.5239363423374727,1.0,0.1,0.9,0.2,58,3417.13736715115,7489201.212042293
19,34,0.7784439719307783,1.2636769597730702,1.2425028573613188,0.8327307639678949,0.688999176063714,0.11529144542278105,0.5246610842987596,1.0,0.1,0.9,0.2,61,3649.953275895168,7481377.082986541
19,35,0.7777165170173657,1.2850981467244071,1.2898491443661326,0.8935677103717639,0.6861218211576346,0.11638239434303824,0.5239363423374719,1.0,0.1,0.9,0.2,62,3521.7616633034827,7485272.521310195
19,36,0.7358478411693388,1.2396849933187428,1.243368577267638,0.8472653448362666,0.6657592235849015,0.13282402436740423,0.47857431936458744,1.0,0.1,0.9,0.2,64,3615.277921470707,7594882.0591369
19,37,0.1510544656864653,0.6325513689200545,0.6200137151937138,0.29373869765669997,0.0997152213541423,0.07718665341880152,0.04941930879642499,0.07340390967183756,0.1,0.9,0.2,68,2917.885270976134,6495.860596208207
19,38,0.14998490674120626,0.6170092076630928,0.5905588824292597,0.2981427306115,0.08646520370748251,0.07621351263876994,0.05029639165816063,0.07488572997491974,0.1,0.9,0.2,70,2939.6669837145137,6673.403004572572
19,39,0.1499745181371544,0.6280686740208411,0.6145815777809945,0.31517177215124564,0.06844319635500055,0.07724482451417286,0.05033246167674031,0.07457068352216603,0.1,0.9,0.2,73,2848.120172044355,6617.063524277311
19,40,0.14121191836896907,0.6027278186849201,0.5747683825372489,0.30856151664941844,0.12250500372398465,0.06795393048346504,0.04626204920488165,0.06982245395209857,0.1,0.9,0.2,74,23229.44175130397,7191.1773124200745
19,41,0.159419015732142,0.6421816271360387,0.6399069726832266,0.3545749657755962,0.08784137918853538,0.0720097984299076,0.0599682037519161,0.10058217239460739,0.1,0.9,0.2,76,2833.284243061905,3448.806449667468
19,42,0.15030225443765546,0.6257215097918319,0.6215003214912262,0.3585779129832397,0.11576666895801468,0.07435212002933284,0.05547747584052254,0.09414739759946232,0.1,0.9,0.2,78,2867.6902607411835,3701.0124257397592
19,43,0.15311962277871827,0.6249341861712414,0.6197752707147985,0.37342015855655447,0.0999762941040436,0.07241112977729841,0.059356963981194374,0.10109418649166568,0.1,0.9,0.2,80,3080.686549126016,3427.6704091211022
19,44,0.14661430502845926,0.615413016065621,0.6094785371995234,0.3713644469077448,0.09171098988870335,0.07508359948742394,0.05497632560139302,0.09451695403869173,0.1,0.9,0.2,82,2998.366303859858,3616.135388194734
19,45,0.14608155203475864,0.6136805722249169,0.6074395891187205,0.37826489548315523,0.08219745998412276,0.07523184239942309,0.05502276005748881,0.09451995558151628,0.1,0.9,0.2,84,3046.610771877416,3643.780972637233
19,46,0.1429290100784518,0.6085144777254814,0.6017616682512272,0.3826600977036948,0.09463908339349661,0.07544119382609564,0.05298040385942375,0.09271602350445893,0.1,0.9,0.2,85,2911.132542315134,3469.5787249636246
19,47,0.14384273758064733,0.619743351857406,0.6257661839451429,0.3874150444746447,0.0842805918898272,0.07473307534895483,0.054351960891695486,0.09358831597021824,0.1,0.9,0.2,86,3163.652382176961,3678.4819224945895
19,48,0.9833988558841856,1.462541348919205,1.4898550472469299,1.2609374181513906,0.9614190803075976,0.0674701892892541,1.0,0.08126646762385693,0.1,0.9,0.2,91,2951.4884301657085,10812.362105293045
19,49,0.9809170848816293,1.4535370899053,1.4793010536272706,1.2706613572489396,0.9546450526984086,0.06790708793142416,1.0,0.08127170082189925,0.1,0.9,0.2,93,2904.8165597936622,10672.149765382288
19,50,0.978778133630056,1.4625235177458975,1.501269402818956,1.2652768354432713,0.921693147343606,0.06635971618243365,1.0,0.07149945063811629,0.1,0.9,0.2,94,2911.9698083938065,8186.628785814585
19,51,0.975162249750499,1.4503260677054428,1.4870681271889497,1.270850571690098,1.0022012404551668,0.0685749707135857,1.0,0.06790872526396598,0.1,0.9,0.2,95,2834.3476753466075,7060.110846125409
19,52,0.9723098817859933,1.4293653433257962,1.4515216820560584,1.2694011394330487,0.984548445080839,0.0675181235541332,1.0,0.06593629448078381,0.1,0.9,0.2,96,2906.071330096654,8189.968058013415
19,53,0.9720997697998736,1.4278446569614687,1.4497025416754934,1.2800764783329333,0.9262480446828284,0.06899219736831555,1.0,0.06631075606466841,0.1,0.9,0.2,98,2931.459880789544,8371.138757715493
19,54,0.9677913784981327,1.4145320166969222,1.4343587379375633,1.2812996962881558,1.0015776273249564,0.06719015493849786,1.0,0.059949423984958394,0.1,0.9,0.2,99,2843.224814204264,7940.120977022916
19,55,0.9683967367520505,1.424503193807211,1.456918783574943,1.2786854178713334,0.9255247766695474,0.06656930302943623,1.0,0.06611281712192178,0.1,0.9,0.2,102,2800.202066652032,7952.599985188643
19,56,0.9668401088760809,1.421574985446108,1.453686222876651,1.2952164688123315,0.9309913071546059,0.06739317288779063,1.0,0.05994573549263512,0.1,0.9,0.2,103,2869.185607779385,7909.0127475189265
19,57,0.9653861035048759,1.4172781165572397,1.4487579396785688,1.28723824146089,0.9439609808849123,0.06510225410287993,1.0,0.05804198404759624,0.1,0.9,0.2,104,2768.5844298417,7904.894182431539
19,58,0.9654819328408561,1.4130517977511354,1.4435726251185401,1.317111087401818,0.9594215885517677,0.07378213030465994,1.0,0.06056764638393515,0.1,0.9,0.2,105,3533.7383417607853,10156.094381978715
19,59,0.9640354728738364,1.4095806848912646,1.439661135057067,1.2941725214120403,0.93600628880488,0.07025439305824437,1.0,0.05783421277373633,0.1,0.9,0.2,106,2778.585835238021,8452.045136896459
19,60,0.9626305936906976,1.4111117212877404,1.4523952772763682,1.3158232953389268,0.992385657024307,0.07309982691153985,1.0,0.06052172285090916,0.1,0.9,0.2,107,3547.489367297158,9764.066319130472
19,61,0.9621237036460021,1.4082243275584738,1.4489943212178857,1.3266402272198055,0.9299660833854151,0.07406127739176731,1.0,0.060597641292391737,0.1,0.9,0.2,109,3361.798628855521,10376.511834698296
19,62,0.9570632008844289,1.3723662268662873,1.3959586963872268,1.3314966527072838,1.0053740506662658,0.07495654322594816,1.0,0.05883385421168184,0.1,0.9,0.2,111,3954.9089992674735,8773.684023932989
19,63,0.9522273581468436,1.3467797914813742,1.3767950806212934,1.336872803195592,1.0540790304052703,0.0778170909790628,1.0,0.06549868597219326,0.1,0.9,0.2,113,6733.968302460571,9161.657521092187
19,64,0.9508582452106081,1.3375831837080638,1.3660174468784876,1.3433839874348028,0.9531538272332618,0.07808085242442837,1.0,0.06554084114116046,0.1,0.9,0.2,115,6681.609729091322,9038.268104465733
19,65,0.9496036501217419,1.329321517516997,1.3563498587065723,1.360891662993121,0.9399734531240194,0.07882868421326848,1.0,0.06489783797735624,0.1,0.9,0.2,118,6717.047879229873,8911.066799318061
19,66,0.9476970174578145,1.3145063985021388,1.3389676582162229,1.3816680863481146,0.9734000022430749,0.07853016492207114,1.0,0.0659284514767791,0.1,0.9,0.2,120,6646.799832979921,8196.153527976605
19,67,0.9435150186524853,1.3300778398251427,1.4016295897849254,1.4702008437696723,0.9310129410998622,0.07509119138953896,1.0,0.06481489160364233,0.1,0.9,0.2,139,2637.6644466350504,6109.700128069082
19,68,0.9445217671818725,1.3253701185563231,1.4066547114227432,1.4598675749420167,1.056907354657378,0.07475186073289518,1.0,0.08082683578372636,0.1,0.9,0.2,140,1601.5055963669288,13708.279336135976
19,69,0.9395357830452805,1.2955319695167422,1.3612047540988412,1.474426529938626,1.0267451704855044,0.07460969001275085,1.0,0.06396724929833754,0.1,0.9,0.2,141,2545.5732337774,6065.118968616911
19,70,0.9385303287097778,1.2918203469663567,1.3569777417595068,1.4852487780651844,0.9300690817339293,0.07523147746939504,1.0,0.060145709055746774,0.1,0.9,0.2,143,2600.1536328410266,6285.805484126913
19,71,0.9384543273087969,1.29095593023835,1.3559633654726488,1.4928290458928524,0.9226165990837651,0.07533058127367301,1.0,0.06015248185699734,0.1,0.9,0.2,145,2591.813162866486,6181.419416110201
19,72,0.9387576052427618,1.2837339587541758,1.3473126486275158,1.5003422783998994,0.9790409053308122,0.0742762999084108,1.0,0.06628261008831202,0.1,0.9,0.2,146,2526.72424465526,6013.459130279169
19,73,0.9401086581104943,1.2929064300148956,1.368845542528796,1.4826965424028307,0.948408022333353,0.074642980323231,1.0,0.07462804438233392,0.1,0.9,0.2,147,1678.7495859360415,13288.054050261038
19,74,0.9359636784881831,1.2959342647010694,1.3950042301927217,1.537618258411309,0.958788515028072,0.07253329472903661,1.0,0.06258209613678503,0.1,0.9,0.2,150,1707.0769912816163,14257.55258442752
19,75,0.9343314380579347,1.2756540708321822,1.3603287435249571,1.5281417024871609,0.9757212769716792,0.07156166965572504,1.0,0.05841078662667119,0.1,0.9,0.2,151,1691.0692250719396,14410.347994661512
19,76,0.9342403285929395,1.277589493340762,1.3735512267128658,1.5350202776931159,0.94286508600884,0.07146794766359338,1.0,0.062135605586537745,0.1,0.9,0.2,154,1709.0854660466005,14238.378220756147
19,77,0.9334589330355306,1.264515247091957,1.3472737834373674,1.550557414082446,0.9216548290094552,0.07234067779161524,1.0,0.05827111817922762,0.1,0.9,0.2,157,1699.9291788765709,13952.682284007646
19,78,0.9326782788695509,1.279678481646991,1.3872357127472061,1.5574788071531116,0.9676665889393973,0.07113486619689904,1.0,0.05774663693138811,0.1,0.9,0.2,158,1680.1655199859204,14063.849493691803
19,79,0.9321597237442384,1.2785302070492224,1.3859705456485942,1.5608494086525113,0.9229702864075258,0.07047027783120653,1.0,0.05575172503746353,0.1,0.9,0.2,159,1910.680893697785,10791.066143556243
19,80,0.9314706322190508,1.2518204906615107,1.3435172222697669,1.567186890721716,0.9560257761320696,0.07029308625205836,1.0,0.058401939374616775,0.1,0.9,0.2,162,1623.227072187433,14124.781186216034
19,81,0.932902537560968,1.2599597663558293,1.363827529777634,1.584620748903443,0.9261273782611312,0.07657526092816662,1.0,0.064152650104912,0.1,0.9,0.2,168,1794.6515185411524,13701.178224581154
19,82,0.9325385523134969,1.307260674366298,1.4745934593802112,1.6913072493446237,0.9270072673131599,0.08213028141151565,1.0,0.06266460834330548,0.1,0.9,0.2,178,3930.104302216536,4800.104343711855
19,83,0.9322316423667116,1.3146603228674947,1.4943513009708582,1.703582572113082,0.9337915186495153,0.08077421329334865,1.0,0.06307226972746727,0.1,0.9,0.2,180,3861.360752271197,4662.227174734503
19,84,0.9330602954936833,1.3024288027828625,1.4687788073655694,1.6946844518524864,0.9285954668995717,0.08223510928683922,1.0,0.06714671248684771,0.1,0.9,0.2,182,3899.0817458435545,4751.074382612967
19,85,0.9324592238556507,1.247960173884979,1.3606505619062086,1.6980180065344017,0.9892945299381194,0.08115572839068971,1.0,0.06782010660697065,0.1,0.9,0.2,183,3803.529443847679,7280.803930872149
19,86,0.9322397954919859,1.2562737197505314,1.3814761482841298,1.7110710095123305,0.9316357291377361,0.08095045938177318,1.0,0.06772804567972716,0.1,0.9,0.2,185,3813.9377949505215,7138.159843409015
19,87,0.9318258510218381,1.260251677266461,1.39721164625701,1.7176436484846098,0.9469797138702417,0.08088328161011005,1.0,0.06792550435277274,0.1,0.9,0.2,187,3871.546972610864,5490.441537363293
19,88,0.9315111696139515,1.2658086918116684,1.414797717664934,1.741968800588926,0.9415068170831906,0.08196060726601934,1.0,0.06751237524887146,0.1,0.9,0.2,189,4020.7404570525687,4614.212875432134
19,89,0.9307117679882441,1.272120204625178,1.4443317225422583,1.760203872453802,0.978513093894815,0.07785613041563476,1.0,0.07019806602124914,0.1,0.9,0.2,191,4024.049534642093,4540.859201079393
19,90,0.9317206137954246,1.2776711057880843,1.4616769878525058,1.7688727624746803,0.9477788626130815,0.07866861930980437,1.0,0.07674076692977345,0.1,0.9,0.2,193,3949.685294342089,4451.188782417616
19,91,0.9303725252551938,1.2826157451228593,1.4787344095979333,1.8013803461428861,0.9311936099222734,0.07887928488232909,1.0,0.07126113387017684,0.1,0.9,0.2,197,3978.081181667953,4433.589321405727
20,0,0.9404020270864863,0.9862790495896204,0.9349554750580403,0.011507232717215274,0.0,0.0,0.0,0.0,0.1,0.9,0.2,1,1671.2716758651864,8073.358099974274
20,1,0.9377838769507825,0.9899058601943385,0.938253888002936,0.02028189835594158,0.012340928640739037,0.054349814107740146,0.00010637536253598,6.730759416534e-05,0.1,0.9,0.2,3,1662.1827429995246,6938.105617832152
20,2,0.8911363631713927,1.1266134944049375,1.0767029509701807,0.22413907689902776,0.6559286420864181,0.07943614040795344,0.1714734531714825,0.1726078581009629,0.1,0.9,0.2,4,3084.8397072679604,8826.840313790144
20,3,1.5543298049907053,1.806563852832938,1.741277388071007,0.9129730754401995,0.9985732299621595,0.00469263162184704,1.0,0.00673726505236834,0.1,0.9,0.2,5,1743.6381831921924,35168162.48748753
20,4,0.6432191026867632,0.9757636888700832,0.9020285817095656,0.14339772240866877,0.4649832333774717,0.07713034093091552,0.10282889799350066,0.100453843006343,0.1,0.9,0.2,6,2691.898701030584,16818.651613112022
20,5,0.5963679581925614,0.9342434848753626,0.8598214335077639,0.11138254657202487,0.09685614064153635,0.0772580856853279,0.06857306758901521,0.06699692214220447,0.1,0.9,0.2,8,2699.121073139683,16877.80455569356
20,6,0.5877043732854187,0.9305561081740853,0.8554675390996477,0.11500690663528763,0.11012315396966907,0.0772308108110014,0.06880308676873995,0.06699438318404122,0.1,0.9,0.2,9,2649.768238475457,17672.33268895687
20,7,0.5077106211926528,0.9062439860488598,0.8370623911295926,0.1194907053878834,0.3787955992245614,0.07917803552381192,0.07362712556544393,0.07383528265527516,0.1,0.9,0.2,10,2901.8384229846843,18413.519073232725
20,8,0.4594812525894824,0.8716507100225535,0.7995723363772494,0.10665168058707346,0.1300492317475468,0.0537249534234633,0.05989901569380433,0.059945656519005894,0.1,0.9,0.2,12,2723.109972132467,14612.909876312488
20,9,0.407575910001982,0.8361701926951022,0.7597856223558815,0.10064592830929969,0.14874087448502504,0.05552857259661411,0.050788292063015626,0.04836360595769943,0.1,0.9,0.2,14,3049.1650511031426,15106.911804445825
20,10,0.394472140134021,0.8498053642904302,0.7980360516014544,0.11583642203343705,0.11680332956048553,0.0554038909154239,0.0500592640058942,0.04830374640944946,0.1,0.9,0.2,15,2993.2742216843835,13795.662119034014
20,11,0.3895834059318449,0.8383924987228316,0.7719309422352978,0.11483684429441807,0.13890327079112633,0.060750787806150855,0.058021316990557605,0.0581502036352979,0.1,0.9,0.2,16,3499.375237112867,16799.015389794793
20,12,0.4326275263997754,0.9073935743511409,0.8657685891045501,0.19027540768675094,0.17425946191208438,0.1369738071522213,0.08279707612223682,0.1755060184534098,0.1,0.9,0.2,17,3059.493279368848,21655.10938819449
20,13,0.3402177259620359,0.8231995161041062,0.7767444005608356,0.130660481039245,0.2610899335628285,0.058646122735967775,0.0573476952435225,0.04923867341986735,0.1,0.9,0.2,18,3581.638522163265,15812.465716249551
20,14,0.32840731271889106,0.8241120416202856,0.7894202456555918,0.13444815165643384,0.08941719976244478,0.058487737148142524,0.05418107276480553,0.04823084789178586,0.1,0.9,0.2,20,3280.864094251242,15593.02153818778
20,15,0.3402310990288251,0.826477151452891,0.7769688437340206,0.16639421019670095,0.16238399193305586,0.09975894864752935,0.06265368580078648,0.1103370871343867,0.1,0.9,0.2,21,3430.3808806191955,17088.516604163524
20,16,0.292856159608232,0.7921463591942641,0.7520433009049626,0.13883484566022863,0.21056359247211096,0.07518599391845696,0.051066460948825707,0.05205762556826439,0.1,0.9,0.2,22,3709.179604640077,16158.031784227696
20,17,0.29093008195696674,0.7790925749043086,0.7257376059394266,0.1452564466424919,0.07394322262595064,0.07372319563090256,0.05128192674014348,0.04991176905827751,0.1,0.9,0.2,23,3585.5454319630567,16389.75952333584
20,18,0.27112845348349607,0.7480231599496834,0.67919969333911,0.12557848186334425,0.15847766551315323,0.08024304154141162,0.04439441000806181,0.050376016321032537,0.1,0.9,0.2,24,4146.535944453537,15697.984373919118
20,19,0.28704540870387985,0.7846304342737155,0.7380691818687185,0.1804536521275706,0.24667400628187752,0.10139481398998651,0.06848748527551288,0.11153092248706849,0.1,0.9,0.2,25,3604.595410403883,17769.874138375908
20,20,0.3284939132871065,0.8139947236633225,0.7533298282590632,0.2335068204259662,0.18605460524593526,0.09727504651933497,0.09552428165200334,0.2269764700928067,0.1,0.9,0.2,26,3603.439668600801,19340.752760979434
20,21,0.2886162337586154,0.796225083974336,0.7612312010812403,0.19650958146690192,0.11623602071335196,0.10688795175860026,0.07248808095511142,0.13457510163343506,0.1,0.9,0.2,27,3304.718512851295,17938.90068372222
20,22,0.28247910656985314,0.777802847749842,0.7287046868215061,0.19817767033924,0.14708591905655408,0.10524191737813833,0.0719511709600711,0.13395163942266913,0.1,0.9,0.2,28,3239.793007016626,17881.94462169742
20,23,0.267900734723445,0.7508434379257056,0.6876829306410933,0.17895600161454356,0.13587339309199925,0.1026428325727041,0.0651731331549562,0.11797723718322532,0.1,0.9,0.2,29,3151.181809379571,16121.652595955346
20,24,0.2665881704575312,0.7603868636241928,0.7099424489079533,0.18687238391964026,0.09828059018853877,0.1026428325727041,0.06517313315495611,0.11797723718322532,0.1,0.9,0.2,31,3219.837542255743,16036.302951189287
20,25,0.22984111859107717,0.7104814508024443,0.6455099566128912,0.1600111184164208,0.09402787549577683,0.06621681097217305,0.05348762688640509,0.03983937204269618,0.1,0.9,0.2,33,7933.975847028621,15770.02272419532
20,26,0.20587883026885695,0.6759199964867331,0.6048312789652144,0.1591975085323591,0.31325672769171864,0.05896662278701319,0.055414974984750454,0.04058164408120894,0.1,0.9,0.2,34,8110.73518915684,15720.442722237713
20,27,0.20506894678422197,0.6844855062631597,0.6255180974796978,0.1737692943493137,0.08436907770636107,0.05706985468286672,0.057607561136174844,0.04413785002157045,0.1,0.9,0.2,36,7293.960458922149,16062.342214147264
20,28,0.20542856099168033,0.6826739888462928,0.6226981995269677,0.1825565063531961,0.11193506549637831,0.05521687944744354,0.062237872461465046,0.04461219655799048,0.1,0.9,0.2,37,7868.451182413509,16082.62048908757
20,29,0.18051647807320853,0.6616125547318259,0.6115631338051938,0.178273443161163,0.18080266906624443,0.06785734926967676,0.04579436337671462,0.04071108074997215,0.1,0.9,0.2,38,9009.215076512037,18824.46210305904
20,30,0.175189593776159,0.6557276581139057,0.6054566352504744,0.1821722697927609,0.05607010992061694,0.06671203787760716,0.041641692561235136,0.03701557978534261,0.1,0.9,0.2,40,8946.9456696288,18887.622194132007
20,31,0.209889530938914,0.6794775618532292,0.6161251076899035,0.21322680486091938,0.09595685868936076,0.05470655720981271,0.08050773677362182,0.04525597142282791,0.1,0.9,0.2,41,2695.0429889337674,18280.005102739728
20,32,0.20837457983393398,0.6763523643543148,0.6124009399361632,0.21964132341489123,0.09912739333905426,0.05450702591989966,0.08086578951893833,0.04560564605010008,0.1,0.9,0.2,43,2692.6619878930514,18112.001669968267
20,33,0.3206603262318827,0.7874763245344424,0.7321730659773873,0.3758463652170744,0.23435025109768254,0.08384601596588906,0.10071813178325033,0.5682682506792445,0.1,0.9,0.2,51,28380.607347146764,18866.562928834108
20,34,0.3161781304222719,0.7762109356249428,0.7186740578716501,0.3830398270094123,0.259709855189325,0.08377124876222038,0.10229533691825846,0.5700949320128996,0.1,0.9,0.2,53,30800.7208172479,18920.518213125797
20,35,0.322831200141168,0.7826623126546887,0.7250541946148247,0.38987952928309,0.22452246681013177,0.08612724696606915,0.10380965747124882,0.596439162275572,0.1,0.9,0.2,54,30600.034628990667,18702.86266306236
20,36,0.31390758879840386,0.7711725635692002,0.7127516250011292,0.3893205978473372,0.24744022844577504,0.08475933132413686,0.10224766228030599,0.5704341210919446,0.1,0.9,0.2,55,30083.547635425457,19107.43747099011
20,37,0.320101026788575,0.7766045511083001,0.7179380308966387,0.3960651733181224,0.2317304533225541,0.08710240476437638,0.10376198564533368,0.5967783303344305,0.1,0.9,0.2,56,29886.05843605845,18890.083080272827
20,38,0.2633241687368234,0.7286507918765044,0.6822475451393907,0.3467051426737382,0.1963873977170601,0.07553352571619469,0.09590561992917174,0.36365632730028563,0.1,0.9,0.2,57,30266.606876274374,19803.65325984374
20,39,0.2537608282336692,0.7115366845244547,0.662848980740057,0.35177435409245494,0.20940955639240885,0.0771956863105601,0.0926183365076686,0.35874512542791265,0.1,0.9,0.2,59,30425.13416235957,19284.343464845108
20,40,0.25274093582896284,0.7089683270488834,0.6598243924101366,0.3583381999606949,0.17222426839487429,0.07682864147047012,0.09275267543664828,0.3588013474722154,0.1,0.9,0.2,61,30350.91415874845,19286.685368428814
20,41,0.25196467905496234,0.7072351409229835,0.657811301361058,0.3648023963681264,0.17423926051551736,0.07632458598040404,0.09268850684760442,0.3588500299818719,0.1,0.9,0.2,62,30194.271579651755,19309.5282930202
20,42,0.25194766257623585,0.7069085849684481,0.6573938274009627,0.3649610370665009,0.1667627630683059,0.07681628251495368,0.09286398007822529,0.35883343634034276,0.1,0.9,0.2,63,30125.00012697855,18777.696908505503
20,43,0.223739753056942,0.6407579863080076,0.5509943747351829,0.3364552634911922,0.16319759483166554,0.07381855300122143,0.10123737942200679,0.19637717704800772,0.1,0.9,0.2,65,30569.52412244576,18675.595787245467
20,44,0.2477683136411642,0.7143795736468165,0.687814896056051,0.3587711675956442,0.2394452707478818,0.07580465962760422,0.09493786689392471,0.36439429024142655,0.1,0.9,0.2,66,30572.635198343407,18731.622277300423
20,45,0.23910086698033758,0.6820527488214266,0.6291421681636377,0.41845216388048134,0.16000735165492824,0.07773950983619889,0.08862281116154089,0.35232209505816997,0.1,0.9,0.2,73,30125.06166590937,19538.83882029398
20,46,0.2356588622117064,0.6756315893283052,0.6219068921876205,0.4266466642321818,0.17293400093896394,0.08019587754867663,0.08689772322191483,0.3505202446066258,0.1,0.9,0.2,75,29911.917120210128,20068.611272535592
20,47,0.23522177033619718,0.6746714938537799,0.6208048097299053,0.43316524830671,0.16200707046510934,0.07898613137400654,0.08688684264682604,0.35052120878238807,0.1,0.9,0.2,76,29755.08829653404,19717.461087301366
20,48,0.23484695344346715,0.6733190894980202,0.6191881572561871,0.4333541846497376,0.16715203625237895,0.08042228361802957,0.08688361535731932,0.35076871031120505,0.1,0.9,0.2,77,29828.13649316558,20042.580951259893
20,49,1.1859863153356356,1.6832322887754538,1.7048586200963156,1.4431555244309402,1.119249593429152,0.12193040815384348,1.0,1.0,0.1,0.9,0.2,90,2626.724754803396,11615.754461865014
20,50,1.1859665926492522,1.6831743317106973,1.7047907076997644,1.4499506077788278,1.1125930081869853,0.12193040815384353,1.0,1.0,0.1,0.9,0.2,91,2626.8492507044225,11615.971748928838
20,51,1.184769170861976,1.6796743459003607,1.700693202885692,1.4532413729485345,1.136411388290351,0.1218176256677804,1.0,1.0,0.1,0.9,0.2,92,2645.6572489466403,11270.466311815291
20,52,1.184635422384701,1.6682856621509428,1.6762812234939999,1.4535748253890173,1.1138341405835994,0.12130780016207979,1.0,1.0,0.1,0.9,0.2,93,2591.1849871013646,11758.2199428309
20,53,1.1810371584247341,1.6815531427978476,1.7141361802648156,1.4696984455520774,1.1681258837559676,0.11243059679039409,1.0,1.0,0.1,0.9,0.2,94,2305.0820413609745,9840.92973292159
20,54,1.1790306441037057,1.6754562831108601,1.7070056643804843,1.4763458709097057,1.132256870136545,0.11182453931187712,1.0,1.0,0.1,0.9,0.2,96,2313.7065269814475,9879.307574343193
20,55,1.178005602153456,1.672290515564357,1.703303935462731,1.4832877509510707,1.1220745946841855,0.11146025951964258,1.0,1.0,0.1,0.9,0.2,98,2336.1206362279745,8532.767963332888
20,56,1.1681884970727028,1.6365372979261752,1.6509331606468518,1.467261414569695,1.2568408570684575,0.07717976511082654,1.0,1.0,0.1,0.9,0.2,99,2557.3531494807235,25673.390876270016
20,57,1.1657450475894389,1.6243888876110406,1.6364902085389708,1.4744590762136134,1.2021309175357462,0.08967906042327592,1.0,1.0,0.1,0.9,0.2,100,2673.912536054924,16341.965321483747
20,58,1.163128814135122,1.617433758803836,1.6285249355339946,1.4728147496781492,1.1489757020296854,0.07911062586474983,1.0,1.0,0.1,0.9,0.2,101,2701.052408742072,26069.42921976956
20,59,1.163612901210517,1.606598211524586,1.6045814870515973,1.4810574317210092,1.1226126996409291,0.08906620898072848,1.0,1.0,0.1,0.9,0.2,102,2613.060541922699,16184.641369704575
20,60,1.1554811187936276,1.605566422616546,1.6261393126147101,1.4792088312123775,1.2346997865127176,0.053862684661405716,1.0,1.0,0.1,0.9,0.2,103,2223.693233875365,9488.93804005852
20,61,1.1516773022510638,1.600577709451778,1.6313969667707036,1.4812416038457612,1.2171497922470043,0.05275693734129775,1.0,1.0,0.1,0.9,0.2,104,2386.4925096527177,10546.782629976948
20,62,1.1480871815620097,1.5841462887514437,1.612166151272963,1.4832560506760502,1.162239244899954,0.05189874943130227,1.0,1.0,0.1,0.9,0.2,106,2438.03855612968,11334.9379196901
20,63,1.1441951600792235,1.564597308569607,1.5892721082036683,1.4887452116448654,1.241872291549176,0.0517345137307925,1.0,1.0,0.1,0.9,0.2,107,2448.730803478003,10537.474074142006
20,64,1.149600930009557,1.5206100856859743,1.5029830418554482,1.5245882038342355,1.128992223854319,0.14070596879253056,1.0,1.0,0.1,0.9,0.2,116,27944.174991021864,9623.314202375408
20,65,1.147917046854039,1.5103734414452654,1.4909817497255158,1.5309114373033224,1.1501148357958328,0.14137829735373839,1.0,1.0,0.1,0.9,0.2,118,27939.992573750624,9817.424996916829
20,66,1.147215679243728,1.5054540756193024,1.4851982078656312,1.5377766485069613,1.1318785359285906,0.14264831698276245,1.0,1.0,0.1,0.9,0.2,120,27819.09585392264,9542.004422570535
20,67,1.1424680784803543,1.4686978164888056,1.441995652974259,1.535211202054774,1.378287331217047,0.15149036173007957,1.0,1.0,0.1,0.9,0.2,121,27077.48318398333,10381.076811557728
20,68,1.1410215359497258,1.4769539403048209,1.4629549856419388,1.5960518451120969,1.1147368678485101,0.13937300728950397,1.0,1.0,0.1,0.9,0.2,136,28606.56357985112,9400.634352982746
20,69,1.1420462667611169,1.4838985461331815,1.4818481274837363,1.6103770405327575,1.16045835352567,0.15820322901887252,1.0,1.0,0.1,0.9,0.2,137,27169.31136793423,9339.506116229426
20,70,1.1370286457423822,1.4685268397291458,1.486093183045399,1.6295899345808678,1.373832500209434,0.15319647069348136,1.0,1.0,0.1,0.9,0.2,138,28132.484158979525,10201.60040406715
20,71,1.1370183094101691,1.4796390383662998,1.5101902073538374,1.6411723794084958,1.115641190117611,0.15319647069348136,1.0,1.0,0.1,0.9,0.2,140,28121.25808464887,10204.9927297436
20,72,1.1352896284515317,1.4398257374353007,1.4413662838846488,1.6356811728308636,1.176853574651985,0.15486975827325636,1.0,1.0,0.1,0.9,0.2,142,27405.50553326338,10467.185250153088
20,73,1.1351666153385538,1.4383599014128485,1.4396439911407657,1.643123673914373,1.120747899084137,0.155187913897384,1.0,1.0,0.1,0.9,0.2,144,27505.732855660677,10557.80477771744
20,74,1.1350377751612448,1.447631544594187,1.461571919069523,1.6623124713859807,1.119105602906495,0.15596118979472356,1.0,1.0,0.1,0.9,0.2,148,27549.82208999253,10447.44137445619
20,75,1.1349788393688347,1.4585248323067221,1.4854177575457308,1.6587042302993924,1.1175536939179407,0.1556612415088941,1.0,1.0,0.1,0.9,0.2,149,27386.475294824708,11128.071523130382
20,76,1.1350477556596905,1.4578651063508388,1.4846190903728795,1.6702604272474197,1.1185631972506649,0.15717968066393542,1.0,1.0,0.1,0.9,0.2,151,27421.786275414717,11079.20987043772
20,77,1.1348808283764131,1.457102065660121,1.4837424876576082,1.696877253364203,1.1202155395519549,0.15617928842126227,1.0,1.0,0.1,0.9,0.2,152,27264.876006802668,10760.10558182932
20,78,1.134167236109429,1.4604868300915723,1.4987762313430617,1.7312246819247037,1.1708221342535785,0.15690079448424163,1.0,1.0,0.1,0.9,0.2,153,27062.8769411352,10423.765337400351
20,79,1.1337302193494747,1.4556494747109698,1.493104589988639,1.7346595928501882,1.1327279900279477,0.15724194873659897,1.0,1.0,0.1,0.9,0.2,155,26950.49980398031,10238.293302344717
20,80,1.133583963462021,1.4648658171946551,1.5149728098829909,1.74658439237053,1.122880604726122,0.1577186648465974,1.0,1.0,0.1,0.9,0.2,157,26944.891199697315,10413.64895972543
20,81,1.1335467572878404,1.4756771177964938,1.5387172802719389,1.7664039774064346,1.1171430387056043,0.1577186648465974,1.0,1.0,0.1,0.9,0.2,159,26969.930847249718,10406.366782066263
20,82,1.1265175113240653,1.4020513966272723,1.3871857995593262,1.685799665351518,1.1110473482696175,0.08803437412633301,1.0,1.0,0.1,0.9,0.2,161,27876.426611054096,12024.089737956385
20,83,1.12612249641635,1.4074640041682742,1.4046008267310326,1.705928304492204,1.1168984800387076,0.08839715114679839,1.0,1.0,0.1,0.9,0.2,165,27284.56952292028,11548.576222757118
20,84,1.1261450772877752,1.4169685999681667,1.4267812435513079,1.7105421297964554,1.1222897682534287,0.09036987594931632,1.0,1.0,0.1,0.9,0.2,166,27160.146232366707,11118.551921670574
20,85,1.1256100918107006,1.4008153868513709,1.3967959556064824,1.7205112746570228,1.1259062002123224,0.08942668429957351,1.0,1.0,0.1,0.9,0.2,168,27184.88565748835,11433.64076938639
20,86,1.125306547554293,1.407004253436243,1.4150999358660346,1.7248829155088352,1.1271454711295223,0.09097503618000452,1.0,1.0,0.1,0.9,0.2,170,27147.433562592487,11738.6833459086
20,87,1.129296746086858,1.4284329045663235,1.4615977923661145,1.7494421686942083,1.132559932568962,0.13559095816943928,1.0,1.0,0.1,0.9,0.2,172,27099.045550382743,11082.86770632803
20,88,1.1239639074345524,1.3895890345995308,1.394678759550768,1.7312711201291062,1.193831238267612,0.09235411022118109,1.0,1.0,0.1,0.9,0.2,173,27822.92644364609,12404.926278841978
20,89,1.121909593776455,1.377314176680242,1.3914290734523342,1.7590095152989045,1.1900290810824945,0.08968949183803378,1.0,1.0,0.1,0.9,0.2,175,27974.02695427041,14826.593949793512
20,90,1.1206487550140734,1.3767121300858485,1.4018828565298689,1.7661780958578508,1.148198032664862,0.08518035466238735,1.0,1.0,0.1,0.9,0.2,177,27226.52800495228,14572.840206421684
20,91,1.1196794132264796,1.3502147494470078,1.359755273810049,1.7675695187488965,1.1622012591775204,0.085798644229681,1.0,1.0,0.1,0.9,0.2,179,27234.239076355967,14442.246366548185
20,92,1.119232249468999,1.3417472931535188,1.3498208850766622,1.7782786512207618,1.1385768010704238,0.08677744248398742,1.0,1.0,0.1,0.9,0.2,181,27246.366605400875,14420.79606527792
20,93,1.1189561150088896,1.3615588571756303,1.3952097723338819,1.7905637980593725,1.1171816282514238,0.08555155360454483,1.0,1.0,0.1,0.9,0.2,183,27280.75035079012,14496.10330121892
21,0,0.7459530327412136,0.9345832284393094,0.8744063570727512,0.006753005352424813,0.0,0.0,0.0,0.0,0.1,0.9,0.2,1,4560.242137953979,7480.451802248074
21,1,0.728392306711739,0.9326620558513026,0.8713175102438374,0.014418246019760153,0.028706177037811677,0.0478822596139532,0.00010897207854047,5.2157758479159995e-05,0.1,0.9,0.2,3,4511.4389159510765,7396.605412535607
21,2,0.6958844476273229,0.9294105191141846,0.8657327667134741,0.025855994221392276,0.11042768464192323,0.01795858802447952,0.014880315170777638,0.00040875211274532996,0.1,0.9,0.2,4,4494.028646079183,7321.076955308953
21,3,0.46161402890215275,0.8861423972061777,0.8109449043311261,0.10397547829520634,1.1039754782952063,0.05866030132330811,0.09853048562512218,0.04716005550132788,0.1,0.9,0.2,5,3791.9496514523594,5047.438419805018
21,4,0.34555597170902796,0.7964121610520459,0.7099962381490517,0.08151123678276816,0.3094105268627714,0.06833968600851091,0.0713880172026102,0.04334378549786978,0.1,0.9,0.2,7,3692.5985544649,2858.9641172527663
21,5,0.27557519656179724,0.7301663524388401,0.63607867602037,0.05915018782843503,0.21383922569728434,0.06614444726389196,0.05050353343453301,0.03117607827024581,0.1,0.9,0.2,9,3612.21899772548,8110.031453954385
21,6,0.26036329944609576,0.7149064297837876,0.6204127770915041,0.05166171250424535,0.053691153975508846,0.06632710092309688,0.03788873736059297,0.02340385475847362,0.1,0.9,0.2,11,3554.7460099558093,8148.404413805481
21,7,0.26457056902703635,0.7188687003818871,0.6232990679362602,0.06726691760024879,0.07759636064401526,0.045861947207475426,0.03878749481064804,0.08081559228532112,0.1,0.9,0.2,13,3711.063597448472,8256.085674435019
21,8,0.2518718208521524,0.7060106942623587,0.609971728151449,0.0631152773889075,0.05511460514288034,0.0467211503190708,0.031041372939436717,0.06465975599053159,0.1,0.9,0.2,15,3689.5474606080415,8266.45389454468
21,9,0.22453602811839687,0.6874580067666606,0.6006083156097796,0.06259477917864212,0.1157651766307789,0.06091678927126175,0.031372946363851774,0.01856138483274975,0.1,0.9,0.2,17,3598.140410505954,8051.771370279997
21,10,0.2982367743814596,0.7558267088409067,0.6644201054752114,0.23113663853499833,0.14731968163268763,0.05789954280351154,0.12722776138068553,0.06360908814157484,0.1,0.9,0.2,30,4895.919788174138,22952.976470435467
21,11,0.24580860321565118,0.6998703909176147,0.613576567920142,0.20807514390217838,0.43348971895095006,0.05316190638609147,0.10367134657218842,0.06647058043351839,0.1,0.9,0.2,31,4714.899136816574,5702.140735474455
21,12,0.24342969927927727,0.6963307747486069,0.6095287165047175,0.2093964098321081,0.12170535936780216,0.05281640716589821,0.10313315744394944,0.06620427981817556,0.1,0.9,0.2,33,4647.736216740533,5714.308414136109
21,13,0.23590677424670425,0.6871452212586028,0.5996327308727765,0.21940799414565232,0.13527638353795507,0.051750885250356926,0.09948060106252664,0.05798722570395197,0.1,0.9,0.2,34,4834.104908142722,5822.0176063504605
21,14,0.2198357641264893,0.6930899976013863,0.6314118048267677,0.23306852977434694,0.09195557580337912,0.04593077027004243,0.0823297826859371,0.06062372864879369,0.1,0.9,0.2,40,3415.1031168269087,6214.434507439851
21,15,0.20887060061613508,0.6601153090477057,0.5812327996062028,0.22160613630730366,0.2650122898514287,0.04011935655682243,0.08722713107611066,0.05537529302952604,0.1,0.9,0.2,41,3852.5784420930095,6200.019035909442
21,16,0.2307379332040261,0.6771660395515562,0.5965721308021196,0.25728014379480907,0.19040664096051113,0.04313473135068206,0.1164139167922276,0.05774518312302064,0.1,0.9,0.2,42,4090.3561905223337,4723.26321507474
21,17,0.19478474896566814,0.6489492275395451,0.580170252701734,0.24854274979696933,0.10022567730838818,0.03735192222842792,0.0847350739344537,0.040698254306595114,0.1,0.9,0.2,46,3950.746428176396,18027.22057581465
21,18,0.1994585421834257,0.6282421456234649,0.5324732423704186,0.2567839910601572,0.10570268343000602,0.03949651506735087,0.09007897352264307,0.05296073061935286,0.1,0.9,0.2,50,4544.107023838196,8678.44223843633
21,19,0.19752541007136246,0.613966231304762,0.5143170441779363,0.27248735526972423,0.15673458658999104,0.04163047280024264,0.09626125905950468,0.06598542483559777,0.1,0.9,0.2,53,4559.006017979593,9414.292310534674
21,20,0.19752541006863833,0.625170579965232,0.5385218096990688,0.3044207563656892,0.1039965140702997,0.0416304728002426,0.09626125905950512,0.06598542483559802,0.1,0.9,0.2,55,4559.006017570688,9414.103302971012
21,21,0.17224313824749346,0.5925954150938553,0.5037774081179194,0.29627398116662074,0.1733088227144032,0.03928039766683489,0.07701572526780873,0.05422173795022027,0.1,0.9,0.2,56,4406.6044056350775,8588.902524218169
21,22,0.27724139445118867,0.6797446792162204,0.5760431981226227,0.41781419341893056,0.2695974570103393,0.037281407252465745,0.1990168830507448,0.052961235466749045,0.1,0.9,0.2,57,5254.923182945857,45502.63474893063
21,23,0.27685665332584986,0.6788466403072034,0.5750030668814649,0.42093678432815507,0.1990483067597879,0.036630951693311556,0.19901311458365506,0.05295997785233404,0.1,0.9,0.2,58,5193.876989074646,45490.44523158761
21,24,0.2764110980487404,0.6778131472191488,0.5738037485494542,0.42087900416365637,0.20016436033363236,0.03734112949601242,0.19886773339421016,0.05293336179510476,0.1,0.9,0.2,59,5261.870661652885,45355.01242506808
21,25,0.18463741125352112,0.6193233135012813,0.5542222044900896,0.3157239205693557,0.10369353224471678,0.048723395838793274,0.08841309344849882,0.08649717903222556,0.1,0.9,0.2,61,2769.266050908972,9717327.917799875
21,26,0.18148048356769259,0.6110998117388888,0.5446053177736806,0.32159427929440554,0.12998386813980092,0.046628364286679054,0.08855532429853558,0.08646650996827569,0.1,0.9,0.2,63,3000.175263054788,9712462.114788389
21,27,0.1715194293912084,0.599280829644556,0.5322823922063922,0.3222303117112508,0.10304409707460449,0.04509778080541852,0.08060699000097322,0.07861933529194873,0.1,0.9,0.2,65,3012.13404112539,9717415.503225092
21,33,0.11413420468475119,0.5068966932274059,0.4413208419445007,0.3337286016589097,0.07346886046296436,0.05228903818807057,0.04588856648558349,0.051345775341720024,0.1,0.9,0.2,76,3706.0583193733487,6174.397006530789
21,38,0.1987491195015275,0.5519962579198561,0.4986616654350341,0.46096769261490234,0.34370304652096784,0.05038830214086628,0.15001845410521183,0.09889734639116285,0.1,0.9,0.2,84,6093.830709942389,7578.216584319021
21,55,1.2177707176336297,1.4817262998987462,1.4538058172643415,1.716669207799214,1.2127650844323916,1.0,1.0,1.0,0.1,0.9,0.2,135,3655.058325860528,8114.137080577586
21,56,1.2161008700357883,1.4742607802918626,1.456143447254246,1.7432933269497146,1.3283332730710047,1.0,1.0,1.0,0.1,0.9,0.2,136,3701.741769644264,6163.4129784971465
21,57,1.2157452833081555,1.4701456577293397,1.4513236355743373,1.7256108594666812,1.207185403045874,1.0,1.0,1.0,0.1,0.9,0.2,140,3711.162743072228,6615.808588712871
21,58,1.2154114275425045,1.46621192881197,1.4467162223752383,1.7558333705890383,1.2054953442118048,1.0,1.0,1.0,0.1,0.9,0.2,145,3736.4933813758503,6919.184307177175
21,59,1.2153060345175641,1.4649558504793212,1.4452449839641444,1.7435933259961123,1.2043861349665566,1.0,1.0,1.0,0.1,0.9,0.2,147,3746.3085874204457,6797.4797412731805
21,60,1.2146608474429568,1.4571083955253383,1.4360536480374104,1.762438294045243,1.2548146150874555,1.0,1.0,1.0,0.1,0.9,0.2,148,3918.883947413046,10181.60325104853
21,61,1.213713042319605,1.4450572582461663,1.421938696168599,1.7660013241077699,1.2420853953160618,1.0,1.0,1.0,0.1,0.9,0.2,150,3911.765612180347,10125.383415268048
21,62,1.2132332434079036,1.4387001033909586,1.4144928072570069,1.7681862380122613,1.2221978237234399,1.0,1.0,1.0,0.1,0.9,0.2,152,3902.199221673706,9124.52999812502
21,63,1.2132332387602534,1.4386999324261656,1.4144926104094808,1.7681862224000324,1.2000017836251835,1.0,1.0,1.0,0.1,0.9,0.2,154,3902.2002035846,9124.52755491073
21,64,1.2131525653729869,1.4376125963440034,1.4132190069147286,1.7765586497537653,1.2075948385313982,1.0,1.0,1.0,0.1,0.9,0.2,155,3967.5143937508574,9488.396012152609
21,65,1.2124209110426,1.4499152228333738,1.4497919649726887,1.776482645382816,1.2705758892692183,1.0,1.0,1.0,0.1,0.9,0.2,156,3189.783947350435,8128.787030970556
21,66,1.212366184603425,1.4491407523220226,1.448884825955947,1.7839600288609079,1.2027041090488995,1.0,1.0,1.0,0.1,0.9,0.2,158,3182.120152429173,8148.492744539018
21,67,1.211992226363134,1.4437832286102743,1.442609982977938,1.794796307750695,1.2062455311113003,1.0,1.0,1.0,0.1,0.9,0.2,164,3185.8451162819565,7898.98018154664
21,68,1.2117439130496561,1.4625495210207624,1.4867535000474401,1.9119337047401042,1.2011541656963745,1.0,1.0,1.0,0.1,0.9,0.2,186,2937.657606428306,9229.343504851937
21,69,1.211172092079652,1.476356466721917,1.5250883746969037,1.9432117826785011,1.2300366921947623,1.0,1.0,1.0,0.1,0.9,0.2,188,2900.769131030485,9057.210831892708
21,70,1.2098139213088142,1.4544969083154282,1.4994852043493851,1.9437895707053305,1.2763405954724696,1.0,1.0,1.0,0.1,0.9,0.2,190,2972.424550097668,9226.656542687237
21,71,1.2091965745966364,1.4213996631138757,1.4385565643335114,1.9285945622553393,1.237323490546886,1.0,1.0,1.0,0.1,0.9,0.2,192,2975.72043062776,9337.305233223857
21,72,1.2087782618249439,1.4362859095519311,1.4781554625647841,1.9744109922928297,1.2105360781741497,1.0,1.0,1.0,0.1,0.9,0.2,197,20615.404060129367,9178.073681233163
21,73,1.2087395503196365,1.4355663187390661,1.4773125614574378,1.9743423900411152,1.2024836331371394,1.0,1.0,1.0,0.1,0.9,0.2,199,20626.10045170101,9165.426956065316
21,74,1.2086213363691907,1.4333687372925075,1.4747387144360495,1.9741328148900077,1.215259906309414,1.0,1.0,1.0,0.1,0.9,0.2,200,20719.87169164581,9056.312414025868
22,0,0.686786299656946,0.9161533947410375,0.8528203198089895,0.005058472716347731,0.0,0.0,0.0,0.0,0.1,0.9,0.2,1,5385.398149823153,7846.471281465036
22,1,0.6741695997678503,0.916061791905849,0.8516763684193561,0.013942204527903292,0.02751214399226176,0.05940936062970211,0.00010335418196356001,9.71494271304e-05,0.1,0.9,0.2,3,5286.295364040516,7759.244978326453
22,2,0.6540723403249811,0.9159982965308131,0.8498339281023903,0.02562979793094999,0.08893181039663353,0.03057059610278759,0.01418376659791722,0.0027745933461433897,0.1,0.9,0.2,4,5120.072973480526,7904.580393316921
22,3,0.5033809430843128,0.8766836819204887,0.8118187566816021,0.047480044144743286,0.5113923932485306,0.07232235200902717,0.024770870858601073,0.023283778824566483,0.1,0.9,0.2,5,4075.0924014199873,6014.096017921059
22,4,0.489733535943098,0.8631445484460336,0.7982629154241966,0.040627986140121544,0.021082641738128183,0.07215701562033314,0.0124282867024125,0.0117013676568732,0.1,0.9,0.2,7,4071.097739633664,5928.951846799288
22,5,0.4651437402865103,0.8810983348737714,0.8389090430029089,0.06732948045694531,0.17210114120284103,0.11432216644543744,0.01632722889314456,0.04740350891156157,0.1,0.9,0.2,8,4524.003916179106,6881.533233034073
22,6,0.427626365753877,0.8773494645978359,0.8274247752919442,0.106327424021086,0.23453329623344543,0.1012217854657412,0.05456595650667613,0.08897785539221192,0.1,0.9,0.2,10,3787.8949629931194,5941.28738774057
22,7,0.4146949435225381,0.880057034021296,0.8416777172766482,0.11876280062888106,0.10614519379979713,0.1012217854657411,0.05456595650667646,0.08897785539221191,0.1,0.9,0.2,12,3864.724798222897,5157.596436087577
22,9,0.43694012192564663,0.9060760199253148,0.849266007195119,0.203404578611996,0.21986313132543717,0.07934448622376275,0.09415790336417221,0.26641019827746726,0.1,0.9,0.2,15,3762.1467672602994,1132035.0098005435
22,10,0.36106163050187057,0.8601463305067578,0.8242020892295415,0.175397516420712,0.21429988457592997,0.08823096722493692,0.060771784061693535,0.2204409908041701,0.1,0.9,0.2,17,4034.8694125619913,1192005.1558733962
22,11,0.37480067422744456,0.874461904622983,0.8330806955675514,0.22029241274925812,0.2588998615890378,0.0682729717538472,0.10311667751160909,0.27018151976056104,0.1,0.9,0.2,19,4602.8536820882655,1134419.3786916158
22,12,0.4081068223262334,0.8728353933368839,0.7884771276358449,0.26400699868534705,0.3694170093459124,0.10300235510461997,0.1482791479806623,0.3255898015738746,0.1,0.9,0.2,20,3159.2909031839376,2548131.4134863494
22,13,0.3304336841422926,0.8515788132414008,0.8322868025079824,0.21034824094984597,0.13140534474250382,0.07048076037408793,0.0790496368674238,0.26513681395775895,0.1,0.9,0.2,21,4848.868731605855,1193490.5247946226
22,14,0.40482742061893756,0.8690945984557192,0.7839797030430522,0.26985730257475943,0.2402151779592503,0.10306277222979368,0.14889593915618546,0.3261695643684046,0.1,0.9,0.2,22,3097.0249109918086,2547265.7521818536
22,15,0.3224380714119944,0.843086402886929,0.822652694225904,0.2137592768843593,0.14711058229709978,0.08149238980717974,0.07564861541222731,0.2658048400201233,0.1,0.9,0.2,23,4552.939874441911,1192538.7231333903
22,16,0.3146928203233918,0.8238135233964367,0.7902239384502895,0.21525838216902188,0.12687992895709246,0.07561458433445173,0.07797344741136311,0.22246905679530965,0.1,0.9,0.2,24,4535.834088681235,1192255.1592377236
22,17,0.28646016997062007,0.7962127134360065,0.7624073213430781,0.19027212559155554,0.11108204656130077,0.07970320036677375,0.05423315323107418,0.19555378505064042,0.1,0.9,0.2,25,4021.57577806513,1191990.4008451567
22,18,0.337819676744096,0.8543480225399035,0.8301686415335148,0.24592201357916846,0.29088947779284186,0.07451645081024225,0.11380287499614258,0.26326607901369553,0.1,0.9,0.2,26,4303.790925914401,1131178.107057704
22,19,0.2693294449421774,0.8065690180468156,0.8070441411436646,0.21471210723260514,0.1276704565877115,0.07149944694797858,0.060803933496794915,0.19164295307653345,0.1,0.9,0.2,28,4799.6045582836105,1189194.0864654826
22,20,0.2665283865019555,0.80308483488079,0.8030647238292397,0.2169878194281913,0.11976779435404761,0.0762748923397796,0.05972782214810298,0.19113445332214485,0.1,0.9,0.2,29,4637.336874556,1188165.0258249522
22,21,0.25820849131335927,0.7885569652316369,0.784695119743514,0.22909826862583677,0.26415882976702243,0.07251068186661509,0.06872763365883919,0.1920437849461885,0.1,0.9,0.2,30,4850.118867485258,1188646.577916571
22,22,0.2448021503784711,0.7638962777199337,0.7470064565750739,0.22440902029531498,0.09533960258700153,0.07245657461415865,0.05929720524239499,0.16802789706844784,0.1,0.9,0.2,31,4839.834109791355,1189003.5272047543
22,23,0.24966823694450407,0.7759022317388776,0.7699108655192112,0.23714465122303585,0.19302073092118327,0.07905739192681825,0.0681523151950327,0.19025789726249026,0.1,0.9,0.2,32,4614.697165082174,1191512.9799846143
22,24,0.2494898203610902,0.7757138929018119,0.7697177311043901,0.24574688051384846,0.1073297348579982,0.07904604314123939,0.06797683977030362,0.1902525628352842,0.1,0.9,0.2,33,4612.393112609922,1191565.090522851
22,25,0.21700639280916864,0.7407073069328223,0.741790885851659,0.23331285820449166,0.3369694116544413,0.07536045039008722,0.060370411230343216,0.1681321164861967,0.1,0.9,0.2,34,4862.973157422063,1188463.4386066813
22,26,0.17296223900428606,0.6625829184694043,0.6244848223131133,0.1691984255480897,0.053870733597923624,0.05115413017879363,0.039759688273808644,0.055685694512506836,0.1,0.9,0.2,38,3888.876438036268,1069406.1321531958
22,27,0.1795906216463465,0.6593351274950433,0.617639724037107,0.21768603210494902,0.21651833774478857,0.06977164233015942,0.04393946697370007,0.11635607092398478,0.1,0.9,0.2,39,4005.320756855321,1295080.278277133
22,28,0.15722688997695874,0.6454017682410692,0.6157586369029959,0.17990689585182024,0.088850878357243,0.05905275934006151,0.03567106789806187,0.06091909758412972,0.1,0.9,0.2,40,4138.381351234969,1067325.4023395458
22,29,0.13148242782419603,0.591619911010345,0.5533769714407032,0.1780902246409187,0.22198519930671265,0.04082745020362577,0.041433286353381185,0.02627052282134292,0.1,0.9,0.2,42,3719.858096864617,5190289.826671192
22,30,0.1341314284854171,0.6022318826974973,0.5760803220727027,0.20089698784372756,0.06988170893501923,0.04008232589743605,0.04662733565480458,0.0268502623325304,0.1,0.9,0.2,44,3710.398575205943,6531751.95652305
22,31,0.12581058536334352,0.5899032219337146,0.5626459486098924,0.203523043710207,0.06802158679081212,0.040397722125183624,0.0408108607217402,0.02350924389348884,0.1,0.9,0.2,46,3679.140341238436,6533054.630226821
22,32,0.11927677374459521,0.5799176844867855,0.5517230361510536,0.20766302733436756,0.060070872837535205,0.04120534511140717,0.0362853548709155,0.020908001052825788,0.1,0.9,0.2,48,3640.721328654335,6536795.403135498
22,33,0.13455266385603476,0.6031937140423815,0.5871411013234088,0.2224112922572538,0.09305453555099666,0.05430536283957268,0.05038401581817318,0.03633671584910519,0.1,0.9,0.2,49,3677.1823853814217,1004966.1515621915
22,34,0.17065055080175015,0.5912849190411311,0.5323850397444784,0.2631468868560487,0.1576595981950876,0.07601986130329481,0.07213741162401938,0.14839156805840514,0.1,0.9,0.2,52,4707.054380459366,4416291.729716992
22,35,0.16738038617324408,0.5803453727119181,0.5195376263859872,0.26895399611544446,0.14113030025549997,0.07610955045779937,0.07230526905052384,0.1485948177316768,0.1,0.9,0.2,54,4647.118798796999,4414824.1396077145
22,36,0.16276800981512216,0.5747474717966703,0.5240627566142867,0.27661549800751245,0.21164194756751292,0.07610955047387671,0.0723052685022125,0.14859481666687627,0.1,0.9,0.2,55,4525.334184568286,4417971.29272646
22,37,0.16276800967842767,0.5747474725015027,0.5240627573191192,0.27661549870739,0.1024048605011064,0.07610955045779934,0.07230526905052338,0.14859481773167843,0.1,0.9,0.2,56,4525.334172421282,4417971.292659633
22,38,0.1611674693118732,0.5683662577710927,0.5165472857317194,0.2855606996173373,0.1485061540138623,0.0771900515248349,0.07244952040667758,0.1486152428073822,0.1,0.9,0.2,57,4547.819898279493,4418208.215718143
22,39,0.15949443502501312,0.5663818586512345,0.5144853994964452,0.28810160965760645,0.10290468266073552,0.07025682979409628,0.07176425673165518,0.14750797329160123,0.1,0.9,0.2,59,4476.193743750468,4403896.037394228
22,40,0.1517173697851958,0.5588243345552332,0.517371019217334,0.2991415994686306,0.2005563783435415,0.07126874265744444,0.0687268811839694,0.14152202287874288,0.1,0.9,0.2,60,4365.185664332038,4660648.12314817
22,41,0.15129054487185029,0.5683617757981176,0.5396235159012369,0.3085833645683594,0.10887215387258915,0.0712687426064457,0.06872688065321053,0.14152202185338308,0.1,0.9,0.2,61,4319.989181902084,4661943.279082424
22,42,0.1495415505070581,0.5494631129835392,0.5063620440752772,0.31430354966206875,0.15327903713990504,0.07221989461518181,0.06890905448611324,0.14153005187365308,0.1,0.9,0.2,62,4406.632313761535,4658822.656426191
22,43,0.15778493158071866,0.5642089544717424,0.5330445214040801,0.3200080237008592,0.1289104526325666,0.07424970192858664,0.07652705219266591,0.15500079658280302,0.1,0.9,0.2,64,4361.888736060105,4662859.771875452
22,44,0.14679120479769744,0.5458830850385991,0.5130760563365967,0.3305284798068784,0.16554593247198698,0.07481574416530135,0.06974932887224669,0.14154466244296104,0.1,0.9,0.2,65,4454.843851000974,4657597.089474649
22,45,0.1303140475202337,0.5218863803975264,0.4874163277429255,0.33025995123815705,0.09558229237840504,0.10848584937618504,0.059312367124417245,0.10024556082658179,0.1,0.9,0.2,71,4153.253682200832,8917934.93706841
22,46,0.1283608288283357,0.5105333613439196,0.47401278172578126,0.34007875444024466,0.12671655183088695,0.10769565749968082,0.05976042299408686,0.10173032569536411,0.1,0.9,0.2,73,4192.035746350557,8917818.500897942
22,47,0.1390003497431171,0.5317654795228453,0.5081130142542818,0.3540295669112447,0.10111878005209883,0.11017943740162932,0.06487997774499671,0.13145822021847747,0.1,0.9,0.2,74,4176.324662874351,8917614.610428382
22,48,0.12700183986640187,0.5026395632004041,0.46471025059781335,0.3465194566932589,0.13726031773634206,0.10790275124822446,0.05992048999932338,0.10256306748626068,0.1,0.9,0.2,75,4198.208262221192,8917451.286157165
22,49,0.12961130551063166,0.5031984735469287,0.46482989851829076,0.3561666019001492,0.10627105071939677,0.10770616190442368,0.05919569961079467,0.12154324939447933,0.1,0.9,0.2,76,4168.47955912581,8917710.011015719
22,50,0.11908505999421921,0.4821772344833252,0.4415793043311601,0.3469677061314344,0.1712739591924221,0.10208748400516847,0.057022700061885936,0.09411289726032925,0.1,0.9,0.2,77,4200.612769971948,8935935.576196235
22,51,0.11819971760960117,0.47592892597861663,0.4342030772968823,0.35711219244995285,0.10372077467824403,0.09989322363966652,0.05772051189807039,0.09375871522049381,0.1,0.9,0.2,79,4039.886322037025,8945236.563143253
22,52,0.12501860455230773,0.48058738961831393,0.43840967768587547,0.36759032997394747,0.10634306613168983,0.10011689209345216,0.06367542933516536,0.10333200448912569,0.1,0.9,0.2,80,4193.594022122483,8943622.939304827
22,53,0.11735257616601334,0.47028707315585155,0.4275597655361852,0.3706494587045496,0.09210501928401095,0.0999974755852602,0.0578954161966306,0.09394950947774103,0.1,0.9,0.2,82,4173.495177071993,8945143.463651437
22,54,0.1167808769383957,0.46472072329663444,0.420955726533497,0.3775230877074634,0.10254505682289287,0.09983682476788616,0.05820252186887389,0.09511107134813288,0.1,0.9,0.2,84,4193.941991814977,8945007.202777369
22,55,0.10941081212980587,0.47669385805482545,0.45829605478872376,0.4343234040384616,0.07724052139621299,0.10219113117062968,0.05214808025838673,0.08750974104796298,0.1,0.9,0.2,94,4164.160300228791,8929301.252755214
22,56,0.1433196354505867,0.49044878036138967,0.4786801661839228,0.4670208359870703,0.37437297527235314,0.14593469987223268,0.0807996456839768,0.13547873295862256,0.1,0.9,0.2,95,4357.070844331711,46751089.34000681
22,57,0.13452937416007815,0.4704891237717902,0.4672849138104092,0.4843615453231329,0.16941157372869287,0.14744345413080803,0.07666335493475432,0.12703287155464768,0.1,0.9,0.2,98,4284.297670107716,1269819057.3082354
22,58,0.13401040916064244,0.4650491007378305,0.46087954466274655,0.4911810253398526,0.12903000001466625,0.14743308709156036,0.07680974953480668,0.1273644199440596,0.1,0.9,0.2,100,4269.205705474894,1269817056.578743
22,59,0.13383962974025942,0.4611287299719169,0.4562258888560182,0.49828930325937465,0.12465597216605445,0.14663731836671523,0.07707348205923614,0.1283810106465329,0.1,0.9,0.2,102,4293.79164073718,1269815361.4396462
22,60,0.14049112374492265,0.4727563148314751,0.4796403450268339,0.5387569490949093,0.13371684855966906,0.14566615715260964,0.08585080407631532,0.12691813130244672,0.1,0.9,0.2,105,4341.091473895596,37084535.30441598
22,61,0.1339989329675933,0.4540386899677062,0.4585553176858819,0.5435794610975204,0.20886517216817277,0.1437009161089697,0.07991779646283217,0.13012966302033646,0.1,0.9,0.2,106,4400.619910699281,1269738717.844318
22,62,0.9694070489287945,1.3001303127649846,1.339256617782406,1.3862160322152575,1.0101581006875817,0.1444158693611142,1.0,0.18002473291871185,0.1,0.9,0.2,109,4263.253350545138,1270610997.1393418
22,63,0.9638798261951178,1.2625475873514171,1.2847276528212503,1.3958697428693898,1.0007513147325284,0.14224944808069626,1.0,0.16441641129704615,0.1,0.9,0.2,112,4311.472118649299,1270533118.4436357
22,64,0.9634410158084941,1.2551662978956037,1.2760411612435603,1.4027446419119627,0.9740867932280991,0.1407242784067829,1.0,0.16637974634448843,0.1,0.9,0.2,114,4267.033600366161,1271086086.0561604
22,65,0.9615120587002727,1.2516404072431717,1.2831216874757048,1.4196114966872768,0.9952795928401936,0.1414574608358467,1.0,0.16225920445086128,0.1,0.9,0.2,116,4332.150453927162,1270496773.2086818
22,66,0.961524954426965,1.2590546582453486,1.3028274280311813,1.4274584212200563,0.9614536021566238,0.14505038153873678,1.0,0.16221267291930588,0.1,0.9,0.2,118,4237.821819294255,1270618309.2006445
22,67,0.9616716904786287,1.269587819617444,1.3262088568870867,1.4387525672861308,0.9533388726035268,0.14253213983760354,1.0,0.1645600871166511,0.1,0.9,0.2,119,4294.02963833101,1270986080.0993571
22,68,0.9612777203512941,1.2555673537830632,1.2987373033650942,1.4420391151226049,0.9652989966857436,0.1443424187789856,1.0,0.16272924775784603,0.1,0.9,0.2,120,4274.022301138607,1270694556.2005112
22,69,0.9606768816919717,1.2592477149971495,1.314132545004597,1.4567507658983938,0.9731805497856022,0.1442745679606991,1.0,0.16268112066462645,0.1,0.9,0.2,122,4275.508990171486,1270597318.026779
22,70,0.10504024878810465,0.3278035326260509,0.31403006183118964,0.5629798652868034,0.24203794038258883,0.14218271666267107,0.06471569790734125,0.10211983711172364,0.1,0.9,0.2,123,4036.081407493125,1270000731.6089275
22,71,0.1043970087971232,0.307745247181162,0.27946226064415797,0.5616928561670768,0.15431767761857879,0.14201431563677025,0.06455062949940539,0.10273393381703044,0.1,0.9,0.2,124,4128.796647369032,1270028646.1854997
22,72,0.10455109744487008,0.3164922779207258,0.30073070395737495,0.5733626132724531,0.11271397540938889,0.14115305297745614,0.06495314400000772,0.10305328998782859,0.1,0.9,0.2,125,4119.052790746167,1269975898.803911
22,73,0.10430306907363343,0.30306304449424853,0.2739384603264747,0.5651668107000954,0.10789182648233663,0.14249885406330903,0.06473254422717069,0.10283053044254079,0.1,0.9,0.2,126,4101.224453689674,1270049259.0359883
22,74,0.10410834660073177,0.30126599949558003,0.27184782250516576,0.5723140846869509,0.09901551379318561,0.14152979841232272,0.0647461723993138,0.10284239085860684,0.1,0.9,0.2,128,4060.4315654064135,1270059631.7286625
22,75,0.12158925852568248,0.3379222422200005,0.3339131645228524,0.6088159634817313,0.12278966375404979,0.17119637922825567,0.07083623822230452,0.14912436216801478,0.1,0.9,0.2,130,4096.6090262893085,1564119389.363789
22,76,0.11524904596205413,0.33575775939369185,0.3434651187220006,0.6256953089052341,0.15705198863103415,0.17338613514062814,0.06411374171757253,0.1489317045805864,0.1,0.9,0.2,131,4103.747001393266,1270412532.1890836
22,77,0.8171112630477683,1.0248454714153556,1.0411916504262106,1.3460311220882173,0.8971296991848479,0.14358327482001854,0.8554749546547498,0.11946590959336023,0.1,0.9,0.2,133,4206.619759150242,1270037705.958496
22,78,0.8172958481294532,1.0351643260084484,1.064317047886017,1.3541240966377508,0.8124026713663764,0.1439662119278287,0.8556806352488234,0.11958547161446609,0.1,0.9,0.2,135,4101.987676318076,1270064263.1343324
22,79,0.8177768129394021,1.0318469983365675,1.0603118165279009,1.3621043667901078,0.8371628560926327,0.14280261879468073,0.8564155919280003,0.12035741379867396,0.1,0.9,0.2,136,4107.209573070142,1270218829.6821215
22,80,0.8177107449046962,1.0300088266978726,1.0581529471273352,1.373762430251828,0.8222174912466369,0.1427521799125788,0.8564044103104227,0.12060497920264882,0.1,0.9,0.2,137,4142.909476578874,1270413901.6733592
22,81,0.8171864307670459,1.0238037358715728,1.0509208231411795,1.3726793136017947,0.8508191075871931,0.14287658264711237,0.8562206430703492,0.12033064611610808,0.1,0.9,0.2,138,4169.497472619293,1270217775.4799955
22,82,0.890469863944382,1.0954705102479314,1.1222954420956124,1.4344247765871527,0.8943065164631461,0.14250590275851688,0.9378709364644957,0.11995211635700827,0.1,0.9,0.2,139,4146.542465669934,1268586729.2042224
22,83,0.8917507734706132,1.0948730824373363,1.121357744153108,1.4547797706221284,0.8886358612295108,0.1418485258165712,0.9392211580903045,0.12115328739202029,0.1,0.9,0.2,142,4156.017175985184,1268953872.559139
22,84,0.8914879175893383,1.1343765493896287,1.211953340463976,1.400617864408104,0.9199786193217723,0.14184852581657112,0.9392211580903049,0.12115328739202111,0.1,0.9,0.2,143,4246.618745957631,1268910981.4744484
22,85,0.8903428418849262,1.0710109163569421,1.0824680150164023,1.4561358187334057,0.9287027267445499,0.13994101987712865,0.9388458752182393,0.11968789885957032,0.1,0.9,0.2,144,4216.56143274659,1268875358.1041589
22,86,0.8901315377514529,1.0586581107938842,1.0679331528246885,1.4597150396564875,0.9719160004162551,0.13878486059473485,0.9392770802466813,0.12026728397190845,0.1,0.9,0.2,145,4192.970791351828,1269149852.393088
22,87,0.8898558054589284,1.0812914834570215,1.1276489858332626,1.5337997702326682,0.8946885225467026,0.13815866357132028,0.9396503621081156,0.1200316842338293,0.1,0.9,0.2,152,4292.547592065859,1269084176.1456344
22,88,0.8897372911431336,1.0907185924041365,1.1497798628378366,1.541390842764932,0.8895138635296438,0.13725775409885438,0.9397066437378261,0.12001315253607951,0.1,0.9,0.2,154,4285.120177828045,1269094993.399436
22,89,0.8896900259895221,1.0774131232193225,1.1231060406974083,1.5451384945812958,0.8985021519141567,0.13820087411366233,0.9396320980735734,0.12010376026365788,0.1,0.9,0.2,155,4285.864671308844,1269106819.4723573
22,90,0.8897207101132698,1.088309432495813,1.1469424967604402,1.5490491382649303,0.8860234075420109,0.13644044639969113,0.9398088813564772,0.12041773803308779,0.1,0.9,0.2,156,4291.952336553748,1269088325.1900706
22,91,0.929486791233263,1.0655228307194355,1.0909999898548663,1.5588121772012034,1.0708537843304755,0.1387003129340243,0.9677517388598822,0.2005444816774796,0.1,0.9,0.2,158,3987.9694344624822,1269144482.3994184
22,92,0.942107010920847,1.0762107188382442,1.1123576679181124,1.5828786019222039,0.9859222959300086,0.13839229017416882,0.9704929067770299,0.25383005119725915,0.1,0.9,0.2,160,4067.141788345991,1269499214.726447
22,93,0.9419433318656435,1.073798662623983,1.109547580304948,1.5864658484004874,0.95373860083862,0.1383648032463005,0.9704118484177824,0.2537661887007373,0.1,0.9,0.2,161,4103.52072487782,1269499203.1269398
22,94,0.9418585899144946,1.0674236851831729,1.102058997055667,1.5937988168746897,0.9609205862701515,0.13867718532972367,0.9704760569233413,0.2539645305931163,0.1,0.9,0.2,163,4067.890021983844,1269499849.200621
22,95,0.9289621446733134,1.0415776411203361,1.0629037987049246,1.5801303826065367,0.9373930227927004,0.13738698975824476,0.9681107231913495,0.2010498687973788,0.1,0.9,0.2,164,3923.592176300896,1269168730.6596236
22,96,0.9416819904357516,1.073001411548038,1.1196736354776005,1.6133709672215533,0.9647541640833813,0.13867718532972367,0.9704760569233409,0.2539645305931165,0.1,0.9,0.2,165,4104.4456711624025,1269482177.3236628
22,97,0.9286939171399698,1.0333142787203635,1.0532269872089624,1.5987309818360875,0.9329733537176153,0.13694998867604416,0.9681113288541896,0.20121716836412945,0.1,0.9,0.2,169,3935.4894842109143,1269162501.2375474
22,98,0.5759081975404898,0.7073802766437081,0.7651004672166504,1.3135704989052108,0.5775359125226688,0.13749823407479628,0.5922436981074761,0.12947571169293456,0.1,0.9,0.2,179,4407.751183548582,1268867123.8708243
22,99,0.5761726930006477,0.697480665886417,0.7534078991747912,1.3327852482496614,0.6097898906074011,0.1382653662872905,0.5925654160109262,0.1304923614920087,0.1,0.9,0.2,181,4418.126432377369,1268972379.9994545
22,100,0.5758857228491266,0.6885928700881812,0.7430049864126698,1.3436977719729797,0.5937984885030255,0.1363213065572402,0.5927153802642537,0.13058985042092944,0.1,0.9,0.2,184,4330.334161686746,1268981805.3764007
22,101,0.969225298055206,1.1312898004317635,1.2495317732755897,1.7534025126645891,0.9762783430178039,0.14208496177510227,1.0,0.2625474172037144,0.1,0.9,0.2,189,4337.517071158325,1269632970.5837607
22,102,0.9659243142386091,1.1348506840363954,1.265329315369457,1.7864843072227612,0.9674317481829868,0.14184858053575564,1.0,0.24674722046816672,0.1,0.9,0.2,197,4291.469993448263,1269739867.4527044
22,103,0.9668187510696751,1.1392329195145274,1.2813559096867915,1.8047891065556303,1.01993671205289,0.1473121561390398,1.0,0.24949988535366857,0.1,0.9,0.2,198,4273.370722527894,1269885595.393888
23,0,0.863533444071922,0.9672426328065196,0.9126589494562481,0.009755954771016385,0.0,0.0,0.0,0.0,0.1,0.9,0.2,1,2901.76782291691,7282.54215610486
23,1,0.8456969856064923,0.9663154126609628,0.9107039954990154,0.01767375963982153,0.026031163328174796,0.049552886283390066,0.00010951626075884999,9.980891620816e-05,0.1,0.9,0.2,3,2917.810054968196,7081.3110484834615
23,2,0.8102365714136311,0.9645273835035593,0.9067499704275702,0.029687354301232524,0.10426806674355425,0.02249569119062158,0.01486241837744479,0.0015383683566194,0.1,0.9,0.2,4,2885.783276614565,7129.751453895372
23,3,0.5635387134835956,0.94721401844407,0.8806787732640267,0.11911668350297029,1.0018294827301348,0.06070964506409211,0.10015612409869298,0.09127844695056642,0.1,0.9,0.2,5,2526.4911586319804,4759.167487541356
23,4,0.40000638591472276,0.8429498544653464,0.7612009699704794,0.10327011989879344,0.4092713615382017,0.08952250538767217,0.0822461177343308,0.08032045062618029,0.1,0.9,0.2,7,3193.7327261341243,2589.346187250356
23,5,0.3269008474984837,0.7798719390083995,0.6909250558504682,0.08035973989926794,0.2247563761288051,0.10936507244109597,0.0581299563030291,0.07368309438047553,0.1,0.9,0.2,9,2734.268182769158,5110.3780297754
23,6,0.30337318970060667,0.7570248909385559,0.6670305342701516,0.07219069420784849,0.0826297097450701,0.1093599245558863,0.0436241719438511,0.05531205902079608,0.1,0.9,0.2,11,2718.5656559888475,5166.645237218871
23,7,0.2938089045708503,0.7482444863873646,0.6562712294649786,0.07520196339387972,0.14472265358381245,0.1093351220170399,0.04563015142788844,0.060169662284567285,0.1,0.9,0.2,12,2762.849886336116,5099.779348857142
23,8,0.28051947374767094,0.7350470906551764,0.6426187435367303,0.07300661789284578,0.06277390663787516,0.10996297199349163,0.036521797283164195,0.04814202633459057,0.1,0.9,0.2,14,2725.2532532200894,5037.843900801747
23,9,0.2786592032395459,0.7449439623296885,0.6652411593071164,0.07173568068214785,0.06852753864331461,0.11253644563628004,0.037671298361893306,0.04317878534246255,0.1,0.9,0.2,15,2353.455599492722,4524.796539158163
23,10,0.26021692646307615,0.7257701279165417,0.6428881648986677,0.07414159820434355,0.116824381880625,0.09920634183763528,0.038756328694929544,0.0419105243325309,0.1,0.9,0.2,17,2613.3983368940458,3824.856772645616
23,11,0.24504840241095152,0.7209113920634775,0.6494309353984573,0.08329638299442693,0.11053170245591107,0.07512093910375056,0.03760691202370272,0.02549724376818576,0.1,0.9,0.2,18,2503.543982144697,2769.9429507547707
23,12,0.23186728750852315,0.6948317786831817,0.607944069594137,0.07104568066504126,0.14443033239640177,0.094974480317878,0.03258335761255068,0.034064964602089395,0.1,0.9,0.2,19,2471.6783245902247,3850.355099699008
23,13,0.2310712480862592,0.6935200078079501,0.6061565472599856,0.07815098299082206,0.0658812407889929,0.10344039838816546,0.03333814344909301,0.0337666495168001,0.1,0.9,0.2,20,2416.67366998456,4149.332158412556
23,14,0.2727203140683565,0.7348882516088809,0.6472345545972994,0.13162915091632857,0.10201734142665042,0.057579299151310936,0.08501715386258134,0.03945674123395944,0.1,0.9,0.2,21,2298.38658948412,3532.220826201145
23,15,0.21467593056641873,0.6729700433304546,0.582069135067265,0.0842834363646584,0.17960761003069872,0.09878528313977022,0.03464461511655811,0.03074509357606296,0.1,0.9,0.2,22,2433.4320062811803,4062.233070334245
23,16,0.25726687273967574,0.7124333802341114,0.6194536596767564,0.1426941309484342,0.18358117202800664,0.08048072247959401,0.09003097960443757,0.04866791967042454,0.1,0.9,0.2,23,2203.2406280868936,2583.566128793494
23,17,0.2662295440838196,0.7182178864077639,0.6233908849421047,0.16569604092334342,0.15305043220163875,0.07453707197963541,0.1094797301556449,0.04697716149057991,0.1,0.9,0.2,25,2084.3643380694584,2815.540590287409
23,18,0.2654689171411159,0.7168312875751542,0.6216633670912327,0.17427327527217318,0.12293667324520165,0.0741230979492252,0.11014029507636809,0.04723132761191654,0.1,0.9,0.2,27,2104.2032554754,2806.170907829064
23,19,0.18303465291676788,0.6406511322703076,0.5559849848508486,0.09583523560307772,0.14509946805025073,0.09246941686176777,0.03245195552401,0.02368556304729249,0.1,0.9,0.2,28,2855.7271054637413,3321.7522601600417
23,20,0.17790101341073045,0.634714350933743,0.5496701345444377,0.10240744116386191,0.04716845805294,0.09279501104242624,0.028854734743468807,0.02106298498531773,0.1,0.9,0.2,30,2848.4581529154484,3403.4321901293742
23,21,0.18088365128586317,0.6227128282376224,0.5229678140216041,0.11154487006432945,0.11793445727378338,0.07600890831741287,0.03939522505147368,0.02768186149075828,0.1,0.9,0.2,31,2928.476667304073,3435.8952881007995
23,22,0.1696118381807082,0.6198805570186964,0.5319625063008079,0.11952433790748998,0.08926874584389305,0.08734938194105972,0.031398253483238596,0.02207795146262053,0.1,0.9,0.2,32,2841.456639674728,3410.282264431451
23,23,0.16941182043499245,0.6194414396964104,0.5314242534203418,0.1276831936402266,0.045590440503027505,0.08757579777443833,0.03150236737254594,0.02219336872667462,0.1,0.9,0.2,33,2840.1418312045,3596.5789245042315
23,24,0.17149259037303208,0.6250338195303625,0.5469989595189646,0.1359582297950422,0.17664910644523865,0.052315500130274105,0.050170510965245316,0.01587570075029037,0.1,0.9,0.2,34,2621.3175625348617,25664.760818467632
23,25,0.17027288338809932,0.6076729502579313,0.5148417461652642,0.14527977899687633,0.09450998366255652,0.049818989930082706,0.05524950933787607,0.01591477829554675,0.1,0.9,0.2,36,2650.1353672799187,26323.69412647141
23,26,0.16749888070809826,0.6252819068829027,0.5577407059142816,0.1495118853742161,0.08624284346625913,0.0661170649926186,0.05180720403770526,0.02001852074800429,0.1,0.9,0.2,37,2519.366500032581,26888.565108021307
23,27,0.1573823839374878,0.6089827553770111,0.5393500136939172,0.1579375812802631,0.13844867815061412,0.06571650487250195,0.04741598267828178,0.01954874408574394,0.1,0.9,0.2,38,2446.402082703399,18268.65506780285
23,28,0.15739213186540485,0.6084362604478752,0.5386205180306564,0.1646341717862298,0.05740893159135623,0.06733855527777123,0.04769975274698709,0.02007007387906907,0.1,0.9,0.2,40,2441.601516627132,18408.149345047023
23,29,0.13885614061326632,0.5532288699016406,0.4529586499534892,0.16172622933274214,0.13770738347421005,0.07019765307764883,0.0403408231279643,0.01778609600096855,0.1,0.9,0.2,42,2861.1881490026303,11158.917376609768
23,30,0.13594717565918485,0.5431995807753125,0.4408472300890647,0.16900578467783153,0.09145843774277031,0.07058225511506785,0.04242084641520677,0.01887634110740291,0.1,0.9,0.2,44,2909.0541975041087,10989.696215846594
23,31,0.1319371137066904,0.5489107578079812,0.4591348578213176,0.17367738467464314,0.06329055053975328,0.06931871230198396,0.039587336218515165,0.017174320554107312,0.1,0.9,0.2,45,2970.396951588559,16995.731371783215
23,32,0.1317011662256248,0.5486516298713459,0.4588691188795527,0.1799135736032927,0.04590894438324475,0.06942354229452212,0.03933235386651079,0.01716602185057412,0.1,0.9,0.2,47,2936.479442925435,16696.35830028644
23,33,0.13175669786140767,0.5482815790048373,0.45837788373873917,0.18987675146035918,0.05105295405825484,0.07059399084616104,0.03961320219477485,0.017003132503942482,0.1,0.9,0.2,48,2933.951653741462,16904.763734035958
23,34,0.12837979314723408,0.5388814988284508,0.4472896989777828,0.19424081967242576,0.11542686637129998,0.07028946912748156,0.0389998941176305,0.02220317376670208,0.1,0.9,0.2,49,2977.598298796601,17124.338759341226
23,35,0.1280383745653624,0.5375458645023931,0.4456799009350807,0.20099012673316383,0.05242213711321889,0.07031831418715948,0.03923376959879671,0.0224618567159234,0.1,0.9,0.2,51,2996.387449941721,17104.862197604965
23,36,0.12550061125020734,0.531466720910798,0.4386332334441396,0.20667562855360547,0.06614349411817408,0.0728658612991139,0.03842820551827679,0.02266591627746451,0.1,0.9,0.2,53,3014.2380813832474,16681.919313983475
23,37,0.4327594807207392,0.8232297783967211,0.7263133027204356,0.5158108904040972,0.5288417105533152,0.0730181188736272,0.1718973458557374,1.0,0.1,0.9,0.2,54,4048.993978082393,7790.983180144249
23,38,0.4329229833202005,0.8340508918311391,0.7499849649552406,0.5195926529308919,0.3694534063568499,0.0719700290547684,0.1725607730332113,1.0,0.1,0.9,0.2,55,4088.396909989247,8556.997507696336
23,39,0.4222880954439319,0.7998761569202086,0.7100119546626822,0.5228574227949307,0.47992235692962026,0.0679199238428746,0.17265795005073936,1.0,0.1,0.9,0.2,57,4297.850399855328,10019.309827829453
23,40,0.4210009988479976,0.7971356557453304,0.7069264913090734,0.5310969738911357,0.3684005226577881,0.06892611440809487,0.17173964881392856,1.0,0.1,0.9,0.2,59,4236.458073576373,9012.113046646651
23,41,0.4213022282989177,0.8076059711318879,0.7301509551112586,0.5374623930781954,0.3722050340194122,0.06799966635312252,0.17262494589010458,1.0,0.1,0.9,0.2,60,4256.717540060554,10094.891214017807
23,42,0.5647031868363201,0.9406887717186183,0.8608107059416297,0.6877900760903222,0.5588162602301524,0.07711249315030297,0.3352025906671867,1.0,0.1,0.9,0.2,62,4306.517842850912,9080.856975390378
23,43,0.5331727316587103,0.909175188913617,0.8292826846378967,0.6597838815943371,0.4806833601884435,0.0736788175709251,0.30066342872824725,1.0,0.1,0.9,0.2,63,4324.223136790902,8422.030167801544
23,44,0.5625752998063933,0.9332323449012268,0.8521245434465516,0.6936443897229452,0.5565428469569342,0.07714102770760586,0.33489342835446945,1.0,0.1,0.9,0.2,64,4394.802223071406,9208.079483735488
23,45,0.5577171358091808,0.9123456064644888,0.8276151823135791,0.6953572543275052,0.6571067459537205,0.07449556857988748,0.33548336097525,1.0,0.1,0.9,0.2,65,4579.849579823477,9486.583641167335
23,46,0.5553466440398171,0.904908007592433,0.8190539687177738,0.7006697974083465,0.5314211671143706,0.07594618785875508,0.33434831103421336,1.0,0.1,0.9,0.2,67,4758.278454042921,8808.898730355662
23,47,0.555679919668502,0.9159857326098577,0.8430307112075128,0.7167197627503821,0.5103710633027803,0.07520897091637813,0.3349494551912747,1.0,0.1,0.9,0.2,70,4572.028429240609,9458.222195486953
23,48,0.5588257713253428,0.8985845294759078,0.810583173193933,0.719312347898168,0.5981070202171959,0.07528685917583157,0.34132721398442656,1.0,0.1,0.9,0.2,71,4613.687398406064,8933.682521216699
23,49,0.5845293983426925,0.9124832425207337,0.8219379905016466,0.7500945581338947,0.6472224934176787,0.07606323467705765,0.37318871566943346,1.0,0.1,0.9,0.2,72,4597.880725598819,8838.997357471622
23,50,0.5832390782513692,0.9035654327046054,0.8113986622557903,0.7565676720341274,0.5770938830961255,0.07514023856523379,0.3739031966853204,1.0,0.1,0.9,0.2,74,6717.70863261531,8763.41443369944
23,51,0.5555755980043537,0.8793462545030915,0.7985468501246928,0.749893435886849,0.5314674796497852,0.07415399809814063,0.3452508422909328,1.0,0.1,0.9,0.2,79,4643.567072681705,9185.077139179011
23,52,0.5535979267129423,0.8761796261145718,0.7951313198306338,0.7549081984824548,0.5214893700443793,0.07337217358719117,0.3434331433377582,1.0,0.1,0.9,0.2,81,4536.512284986569,9678.000463122053
23,53,0.5808233303924162,0.88007190254539,0.7942074680930697,0.8117997956131295,0.5811796740682302,0.07722260547851514,0.37857787422323785,1.0,0.1,0.9,0.2,87,5591.045805002366,208971675.350408
23,54,0.5885267940358632,0.8922203818091285,0.817983162604754,0.8303271728809176,0.5854116972791632,0.07530873715821444,0.38874910549753483,1.0,0.1,0.9,0.2,89,5710.406174460857,208945559.28627244
23,55,0.5881292229178756,0.8892600981189667,0.8145045330399796,0.8370536590050666,0.5680402295065872,0.07543603742011513,0.38880844443716417,1.0,0.1,0.9,0.2,91,5695.395788278201,208927797.9199001
23,56,0.5956247074507495,0.8722956001240381,0.7818780498283953,0.8417865332943668,0.6215285560739325,0.07395521739304942,0.3998400681797429,1.0,0.1,0.9,0.2,93,5646.78809352149,208964084.4221044
23,57,0.9318002674033696,1.2406664257514493,1.1889677881376723,1.2558077698629797,0.9046198290789857,0.07627378418895064,0.7733698004082098,1.0,0.1,0.9,0.2,105,4843.740325199455,16193.303725465676
23,58,0.9298487284236845,1.2334626583092247,1.180716065627381,1.257786988027822,0.9461279368204318,0.07606154654737698,0.7721880862090766,1.0,0.1,0.9,0.2,106,4807.019313813634,15830.964391852374
23,59,0.9302787808398774,1.2301768797498083,1.176697093525725,1.261966465070927,0.9326584423324742,0.07541911678003907,0.7733656026073377,1.0,0.1,0.9,0.2,107,4776.847067096368,16302.51246871475
23,60,0.9289919299039411,1.2227479241202752,1.1680556415065,1.2827024579902047,0.9526922684925023,0.07640177873001013,0.7728688727622247,1.0,0.1,0.9,0.2,108,4812.735594655011,16036.660508346216
23,61,0.9767500955898696,1.2665069064964962,1.2110226337641499,1.3195634766932367,0.9628965401649237,0.07493228930281105,0.8267916827222095,1.0,0.1,0.9,0.2,111,4159.620114543662,17074.51596923294
23,62,0.9269810022113043,1.2075780848172968,1.1503066357400251,1.2846977566514688,0.9745608909548229,0.07520903641952124,0.7728792967573396,1.0,0.1,0.9,0.2,112,4733.3462290962925,16104.06857645126
23,63,0.9742426943783662,1.250267287985469,1.1921055174141997,1.3353491438480674,0.969153380114032,0.07486461217818734,0.82612634454795,1.0,0.1,0.9,0.2,114,4146.701430646519,16910.37402868414
23,64,0.9705924750009667,1.2239545455456047,1.161419886776626,1.34292384887411,1.0096141275916257,0.07517393888886853,0.8252264419451347,1.0,0.1,0.9,0.2,117,4436.107032456217,17581.74883231959
23,65,0.9705896850244911,1.2351327365927778,1.185594403394561,1.3690800762243454,0.950314155755849,0.07517393888886857,0.8252264419451356,1.0,0.1,0.9,0.2,119,4435.807657304106,17582.840396159463
23,66,0.979546582698118,1.2358507116576387,1.1956077466666366,1.367343701220593,1.1124894547192121,0.07524124168229342,0.8376060373107077,1.0,0.1,0.9,0.2,120,4196.887005988468,17115.333990306324
23,67,0.9795465647715822,1.2358506937858036,1.1956077287948015,1.3669476957654672,0.9613718982847148,0.07524124180056374,0.837606017439972,1.0,0.1,0.9,0.2,121,4196.8870071563815,17115.333986195554
23,68,0.9149736542764426,1.170120772991337,1.1296586565268885,1.310038328730389,0.9058356250039017,0.0757653754831171,0.7659365821912221,1.0,0.1,0.9,0.2,122,4256.49073727983,17125.63138918295
23,69,0.968742516579153,1.2209307894818042,1.1907931883722442,1.3864011680833694,1.06244182528403,0.07202295905192242,0.8277205584578903,1.0,0.1,0.9,0.2,123,4563.850172402663,17825.418608013133
23,70,0.9682249994006462,1.2138494942801006,1.1824799399741024,1.3932321511657264,0.977256796495162,0.07184696421568733,0.8278648016839683,1.0,0.1,0.9,0.2,125,4535.835736529822,17797.52814438789
23,71,0.9667281713625577,1.1910470257970358,1.1447893432416465,1.3986045363103459,1.0277980179554667,0.07178211510415114,0.8272321752891942,1.0,0.1,0.9,0.2,126,4522.124536518944,17649.69740167074
23,72,0.9667802257847424,1.1891748782723164,1.1425580640811406,1.4059631846913405,0.9592429194898389,0.07208504183806455,0.8274478431290913,1.0,0.1,0.9,0.2,128,4579.453310467943,17819.520580544355
23,73,0.9649802209779781,1.1727183137169261,1.1452416143511992,1.4153802695884758,1.2328765118521565,0.07000669886912889,0.829008868996309,1.0,0.1,0.9,0.2,129,4747.235438869533,29931.297936001305
23,74,0.9695559480731948,1.1431208018902206,1.098437841016567,1.4410636136195694,0.987861095704542,0.06889321198058604,0.8359826725333548,1.0,0.1,0.9,0.2,135,4413.177035014863,15715.185448834492
23,75,0.9710223533786138,1.1228531507556851,1.0632516918329618,1.4332876912634953,1.0005920522558165,0.06748358324392674,0.8385132991727513,1.0,0.1,0.9,0.2,137,4428.569714774164,23477.3097640798
23,76,0.9708541395375969,1.1311300692691642,1.0840276359104175,1.4603589604552971,0.9715615253039476,0.0674835832439267,0.8385132991727522,1.0,0.1,0.9,0.2,139,4441.667547279473,23417.3990001406
23,77,0.9966960291115439,1.1559992184110248,1.1087200847304814,1.4898570020753754,0.9945147534500332,0.0677799642636669,0.8672593597607344,1.0,0.1,0.9,0.2,140,4445.726608426453,23463.626717817227
23,78,0.969696362467847,1.1324825346098353,1.0968029177531549,1.458874197383562,1.017917454022104,0.06632304578709926,0.8379325126668589,1.0,0.1,0.9,0.2,141,4602.902012584624,23336.935502271088
23,79,0.9692544139607897,1.127951382545552,1.0915309498968815,1.4656535759974045,0.9756706143860969,0.06600424725266743,0.837739521568649,1.0,0.1,0.9,0.2,143,4543.610169566567,23156.10338182157
23,80,0.9696657926299808,1.1275443912327465,1.0909757747194908,1.473418796996189,0.9640507900027298,0.06551839274932579,0.8383026848507076,1.0,0.1,0.9,0.2,145,4594.508247144937,23077.62313571404
23,81,0.9681474926742168,1.1259411483720816,1.0893571717960318,1.487573009774931,0.9597223138036344,0.06689834070621892,0.8364677058061096,1.0,0.1,0.9,0.2,148,4496.401058456317,17945.103075764684
23,82,0.9679449218069462,1.1111864964981617,1.0609963267719842,1.4742374051588818,0.984184046530818,0.06707830267648635,0.8364326494261405,1.0,0.1,0.9,0.2,149,4511.322220404983,17901.260917129774
23,83,0.9679030750150086,1.1205928404695087,1.0830856444882293,1.4945564893852075,0.9724984303458131,0.06608728099583315,0.8366051057114525,1.0,0.1,0.9,0.2,150,4421.831391754333,17938.206228168652
23,84,0.9677362228874349,1.1067414061903122,1.0557854158703563,1.4811774962885915,0.9778030734929588,0.0661032227090012,0.8365700493314842,1.0,0.1,0.9,0.2,151,4436.296943903168,17894.11531266447
23,85,0.9676091574305563,1.1048896517045181,1.0536222718861503,1.4883024778225973,0.9658445806592133,0.06618273585744343,0.8365247033646892,1.0,0.1,0.9,0.2,153,4499.926671447369,17928.685677815785
23,86,0.9671391169817858,1.1190440227832312,1.0923733876191244,1.524044328536737,1.0166919429273866,0.06471402681897422,0.836627133463308,1.0,0.1,0.9,0.2,154,4529.958119019718,20527.3264589628
23,87,0.967327037559655,1.1028355734257154,1.062229272409212,1.5192790425823708,0.9980898168399783,0.06466605257990306,0.8371398925449253,1.0,0.1,0.9,0.2,155,4466.607429709527,20882.64545279388
23,88,0.9670214850190957,1.099716707331127,1.0586042712056496,1.5139822076648997,0.9700145262783666,0.06474823073442651,0.8369490186540096,1.0,0.1,0.9,0.2,157,4619.778097457909,20613.746013917094
23,89,0.9669050912631023,1.095155356382172,1.0532437876279497,1.5296721620996954,0.992420438047648,0.06436115381034012,0.8371084618019518,1.0,0.1,0.9,0.2,158,4494.3046820422,20868.183017983032
23,90,0.9665803775991346,1.127973884475004,1.1249796289326754,1.585183763660113,0.9599164442335704,0.06440165938376938,0.8367688207482875,1.0,0.1,0.9,0.2,167,4394.908276500246,20192.027793267494
23,91,0.9663040499864015,1.141942766685247,1.1634841520215375,1.60541484007194,0.9895339852570302,0.0649699476250899,0.8368352674314726,1.0,0.1,0.9,0.2,169,4513.956961889006,20410.42691504885
23,92,0.9654276894819147,1.1338864464982208,1.15414123057116,1.6118837347095802,0.9853351572082016,0.0657761679371471,0.8361418614717561,1.0,0.1,0.9,0.2,171,4654.636941371505,20284.379781063988
24,0,0.9098861010082387,0.9789142282456921,0.9263293539949745,0.010830155086930415,0.0,0.0,0.0,0.0,0.1,0.9,0.2,1,2124.762773842159,7561.0999227386
24,1,0.8917257667023419,0.9792916897428986,0.9256558146578923,0.02017618320236717,0.02794653937911189,0.06389142973715653,0.00011585981085181999,0.0001049844790755,0.1,0.9,0.2,3,2125.0724512960232,7409.764541602327
24,2,1.1893259553144375,1.4420993960531205,1.3907421811679657,0.5452800425270217,0.9579876887080687,0.07703419928644448,0.4765258763419011,0.42074013951917644,0.1,0.9,0.2,4,3472.168471073611,3168.487863438701
24,3,0.7574156357685387,1.0863639212772322,1.0277347461193962,0.23169278067005095,0.5114406390852835,0.10052458384203529,0.20769162695064153,0.05238346872839154,0.1,0.9,0.2,5,3174.280647310344,3475.206629698677
24,4,0.8053699072263057,1.1738248166795502,1.1243001315537517,0.34055508274791696,0.3822012074137913,0.047127991915009895,0.2696313975542587,0.2953895200414546,0.1,0.9,0.2,7,2086.229233515346,7172.404352237817
24,5,0.6361629327217942,1.0345603850575078,0.9804272630704054,0.22572893318573814,0.38207565466380533,0.07579203710305508,0.17377031367324464,0.1506569442578347,0.1,0.9,0.2,8,2575.809304881218,4339.3835071032345
24,6,0.5814762585884374,0.9924259546258638,0.9359778625277559,0.1998076980738919,0.21267502405354047,0.06082130578755607,0.14609899055587644,0.13957947814426397,0.1,0.9,0.2,10,2003.178843468933,3509.8380832873945
24,7,0.4661027384379872,0.8887792143358438,0.8298702634290983,0.11577496985573354,0.1264805588122498,0.05952317797288855,0.06686739124226812,0.050386701331839825,0.1,0.9,0.2,12,3075.88588385145,4317.883892962733
24,8,0.43781589346736666,0.8779577190148725,0.814469638036413,0.1359931724259546,0.18541612386949685,0.06268725866990998,0.07972829727256245,0.07051244626234222,0.1,0.9,0.2,14,2051.999193033173,3925.2938733750425
24,9,0.41581298236237746,0.8576898897529973,0.7936587446262225,0.12828844156043342,0.08610433092662977,0.0622779984087227,0.0638942428888979,0.05648644969365583,0.1,0.9,0.2,16,2014.7685416642091,3828.480083862664
24,10,0.43214343022851087,0.8750248148280294,0.8106685646026303,0.14734652999279305,0.10751732407575268,0.09280766659618248,0.07627713983754632,0.08166431517806089,0.1,0.9,0.2,17,2704.533712361862,3213.276585285556
24,11,0.41161109627723763,0.8549022963150497,0.7904119263331709,0.13337364086015904,0.0804035874350446,0.06158925238429173,0.06384684327172667,0.05651321284421505,0.1,0.9,0.2,18,1972.5917560835364,3739.965645991417
24,12,0.3839543721460924,0.8369787525208888,0.7687542582225559,0.13981673963721664,0.2310955814112761,0.08326029517493812,0.06307391265775933,0.06855727966113102,0.1,0.9,0.2,19,1922.5599836545207,4018.1435225425967
24,13,0.3471325563628533,0.8131755573749052,0.7570908571098628,0.11216062003477528,0.08390722733636359,0.07237253362573756,0.040298194055782534,0.02658599965290278,0.1,0.9,0.2,20,2704.954456697657,5175.635439788845
24,14,0.34108441644379317,0.822119931447544,0.776949215317265,0.1284743784563591,0.10130340260046211,0.06329808277779769,0.05231041186925929,0.02668654694500741,0.1,0.9,0.2,22,2858.118370957407,5368.053532739015
24,15,0.34838584429806574,0.8076709220334765,0.736083309344579,0.13864165508523557,0.08613050702272536,0.08820881178533117,0.05491476230394021,0.054451964603680056,0.1,0.9,0.2,23,2800.261044025109,3286.968822367134
24,16,0.3264114145236268,0.8102457639440629,0.7631001148900873,0.1347165963529655,0.12192880737044876,0.06456428850097236,0.05162268653737343,0.02743781140076882,0.1,0.9,0.2,24,2911.4274315481844,4225.716803496764
24,17,0.3161439736371388,0.7805921101288611,0.7042906384585252,0.14512917295269592,0.19837375255534345,0.07203804514732536,0.05661587422007629,0.057111523679346646,0.1,0.9,0.2,25,1950.739266030728,4095.9942438633343
24,18,0.3025082944105519,0.7674026420325238,0.690373849258167,0.14363251694461696,0.07546895914478041,0.07156725488653072,0.048542471273545565,0.04896628332420675,0.1,0.9,0.2,27,1910.8749132386224,4015.362645101524
24,19,0.306325643475165,0.7943417050938005,0.741511822422328,0.16566957590939826,0.11238245736856771,0.06534362579824717,0.06414086025934328,0.05715330076386151,0.1,0.9,0.2,29,1929.7773236377568,4351.8568708322255
24,20,0.43600898273072053,0.913056382940205,0.8467268939617436,0.3245284268210405,0.22972668327235354,0.0696756088830059,0.20414477475474052,0.08913359134440373,0.1,0.9,0.2,30,3030.90259175656,3147.6227673862336
24,21,0.39337156683777436,0.8701385825451995,0.8005379543738053,0.3024541615777941,0.31776189540476746,0.06266189017338579,0.17972886002972177,0.08342827236065312,0.1,0.9,0.2,31,1947.2997493241,3990.799663120548
24,22,0.40905681666174715,0.885523173095826,0.8148174534110072,0.32930784386139694,0.2526154894970567,0.0582469690633306,0.20286896739363924,0.0906935330510074,0.1,0.9,0.2,32,2074.3618603292057,3947.634490449981
24,23,0.3865033966652808,0.8735752757590063,0.8148808282934901,0.31442801331538,0.22901515417541612,0.05641853841642872,0.18537278374658664,0.08345957242227404,0.1,0.9,0.2,33,1987.8064659541956,4081.244409170578
24,24,0.4007856494207818,0.8760947935490365,0.8037406057916592,0.3285878946450749,0.23260726434387277,0.058398948397744156,0.2030334265600417,0.09086216857221618,0.1,0.9,0.2,34,1971.60673327024,4283.141655469237
24,25,0.3806463057246739,0.8780036058219256,0.8311492264834902,0.3224912246347378,0.20964113425874084,0.05641853841642872,0.1853727837465867,0.08345957242227404,0.1,0.9,0.2,35,1907.3615597643125,4314.771028777709
24,26,0.39045474708425587,0.8734117104368407,0.8099206036420464,0.3546038231100396,0.368990071703439,0.05800069671318817,0.2147559616188917,0.08967217625392264,0.1,0.9,0.2,36,2763.4335621405107,3857.673794860414
24,27,0.3880205723511574,0.8815497985336288,0.8308791933647025,0.3555336496600844,0.21870509337579347,0.06165135799705691,0.21189274151027865,0.09065292654089899,0.1,0.9,0.2,37,1885.304835655492,4166.252583981286
24,28,0.2536911568442294,0.745012476649839,0.6926825162981558,0.22779973225951772,0.1559558320323869,0.06315716173359393,0.07877171024042712,0.05470520412567591,0.1,0.9,0.2,38,2162.687263041805,5068.35642231932
24,29,0.38231222468011267,0.8733381337290789,0.8207662207705382,0.36635581943787526,0.22827091831694282,0.055948242015571456,0.2159471851805171,0.08971172256471671,0.1,0.9,0.2,39,2842.867339898271,4040.5802604877927
24,30,0.3814933667269933,0.8827156370035066,0.8425159294770546,0.3736665555076373,0.24474048349700184,0.055346092724168294,0.2179597324111035,0.09016663000923895,0.1,0.9,0.2,40,2638.371296046332,4273.116257511348
24,31,0.3530384876414116,0.8417189821773197,0.7876796191242121,0.3638016212764446,0.2289584340357666,0.05848736335724475,0.1921061221232701,0.08047496496657243,0.1,0.9,0.2,41,2074.2996872902618,3423.651193901046
24,32,0.34841159652034054,0.8345097439072537,0.7865002493620452,0.3798847604062469,0.35966784687009995,0.0635761726783778,0.2141955570801044,0.08997665768813412,0.1,0.9,0.2,43,1888.486144379227,5159.832052364252
24,33,0.34353673976004506,0.8250287734666261,0.7750454210401668,0.38699826196207393,0.30169423383627036,0.06021302537999203,0.2170588012737253,0.0889958829695642,0.1,0.9,0.2,44,2120.1319413927718,5078.997340700645
24,34,0.3121891329510176,0.7746421812276377,0.7087353186076274,0.36936552385338794,0.3144199126597599,0.05783859187681843,0.19467457293638918,0.08033969531702864,0.1,0.9,0.2,45,1768.3471057134946,4946.752135081722
24,35,0.3084295093753847,0.7784875213471333,0.7243209183449534,0.3747005127332269,0.22227346349375232,0.057838591876818425,0.19467457293638873,0.08033969531702836,0.1,0.9,0.2,47,1649.7539807739013,5196.119134072264
24,36,0.3195705573192524,0.7893810713546006,0.7350829784204115,0.3961464053508713,0.21582069989453498,0.06281449028889653,0.20091510177965857,0.10807271147991977,0.1,0.9,0.2,48,1827.8201462815755,5221.771234692727
24,37,0.3159721552795356,0.7928528822297272,0.750175086581586,0.40184267089549636,0.23640593493162873,0.0629301586984029,0.20126832410436052,0.108066782964232,0.1,0.9,0.2,50,1753.2726048093282,5488.95606145105
24,38,0.33378330540887635,0.8061465539962374,0.7619759152107405,0.4201808950993927,0.29177257158921616,0.064938222954011,0.21925938701001718,0.13615623604416055,0.1,0.9,0.2,51,2032.4149413878647,2251706.113617857
24,39,0.323168079220744,0.7836297777519189,0.7262303123163037,0.4167284780772523,0.22342636887519893,0.05684577873601737,0.21924170250686456,0.09038154364926912,0.1,0.9,0.2,55,4065.8713891843263,4609.275521499641
24,40,1.0291882355949349,1.509503420424051,1.496631211889602,1.2342324087096206,0.9637209418228476,0.06474691415831008,0.8214527311542821,1.0,0.1,0.9,0.2,72,5971.132478234996,4046591236.619052
24,41,0.9573006971719216,1.4317891632980555,1.417284328311437,1.1790761442723547,0.8946692436674191,0.06611047836240612,0.7455450279974968,1.0,0.1,0.9,0.2,76,7176.075448750084,4046585226.72796
24,42,1.1759265117536895,1.6421786399815383,1.6355799885230038,1.4156962962046784,1.2100936884206497,0.06533036319814146,1.0,1.0,0.1,0.9,0.2,78,5881.393083869864,4046584392.120556
24,43,1.175303860740838,1.640185190497574,1.6332451143984668,1.4260182804188448,1.113252873787572,0.06533036319814145,1.0,1.0,0.1,0.9,0.2,80,6142.237978822505,4046337963.655789
24,44,1.1748162265351216,1.6275912910926402,1.607422869901009,1.4257088565109146,1.1157904401254053,0.06473933592863446,1.0,1.0,0.1,0.9,0.2,81,6048.518921682717,4046439201.283094
24,45,1.1721158466116615,1.6298339670427235,1.6211111357858197,1.4215989416442534,1.169276305855885,0.06591859098117964,1.0,1.0,0.1,0.9,0.2,82,6124.252928889689,4046323597.309185
24,46,1.1719146245929226,1.629233529704696,1.6204102410521892,1.435552758678005,1.1108312727288017,0.06577830999369903,1.0,1.0,0.1,0.9,0.2,83,5982.2671444762045,4046401671.029397
24,47,1.1703326353439147,1.623574324659647,1.6137516272592005,1.4421925305146956,1.1473209339367771,0.06755534945059957,1.0,1.0,0.1,0.9,0.2,84,6260.037889952151,4046190521.395648
24,48,1.1678552967143239,1.6265149089437918,1.6282899129398334,1.4450133899721076,1.1638817848462903,0.06683206685816845,1.0,1.0,0.1,0.9,0.2,85,6240.967104392025,4045969318.487512
24,49,1.1670017484119464,1.6131305454055755,1.6015669829751704,1.4375080395513704,1.114335415585787,0.06475441657727987,1.0,1.0,0.1,0.9,0.2,87,5895.431624514428,4046590008.611654
24,50,1.1626996477419353,1.6078007473080576,1.606365897065943,1.4575627293016415,1.164305403500162,0.06712086248751345,1.0,1.0,0.1,0.9,0.2,89,7651.388029843653,4045944680.107667
24,51,1.1619897050706962,1.6050182799836799,1.6031014952516252,1.4749308596190815,1.113294921114245,0.06743699413743084,1.0,1.0,0.1,0.9,0.2,92,7775.042848452518,4045961843.3479815
24,52,0.8258345689595306,1.2587730599525437,1.2545394517670172,1.1480471675261135,0.8685287690488068,0.057395418786523024,0.6314306139138248,1.0,0.1,0.9,0.2,93,4956.155075461031,676915.8325452679
24,53,0.8250755205192069,1.2443690158868648,1.2265778450978462,1.1543066754534361,0.7972065740308028,0.057386126142203196,0.6314887254237921,1.0,0.1,0.9,0.2,94,4999.194611445635,676936.070335693
24,54,0.8246391968651545,1.2535960715503192,1.248460902616669,1.1476472388569436,0.7809250533520629,0.056913443395905816,0.6315806629606415,1.0,0.1,0.9,0.2,96,4878.408501855154,678283.6769945321
24,55,1.1557802746272503,1.5580038690638256,1.5258957106244744,1.4870828781753735,1.1462505753924228,0.06605099240992195,1.0,1.0,0.1,0.9,0.2,97,8453.617642612677,3532952289.672765
24,56,1.1534320841863974,1.5732497591038916,1.5660699994427478,1.4927467780252122,1.1494506673721583,0.057069548624261335,1.0,1.0,0.1,0.9,0.2,98,4991.18351734057,677161.2650288658
24,57,1.15289922405095,1.582047980849453,1.587453470893008,1.5328579509102773,1.107841163500442,0.057245958149415556,1.0,1.0,0.1,0.9,0.2,106,5159.614469870538,675341.6087795502
24,58,0.9306240212176549,1.3405027778252587,1.3311352702763748,1.297382338293989,0.9218738149792272,0.05787681256941617,0.755495854166613,1.0,0.1,0.9,0.2,108,4789.047639441517,670843.643952361
24,59,1.1501716895986496,1.6029799177243127,1.6451986312060989,1.5616391345471392,1.1146211596953608,0.05821908216105737,1.0,1.0,0.1,0.9,0.2,110,4516.78271734394,670687.853515452
24,60,1.1451435300403991,1.5555030777618917,1.5674244675472375,1.5409055344876854,1.2805290726127703,0.05840968304247618,1.0,1.0,0.1,0.9,0.2,111,4427.324760965431,669945.12591434
24,61,1.1449802773309408,1.5544651748939209,1.56620212472641,1.5589819544404238,1.109585095118252,0.058796307364933874,1.0,1.0,0.1,0.9,0.2,113,4615.840938799073,668682.6667116693
24,62,1.1447315799140034,1.5643635923337258,1.5888776728943876,1.5630403087966447,1.1149878229973356,0.058778189552521065,1.0,1.0,0.1,0.9,0.2,114,4598.42696333278,668771.2579176194
24,63,1.1428557120095075,1.5436664725532405,1.5535798623568824,1.5618573363917287,1.1709869761814504,0.05729299550120074,1.0,1.0,0.1,0.9,0.2,115,4536.942881525967,668984.8711546003
24,64,1.139164401011901,1.4910984693836238,1.4588462199482082,1.5545173353979433,1.1697839909344525,0.05249139800688109,1.0,1.0,0.1,0.9,0.2,117,4257.93000547248,668969.0498560945
24,65,1.13829402265141,1.5079162733987652,1.5006977015976481,1.5666017960825402,1.1447373450369198,0.05308120002314639,1.0,1.0,0.1,0.9,0.2,118,4111.752273073995,670868.3206719967
24,66,1.1356511662162856,1.4798216180062664,1.456709374306232,1.5756437615142393,1.1643180427658446,0.053110154109354255,1.0,1.0,0.1,0.9,0.2,120,4285.95295039033,670458.8549485415
24,67,1.1355951517658807,1.4794577382417466,1.4562835486682248,1.5829319115730673,1.1065620637759899,0.05309068112757872,1.0,1.0,0.1,0.9,0.2,122,4289.171830598114,670831.6851849547
24,68,1.1335776919201637,1.4971569900651922,1.520979340815962,1.6024136718398891,1.2095705394227616,0.07418895305391619,1.0,1.0,0.1,0.9,0.2,124,4081.8885461464647,685263.93788924
24,69,1.1321124317112805,1.5268788444930357,1.5892253003353012,1.627681810463123,1.125628084219303,0.0631665241665547,1.0,1.0,0.1,0.9,0.2,125,3900.4921606398057,697775.0526126759
24,70,1.1300264722914337,1.4932028162598936,1.5385613458525664,1.6339744756137122,1.1888051900203478,0.071283260448498,1.0,1.0,0.1,0.9,0.2,127,3920.645211243986,698469.1532725493
24,71,1.1257293847929,1.4687277837433919,1.5319288723541045,1.6574040959744065,1.1912023379003291,0.07883080895161153,1.0,1.0,0.1,0.9,0.2,131,4017.141815997743,684387.2868223322
24,72,1.1249033802027049,1.4403281990560337,1.4765553404999077,1.637267442386952,1.1171778885427044,0.07573182628454109,1.0,1.0,0.1,0.9,0.2,135,4039.493772802787,682098.9291684153
24,73,1.123820629297398,1.417816376313905,1.439114403458203,1.6438660428956398,1.1876936390584734,0.07527501377642712,1.0,1.0,0.1,0.9,0.2,136,4033.0235791594887,682034.9497940248
24,74,1.123364556874132,1.4117407108174886,1.4319879700720988,1.627918270460954,1.1283127008074647,0.07587249400182065,1.0,1.0,0.1,0.9,0.2,138,4026.0323271675247,683916.9246266135
24,75,1.1232079289611037,1.421093510772012,1.454024132012522,1.6393361784909748,1.113991083745363,0.07587249400182065,1.0,1.0,0.1,0.9,0.2,140,4019.690416837524,683690.6605422124
24,76,1.1227713104399288,1.416624854793084,1.4487990810845832,1.6618576350735477,1.1081055812513307,0.07535810772641703,1.0,1.0,0.1,0.9,0.2,148,3997.721011658496,683182.0684993116
24,77,1.1221582302831545,1.4201910094059491,1.4640576514649886,1.6728774806778406,1.1362946377427379,0.07535810772641702,1.0,1.0,0.1,0.9,0.2,150,3978.8011077348174,682518.6319812613
24,78,1.1209764235850985,1.475715765815644,1.5847125535568336,1.7932434764346852,1.1074273182468426,0.06294785101754813,1.0,1.0,0.1,0.9,0.2,165,4815.991958077461,690057.2241479092
24,79,1.1206328859067645,1.483359258684369,1.6047575724976129,1.7932836034739184,1.1306458025150565,0.06231698005758324,1.0,1.0,0.1,0.9,0.2,166,4777.829997220646,690100.3137527306
24,80,1.118430472687689,1.4665197690974556,1.5852027224360137,1.7908341633777483,1.160580336215304,0.05247312337657252,1.0,1.0,0.1,0.9,0.2,168,6890.348041108404,689971.1726011606
24,81,1.1180661622869998,1.4610658601317168,1.5788082373957426,1.8061444950979215,1.114876292395762,0.05285476375594905,1.0,1.0,0.1,0.9,0.2,172,6827.719567278378,690162.3139749303
25,0,0.8421810475177594,0.9616544775892938,0.9061137692088738,0.009242125085512311,0.0,0.0,0.0,0.0,0.1,0.9,0.2,1,3237.0552683094347,7240.456033468433
25,1,0.8314510988678716,0.9638572273308694,0.9075065112438634,0.01913607182506334,0.023450579538096407,0.06827739844044386,8.620034091585e-05,0.00013585291659822,0.1,0.9,0.2,3,3244.8803463103936,6944.340059159947
25,2,0.8107691763148791,0.9644470911931987,0.9067105606364608,0.02939017132321871,0.07212863299461583,0.05603365044481361,0.0097072877844306,0.00637182576862669,0.1,0.9,0.2,4,3017.6042982169524,7200.843307478581
25,3,0.617857163076275,0.9515028462138598,0.9063183963514987,0.08534405381080253,0.3330402468005755,0.07985209712236543,0.042007809012975086,0.06500551395103796,0.1,0.9,0.2,6,1714.1053662856702,5718.670433599636
25,4,0.5021412469016121,0.8868354799689362,0.8201282126635423,0.07278238329439743,0.22886853115048697,0.07475061938865055,0.03938207181972314,0.06086888380834367,0.1,0.9,0.2,8,1210.9302446791694,3805.4009682973456
25,5,0.6566462454879348,1.0710923759490505,1.0290991774089056,0.26984780515931683,0.2769509299600632,0.07357325292495645,0.1791772876686379,0.2792007149437022,0.1,0.9,0.2,9,2406.015294633582,3069.419693465624
25,6,0.44469154672710537,0.8499904721731549,0.7794158047106898,0.062185917233742796,0.1460660712506011,0.08389010697904234,0.02682124978877093,0.04151149757353706,0.1,0.9,0.2,10,1162.6549624282163,7832.355860043679
25,7,0.5370539433456712,0.9907607489140333,0.9557667822732246,0.2220858090686215,0.30762093979572486,0.08157645162503398,0.13058786735905142,0.21138318675514967,0.1,0.9,0.2,11,2351.2554912424644,2381.1279821088083
25,8,0.4588977926108008,0.9202984853033673,0.8831591840113775,0.15498920131568206,0.1973719150619674,0.07473713259681142,0.08600629028418355,0.12574243171644664,0.1,0.9,0.2,12,1345.006502858827,3943.413312980926
25,9,0.5307829061343262,1.006205385647164,0.9811966995386733,0.26246183967428116,0.20754885061244052,0.07216565799339947,0.15581920489682866,0.21177877682329357,0.1,0.9,0.2,14,2300.124031950435,1866.0407113092283
25,10,0.4466681471216694,0.945962529325951,0.9290566774640399,0.2275069795989929,0.24683270667545185,0.08565018537537145,0.11561540330317924,0.17171083843929497,0.1,0.9,0.2,16,2445.8113971338557,1603.130646520658
25,11,0.41623131676562164,0.9162208593571124,0.8989720419229796,0.21037079243246137,0.12621956563175799,0.08483100838848076,0.0925117212367973,0.13739461877303238,0.1,0.9,0.2,18,2446.289897567244,1564.903429038285
25,12,0.4146339755217758,0.9150342442087613,0.897575969987626,0.2127522742094088,0.12778896565480177,0.08458441691455752,0.09254945658170446,0.13752873070642768,0.1,0.9,0.2,19,2456.6222313731128,1353.191078445905
25,13,0.40331375809175135,0.9128410666742991,0.8881022384192186,0.2522858858247775,0.456518155948484,0.05111524238856522,0.14576238048226675,0.11640236409577184,0.1,0.9,0.2,20,1463.9779786800896,25122.53828588592
25,14,0.37358868200886464,0.8832706446917492,0.8582595837106912,0.22415492325712572,0.14267852929104508,0.057420231832066036,0.11756402821167362,0.10023678824795099,0.1,0.9,0.2,21,1432.830565336963,19909.68245475322
25,15,0.3755996161990671,0.8853020135363991,0.8602599477196846,0.23466059353248683,0.13509725246354842,0.05071398832238525,0.12148220449041433,0.097021929197474,0.1,0.9,0.2,22,1460.7095734195962,24958.71983976812
25,16,0.4027380233732566,0.9126787012500575,0.8871656019039778,0.27017556866372044,0.18312745690873797,0.05100196565568856,0.14977125187755716,0.12021221896526084,0.1,0.9,0.2,23,1504.9041016333338,24833.03894459881
25,17,0.30550478962613975,0.816018477146798,0.7861816173756305,0.1868455303782725,0.2689234767855347,0.05964434723003884,0.08031472158365816,0.07138127768668759,0.1,0.9,0.2,24,1649.7806952559422,15338.430795720822
25,18,0.2870369872166713,0.7958750306783728,0.7623921258919568,0.18963421667132402,0.16801556117962257,0.053857345718916226,0.08115034544843543,0.07624761211710274,0.1,0.9,0.2,26,1473.7125168070038,14002.828904872244
25,19,0.2853580983313282,0.8051510674409326,0.7843386565921006,0.20112547672388822,0.10037481777100606,0.05385734571891628,0.08115034544843595,0.07624761211710254,0.1,0.9,0.2,28,1515.9418497280417,13690.091166832592
25,20,0.2705962075203237,0.7787910568101074,0.7444774950866042,0.19717073740806265,0.10184596272400583,0.05521213005089477,0.06972890419456096,0.06579733728591755,0.1,0.9,0.2,29,1478.256553778314,13898.181636065165
25,21,0.2637481644596506,0.7698695776579951,0.7333945826536045,0.19923765169021845,0.17328201519111952,0.05220388490336355,0.07312288480263382,0.0705259660305477,0.1,0.9,0.2,30,1575.555739906113,12592.948527732768
25,22,0.2645917052135075,0.7810915264739199,0.7568927940097352,0.2363372394253558,0.09923377661702802,0.06320479219593891,0.0726187275782247,0.08853569448363034,0.1,0.9,0.2,33,1521.419657501713,15218.51068406196
25,23,0.3724177485459157,0.8849726096296753,0.8578602215097281,0.36784745253102324,0.3291699806495828,0.06708584771391043,0.13462697978339158,0.41202954470612563,0.1,0.9,0.2,34,1918.302602093187,112266.56078794456
25,24,0.37245000147530966,0.851476099718419,0.7923416732672455,0.3796642144114057,0.35708714911286316,0.06934103523025222,0.16105472628987988,0.41231975454691394,0.1,0.9,0.2,36,2368.7029998019552,106906.32589367084
25,25,0.3255279126251408,0.7927420726759504,0.7203265581732736,0.33971927328353146,0.19989665813909724,0.0736306114952013,0.12449077581860084,0.3452569844958321,0.1,0.9,0.2,37,2304.9000537165707,77889.92370708828
25,26,0.35169398584907485,0.7921034907114425,0.6917492920814687,0.34462442156449635,0.3005615942820129,0.06694656491617819,0.1517068682839115,0.39154941840874047,0.1,0.9,0.2,38,2463.3889059877506,102284.63091575002
25,27,0.46763944467294494,0.9179658450959248,0.8300717223193612,0.46214816360871946,0.3613963122915633,0.0919415327215113,0.1874548897424234,0.8072542072896841,0.1,0.9,0.2,39,6141.29497947752,113244.80271085208
25,28,0.4409847536903379,0.9236586705263561,0.8742451488938918,0.4733888775542369,0.32509941612629273,0.08586327362187529,0.18013420613850778,0.718843483445121,0.1,0.9,0.2,41,5407.386482351596,111974.49880609596
25,29,0.46349120491668144,0.9441219745652297,0.8938860015159401,0.5013040335387604,0.3733320395546015,0.0923873525141936,0.18692379484433233,0.8113568201648697,0.1,0.9,0.2,42,5929.044996454891,112230.7253537212
25,30,0.42177568192291803,0.8876218739253495,0.8320040229892428,0.4764247081382901,0.5341279525184687,0.07426099673433523,0.18183940817664399,0.7179278469720811,0.1,0.9,0.2,43,5294.63272662964,111859.49408694512
25,31,0.4213309911419747,0.8979194253248454,0.855146992953853,0.4951872658039423,0.31782150506953316,0.07426099673433514,0.18183940817664296,0.7179278469720834,0.1,0.9,0.2,45,5315.266354346696,111990.30341631736
25,32,0.4069536284486352,0.8615677776567402,0.8023120992580051,0.48537997601362265,0.4520938375888876,0.06203511088662104,0.24377507370202398,0.42126912673932015,0.1,0.9,0.2,46,2441.638454511159,73009.85488979473
25,33,0.4370715074175918,0.8732140822647172,0.8085234206619177,0.5321048652543293,0.46395791590309665,0.07023083893622498,0.2533514939388204,0.5909898671194664,0.1,0.9,0.2,48,3469.0624515408263,109571.57017751092
25,34,0.6957033207987912,1.1277544451723045,1.0619157473144785,0.7927555080195482,0.6620343164239194,0.056781939381815014,0.513614391320212,0.7327498860214119,0.1,0.9,0.2,49,3003.886296527662,130853.94494200851
25,35,0.5749558419880371,1.01966229780686,0.9771981035797095,0.6923339187580702,0.6061212068158863,0.10667394099960703,0.3207233232552413,1.0,0.1,0.9,0.2,50,3935.397033424358,79434.73875217982
25,36,0.5448987463734056,0.987094881261235,0.9439730634669699,0.6729511688744273,0.48386423027919173,0.10683849612394103,0.28878592227485705,1.0,0.1,0.9,0.2,52,3904.4068052759008,79574.95245218955
25,37,0.5204301180712223,0.9496732686257177,0.8930924164509129,0.6524420317779023,0.46585057846068234,0.1066480024400066,0.2626512024069627,1.0,0.1,0.9,0.2,53,3784.477507459886,77275.50688324754
25,38,0.5433712809493235,0.9821428944887327,0.9381301321968496,0.6890828909181066,0.48823764469187514,0.10639411427309595,0.2891130302336221,1.0,0.1,0.9,0.2,54,4054.56372079033,80006.2923852928
25,39,0.4465168933897676,0.8883284683216207,0.8551751715112552,0.5922006977841372,0.4243307203440522,0.04756201805689578,0.2885499338771776,0.5693668195869914,0.1,0.9,0.2,56,2226.976146972226,72693.84874112983
25,40,0.58444124847323,1.0247382806429903,0.9912581030397344,0.7468309159113493,0.5252790747217955,0.08662305211969852,0.34305433354449527,0.9961588203932029,0.1,0.9,0.2,57,4225.063547683289,88165.09763863377
25,41,0.4221412676579492,0.8300781162678947,0.7888142435224749,0.5900086571189875,0.6852008679538153,0.05417458292907967,0.2655970460407945,0.6148915584036729,0.1,0.9,0.2,58,3073.6734083669426,93429.513178658
25,42,0.4148011821195975,0.8130218594856161,0.7695356705959094,0.5847232582029968,0.4085118392089875,0.05699949469016875,0.2660694956396342,0.590955498753719,0.1,0.9,0.2,60,3156.195437989155,109276.32890060004
25,43,0.35923236883183995,0.7443616639943992,0.6874477838533614,0.5362944109395333,0.3257997942889054,0.057224597236495436,0.2295531042086784,0.4803585015763928,0.1,0.9,0.2,61,2605.978486533913,94107.2156827296
25,44,0.5338981964030451,0.9274708482262146,0.9039897146455234,0.7254037445345769,0.7180364818749616,0.10034411841799784,0.31152315766105787,1.0,0.1,0.9,0.2,62,3964.917147612468,75597.04789632442
25,45,0.5333839714658168,0.9158385409553962,0.889968644800859,0.743219640490342,0.5414094025591965,0.09619078006104888,0.31455895207620715,1.0,0.1,0.9,0.2,64,3796.593708197685,79261.50858553253
25,46,0.5313853422765038,0.9020317515520162,0.8630352738695886,0.7343132373940864,0.49551754309290064,0.1004482295078764,0.3120109431391218,1.0,0.1,0.9,0.2,65,3914.4893259976234,75853.94027486455
25,47,0.5054896359539631,0.8848884602841436,0.8583689113201354,0.7192110617496317,0.48729469989524204,0.09545595501369739,0.2844662828441812,1.0,0.1,0.9,0.2,66,3750.969556857293,80702.03941230473
25,48,0.5015901508393401,0.8769880427799857,0.8496233207319581,0.7293577207748372,0.4796512996982624,0.0997935311525214,0.28069006893873144,1.0,0.1,0.9,0.2,68,3903.404648497101,76388.09409093318
25,49,0.5007812424364191,0.8858237035323666,0.8711301086398842,0.7391304543791528,0.4756341161072742,0.09708278738527236,0.28049682706888823,1.0,0.1,0.9,0.2,69,3828.449106039076,89444.17209677426
25,50,0.5009151347592649,0.874280419873142,0.846486659772538,0.7323193125362375,0.4664112250737047,0.09951903388374164,0.28049445576103216,1.0,0.1,0.9,0.2,70,3786.6026656104714,76181.91599275882
25,51,0.46776502098557626,0.8471742284800653,0.83129686071697,0.7100776836481851,0.4747223772767047,0.08883223937726749,0.2581807698855673,0.9458606889305059,0.1,0.9,0.2,71,3201.792610436048,81717.03797248681
25,52,0.46729231274985716,0.8115094715541061,0.756300194661306,0.6925818258561516,0.4370182240108262,0.09652460060927356,0.2550418543562508,0.9555209233152959,0.1,0.9,0.2,73,3808.473820541233,88910.36953338221
25,53,0.46508904925504624,0.8242161567114098,0.8041411100882037,0.7268996519764951,0.4714304958873513,0.09921670031820692,0.2552873460596371,0.9614503444271492,0.1,0.9,0.2,77,3397.0232454085044,75236.20468928386
25,54,0.4922534090687363,0.8516305468144114,0.8530717804018768,0.7696693246887609,0.554536871797672,0.0977109938231273,0.2815473854127835,1.0,0.1,0.9,0.2,79,3443.506256090664,76617.10388956292
25,55,0.4911424164071888,0.8544265920214364,0.8674111895312782,0.7795960221736264,0.5226636622045776,0.09736485939203707,0.28169744848186096,1.0,0.1,0.9,0.2,80,3340.136959099816,76445.90702640833
25,56,0.4911325823238315,0.8543563254915982,0.8673288416494689,0.7866267526489956,0.46375384829832356,0.09736485939203707,0.28169744848186096,1.0,0.1,0.9,0.2,81,3346.699639465021,76515.52369154622
25,57,0.46071668283756684,0.7951049169310925,0.7808004175072666,0.7459350224275386,0.48592473997674884,0.09906835790586628,0.25659178575819447,0.9651651147992307,0.1,0.9,0.2,82,3278.554142823444,76294.1266441958
25,58,0.46060080038161566,0.8054482868950579,0.8039968643831721,0.7528607621915973,0.43687260777586845,0.09906835790586628,0.2565917857581937,0.9651651147992364,0.1,0.9,0.2,84,3289.2388575032137,76413.11634782868
25,59,0.4629554827786405,0.8176490251327997,0.8289294176103488,0.7695438984322478,0.4473913097134675,0.09755471430197676,0.2590947651195564,0.9674843420547443,0.1,0.9,0.2,85,3304.89619731152,76144.81399165312
25,60,0.4887379749385925,0.7959693693670091,0.7547252442379155,0.7741805247409428,0.4839248980480818,0.09703563966022036,0.28102385925850115,1.0,0.1,0.9,0.2,86,3134.246174869618,76267.69397188054
25,61,0.45667142997892274,0.7837117582495927,0.7679554673544375,0.7741338665858509,0.4415765655763366,0.0974963989598988,0.25560118049108016,0.9558303256438523,0.1,0.9,0.2,88,3083.255978100974,75849.25475470399
25,62,0.4576721806062581,0.792041615775805,0.788525017103749,0.7968622045918907,0.46326886668402933,0.09621050132336664,0.2571744158433638,0.9572330055851976,0.1,0.9,0.2,89,3171.0408775687,75748.70372490735
25,63,0.42740731008171984,0.7597357383643244,0.7558188149444297,0.7595349556963539,0.410709612192006,0.09913996594247364,0.2385315091065121,0.8898191197693883,0.1,0.9,0.2,91,3343.136458811235,76771.19175771462
25,64,0.4554651927962986,0.7868043722269181,0.7826936644936331,0.7983427441842691,0.43866724420179304,0.09710315149659582,0.2555545752568682,0.9552358332701356,0.1,0.9,0.2,92,3156.3532639219693,75777.74767109884
25,65,0.46719933435796784,0.8141252689888889,0.8346828724576298,0.821331151787259,0.4706267416613524,0.10090772669488508,0.2644153024952239,0.9769354216150852,0.1,0.9,0.2,94,3337.143604865852,76473.7365852696
25,66,0.467759064777974,0.8026475811694489,0.8100421796932684,0.8255200351804501,0.44743775693455007,0.09653322445383494,0.2605253293834403,1.0,0.1,0.9,0.2,96,3332.7795206430974,76538.4946887948
25,67,0.43789734510479816,0.7727204566375955,0.7801023526238413,0.80670885614202,0.4145329252847501,0.09632877072948298,0.23888825742581105,0.9482052764365643,0.1,0.9,0.2,98,3331.049327966031,76735.15495051947
25,68,0.4896892226874943,0.8428099205168391,0.8753933141698313,0.872245026095545,0.4992353758081502,0.09585707748721128,0.2855973803433767,1.0,0.1,0.9,0.2,99,3366.7793417441326,76500.61621991858
25,69,0.4870919195511335,0.8455790475033433,0.8900312466528708,0.8883742899521849,0.47249035527617206,0.09653233602441427,0.28349244101908216,1.0,0.1,0.9,0.2,105,3194.710266443,76098.09847509561
25,70,1.0772851604500575,1.4354269940628936,1.4798124120280705,1.6346551430278942,1.055163869304232,0.09930053384190092,1.0,0.7255214719366796,0.1,0.9,0.2,126,7447.279968169333,99655.08876575256
25,71,1.0661246977712178,1.4237415170695824,1.468025428479443,1.6358595777373006,1.0460123798682426,0.09993659485493714,1.0,0.6697405859706325,0.1,0.9,0.2,128,7499.840196831197,99536.28909286548
25,72,1.076954820147209,1.4440403358804534,1.5009893069781315,1.6504513419150477,1.0618339344666177,0.09873374180413405,1.0,0.7256072265792148,0.1,0.9,0.2,130,7535.223745631801,99801.7193240304
25,73,1.0659393735977396,1.4218123963915128,1.4657592904975536,1.651795088151836,1.044044273036629,0.1006309968002919,1.0,0.6695868054328333,0.1,0.9,0.2,131,7450.189151486811,99772.07177147872
25,74,1.0657327218376171,1.4200918354826648,1.4637464447531128,1.654145343019208,1.055886677160961,0.0991881879557618,1.0,0.6702382581191477,0.1,0.9,0.2,132,7521.07968879779,99577.69739814918
25,75,1.0650827911426866,1.4187462603956533,1.4622666722614215,1.660952305330915,1.0461430805020477,0.09904131067452607,1.0,0.6675023343755194,0.1,0.9,0.2,134,7368.450854433499,100088.24299915126
25,76,1.0657599681585832,1.4194076523921553,1.4629251099902767,1.665350119521298,1.0442064014967471,0.0990811552732494,1.0,0.6708782737509196,0.1,0.9,0.2,135,7549.082126155356,99618.16319324845
25,77,1.076368483152664,1.3476865342530915,1.2994437566197405,1.6128465482152368,1.0877112865897625,0.10487240449895951,1.0,0.7236068000764762,0.1,0.9,0.2,136,41081.36050736709,91350.0297731982
25,78,1.075309284862878,1.3297744878262798,1.2783105408704631,1.5938186624253072,1.185825400049035,0.10668334393434209,1.0,0.7271888307400514,0.1,0.9,0.2,137,40319.730345049225,90278.3028887034
25,79,1.0731689339732737,1.3308989911396676,1.2909220240781565,1.6077421778909624,1.1182837869412816,0.10547825331050178,1.0,0.7215856934295386,0.1,0.9,0.2,138,40953.70341795286,89353.95315826559
25,80,1.0720617586955339,1.2998800824795513,1.2433752922184718,1.6088150023856584,1.1977925113661168,0.10599236722830815,1.0,0.7252322052913295,0.1,0.9,0.2,139,40674.436899773,89779.93850907733
25,81,1.0706788141670254,1.2907171918239906,1.2327531828713396,1.6110230683196833,1.1145248115982553,0.10450158317788971,1.0,0.7227675704027038,0.1,0.9,0.2,140,41184.4725074926,88766.15852411023
25,82,1.0698935115938624,1.2842107092588235,1.2251771401644838,1.610186393738003,1.098355850897531,0.10626987591733435,1.0,0.7205837143784999,0.1,0.9,0.2,141,41221.90268842475,89022.18039939457
25,83,1.0700726854296265,1.2799389352648236,1.2200749560283728,1.6284816951060341,1.0891886752995714,0.10331396376841732,1.0,0.7249473177489074,0.1,0.9,0.2,142,41052.32787141823,89495.15290303683
25,84,1.0756284381388248,1.2837228555013278,1.2235283267021446,1.6333766734959805,1.0678591988322317,0.10666348725923261,1.0,0.7518414100912458,0.1,0.9,0.2,144,41736.19698977387,97483.3133123564
25,85,1.0714165688389632,1.2767821230818048,1.2160793174850797,1.6406819412771503,1.0778192127577855,0.1050665050420789,1.0,0.7327682897009493,0.1,0.9,0.2,145,40775.18774562548,90200.84069794782
25,86,1.0710691211370256,1.2758915117126044,1.2150881590397178,1.6475800568629995,1.0606531039399885,0.10493508618213447,1.0,0.7313181174251009,0.1,0.9,0.2,146,41267.175502080165,89738.67560542873
25,87,1.071022136604315,1.2702310522214058,1.208384621342441,1.6474622598686632,1.0999593067884303,0.10485989676265131,1.0,0.7335133569867779,0.1,0.9,0.2,147,41022.95063256605,90167.849938436
25,88,1.070706969506265,1.2655793802045678,1.2029284757636838,1.6543465935239532,1.073741218219391,0.10453478325436971,1.0,0.7339029872426769,0.1,0.9,0.2,149,41076.98750659289,90023.13585542935
25,89,1.102170140196199,1.2718855788230883,1.1827256812446456,1.640987798611056,1.0939844828716494,0.11213018809824489,1.0,0.8885101054688496,0.1,0.9,0.2,153,41458.25967231474,89984.63407281633
25,90,1.1015754919488183,1.2712595168197185,1.1930252669682415,1.6532460440788617,1.1315044967724524,0.11140859879051268,1.0,0.890290818066046,0.1,0.9,0.2,155,41682.15466043947,89807.35147272205
25,91,1.0709661950370553,1.2578620892809844,1.204672431874755,1.6748192255577294,1.0980121074989322,0.10358958355281464,1.0,0.7431019292330201,0.1,0.9,0.2,156,39495.39284750841,93453.6335292648
25,92,1.1021785062717706,1.2763449009195191,1.2098739188811516,1.6869027297766859,1.0960684387506126,0.11214760829087107,1.0,0.8954504964056799,0.1,0.9,0.2,158,41617.9080726156,90670.20720585898
25,93,1.0700466417248737,1.2560445138275411,1.2136337095549743,1.7049213812619555,1.098605696711001,0.10315152181356022,1.0,0.7430745270947102,0.1,0.9,0.2,160,39567.976411846204,93389.518917756
25,94,1.0693139454220661,1.2582550358607965,1.22733417778254,1.7246054417384753,1.089415314518771,0.10273021451377931,1.0,0.7424181255573639,0.1,0.9,0.2,162,39695.51814533802,92455.28448332495
25,95,1.0692115868980527,1.2519053885627895,1.219844492687901,1.7279338710634742,1.0823112968426292,0.10315630532369209,1.0,0.7437419791712051,0.1,0.9,0.2,164,39740.38760741388,92740.96238048354
25,96,1.0688916251955605,1.2342361710641323,1.1880555197099003,1.7174959422674645,1.0819577317287132,0.10234599523895638,1.0,0.7445001456930861,0.1,0.9,0.2,166,39961.73572384372,92884.04792488892
25,97,1.069166565467679,1.2337135486068949,1.1873875900075241,1.7285566426598435,1.0624547482086566,0.1028375504856911,1.0,0.7458811826447932,0.1,0.9,0.2,168,39837.81554395567,92784.7832872245
25,98,1.0692460056036697,1.2560807670729133,1.2357339853557794,1.755824741436097,1.0603694280598355,0.10237069884905114,1.0,0.7465466225135555,0.1,0.9,0.2,169,39933.42794732207,92541.86510458682
25,99,1.0691607344894185,1.2408410001874435,1.2067755004229828,1.7565618382506043,1.067028037309133,0.1024330716062816,1.0,0.7473071768459769,0.1,0.9,0.2,173,40110.99162562921,93332.4126835466
25,100,1.0685670590901373,1.2575202124830878,1.248523217436807,1.7767875948126859,1.0784359385831956,0.10235496538358883,1.0,0.745925802907068,0.1,0.9,0.2,175,39766.06480270287,92527.58079427623
25,101,1.068503351398344,1.2543622799189003,1.2448040081067804,1.8095727625866256,1.0624019923564387,0.10199939393839057,1.0,0.7466991915499934,0.1,0.9,0.2,183,39913.27164674499,93052.71483529329
25,102,1.0686886198901895,1.253580249543307,1.2438467166281224,1.8421186123166344,1.0608013145313622,0.10412786776579981,1.0,0.7468434886545408,0.1,0.9,0.2,190,39687.681032583336,75900.76099504325
25,103,1.0683799497698765,1.269428626511474,1.2845640848269033,1.8741809204350417,1.0675292596615367,0.10226162781995307,1.0,0.7480284850782001,0.1,0.9,0.2,196,40645.51371577692,77519.73203470033
25,104,1.068164169911114,1.262788886650653,1.276762997020237,1.870616135877748,1.1073346673961897,0.10202683149568711,1.0,0.7488537764668617,0.1,0.9,0.2,197,40701.39810311983,77866.3483546447
25,105,1.0678872056130073,1.2439708180336346,1.2436204100017105,1.8626431433856006,1.1141325817908638,0.1021073454720209,1.0,0.7494026238182963,0.1,0.9,0.2,198,40542.97381928458,77694.14170013994
25,106,1.0673030744704617,1.2507581858107897,1.2627176611288233,1.876649975762075,1.0878193669189367,0.10242958524096339,1.0,0.7473210420032006,0.1,0.9,0.2,199,40584.12144563886,77150.43607323756
25,107,1.0672649810154857,1.247214453174583,1.2585427212452707,1.8907511347752095,1.0855943446964034,0.1028896957991238,1.0,0.7478006185582246,0.1,0.9,0.2,200,40445.36977172208,77275.18208533643
26,0,0.8052897141889848,0.9516586790490768,0.8944061313542546,0.008323050242275802,0.0,0.0,0.0,0.0,0.1,0.9,0.2,1,3938.899918891793,8769.411063151392
26,1,0.7883628424642076,0.9508152669932585,0.8924863513040913,0.016582148017048114,0.02739087479316177,0.05331175859089328,0.00010936365514201,5.996254056922e-05,0.1,0.9,0.2,3,3888.380323787266,8647.727209257946
26,2,0.7603903761123798,0.9497302421859704,0.8895015355741203,0.02788840366761988,0.09292926059400525,0.01895330672316009,0.014954875354846511,0.00047622433905994004,0.1,0.9,0.2,4,3929.543855938603,8728.805583119029
26,3,0.5189770633760308,0.9030606862368113,0.8364573759500863,0.0753271988104189,0.8608915888939399,0.0651872119990073,0.06357827762731869,0.034859067636288946,0.1,0.9,0.2,5,3335.5607019116264,6475.021477113614
26,4,0.4126163717843715,0.8439700670354079,0.7667180142506923,0.07732678601627414,0.2909336190367119,0.09511033295468148,0.057785033478889546,0.061412630689124434,0.1,0.9,0.2,7,2648.633822893513,7307.2764478691
26,5,0.41026688325693694,0.8619068754588779,0.7942912290989652,0.10825736715258127,0.16877993149194054,0.09421569907935387,0.08399851826057507,0.0757851125034934,0.1,0.9,0.2,9,2822.2793680469176,6702.21374838161
26,6,0.37751337062511636,0.8298488720230307,0.7619308181669714,0.08698878900770314,0.07605307166354187,0.09347979238984674,0.05602831674762802,0.050559287025021174,0.1,0.9,0.2,11,2802.8915417518883,6559.890947091371
26,7,0.4058478657763819,0.8711153844468926,0.8154069636070554,0.12736424665476895,0.11531790325853708,0.07149771647556613,0.09336298029444325,0.06694480792908827,0.1,0.9,0.2,14,2191.82699665221,6494.667243524273
26,8,0.36821672583219467,0.8367101880158948,0.7793464948868774,0.12265088591705599,0.14747957968354708,0.07025065034663898,0.07407069891349369,0.030685097855542343,0.1,0.9,0.2,15,1906.05428963456,11511.029041920085
26,9,0.36759386871738964,0.8478778167169245,0.8031761633922355,0.13144956978810363,0.08866699417874521,0.07110431280728645,0.07573737245465403,0.03245640091622267,0.1,0.9,0.2,17,1905.8081346374324,11544.437552497917
26,10,0.39382417866629255,0.8774808492707371,0.8304774857603945,0.18325079422268775,0.2185251695090783,0.09218969665754403,0.10594052544678842,0.10121495957465551,0.1,0.9,0.2,18,2437.3697525546686,14752.75671134407
26,11,0.3830575516916657,0.8784972134338497,0.8440188795015345,0.19061154349799334,0.12709284398119255,0.09209403678041475,0.0995823317600098,0.09281707979171547,0.1,0.9,0.2,20,2536.920621011516,14332.0057607567
26,12,0.3830575452183127,0.8897015620943194,0.8682237106385092,0.19833344385128834,0.11739715504062508,0.0920940367804148,0.0995823317600104,0.09281707979171444,0.1,0.9,0.2,22,2536.922783986599,14332.011762971018
26,13,0.36613848357874873,0.8616172797581156,0.8271052575821906,0.19434203135567932,0.10208828624440529,0.0919833616008204,0.0835196749726689,0.08173946175236312,0.1,0.9,0.2,23,2618.959066957258,14636.264840743246
26,14,0.38500675929818634,0.8920331001053281,0.8702207335745183,0.22242145760428036,0.13395212811269142,0.0918834385141546,0.10397539639763768,0.09457849672281986,0.1,0.9,0.2,24,2375.9441111678425,14713.758913601932
26,15,0.3778929079375737,0.8965823808022371,0.8873432398436726,0.2344970800600737,0.1262396811213538,0.09181551256593577,0.10024343114788592,0.09061224820084798,0.1,0.9,0.2,26,2404.6391914465985,14456.573061690262
26,16,0.3534037517695904,0.8631072825546605,0.8380621968544578,0.22083111453660065,0.1688439668349753,0.09193874762445434,0.0978393864194031,0.07191747764954881,0.1,0.9,0.2,28,2218.9425776666344,13093.398692163326
26,17,0.35076548946151215,0.8717412045004692,0.859569379053506,0.20952597005226123,0.11153550305175963,0.091965122943803,0.09604637344803793,0.0708391990309574,0.1,0.9,0.2,31,2232.814318711853,13199.037779864924
26,18,0.3502108748874193,0.8712308745939831,0.8589716843480092,0.2094772940396775,0.11158345771669759,0.09196512294380288,0.09604637344803788,0.07083919903095931,0.1,0.9,0.2,33,2276.052918913889,13325.064921914349
26,19,0.5774506314562714,1.1321448329417487,1.158814892177581,0.484218738665823,0.3390822563797918,0.07743893863769517,0.34701921440737465,0.0873404838897763,0.1,0.9,0.2,35,5150.254525673698,17210.33631364791
26,20,0.6519002446942175,1.1846205563451546,1.1846855982673115,0.5623245398411992,0.44162721081463713,0.07196908052634499,0.44098588039343856,0.05928082835853641,0.1,0.9,0.2,36,9897.121369284929,16650.923773388284
26,21,0.7978770866705662,1.3085042181138407,1.280385484219028,0.7087314660961119,0.6188753303990101,0.047994767598958335,0.6194391604056153,0.06341201778529527,0.1,0.9,0.2,38,9125.08319440591,306397.6960588003
26,22,1.1381166147876478,1.6487529676543673,1.6200528910337257,1.0577924464811461,0.9423309726220344,0.04366950875642162,1.0,0.07126458206708088,0.1,0.9,0.2,39,3758.060173806228,311235.649621076
26,23,0.5104796426602487,1.0432532399069225,1.038437496678505,0.4710876238483671,0.33216130249538517,0.07288625034346795,0.31915496749525035,0.04272392409346841,0.1,0.9,0.2,42,9842.185725823172,16714.861613461253
26,24,0.5063074892306069,1.0381278412283705,1.031417154420492,0.4824644008390697,0.3474703485349614,0.07103125035821922,0.3257083253501273,0.043858527294139034,0.1,0.9,0.2,44,9797.04305982232,16862.735299583044
26,25,0.4341919779689956,0.9651907252605829,0.9573066747707304,0.4222070581793634,0.2906605978691881,0.06998511633134073,0.23793914222856655,0.1089152636954868,0.1,0.9,0.2,45,9516.508772676669,24403.05122272629
26,26,0.5423469444556266,1.0831800569204477,1.0867208436038869,0.5466128742549737,0.39103506622519374,0.07002639698498679,0.3668132721620297,0.10888916010974321,0.1,0.9,0.2,47,13756.214885699268,24968.355451209965
26,27,0.4532031086560216,0.9933738701577379,0.996289825836343,0.46280377433643866,0.29796066540756944,0.07439834798077408,0.286183814096972,0.03874419101016194,0.1,0.9,0.2,48,9952.60428109252,16054.016687115303
26,28,1.291068773656434,1.8308361591282403,1.8332619248491937,1.3088273725064354,1.1341539492450596,0.130793710779955,1.0,1.0,0.1,0.9,0.2,49,9828.821552913138,19921.694560377466
26,29,0.44957354059024957,0.9885075636709897,0.9903213580391002,0.47041182857568353,0.29814066940067496,0.07231209883965505,0.28801167652130977,0.03941196000881493,0.1,0.9,0.2,50,9935.81186601904,15082.965823641236
26,30,0.44724984361008596,0.9855240001389535,0.9867964284048147,0.47693030333970726,0.2855328125537489,0.07306479519499262,0.28808811220304686,0.03957952869684338,0.1,0.9,0.2,52,9894.90339285715,15168.793692985102
26,31,0.4648150516013027,1.0003362860302114,0.9995931059149926,0.512378953561311,0.34219273354015783,0.06151770469960512,0.3226924697332413,0.022542685842164407,0.1,0.9,0.2,54,7648.640911563576,12164.48698990977
26,32,0.46266471695571515,0.9965256562853543,0.9947115785226316,0.5208746744823803,0.32532674187707905,0.060415446801116233,0.3246128584858783,0.02666495798620467,0.1,0.9,0.2,56,7610.998028123674,12177.226583176527
26,33,0.5086944537850484,1.0416234813616485,1.0392395848372893,0.5752988547507226,0.3751772188941697,0.05968029565853602,0.3784707010433273,0.02679624176918497,0.1,0.9,0.2,57,7624.4389344512065,12177.6739141728
26,34,0.45654986073629106,1.0103822051310205,1.0331216582392815,0.5325733312654893,0.3392089235574473,0.05511149754036805,0.3273432722313037,0.016534389636075588,0.1,0.9,0.2,58,7617.749953822176,13530.411525641031
26,35,0.4481146865807239,0.9740668739753564,0.9679378366106774,0.5312389199621621,0.42319923636451245,0.06438571606283149,0.3264134042103246,0.03026228291058674,0.1,0.9,0.2,59,7196.39713004018,11974.438615899122
26,36,0.46086598712238513,0.9936348007350638,0.9984404466830997,0.5628837369619705,0.36915337203120585,0.07525869340555175,0.34432628736887627,0.04634610565148865,0.1,0.9,0.2,61,1905.7172147020672,13850.607469213515
26,37,0.45240580583042644,0.9912064977009432,1.0068025345972103,0.5811045628243027,0.3561348196497349,0.08372530420582705,0.34253707184580684,0.04653081784789254,0.1,0.9,0.2,64,1957.130585782419,14448.809279319586
26,38,0.4669997266787736,0.9975326504205299,1.0099684803239477,0.6145683954613366,0.47856878911452483,0.07518973645806121,0.3708132925335906,0.047456925718926526,0.1,0.9,0.2,65,2059.916437799948,13404.135896047446
26,39,0.4569811281617034,0.9809278807866812,0.9910171747196268,0.6208227916173199,0.44373893046123825,0.08431346361621135,0.36651315900426706,0.047724842852750686,0.1,0.9,0.2,66,1867.094958112301,13376.380494679144
26,40,0.45650625645176135,0.9664015850063417,0.9625269295742798,0.6087261564090614,0.3892597637908689,0.08608348078773972,0.3679892271307172,0.05171748428077436,0.1,0.9,0.2,67,1877.501187663721,16270.976589026855
26,41,0.26847265579259444,0.7776601313093912,0.773547592313673,0.4388078022736281,0.16765434379579763,0.08601649889173628,0.16060657302807282,0.04820767561727572,0.1,0.9,0.2,69,16731.37568913897,12042.521302827656
26,42,0.4509083643149025,0.978281458990109,0.9987855133324339,0.6377601405347223,0.40548382189192783,0.08250166768395752,0.3677091299885936,0.0494939264254671,0.1,0.9,0.2,70,2057.420630151006,13736.157142699672
26,43,0.28200082320391356,0.7665599858949554,0.754881660859315,0.4952567118648731,0.28006334203304256,0.06530763922669144,0.204159091164144,0.027968397645319287,0.1,0.9,0.2,73,6053.691243507554,13306.373657227983
26,44,0.2569825231621228,0.7175051101384297,0.6993227696260454,0.4909915427537579,0.2730502970060639,0.06699271775796693,0.19045751240001388,0.03339832456664663,0.1,0.9,0.2,76,6950.836269088068,13735.317206176182
26,45,0.25694559996606275,0.7286078966838767,0.7234094741290894,0.5013240849371117,0.1851247111679361,0.06737457998257403,0.1904212972043279,0.03334894609531313,0.1,0.9,0.2,78,6949.480017934555,13713.86948307752
26,46,0.2558431843336608,0.725303371603242,0.7195379431084398,0.5081661989406919,0.1963516527796534,0.06709045276531256,0.19043440060743824,0.03346223022497335,0.1,0.9,0.2,80,6995.10067151158,13653.977291744875
26,47,0.2555618041780599,0.7249147039504767,0.7191206674998871,0.5186453385115544,0.18582191297902637,0.06245046247189625,0.19068078428863916,0.03356446873127988,0.1,0.9,0.2,81,6918.976755540481,14325.73142222972
26,48,0.28839371897852206,0.7410084297311339,0.7208024962296503,0.5252400520354639,0.2781054634851393,0.05305612082188586,0.23466555707766434,0.018028178218155798,0.1,0.9,0.2,82,6118.277889517087,12196.507410028804
26,49,0.29218118686845285,0.761677527347825,0.7763643392162963,0.583354981122225,0.31468962794166633,0.062269859401868285,0.24434684815301444,0.02510004272028792,0.1,0.9,0.2,84,5861.375251607637,13706.734465031788
26,50,0.2702670604452493,0.7216106288850016,0.7320167665160132,0.5950723563986918,0.39172393782329507,0.06109849611870209,0.2281107625139795,0.02339230025080946,0.1,0.9,0.2,85,5850.700663710056,13261.196699284304
26,51,0.2771034198247493,0.7260424546007773,0.7359036747410069,0.5805776790191598,0.2449642790689962,0.061916467707232456,0.23646106225946006,0.02347607779805927,0.1,0.9,0.2,86,5768.275139118943,12884.900502307348
26,52,0.31097193634880627,0.7639088119173973,0.7851296825616997,0.6449934896960514,0.326738531200277,0.05980799207738187,0.2765388066239398,0.02539740866601502,0.1,0.9,0.2,87,6324.979691527733,12939.0235232821
26,53,0.3013581185101635,0.7494635496337162,0.7695961918439448,0.6435839278739003,0.2740454372107496,0.06166216243201841,0.2673436491288167,0.02539346306699658,0.1,0.9,0.2,89,5774.873388710757,13070.887442514657
26,54,0.26560136594224665,0.7116849020212724,0.7313648786160604,0.6411243277503779,0.22041429704364185,0.06277755245405882,0.2285519845120741,0.02372145407594707,0.1,0.9,0.2,94,6096.337485013296,12193.070560326709
26,55,0.48710731770635946,0.9091988113836472,0.9130522355574207,0.8537056548150536,0.5571773225562131,0.06299569717981261,0.4791510854454124,0.02201703627700666,0.1,0.9,0.2,95,5992.388969258543,11548.758817504027
26,56,0.49817126372585147,0.9061598746503886,0.9069617649615194,0.8777479952581679,0.5189474348592141,0.06273989021785129,0.4953080567097571,0.0233370582223311,0.1,0.9,0.2,97,7499.735776196617,12168.864311264922
26,57,0.4980280161194364,0.9166470260050918,0.9303265164723564,0.8888872662402962,0.45922026942900085,0.06273989021785129,0.4953080567097567,0.023337058222331182,0.1,0.9,0.2,99,7492.200848493599,12252.769588679945
26,58,0.4977029803577461,0.9151682711454254,0.9286010910762778,0.8923791890195795,0.46170839500179567,0.06253363299154197,0.4952906609795654,0.023326585219411618,0.1,0.9,0.2,101,7497.575165018936,12568.550654142568
26,59,0.4967316087891295,0.9117973464291633,0.9247183935754416,0.8990476021739405,0.4771786054046981,0.06450129158449475,0.4949251757356997,0.02207599365307584,0.1,0.9,0.2,102,8231.082631787876,12785.463852916471
26,60,0.6400212041085733,1.0504260024286365,1.0623574889918026,1.0455480697943262,0.641063178081099,0.07919602750618612,0.6518673957049468,0.03052154651411248,0.1,0.9,0.2,103,7702.648090791071,12345.854402426685
26,61,0.49417940878483163,0.9028113511048869,0.9143681924910889,0.9046207438305979,0.47055671717639846,0.06461015771135821,0.49376748555244615,0.02213171239380678,0.1,0.9,0.2,104,8205.759917296291,12739.849067553165
26,62,0.5997706441282479,0.9994204415732673,1.0090911919686063,1.0222203064269746,0.639819990194301,0.06630325726107147,0.6128938293485574,0.02332640834105925,0.1,0.9,0.2,105,7341.438020724604,11657.00428767734
26,63,0.5995461420113892,0.9972342890607921,1.0064959138851617,1.0295277015628432,0.5714467025016077,0.06725833852718732,0.6130094441719394,0.02334314851284023,0.1,0.9,0.2,107,7337.460410864849,11849.76680629261
26,64,0.56154766328861,0.9460263017950541,0.9418694123998671,0.9844240547111859,0.5427165637488395,0.06409964912682628,0.5721574727886448,0.0209407834970903,0.1,0.9,0.2,108,7151.947206124882,12089.10379616396
26,65,0.5975012534436555,0.9881904490753601,0.9959996973398723,1.035509263073009,0.6045841865133164,0.06937275990720031,0.6120950421334816,0.02358167050531436,0.1,0.9,0.2,109,7315.568158457812,11799.184093635851
26,66,0.6195053081596064,1.0170168624925129,1.0369232465767986,1.06524874816241,0.6038615636712064,0.07620955690414198,0.6323458253868272,0.043523229030207625,0.1,0.9,0.2,111,9424.318100368368,11533.82193118528
26,67,0.9458740109978482,1.4317485070587466,1.5553978803185786,1.514997757617159,0.9128798533098912,0.06777289943752952,1.0,0.02641391676689604,0.1,0.9,0.2,124,58631.904418579805,12755.377163005123
26,68,0.9443415505068832,1.4235108408500656,1.5457877769468256,1.5293401404622367,0.967802428446619,0.06690406524232233,1.0,0.025729876131909118,0.1,0.9,0.2,125,58153.83467407819,14198.31021247162
26,69,0.9421073096032154,1.4118917763283538,1.5322622846145684,1.5245109474393712,0.937345159751549,0.059720810583615155,1.0,0.026886333618297058,0.1,0.9,0.2,128,58457.09820574075,15638.097725890824
26,70,0.9416984594850397,1.4089097206412735,1.5287613136327391,1.531978055961232,0.9219259557904751,0.0602038936246187,1.0,0.02688541359968949,0.1,0.9,0.2,130,58524.64374359573,15869.876906048345
26,71,0.9400953657943112,1.3967355446512535,1.5144649406004833,1.5387646972829356,0.95501978224679,0.05992549169803851,1.0,0.02811223034495791,0.1,0.9,0.2,132,58545.11305917178,15740.361773212237
26,72,0.9411093627295614,1.4261700441587548,1.581867985575459,1.5953631785560807,0.921821684536618,0.06644928302891016,1.0,0.034122630350349,0.1,0.9,0.2,137,59651.2323611673,12931.25606562031
26,73,0.9475899484841279,1.4193262411144156,1.5723884989898516,1.6141950199883863,1.0295899631523404,0.06021776797619514,1.0,0.07996464212330559,0.1,0.9,0.2,138,53399.854864594585,13984.384468550656
26,74,0.9470133003287339,1.4148134900194258,1.5671027246291183,1.6215803184100388,0.937799472069895,0.060171096229778884,1.0,0.08000097823381962,0.1,0.9,0.2,140,53384.6767193664,14027.761747357576
26,75,0.9463526078429297,1.4093329362315257,1.560678390068029,1.6288967644901562,0.9412518223133562,0.06019304955067546,1.0,0.0801339348726119,0.1,0.9,0.2,142,53397.58095198812,13896.76229819067
26,76,0.9379528973475724,1.3988330915774114,1.5497676200839623,1.6159195838231564,0.922464214528634,0.06135652424185495,1.0,0.03905555753446942,0.1,0.9,0.2,144,58467.82857354044,14118.681800655588
26,77,0.9373529019868695,1.393592559530348,1.5436233374707737,1.6154673172885776,0.932343599263369,0.061380073505816216,1.0,0.039226119138885476,0.1,0.9,0.2,146,58488.10994086692,13995.1430114988
26,78,0.936941389917017,1.3900965004825279,1.539528383998311,1.615133963628846,0.9260883161761354,0.06138007350581629,1.0,0.039226119138884956,0.1,0.9,0.2,148,58381.10520712558,14155.003136710666
26,79,0.9363900071434084,1.3892639747514832,1.538641313731287,1.6309521040763026,0.9156978714234452,0.06144389718963032,1.0,0.036624970510585,0.1,0.9,0.2,149,58387.51091967143,14118.271564131728
26,80,0.9333461997806282,1.3637050468703569,1.508744083395408,1.628398337523483,1.0901786600826178,0.05961511803956439,1.0,0.03640997118828576,0.1,0.9,0.2,150,58308.46566598484,14143.059002739028
26,81,0.955135206238074,1.4671643517518955,1.7146869172254469,1.7918506315893676,0.9421552848339494,0.05626004968300963,1.0,0.15160964004376917,0.1,0.9,0.2,160,59790.551901430925,13001.612328090445
26,82,0.9549930049272354,1.463977417154793,1.7109203517989557,1.7997149994709472,0.9479830143428852,0.0575536569031152,1.0,0.15195025863883624,0.1,0.9,0.2,162,59924.34275528903,12941.47684322502
26,83,0.9552187372036937,1.461235932920163,1.707615297449551,1.8039425831182896,0.9595902996672712,0.058018668550119445,1.0,0.15446483812452724,0.1,0.9,0.2,163,59655.74658396882,13570.234680332514
26,84,0.9546851457502695,1.456750611971673,1.7023804634168733,1.8074188051998903,0.967146562387133,0.05894134048528319,1.0,0.1534595360680118,0.1,0.9,0.2,164,59833.1099742552,12697.757158689425
26,85,0.9612055148070923,1.5017441772868467,1.7981761943047152,1.9286261764045063,0.9459942257734817,0.057556602761490785,1.0,0.19006942810738078,0.1,0.9,0.2,186,76540.89234752825,12367.650775102778
26,86,0.9780645483037689,1.5088529244252866,1.8034477314299378,1.9616059918542286,0.9991317149260871,0.057573108515683216,1.0,0.27924340501330136,0.1,0.9,0.2,188,76572.80446970547,12565.640788610996
27,0,0.7598431365270533,0.9386985219666254,0.879226365600186,0.0071316657342071835,0.0,0.0,0.0,0.0,0.1,0.9,0.2,1,4385.51769965892,8286.619518873438
27,1,0.7475128652581516,0.9390244362653165,0.8786363980333307,0.015711460185789537,0.02435448536445356,0.05578004408624051,9.189597747971e-05,6.833044032730999e-05,0.1,0.9,0.2,3,4199.462695786417,7737.792623709351
27,2,0.7424745541896187,0.9458893062745519,0.8846102338643904,0.02961847725721722,0.054083916229923555,0.06828505386190081,0.00961986973974624,0.01127915136379424,0.1,0.9,0.2,4,3923.405121914372,7789.024459319847
27,3,0.5107346556692036,0.8879565732201513,0.822476644712575,0.054264771513169094,0.7505605969641351,0.06878750802069847,0.040209819483517054,0.02989853033987803,0.1,0.9,0.2,5,3163.518269375442,5901.701809988002
27,4,0.40941836927822917,0.8306674584954126,0.7563645650374449,0.048393670392597496,0.22321517393174012,0.08436869756224381,0.03143862550766331,0.032727097785605966,0.1,0.9,0.2,7,2860.771926706694,5996.857500774474
27,5,0.41750334624697427,0.8577462838057586,0.7772123979294031,0.11219700649489965,0.23377005607807427,0.08646752040059189,0.09175335473293952,0.0775748932954248,0.1,0.9,0.2,9,2995.723818947092,4556.3413013423415
27,6,0.4173221730895156,0.8688213830828758,0.8012660501662269,0.12878165390215182,0.10719076072780298,0.08646752040059189,0.09175335473293875,0.0775748932954241,0.1,0.9,0.2,11,2992.417746234348,4594.311367253115
27,7,0.3861933997001187,0.827401525297113,0.7464486361661934,0.09462380651056307,0.0950260646743008,0.08897097583398869,0.06465741415021509,0.0587636365820855,0.1,0.9,0.2,12,2230.0860036168824,5431.568092313773
27,8,0.36956334122048623,0.8253062690384286,0.7557635594878436,0.10459051825857324,0.1396964381831784,0.08186472176347351,0.06212963404594175,0.05363120650918668,0.1,0.9,0.2,13,2625.613104150002,4539.554989382563
27,9,0.37794367473209023,0.8253854500705236,0.7411983507860127,0.11654740472765784,0.12922656078977435,0.08502350118042887,0.0640109918408643,0.14799231769935667,0.1,0.9,0.2,15,2418.731959630101,145710.91376548237
27,10,0.5640276180712497,1.014434213680298,0.9281360512587262,0.3207913377718134,0.38319178322498093,0.06639921815040714,0.29837793289263603,0.1095289955081088,0.1,0.9,0.2,16,2727.8150895647614,195756.68970935768
27,11,0.5280926012173548,0.9827016086413346,0.8888797868883134,0.3336934437994193,0.4626979713955415,0.06383557339764896,0.31028105420467744,0.11824615115739578,0.1,0.9,0.2,18,2621.216980113558,189263.30763494747
27,12,0.4754857738951872,0.9300652128781516,0.8358593600365075,0.2898012944089551,0.26672094907709837,0.06394629393900539,0.2586513856644769,0.09855419161305876,0.1,0.9,0.2,20,2570.5367836199694,189166.3761129297
27,13,0.45893788347547704,0.9237267454719953,0.8394782953774684,0.29712285924115656,0.32117876047754124,0.06490422941964018,0.25879297056785294,0.09857697876073553,0.1,0.9,0.2,22,2654.966464701372,189317.2199927526
27,14,0.38265213198999704,0.8476082898663909,0.762751951312598,0.25371125705249986,0.19377072674464207,0.04587126572258899,0.1869548875435732,0.06851955650635429,0.1,0.9,0.2,26,1687.9718534557503,1091733.1109354575
27,15,0.36086111004811017,0.8203226708949074,0.730198016478851,0.2601722463026688,0.2959812530051135,0.04843848063810969,0.19014774510005483,0.07025359996684274,0.1,0.9,0.2,28,1697.7700450730008,1092021.4154424726
27,16,0.37265429007370465,0.876148468198125,0.8375272446792402,0.31619220560665445,0.22316712005108474,0.05498630568749063,0.19961891596803824,0.09395822912526948,0.1,0.9,0.2,29,1774.983015816523,1200558.7345916366
27,17,0.3578250730177369,0.8344877545725135,0.7669561347844583,0.29693137477846787,0.3203041072934234,0.053248277296261706,0.1970039638473167,0.09527402952005506,0.1,0.9,0.2,30,1710.072027965496,1201069.2888705635
27,18,0.35477099253198247,0.8311852551882808,0.763506580161571,0.2995051083099383,0.20523975119401183,0.05078132348261708,0.1950010531534572,0.09330359804700115,0.1,0.9,0.2,31,1737.0746910625503,1200242.998473706
27,19,0.39468147218018107,0.9041161478756886,0.8750938443544879,0.3626092452327595,0.25465238181353794,0.0456435697862225,0.2415013910273009,0.09329369147181857,0.1,0.9,0.2,32,1713.6028145860164,1152183.3380203913
27,20,0.35185733484642856,0.8712651396396122,0.8545469764438178,0.33405554583039976,0.22900336260501164,0.05348234010010341,0.19473248835401774,0.09988786219687909,0.1,0.9,0.2,33,1799.9291407057913,1224938.401286915
27,21,0.397015876431605,0.8577598899966115,0.774468383408601,0.3440274104501484,0.3197616421020633,0.05524796390487222,0.24716456499940861,0.12149935040985678,0.1,0.9,0.2,34,1802.6659514958485,1235001.7769659946
27,22,0.39131922267482194,0.8597651360512782,0.787898699581161,0.35138525856461694,0.2829486787436507,0.05524796390487222,0.24716456499940861,0.12149935040985678,0.1,0.9,0.2,36,1766.3536138149975,1233053.861750247
27,23,0.3207024974549077,0.7876354114131084,0.7150908195266833,0.29116738570360473,0.21121473020790438,0.056603844036314535,0.17598284207128972,0.10029168263108379,0.1,0.9,0.2,37,1920.9920727972965,1248415.496576386
27,24,0.4382121153117988,0.8997036890445705,0.8247934703752285,0.4197903094370099,0.4064625228750809,0.061589163297186375,0.23873631544089946,0.4448161379871533,0.1,0.9,0.2,38,1993.9471384471944,1004104.174893393
27,25,0.4742588824558532,0.9279725776125233,0.8500022174688998,0.4735410341360935,0.41851805035879214,0.058668690132220126,0.288415465209649,0.4534074248676928,0.1,0.9,0.2,40,1852.6521493406824,987990.4423311012
27,26,0.43290519418295087,0.8845750997909385,0.8058484482292384,0.44283966138665243,0.33256475529768237,0.05752612720185083,0.2564071527756425,0.40311139063906587,0.1,0.9,0.2,42,1892.701343379028,987516.894163803
27,27,0.42914923315342574,0.875277342286807,0.7945795162518102,0.4502663407909989,0.35954694642040164,0.07217944701243134,0.25665059116126215,0.405749784203781,0.1,0.9,0.2,44,1894.4382996506376,982886.3640353974
27,28,0.42751286834406105,0.8608241980622393,0.7665717035296055,0.45042835423517896,0.34193942289337576,0.06949367492811359,0.256953096004691,0.4056666737959661,0.1,0.9,0.2,45,1894.2854950323415,982661.2958937816
27,29,0.4273999736065978,0.8718748621288563,0.7906088894955563,0.4592855519270807,0.3198396835078517,0.07093999859480152,0.2566883483072181,0.4057733498388353,0.1,0.9,0.2,46,1936.816677537728,982414.7562484992
27,30,0.39476211257875465,0.8265706948985215,0.7318087468129824,0.43094933634949756,0.30826727872792764,0.06876368094463822,0.23128291655640706,0.36515304463540416,0.1,0.9,0.2,47,1883.35819338786,982994.9228742372
27,31,0.3305060607691606,0.7893563879307275,0.7314397172787888,0.36787392048497625,0.2738047495821484,0.047973179858064804,0.22063696315455425,0.13227097674318317,0.1,0.9,0.2,49,2321.012789330137,2294271.807718306
27,32,0.2953311600109115,0.7421083840688454,0.6708750699289513,0.34893338583639394,0.2030048857801132,0.04917166262199918,0.18777694622783805,0.10855392468725886,0.1,0.9,0.2,51,4423.719729714905,2288867.520308699
27,33,0.3336900677551377,0.7880732552853953,0.7287501606663318,0.39589842357241717,0.27933362633202125,0.045974808137813614,0.22840599149525098,0.13295619577648937,0.1,0.9,0.2,52,2495.515087845215,2295973.0359091437
27,34,0.5192336166807114,0.9507532573861417,0.8847786761099279,0.5997562623816486,0.7095735843925712,0.07057140197942367,0.25690655668923934,1.0,0.1,0.9,0.2,53,4273.178005636199,336713823130130.9
27,35,0.5232905880332093,0.9419536407968427,0.8624963319613832,0.6053075050222526,0.46522393806839113,0.066741722216461,0.2631330368162947,1.0,0.1,0.9,0.2,54,4408.031563235105,336713823125067.3
27,36,0.5224030014395349,0.9621786109919475,0.9083964788454622,0.6260849506254673,0.45468859685747337,0.0684147538481163,0.26263637526999883,1.0,0.1,0.9,0.2,55,4412.352186754872,336713839803267.25
27,37,0.4991866608338323,0.9126680402995366,0.8318342890556292,0.60520865429546,0.46541058607082597,0.06783753592554043,0.2394021645613631,1.0,0.1,0.9,0.2,56,4389.609099759395,336713839118937.25
27,38,0.5192231719540891,0.9427893973243802,0.874659734945074,0.6356429004874968,0.45483860247990054,0.06624714060401386,0.2625207473324388,1.0,0.1,0.9,0.2,57,4421.687352404844,336713839037884.7
27,39,0.5191823786260277,0.9527187809046276,0.8972686600810129,0.6355248096355701,0.45613157884679373,0.066741722216461,0.26313303681629485,1.0,0.1,0.9,0.2,58,4427.582534973454,336713862993723.44
27,40,0.997839282509984,1.4423033399553586,1.4200744226180197,1.1452064405662385,1.1690100996106283,0.05104671380801863,1.0,0.14056564666183308,0.1,0.9,0.2,59,3426.883855623,3052547.3756847405
27,41,0.9969320420426323,1.4168787057957335,1.368131721819995,1.1313497408463469,0.9437588274744331,0.051031436112183526,1.0,0.14058893769596076,0.1,0.9,0.2,61,3338.751058443899,3055024.1572588217
27,42,0.9956043118781976,1.434689433687102,1.411147315769492,1.1581358458588824,0.9495032720412442,0.05136202814743991,1.0,0.14067731293462707,0.1,0.9,0.2,63,3260.858062548932,3055887.429088814
27,43,0.9870872530203983,1.4016312138531923,1.3515698248410692,1.1366629885676436,0.9470647102172215,0.044509604793924365,1.0,0.10598886068058666,0.1,0.9,0.2,64,3154.4034015448933,2293594.318166336
27,44,1.059279008658679,1.455083470015997,1.3902043112100997,1.2083496370381321,1.0161216676240925,0.08377668204562067,1.0,0.46269470514246536,0.1,0.9,0.2,69,6933.497208022809,14622069727070.568
27,45,0.9787336996432103,1.3948052578219896,1.3554408136409846,1.1405183701880557,0.9388476492791311,0.07378131321832831,1.0,0.06845561319885929,0.1,0.9,0.2,70,2017.4566527985824,1140452.0858977071
27,46,1.1157584288519269,1.50122232970143,1.4443840454182495,1.2793279145315057,1.2470722160747625,0.056729535202803924,1.0,0.795692029416453,0.1,0.9,0.2,71,3029.3191807279627,58457042464867.19
27,47,1.1203401131905686,1.5278740410264575,1.4969599731477825,1.2996935373000824,1.072668150125663,0.09316253046964697,1.0,0.8009328050609505,0.1,0.9,0.2,72,2103.346413422796,157973612876530.7
27,48,1.05007613674992,1.4462717793667048,1.4023272077197395,1.2201642488272502,1.0004651614660185,0.09365944265449244,1.0,0.44956926888724735,0.1,0.9,0.2,73,2189.3287807341503,14622076171745.746
27,49,1.1155380313496077,1.5099760355494452,1.4656349373381508,1.2992314992687626,1.0814712180268005,0.060943318943710835,1.0,0.7960254926003069,0.1,0.9,0.2,74,2847.703576063498,58457043500556.36
27,50,1.0488491804354132,1.4408043565621615,1.3959054432930011,1.236448259156966,1.0107597531591546,0.09468947189437318,1.0,0.4495801273499991,0.1,0.9,0.2,76,2131.828794182161,14622075446136.98
27,51,1.057963350926062,1.442618266142942,1.3960932718108998,1.2675434092524211,1.0189840031224398,0.11479549986803654,1.0,0.4960727294016686,0.1,0.9,0.2,84,5230.924160377692,14622080222263.666
27,52,1.0794736110913448,1.4839022799940833,1.473349717470273,1.314700607080541,1.1596041375456239,0.06300069700584228,1.0,0.6487676219650415,0.1,0.9,0.2,85,6984.307107178172,157973240063618.4
27,53,0.2610226492957431,0.6777008034103961,0.6909655426634491,0.5755408215611898,0.23132560257012894,0.05515819857628403,0.1855222089605118,0.23854254221475282,0.1,0.9,0.2,93,4401.529061111107,14615190833864.746
27,54,0.9582030366179227,1.4003211536518207,1.4508524705780075,1.2803506063222325,0.9901510494584399,0.04827323725038048,1.0,0.07253091707648995,0.1,0.9,0.2,94,6948.82036142042,1911718.6760949872
27,55,0.9556852566684599,1.330754159344576,1.3139705905520032,1.2402069038138812,0.9507168826088823,0.050891766312895145,1.0,0.07099913630705779,0.1,0.9,0.2,97,6999.737647858815,1926803.703582128
27,56,0.9537516006747047,1.3521789829184137,1.3722559878244103,1.278272556191217,0.965028737355658,0.04403635794380098,1.0,0.0759938759946581,0.1,0.9,0.2,99,7254.713115225653,1520063.3675531826
27,57,0.9497541286077018,1.3173515485549276,1.3204458766459302,1.2614750438265874,0.9986393727507837,0.049856009845112584,1.0,0.07123151921973998,0.1,0.9,0.2,101,6349.57600928767,1930449.974212262
27,58,0.9487032016796334,1.3470634606071816,1.3885848066034754,1.3115053899214553,0.9421503411531863,0.04518005715166047,1.0,0.07084231068538115,0.1,0.9,0.2,102,7101.4498532184825,1520617.201634256
27,59,0.9482880024164552,1.367193941429255,1.4343416709994192,1.3295226781143499,0.9262197718561163,0.044828566097124586,1.0,0.07056359151327579,0.1,0.9,0.2,104,7194.532772733102,1521059.328481859
27,60,0.9460160574811601,1.2860190866815322,1.272829024949681,1.2770725164272458,1.0134942602175587,0.04971631984118611,1.0,0.06653785395528064,0.1,0.9,0.2,105,6646.360043597718,1926242.4055390728
27,61,0.9443434231422797,1.2828473105246965,1.2801436756448894,1.2867193007466626,0.9698518344265996,0.05098581608135936,1.0,0.06742536071029562,0.1,0.9,0.2,107,6664.21978820271,1929846.1125454104
27,62,0.9437170983398543,1.2798348953249263,1.2766617558150437,1.2935793589373674,0.9278839134982747,0.04992217771205954,1.0,0.06660049651033106,0.1,0.9,0.2,109,6636.924165049703,1926149.8931549203
27,63,0.9420379479125461,1.2670891231296377,1.2617495856143366,1.2993711711919025,1.0065673277133698,0.04892957024508619,1.0,0.06661721918503738,0.1,0.9,0.2,110,8113.838097303192,1926474.8946214688
27,64,0.9409218035776763,1.257002141800098,1.2499188265383174,1.302559787506915,0.9894632841054358,0.04970192186916862,1.0,0.06670859719503167,0.1,0.9,0.2,111,6637.682853585599,1926937.383487188
27,65,0.9362039726780633,1.2488431862981468,1.241093795154013,1.305314702554411,0.9230915585783923,0.053709600728779026,1.0,0.043355515787724806,0.1,0.9,0.2,114,6734.268424393747,1934206.2881144655
27,66,0.9355806673165998,1.2650387097043763,1.282211689603831,1.3380542477590742,0.9361304688534339,0.054517429624931925,1.0,0.04338428519024835,0.1,0.9,0.2,116,6649.399137910918,1933739.296347548
27,67,0.9346113729005315,1.2729935324642638,1.3027277324141755,1.3366955529071762,0.9224545655218384,0.04745206750307228,1.0,0.04349511550358501,0.1,0.9,0.2,118,7193.652434769519,1543752.3363185427
27,68,1.0009966242766066,1.3224548953886204,1.338090244280991,1.4179399778323398,1.0028445708723575,0.05959596410979691,1.0,0.37281018824489687,0.1,0.9,0.2,120,7221.636737598807,157969456527986.72
27,69,0.9360300689848328,1.2352213271139763,1.2466149172003964,1.3535326480520014,1.0910796931811053,0.04955596891171986,1.0,0.06551180484171724,0.1,0.9,0.2,121,7245.685491425696,1540042.3495180022
27,70,0.927040463845633,1.1995843582385155,1.1841751793675854,1.3410603826088319,0.9421891019520727,0.04064592615869261,1.0,0.027231403402920927,0.1,0.9,0.2,122,7360.150584671445,824581.2483134728
27,71,0.9294965553522239,1.2116199282103741,1.2197943058477283,1.3545665337801263,1.0124233329940335,0.04984731972358941,1.0,0.0413487394035453,0.1,0.9,0.2,123,7338.282837044573,1544622.9072086683
27,72,0.9263893853010712,1.1814010652131832,1.18451698223062,1.3698722930928697,1.1183039157709576,0.04857471467078842,1.0,0.03857096978238236,0.1,0.9,0.2,124,7391.484641162128,1545689.0531011578
27,73,0.9244277545064308,1.1533691355290547,1.151672153141482,1.3635623470282927,1.0107975239992755,0.04968919541275667,1.0,0.0383777376028407,0.1,0.9,0.2,126,7171.991676554224,1544764.3047490022
27,74,0.9238167688259228,1.1598033779590309,1.1703432490902033,1.3740018671340666,0.9278986771330884,0.0476642529930892,1.0,0.037834341464355034,0.1,0.9,0.2,128,7159.084128897982,1540630.4846927351
27,75,0.9232852205573447,1.1515478469608122,1.1606723241549524,1.3809060851285893,0.9412264739820342,0.047608813866794046,1.0,0.03790830610235776,0.1,0.9,0.2,130,7085.04466881784,1541273.8675386815
27,76,0.9235822587845122,1.149675739259008,1.1584034430938424,1.381319989004622,0.9289129669799849,0.04728330799267644,1.0,0.0402933852421083,0.1,0.9,0.2,131,7169.792206304684,1540870.0268875316
27,77,0.9231065429009917,1.1480942805896954,1.1566195924995006,1.388283704410829,0.9207597282354951,0.04810879716477509,1.0,0.03788189054841552,0.1,0.9,0.2,132,7056.589987241202,1541028.239401223
27,78,0.9249846090679744,1.209211848536112,1.2942820206408057,1.4661482456954007,0.9446111095871861,0.03085397301859265,1.0,0.058547173832482466,0.1,0.9,0.2,134,6790.651721928669,1122210.378150878
27,79,0.9898685043689545,1.1891262429710538,1.1929666421487597,1.48475629154794,1.0464360083465902,0.06232759749133041,1.0,0.3727143944137445,0.1,0.9,0.2,136,7174.596216386531,157969444364051.2
27,80,0.9239475592624657,1.2215694515209543,1.352938475896702,1.5466605895578769,0.926860736264203,0.030415083050548342,1.0,0.06298223976773802,0.1,0.9,0.2,145,6772.260733880137,1122112.055277048
27,81,0.9239474778935577,1.2215677542565218,1.352936388573251,1.5427997444051165,0.9156488159769557,0.030415180341104207,1.0,0.06298225303993821,0.1,0.9,0.2,146,6772.262729074971,1122109.5209961636
27,82,0.9239884859544573,1.2210955159559411,1.3523714583908608,1.5546561134575516,0.919490960350648,0.031137427759355678,1.0,0.06296802014574714,0.1,0.9,0.2,147,6766.620820825165,1121985.1162479096
27,83,0.9236972706760541,1.217987996245305,1.3487552116618728,1.5582353551038237,0.9363161139004933,0.02980365335757032,1.0,0.06295072999129894,0.1,0.9,0.2,148,6772.290104627146,1121726.2167539916
27,84,0.9230044050667727,1.2036827214536563,1.3319960116918756,1.5609291514676429,1.0156790888292884,0.0296150789658493,1.0,0.06316314929666847,0.1,0.9,0.2,149,6650.848381762825,1122596.45116056
27,85,0.9189153859751696,1.1199637176211643,1.1900336227628547,1.531381096015965,1.1680763096583895,0.0313087648824828,1.0,0.050027665487639386,0.1,0.9,0.2,150,6775.8320970668165,1116862.729088775
27,86,0.9187183467667143,1.1262641121651649,1.2084946399317644,1.5427902278215528,0.9300528254844339,0.03130876488248279,1.0,0.05002766548763939,0.1,0.9,0.2,152,6743.290185638607,1117827.335008486
27,87,0.9187014274620845,1.125843025880516,1.2080014056468569,1.5506829454310433,0.9160674359311826,0.03130876488248279,1.0,0.05002766548763937,0.1,0.9,0.2,153,6748.147167558724,1117678.0158051697
27,88,0.9176542112316531,1.0994196831558218,1.177060807091915,1.5482134796495628,1.0973328694272668,0.030510539712189533,1.0,0.05019102337374108,0.1,0.9,0.2,154,6620.529893037982,1118308.9015702216
27,89,0.9164857760362668,1.0049565111444014,1.0330457903787915,1.5351513509864605,1.3441058923299036,0.032360992457589235,1.0,0.0530449984976758,0.1,0.9,0.2,155,6262.861513120256,1180211.207228551
27,90,0.9165317528662625,0.995863045631127,1.0223442655888124,1.550269444174831,0.9305355456617532,0.033989143566626315,1.0,0.05370839041778215,0.1,0.9,0.2,159,6280.335703208842,1182657.083778582
27,91,0.916242645435,0.9822983794648321,1.0174821184261174,1.5600542040491931,1.0897485711227282,0.03554852703802509,1.0,0.05457263728214438,0.1,0.9,0.2,160,6279.714901129102,1200472.0804645834
27,92,0.9157136069524292,1.003386160696592,1.064432052807586,1.5959649730017107,0.9147681860261514,0.033320875768489286,1.0,0.0531354577081344,0.1,0.9,0.2,167,6316.950765730263,1180461.9044245991
27,93,0.9159252068954216,0.9890647477677081,1.0365268018393383,1.583448778850775,0.9380755223122571,0.0340368601069097,1.0,0.054227503562709965,0.1,0.9,0.2,168,6554.1458140880695,1184569.5016712174
27,94,0.9156700142373241,0.9760788590444837,1.0213110764349924,1.5905485365630425,1.0052083508357867,0.03491171551867756,1.0,0.053958041568456815,0.1,0.9,0.2,169,6319.793969076245,1182903.0886746778
27,95,0.9154434023122475,0.9846720445112673,1.042487413287049,1.6258469122305754,0.9197818574081189,0.03380410808920585,1.0,0.05363983527314348,0.1,0.9,0.2,172,6289.21141181607,1205751.3101663429
27,96,0.9152711830255652,0.9747143348706282,1.0308182345244719,1.617431793289638,0.983987992863799,0.03491477074231465,1.0,0.05326597279285703,0.1,0.9,0.2,173,6288.904212507316,1138443.775146943
27,97,0.9156736694182521,0.997732946792082,1.0909169159276728,1.6617536249014546,0.9539792759404417,0.0355580202965389,1.0,0.05607299223498606,0.1,0.9,0.2,175,6086.037217679434,1209436.0659683254
27,98,0.9149361844624956,0.9605349785324035,1.0142202694835711,1.623611722663987,0.9342826465222986,0.03341335285236871,1.0,0.05373562547383013,0.1,0.9,0.2,176,6306.351243041109,1206229.0128253151
27,99,0.9146707628490032,0.9542518559555238,1.006885827645405,1.6546684172350745,0.9228732697815624,0.03333755349809331,1.0,0.0530499392807162,0.1,0.9,0.2,181,6263.863441123591,1201998.5058623787
27,100,0.914663103013483,0.9689760872185325,1.046272782382289,1.6671557722272354,0.9404754697080667,0.03332039482536734,1.0,0.053711046544188165,0.1,0.9,0.2,183,6319.970130500854,1206736.1573494491
27,101,0.9144902558876087,0.9553001812989023,1.0191951735569864,1.6742702257867133,0.9223903514635583,0.03333585221693234,1.0,0.053055765034945315,0.1,0.9,0.2,185,6268.809428351133,1202471.8352689222
27,102,0.9143967426829704,0.9633348665494766,1.0396945388452503,1.686530844047044,0.9352133664623316,0.032945026709002824,1.0,0.05305297787168826,0.1,0.9,0.2,186,6242.078289184955,1203996.4338027835
27,103,0.9144178962661729,0.9623262359059119,1.0385062439600292,1.6985071797047457,0.9213185133957775,0.033335852216932346,1.0,0.05305576503494532,0.1,0.9,0.2,187,6262.411491424772,1202710.650374983
27,104,0.9143553861161856,0.9592570273384673,1.0349129741941718,1.7046020672537399,0.9175287735046339,0.033286842095263544,1.0,0.0530355762135134,0.1,0.9,0.2,193,6268.950719292455,1202798.1985463426
27,105,0.9135755468315986,0.9558714075053645,1.031073359074009,1.72444234323471,0.917770220729008,0.033009008657199065,1.0,0.04949915709234753,0.1,0.9,0.2,197,6380.558727414306,1202170.8525945428
27,106,0.9135623986047505,0.9529437910634404,1.0276381641062173,1.7281953928015659,0.9339508365880324,0.03342254397880222,1.0,0.049477382169043974,0.1,0.9,0.2,198,6363.110695161157,1202036.5437607004
27,107,0.913331829719678,0.9393496182390196,1.011717334076001,1.7309277173380777,1.008131571519814,0.03336210704326985,1.0,0.049462330927235135,0.1,0.9,0.2,199,6364.46129300545,1201873.960370659
28,0,0.8486429210918783,0.9633719898976904,0.9081254196953299,0.009407871000785729,0.0,0.0,0.0,0.0,0.1,0.9,0.2,1,3480.347090046348,9040.92978374538
28,1,0.8409355541440267,0.9670367890673279,0.9110923995800458,0.020174308837101924,0.022056431719850438,0.07620111694837599,9.766164814445e-05,0.00015868913843285,0.1,0.9,0.2,3,3527.433822541549,9171.231888462647
28,2,1.5013528328756325,1.7221198787244012,1.6606764323213736,0.8068651099827748,1.0521081290353835,0.3090325132805501,0.6266990721427341,1.0,0.1,0.9,0.2,4,2028.5793936518244,376463.94154822745
28,3,0.5903807449721805,0.9636146441297362,0.8988957388201665,0.1259322795813217,0.753795371228172,0.09336261687406576,0.09055286776452223,0.1471381739012785,0.1,0.9,0.2,5,3315.069434227912,6654.691517103005
28,4,0.4670331411472097,0.8870777792686744,0.8131233355801443,0.10297117204228343,0.2848215334143284,0.08903829199436034,0.0717030315360908,0.12108081731279555,0.1,0.9,0.2,7,2550.2064140074644,8419.704123893907
28,5,0.4592283632152514,0.8934587037939984,0.8316789107414083,0.10887057480280134,0.11420875259912924,0.0890382920101144,0.07170303603008248,0.12108082490154756,0.1,0.9,0.2,9,2369.7270181589097,7920.08992455419
28,6,0.3759042418157427,0.8243317115497769,0.7581232933397429,0.06887103513635784,0.14534863338619156,0.10131006044856342,0.03633687033552802,0.057754978580055516,0.1,0.9,0.2,11,2953.5447407310294,7972.534556366855
28,7,0.39276840637197924,0.8545141996522494,0.8003663367305404,0.10630866971291386,0.09737766901983547,0.10094744953207688,0.056133661421939554,0.09118468989856364,0.1,0.9,0.2,13,2615.8991531650927,6974.24384098795
28,8,0.3882878404087411,0.878587060809917,0.8475498398239101,0.13927371455157292,0.12096649294440792,0.09485386522415465,0.07040044640261137,0.12273828089774677,0.1,0.9,0.2,18,1965.4300903857288,2946.855262663453
28,9,0.3591742538427843,0.8511084525467966,0.8191253284034579,0.12380866470662796,0.09470516254646763,0.09422536632942824,0.052874997829578586,0.09214080541194154,0.1,0.9,0.2,20,1895.2334033141324,3010.2874087640694
28,10,0.37683494825777686,0.8618434317831997,0.8136678711319048,0.1594258910860258,0.24617676011725861,0.09108387982011446,0.07334014755725302,0.20450621327985768,0.1,0.9,0.2,21,1702.079526056231,3444.7913286487046
28,11,1.16856940362176,1.678989804672065,1.65271196159267,0.9830659158184625,1.10315040134019,0.08656743239060292,0.9903750188420537,0.17359519848238378,0.1,0.9,0.2,22,2035.098513981411,2082.114955608963
28,12,1.1687043784447602,1.6905093889094491,1.6757082597997637,0.9987188222850104,0.9744551060179737,0.08673202325403424,1.0,0.1762702530488113,0.1,0.9,0.2,24,2247.2663258473067,2366.420116166152
28,13,0.8070462968636178,1.317847430486818,1.2893060643007086,0.6533205672181199,0.6180903574689645,0.08568856083664951,0.6114640674716778,0.13950848515387665,0.1,0.9,0.2,25,1982.213336670941,1955.579077671127
28,14,1.157117570598624,1.690160080607691,1.687411858653846,1.0013797225187806,0.9452503516011992,0.0868675613815617,1.0,0.1460997219436407,0.1,0.9,0.2,26,1990.9392023645955,3025.493591629195
28,15,0.9798590846064296,1.5016649215939317,1.4854384053003276,0.8324640044753443,0.773160741152306,0.0868617506000918,0.8190016679923404,0.08809265151825223,0.1,0.9,0.2,28,2020.0249142634043,2704.63026022346
28,16,0.9726301316172028,1.4935703530971274,1.4745717540072156,0.8419824568767961,0.8845272196267578,0.08827482026086954,0.8234154989655448,0.10798320326064603,0.1,0.9,0.2,29,2144.0217885661714,2706.4338283501643
28,17,0.8426297186251509,1.363033367091328,1.3430982110226348,0.7241924159690907,0.6655299762435543,0.08723134470484292,0.6885493812693622,0.09006250442572941,0.1,0.9,0.2,31,2031.601864034335,2713.927231788407
28,18,0.8434403940624258,1.3637175771921752,1.3435879758913805,0.7307803464846409,0.6561799316339009,0.08689281284664543,0.6899379449503752,0.09308287988711925,0.1,0.9,0.2,32,1983.0246866213,2540.580375339263
28,19,1.2845986537925018,1.80196716142735,1.7785321217187506,1.191438020322797,1.2406041729452206,0.05800320305359356,1.0,1.0,0.1,0.9,0.2,33,2126.588467913282,9840.010561816362
28,20,0.8561279782076957,1.3683871467984339,1.3410698127591705,0.7857072109060474,0.8534660144308893,0.07242229235655467,0.7300352585968819,0.15307881166770923,0.1,0.9,0.2,34,4390.14890733468,3108.0618536916118
28,21,0.7398023506621226,1.2507773537322524,1.2226504917259804,0.6805716359180494,0.5985404575136589,0.07122928254460889,0.610395203851378,0.1276416253771832,0.1,0.9,0.2,36,4247.014867321258,3124.291902651549
28,22,1.2563767080109927,1.7800687253549128,1.7728657824915997,1.2446011822242304,1.221918651206282,0.1853541906251089,1.0,1.0,0.1,0.9,0.2,38,2101.003071958928,2648.741841429481
28,23,1.2560650408607235,1.7797099509533127,1.7724791525514993,1.2506710517756245,1.1196206772323303,0.183394031436496,1.0,1.0,0.1,0.9,0.2,39,2150.370045332784,2399.598426161382
28,24,1.2518663167478872,1.7728962277963605,1.76449176715213,1.2556980289383597,1.142232819287869,0.18378803705797184,1.0,1.0,0.1,0.9,0.2,41,2383.836075918575,7164.306505579427
28,25,1.1189781638608645,1.6097770935037687,1.5720606694713242,1.111274345643024,1.134435895256724,0.05567641657073495,1.0,0.457171393350227,0.1,0.9,0.2,42,1679.359254237506,4046.293889089019
28,26,1.215454223661828,1.6942661368579426,1.6522347532235415,1.2437136910485735,1.193774251105773,0.06686729054340061,1.0,1.0,0.1,0.9,0.2,44,1586.287849736868,5412.469069277427
28,27,1.2016929120198254,1.664984694522459,1.617945962614913,1.2315710225663117,1.310740971283385,0.0664402751186812,1.0,1.0,0.1,0.9,0.2,45,1661.0366501293329,3900.9493067165145
28,28,1.2006126981989014,1.6626150168170375,1.615155105687301,1.2345909847479042,1.1129719187655793,0.06734362209942363,1.0,1.0,0.1,0.9,0.2,48,1619.12541510296,4495.844265728108
28,29,1.1840789731441492,1.6210964304371036,1.566572445371273,1.2556607419051125,1.3926450840997802,0.06463596563165355,1.0,1.0,0.1,0.9,0.2,49,1401.29655956574,6139.363665258213
28,30,1.1825225953489853,1.6165677277147397,1.5612504048101818,1.2645140086003945,1.1227631130892313,0.06567526831108095,1.0,1.0,0.1,0.9,0.2,51,1540.4000394044735,6011.801297972284
28,31,1.1799546132992216,1.609334725773022,1.552789610213803,1.2730932062083797,1.131582019145245,0.06503591545571265,1.0,1.0,0.1,0.9,0.2,53,1517.4314288052926,6172.298486236879
28,32,1.1827680334188977,1.6367094346774194,1.616844627256066,1.3625108859064057,1.1205648059322888,0.13819343241174195,1.0,1.0,0.1,0.9,0.2,67,1181.4916467658163,83029.1517128745
28,33,1.1818288394292524,1.6333895430904968,1.6129246247560287,1.3721965988741034,1.1262427434098103,0.1400354604733287,1.0,1.0,0.1,0.9,0.2,69,1190.5117210264973,82900.59633661338
28,34,1.1809718733010846,1.642123606397907,1.6342552306057476,1.3817332545496892,1.1221252251061458,0.1389240387002172,1.0,1.0,0.1,0.9,0.2,71,1122.458175610589,87665.87935242073
28,35,1.1811966354131007,1.6422903002774965,1.6344073806376547,1.3828206168889425,1.1147354463734522,0.14143896286836216,1.0,1.0,0.1,0.9,0.2,72,1141.4991199781568,85846.85095829895
28,36,1.1800198552227577,1.6386720899208285,1.630181530434714,1.3851834119650535,1.138862516113261,0.14074744063754208,1.0,1.0,0.1,0.9,0.2,73,1139.8812355117104,86631.65846314529
28,37,1.1753713822445184,1.634294869966814,1.6361289155161467,1.3982162312072055,1.2236909885889438,0.14117818827397952,1.0,1.0,0.1,0.9,0.2,74,1208.792491123788,156125.85463958763
28,38,1.1740613813961915,1.6178315931536915,1.6057213255058802,1.3943530361562728,1.1526111691985348,0.14369427876042723,1.0,1.0,0.1,0.9,0.2,75,1187.9981251152765,155982.81329081353
28,39,1.1735618519746394,1.6159189138807435,1.60347291466946,1.4050263217435155,1.121245200378111,0.14418227670806377,1.0,1.0,0.1,0.9,0.2,77,1170.1261445287548,156831.20670669654
28,40,1.1727421155504714,1.6361803052908144,1.6494215346017096,1.4211621830874839,1.1267734553413578,0.14103151444298875,1.0,1.0,0.1,0.9,0.2,78,1149.135962408065,156421.49112842293
28,41,1.1715652269859897,1.6088352295360884,1.5951879436704715,1.4144352126940605,1.1506101824116897,0.1434803202089065,1.0,1.0,0.1,0.9,0.2,79,1143.6211968052442,157482.37584301122
28,42,1.1674076443860433,1.636685553769587,1.6616642816421587,1.4384061422438994,1.1260401714034025,0.1077913049409817,1.0,1.0,0.1,0.9,0.2,80,1111.5221860884485,86248.31347667037
28,43,1.1707439940309747,1.6056253903807247,1.5914182669680004,1.421461252711988,1.1220230805070035,0.14407039703725638,1.0,1.0,0.1,0.9,0.2,81,1152.4998693199072,157473.1381955399
28,44,1.1668157486607957,1.6455603193313246,1.683133889882122,1.448515774858962,1.119716907473542,0.10817751705132313,1.0,1.0,0.1,0.9,0.2,82,1128.1554605673532,86378.45714999501
28,45,1.1696634158410726,1.6018576552089379,1.5870257700432548,1.4246366616981854,1.1307944166812536,0.14288889963686685,1.0,1.0,0.1,0.9,0.2,83,1155.6800807091756,158175.99802581986
28,46,1.1659790655227271,1.642019476848629,1.6789647703550101,1.4586290642147466,1.1200507453031951,0.10945813675770313,1.0,1.0,0.1,0.9,0.2,84,1162.0037420007409,86887.61813493771
28,47,1.1653465810495864,1.6510382577506875,1.7006247347690286,1.480833960521491,1.1137900595961663,0.1085832585451286,1.0,1.0,0.1,0.9,0.2,89,1287.273980494226,87272.21631375761
28,48,0.32751603080512137,0.7635921533034211,0.7600738504857867,0.6029802127012969,0.2810957587816796,0.12523570910333465,0.1323314756639096,0.7152363846330299,0.1,0.9,0.2,96,1997.6002425261452,68571140.6634252
28,49,0.32613956993488435,0.7578476692743293,0.7533347376181184,0.6096471192775751,0.3152768975428937,0.12455865132056736,0.13246336010514237,0.7152965286253019,0.1,0.9,0.2,97,2051.485871563988,68559410.50777067
28,50,0.3259782722121948,0.7571724645528934,0.752543002754107,0.6131618921802647,0.27949673264893493,0.12519851603945842,0.13239290005686652,0.7153198422524947,0.1,0.9,0.2,98,2008.9821853440203,68583119.12464021
28,51,0.3241619559668951,0.7493437119297219,0.7433599082040787,0.6160825569085815,0.30242935689253825,0.12475081105549295,0.1324994479588965,0.7154620581705697,0.1,0.9,0.2,100,2043.0384408239056,68597884.38355649
28,52,0.32283320858400155,0.7515817650574289,0.756898737611327,0.630394564619363,0.31044507075903505,0.1275848947858684,0.1329851508838934,0.7166538258830542,0.1,0.9,0.2,102,1852.1135092224044,68618960.11966012
28,53,0.31945787909376955,0.7379855145906805,0.7410616995554328,0.6358804169173884,0.3209483269107616,0.12965659671143537,0.13257332405292477,0.7149121857599454,0.1,0.9,0.2,104,1976.7091312309367,68620229.68395936
28,54,0.2992276770366632,0.7161722884668545,0.7189045206794805,0.623030088901694,0.2624732332727549,0.1310099895228537,0.12263116871595019,0.6599489652082496,0.1,0.9,0.2,106,1990.9175964197943,68627809.09174156
28,55,0.3190349798257458,0.7353796866813681,0.7379818958814663,0.6501922749905603,0.2807301693064085,0.12953067201799712,0.13264051554375175,0.7154815371800308,0.1,0.9,0.2,107,1986.547767513976,68623681.21697
28,56,0.29856868230971484,0.7131407086980075,0.7153591197540836,0.6299881299668924,0.27107687749023057,0.13052887335213378,0.12264842313244395,0.6599561401427214,0.1,0.9,0.2,108,1960.4419006847568,68623649.13336027
28,57,0.318463833535371,0.7323775167989562,0.734453694076866,0.6572446449878193,0.28129899586008295,0.12923136999298143,0.1327261691651051,0.7155926648209677,0.1,0.9,0.2,109,2003.8560070964984,68635346.90291412
28,58,0.31847414376467753,0.7435566312226995,0.7586256566950047,0.6754648750355057,0.2756709281325881,0.12887398798395794,0.13274518657411138,0.7157835701798787,0.1,0.9,0.2,111,2001.017246961415,68637437.41935742
28,59,0.31356804399084737,0.7354629042322154,0.7498449716470647,0.6856604537619445,0.2994558495746978,0.1244202051818503,0.13217618233851663,0.7001573707072484,0.1,0.9,0.2,112,2011.4147066258377,68615266.54549542
28,60,0.4342145249944369,0.8610680514808113,0.8871138887923216,0.7347318644909128,0.411807033441016,0.11688562180290922,0.23053862875501788,0.8723263441858018,0.1,0.9,0.2,115,2148.751012252877,68480454.54276727
28,61,0.4668017768317054,0.9069264486941656,0.9570376475902332,0.8037667680010717,0.4547156221627021,0.11846803475389571,0.2513200657865294,0.9517847117320304,0.1,0.9,0.2,118,2004.165960845336,68377492.65163252
28,62,0.46239119886592683,0.9134212581210731,0.9764699306100698,0.8069207650210494,0.4266378367847294,0.11501206192079302,0.2502681819867797,0.9365389150740617,0.1,0.9,0.2,119,1899.83059276195,68427035.0458717
28,63,0.46562005156761876,0.9018033020650158,0.9510863980182827,0.8069936467537897,0.45931127421502627,0.11945401482157222,0.2510946671704612,0.950867268497545,0.1,0.9,0.2,120,2042.958505113756,68380665.4380291
28,64,0.4326867592957736,0.8518224856259311,0.8868817137847851,0.8486171368321611,0.4469655814650853,1.0,0.10719001088191996,1.0,0.1,0.9,0.2,121,3.6809624162285695e+19,132095549.8447564
28,65,0.39357798967527224,0.7942113637496543,0.8254630513378566,0.7337974856836587,0.5157332939259212,0.11522937757490843,0.21293132076754132,0.7896602445635331,0.1,0.9,0.2,122,1924.19735487862,68476612.19685695
28,66,0.4952709587500148,0.9013859536028102,0.9444741561115437,0.928197394245365,0.5113338979334854,1.0,0.1820660422577532,1.0,0.1,0.9,0.2,123,3.6809624155643728e+19,132132907.47725956
28,67,0.49120756265547355,0.8724593417027848,0.8890484925553794,0.9093018009179901,0.4807309883883951,1.0,0.17805476960967948,1.0,0.1,0.9,0.2,124,3.687103261411226e+21,480351633.3987812
28,68,0.4924406837374055,0.8816699454627688,0.9213608495653924,0.9339358106201754,0.5820575693754952,1.0,0.1822022372031348,1.0,0.1,0.9,0.2,125,3.680962415449584e+19,132129489.28430375
28,69,0.492335584212894,0.8921329907816891,0.9446973206482945,0.9452613015881537,0.46656484399786546,1.0,0.1822022372031353,1.0,0.1,0.9,0.2,127,3.6809624158172537e+19,132129413.71305884
28,70,0.740674308067117,1.0974455508465977,1.1307388710192159,1.1875583388889572,0.9728368625682167,1.0,0.4634595522851906,1.0,0.1,0.9,0.2,128,3.687103261301397e+21,480145321.2326597
28,71,0.7400044376365744,1.089692865744503,1.1216103785446512,1.1946481820413195,0.7454480492565543,1.0,0.46377171951990104,1.0,0.1,0.9,0.2,130,3.68710326125507e+21,480137011.00751054
28,72,0.7387891015145978,1.0726883328326353,1.112418093089836,1.1864194723344321,0.9315903113052628,1.0,0.4660899657867166,1.0,0.1,0.9,0.2,131,3.687103261331296e+21,480196318.5256917
28,73,0.7370282852324761,1.0407131344673735,1.063838818384471,1.2036178090156826,0.8662071447177881,1.0,0.4663914391504429,1.0,0.1,0.9,0.2,132,3.687103261287532e+21,480274923.18423146
28,74,0.7356739549362292,1.0240827355955222,1.0443364764415946,1.209815001759779,0.7784514656256352,1.0,0.46654629102644557,1.0,0.1,0.9,0.2,134,3.687103261285444e+21,480272025.68081343
28,75,0.7352650681495687,1.0242972643672426,1.0555741440358788,1.2169090637582223,0.7607684440635301,1.0,0.4671645780901189,1.0,0.1,0.9,0.2,136,3.687103261285084e+21,480261084.0950256
28,76,0.7388847660977933,1.0025310144138473,1.0400361733347523,1.246450928362296,0.8190874942149953,1.0,0.4744683414171401,1.0,0.1,0.9,0.2,139,3.687103261069562e+21,480204077.2959057
28,77,0.7383030786214944,0.9874781272693063,1.022329951055231,1.2644673227790828,0.745495864031392,1.0,0.4749579261254896,1.0,0.1,0.9,0.2,145,3.687103261060936e+21,480140936.45717657
28,78,0.737107804229463,0.9675038822798776,0.9989308211628676,1.274052894870031,0.7973230896410242,1.0,0.4749846147009612,1.0,0.1,0.9,0.2,147,3.687103261062234e+21,480187260.11746246
28,79,0.7368454177419963,0.9621243603407783,0.9926215223968926,1.2812041162248453,0.7464956911214231,1.0,0.4750405256787392,1.0,0.1,0.9,0.2,149,3.68710326101468e+21,480193194.7791296
28,80,0.7369929976735059,0.9727740215566316,1.01614405198895,1.3008507519342167,0.7287665933129914,1.0,0.4752514859320686,1.0,0.1,0.9,0.2,154,3.687103261102467e+21,480073409.1707244
28,81,0.7073448395024484,0.9253613390113204,0.9655140879852406,1.2785702950441131,0.8303182080734497,1.0,0.4434445789439871,1.0,0.1,0.9,0.2,155,3.687103261048181e+21,480055345.6001597
28,82,0.772511704815463,0.9617070953689195,0.9856833909012976,1.3540225748174035,0.8947698534441395,1.0,0.5168838455567377,1.0,0.1,0.9,0.2,156,3.687103261109945e+21,479972780.460704
28,83,0.7720836292142876,0.9362207596464431,0.9557020370780278,1.3600147126828277,0.8575875969172284,1.0,0.5177288691085834,1.0,0.1,0.9,0.2,158,3.687103261146936e+21,479950381.1910151
28,84,0.7720739406878496,0.9359234299391941,0.9553531490013587,1.3676426011385183,0.7670080414094618,1.0,0.5177323590153438,1.0,0.1,0.9,0.2,160,3.687103261164197e+21,479951256.8281539
28,85,0.7715987658469863,0.9359999044823617,0.9665268311436741,1.2401716870287662,0.7918255978779134,1.0,0.5177181711501542,1.0,0.1,0.9,0.2,163,3.687103261144979e+21,479944667.1276971
28,86,0.7719290615091912,0.9356312212718563,0.966033360504865,1.2329687474371989,0.7688462121528612,1.0,0.5181179464519154,1.0,0.1,0.9,0.2,165,3.6871032610986514e+21,479936309.70418006
28,87,0.7466351231635948,0.9835248201185349,1.1039948024231467,1.287788989039355,0.7606933751082656,1.0,0.4902608866761257,1.0,0.1,0.9,0.2,167,3.769201408356245e+21,490651986.5204255
28,88,0.7464065608468098,0.9775513102583535,1.0969983164139527,1.2872196789084585,0.7617303438517087,1.0,0.490260886676125,1.0,0.1,0.9,0.2,169,3.769201408409344e+21,490662799.8536372
28,89,0.7556039979833478,0.9168723874281235,0.9578440325549047,1.3901385400557207,0.7697692222832264,1.0,0.5005971185628236,1.0,0.1,0.9,0.2,170,3.8531275777160847e+21,501585708.853501
28,90,0.7459595808078907,0.907041614100699,0.9479803252191734,1.3882798143080226,0.7415767022639272,1.0,0.48988926276594524,1.0,0.1,0.9,0.2,172,3.7692009835348833e+21,490665419.8082138
28,91,0.7460484433910719,0.9715485925300416,1.0899908213037772,1.2823473423746383,0.7614955332303097,1.0,0.4901102778214044,1.0,0.1,0.9,0.2,173,3.769201408455525e+21,490668857.5412674
28,92,0.7072390208644161,0.8517536005568089,0.8787374797423879,1.3570574679301035,0.7209426396979228,1.0,0.44709852294470764,1.0,0.1,0.9,0.2,174,3.687103261176955e+21,480021814.41588897
28,93,0.7071449622188399,0.8476156487046014,0.8738805459182506,1.360625641036789,0.7122111955068506,1.0,0.4471648131923052,1.0,0.1,0.9,0.2,177,3.687103261143144e+21,480019594.6838929
28,94,0.7068651074140428,0.8410564791196622,0.8662060568103822,1.375573376165451,0.725139577332877,1.0,0.4471128368613324,1.0,0.1,0.9,0.2,179,3.687103261171676e+21,480024913.3708229
28,95,0.7067792275370728,0.8512837448295869,0.8892755881522316,1.387793633165195,0.7055789372852332,1.0,0.44705354777790446,1.0,0.1,0.9,0.2,181,3.6871032611550265e+21,480020853.317567
28,96,0.7069338161306773,0.8470354298154674,0.8842463429125498,1.3955300242751496,0.7345177570620014,1.0,0.4474015440249993,1.0,0.1,0.9,0.2,182,3.6871032611146967e+21,480014290.4726703
28,97,0.6812996963337598,0.8208433158360358,0.8579552625217135,1.3743685676860116,0.6783921065384122,1.0,0.4189412629363417,1.0,0.1,0.9,0.2,185,3.6871032611457566e+21,480009003.7864539
28,98,0.706846704682975,0.8436824637723281,0.8803141402972028,1.4030968666326762,0.7223141292956934,1.0,0.4474333574426728,1.0,0.1,0.9,0.2,186,3.687103261117569e+21,480003048.6765898
28,99,0.7068874106256986,0.8284557825674446,0.851366141301418,1.4138568681236903,0.7180105608520526,1.0,0.447640271084195,1.0,0.1,0.9,0.2,188,3.687103261205944e+21,480028744.617792
29,0,0.7685321822261556,0.941235126597292,0.8821974509295205,0.007364632186192171,0.0,0.0,0.0,0.0,0.1,0.9,0.2,1,4550.314266473199,6910.691873093363
29,1,0.7608273669634946,0.9445815477937626,0.8847586621593252,0.01827026617236037,0.02394550006158716,0.07828222811733856,8.264843040355e-05,0.00014630752434526998,0.1,0.9,0.2,3,4398.710849393001,6822.243075377565
29,2,0.7480994819935199,0.9491380405574742,0.8880390127957745,0.031910139866831784,0.07198069192581669,0.07667874631684042,0.009109039184304819,0.020367546672043248,0.1,0.9,0.2,4,4129.500744887352,6728.591920403141
29,3,0.9845876609030182,1.2252615370523743,1.1609804070600849,0.33026924719216577,0.44441846627840614,0.21486972461500292,0.10350778871163077,1.0,0.1,0.9,0.2,5,4655.13506827938,1060241.6583891036
29,4,1.012379768493359,1.2888642577363674,1.23540450967759,0.3931114929970161,0.4690284971528652,0.07978697239320108,0.2759720072224809,0.6170653812716785,0.1,0.9,0.2,6,2342.9937892053704,6892.016042090561
29,5,0.5978558737486934,0.9424436827293402,0.8959834290332682,0.07137428454291407,0.30153670485915873,0.09560495896316087,0.037975799267912405,0.06722626369055677,0.1,0.9,0.2,7,2027.4678165814817,5390.405004828072
29,6,0.6174994694837086,0.9822422357477328,0.9189269277332914,0.14812620174548985,0.293846257292496,0.09406993140947875,0.11491340582180716,0.08931808298540712,0.1,0.9,0.2,8,1539.0065515231986,2253.275923235771
29,7,0.43989921420065137,0.8656973462377807,0.8060584666492441,0.0697593667373431,0.43176280268469713,0.09274375558859912,0.03529600232710123,0.08174566427768967,0.1,0.9,0.2,9,2487.5669897678827,4118.33623901456
29,8,0.5254162647335113,0.9792332519712926,0.9106404767061491,0.23864844212176956,0.5883060951665355,0.09399142763901433,0.1900852255464792,0.21366784297250424,0.1,0.9,0.2,10,3567.868646527233,4112.657795441179
29,9,0.3495669418543018,0.8050734104593305,0.7356522993067851,0.06661593363188323,0.08766811424329653,0.0907018132754416,0.032833490815367725,0.07633092847295159,0.1,0.9,0.2,11,3322.7339117042275,5985.522489612384
29,10,0.3054108353026421,0.7684387245919541,0.6938379065653785,0.0633840084399869,0.15311662236051882,0.0946150405930771,0.028312453280728678,0.06277075220007786,0.1,0.9,0.2,13,2089.8917954086846,3716.4380842216897
29,11,0.2951671787423126,0.7585566869117167,0.6835699206562261,0.06423608521154531,0.04774118344895195,0.09428729641635626,0.022660796484698688,0.05022774543425272,0.1,0.9,0.2,15,2140.0684522274346,3601.610033230182
29,12,0.29449984937506496,0.7579912248754558,0.6828919457551242,0.07494981006680952,0.04455318005330187,0.09329969139977368,0.02285292585013563,0.050312179638394974,0.1,0.9,0.2,16,2129.260598632798,3595.912264792455
29,13,0.2681486497465794,0.7451025185868476,0.678563678170334,0.07856662458305995,0.2228643925645355,0.09413211165193727,0.024760611539317582,0.050479308476789254,0.1,0.9,0.2,17,2216.1604598608205,3447.379059122389
29,14,0.25970287726469465,0.7367133955089343,0.6696522298551656,0.08273849106961009,0.04710417366467199,0.09459474389504038,0.02064503376521046,0.04207082681834418,0.1,0.9,0.2,19,2112.8860712104715,3536.90051407768
29,15,0.2589251703479859,0.735935882423224,0.6688701023708346,0.08756544296888179,0.035797309223711875,0.09432265345430708,0.02006826824222927,0.04104981364988025,0.1,0.9,0.2,21,2161.687191844156,3564.9356417217723
29,16,0.2580584700873379,0.73507804647327,0.6678525724424772,0.09313418933031699,0.039035792918498374,0.09447430073632854,0.02012134174280045,0.04110904422995364,0.1,0.9,0.2,23,2092.6914392800145,3567.793517100608
29,17,0.33883828287247475,0.8034561502782499,0.7188821671109881,0.19019894460833567,0.3181744853921954,0.06841426637578397,0.03368402439169207,0.5179623201140466,0.1,0.9,0.2,24,2280.2287687153243,4686.648663334227
29,18,0.5905588340628278,1.0766648845259197,1.0167486721403611,0.4648561881059716,0.4103342618358524,0.07642621060369668,0.21305586697580864,1.0,0.1,0.9,0.2,29,3651.158036222367,7137.604079394128
29,19,1.294897707468721,1.7916397678115161,1.7440288243772946,1.1821461923389847,1.1213911531444154,0.07223336898175212,1.0,1.0,0.1,0.9,0.2,31,3680.708368172698,7638.12154481826
29,20,1.2616847604310826,1.7488342996979822,1.6938821643433752,1.1841004128209276,1.2569743070138197,0.07284213211167448,1.0,1.0,0.1,0.9,0.2,33,3646.6328793384746,7148.4059851489965
29,21,1.261571528880939,1.7599058105081957,1.717942816663051,1.1950221645403118,1.1074509701490394,0.07218051630100922,1.0,1.0,0.1,0.9,0.2,35,3653.285670787968,7134.991173970511
29,22,1.2611089099785475,1.7592209010844446,1.7171297237188636,1.2062334847083542,1.1098943658382696,0.07281455104404011,1.0,1.0,0.1,0.9,0.2,37,3563.452249215969,7069.679710497774
29,23,1.2482758798044775,1.7734122676466464,1.7668895941874594,1.2010100378027562,1.2479233861292482,0.07906936323289364,1.0,1.0,0.1,0.9,0.2,38,4243.906577692405,8466.954791858157
29,24,1.2360906935572924,1.7201734715306969,1.6713404745909333,1.2259794444598175,1.1525789656144614,0.07600720668713665,1.0,1.0,0.1,0.9,0.2,41,3622.582389230693,2472.0922977626374
29,25,1.2118806399638422,1.70100146941326,1.6627116631982886,1.2347448152069775,1.108279451197144,0.07877189515868381,1.0,0.9184872609379451,0.1,0.9,0.2,47,3351.6414788699485,2435.824907459521
29,26,1.211692475638619,1.700660223686846,1.662311931488344,1.2420790800502468,1.0927655429172276,0.07877189515868381,1.0,0.9184872609379464,0.1,0.9,0.2,49,3384.436521207831,2408.4078374438827
29,27,1.2111747302376352,1.6884473702928755,1.6369115480872416,1.238830850720309,1.099275736835813,0.07928595902145075,1.0,0.9186414822291489,0.1,0.9,0.2,50,3384.5143592641834,2415.723608828354
29,28,1.2097238141847106,1.6856504837697983,1.6336079431846795,1.2451810299611563,1.1021507678036135,0.079492644377954,1.0,0.9193472904558732,0.1,0.9,0.2,52,3285.857547685624,2416.6557963985997
29,29,1.1963669848157497,1.6816701769918398,1.6510648229544862,1.2578479199204533,1.2783848131724997,0.07300476276291638,1.0,0.9238978799195472,0.1,0.9,0.2,53,3770.471504617565,2606.4133166062807
29,30,1.2123365165586997,1.6914361350612996,1.658835652726591,1.276257819317858,1.1540925315742718,0.13495893240148163,1.0,1.0,0.1,0.9,0.2,55,3357.91555693876,2362.6013038075207
29,31,1.1980187114601049,1.6789256917549633,1.6564531137897578,1.2742346286931037,1.1651312741880953,0.06554628059038047,1.0,1.0,0.1,0.9,0.2,57,4127.908437480862,2555.4680776018336
29,32,1.1970760349287206,1.6766881049717817,1.6538322742179727,1.280489783069168,1.1143712020107628,0.06555141378306792,1.0,1.0,0.1,0.9,0.2,59,4198.307208352197,2634.700623919024
29,33,1.1923186256215677,1.6772474353672038,1.6656821011179643,1.2964447121125666,1.1756732953529632,0.05894979906737905,1.0,1.0,0.1,0.9,0.2,60,4327.200886249745,2630.615875303152
29,34,1.1777855038573763,1.6738396859777327,1.675253006401116,1.2878861238381443,1.0922605929701548,0.06303012486143875,1.0,0.9255379003543458,0.1,0.9,0.2,61,3778.853985424709,2533.0933310830405
29,35,1.192128834845441,1.6880028384484305,1.6893646859847904,1.3057549490224307,1.107970819498635,0.05874301133440958,1.0,1.0,0.1,0.9,0.2,62,4187.828709733204,2666.013328409921
29,36,1.1530739922021935,1.6425985257211455,1.6421736923205494,1.2757956888770143,1.1438460826721981,0.05731232550501185,1.0,0.8258628309750362,0.1,0.9,0.2,63,4077.010216618821,2651.014025314279
29,37,1.1731620488237493,1.6624611235251054,1.6619746789085397,1.2994473650860396,1.093567148007678,0.05693695749173662,1.0,0.9271577795018333,0.1,0.9,0.2,64,4098.625482735918,2543.8613942783472
29,38,1.1519945932442157,1.6398428062609327,1.6389558816001277,1.2884410209161854,1.0790138523846111,0.05704169375275366,1.0,0.825706107229561,0.1,0.9,0.2,66,4020.0571991251554,2670.033613850375
29,39,1.1517948224606167,1.6389339680615995,1.6378521822269407,1.2955734693091154,1.0790198975340581,0.058679143479853604,1.0,0.8260311900255626,0.1,0.9,0.2,67,3742.775489308072,4540.093005509732
29,40,1.15018234590715,1.6352803613591922,1.6336413973206632,1.2948743588857254,1.0934025617809717,0.052373307596562335,1.0,0.8271876486092269,0.1,0.9,0.2,68,3973.090467680255,2740.743386168041
29,41,1.1491307425080541,1.6226120920831715,1.6078602223838556,1.305264220434071,1.0710146811994488,0.05349235403268765,1.0,0.8225859173912464,0.1,0.9,0.2,72,3352.970175151296,2668.8087663431597
29,42,1.1794393155093363,1.6729168317373222,1.6935585154341362,1.4812978931982133,1.113784652282142,0.07626958794082121,1.0,1.0,0.1,0.9,0.2,96,3105.482438163356,101918.73943282836
29,43,1.1688652011509726,1.6389229011036797,1.6537448957387193,1.4853471517701888,1.2259662345659277,0.07615187129487754,1.0,1.0,0.1,0.9,0.2,98,2850.4615952546787,263204.2741812015
29,44,1.168211959648312,1.6487274272654695,1.676370560380372,1.5029759675674381,1.1096967007295158,0.07263036881042403,1.0,1.0,0.1,0.9,0.2,101,2862.8205025983216,88895.02851235088
29,45,1.1664741967106997,1.6532297671775218,1.6926877306731163,1.5245018285349927,1.1236028055051097,0.07484247416769994,1.0,1.0,0.1,0.9,0.2,104,2892.810067552934,93519.81377725845
29,46,1.1659842747360436,1.6514612423121584,1.6906161235425192,1.531723770434849,1.1136654767396093,0.07485379121604903,1.0,1.0,0.1,0.9,0.2,106,2898.448128553023,93464.68756086253
29,47,1.1657943804088322,1.6505801699917357,1.68957165055876,1.528018773744739,1.1142255593136103,0.07558803239344512,1.0,1.0,0.1,0.9,0.2,107,2847.130239287369,93577.52637714948
29,48,1.1627172881959331,1.6383802001720962,1.6752335921290462,1.530865843627259,1.1955614038238167,0.07843366448606862,1.0,1.0,0.1,0.9,0.2,108,2643.626838913403,92702.32054765437
29,49,1.1596884707620387,1.6402284930507751,1.6886274905135699,1.555034433710897,1.1662756433531478,0.06982551220690822,1.0,1.0,0.1,0.9,0.2,109,54817.901365634905,93701.62832116552
29,50,1.160153766425915,1.6394860865191712,1.6876126219474212,1.5521023440044917,1.1185982571367674,0.0783268173395213,1.0,1.0,0.1,0.9,0.2,110,2612.7877566549605,80882.71766018524
29,51,1.153665982162663,1.6267677515994132,1.683982985386763,1.5600449161908132,1.2663619538791264,0.06751236400429486,1.0,1.0,0.1,0.9,0.2,111,53877.49216217581,108915.24932784536
29,52,1.1534473801464649,1.6254999721867163,1.682483377845779,1.567368089959781,1.1163432106773885,0.06837498146651659,1.0,1.0,0.1,0.9,0.2,112,53991.15549099486,109097.57874567792
29,53,1.150976402000597,1.6154164985936614,1.6707332115302842,1.5625073234458833,1.1742019022448886,0.06485853453741758,1.0,1.0,0.1,0.9,0.2,113,28425.780100565014,108395.380021846
29,54,1.1505800585184875,1.6133566589596136,1.6683113239078953,1.569851944526152,1.121309318365176,0.06539651552991253,1.0,1.0,0.1,0.9,0.2,114,28590.583261060423,108746.16440162688
29,55,1.1498009927114672,1.609457372814222,1.6637357236563044,1.5770341587047392,1.1203839199689536,0.06590165015492135,1.0,1.0,0.1,0.9,0.2,116,28476.675130850857,108671.65891904484
29,56,1.148809788026671,1.6064844446746613,1.660334822292272,1.5838218991553032,1.1235583453068931,0.06116058287391056,1.0,1.0,0.1,0.9,0.2,117,28527.65061087104,inf
29,57,1.1491560772161689,1.6063553415203216,1.6601030978070612,1.5879898798312913,1.1086933909017487,0.0658635769658286,1.0,1.0,0.1,0.9,0.2,119,28741.31889080435,107727.67891603777
29,58,1.1481350619416961,1.6014997269300186,1.654423437284801,1.587502224103752,1.1401358394706356,0.06542376234640605,1.0,1.0,0.1,0.9,0.2,120,28813.35335070124,108587.9792393514
29,59,1.0796332406165736,1.550116300546937,1.627911373129469,1.5346882766069256,1.0546992340542265,0.05798638832648283,1.0,0.6677397414914834,0.1,0.9,0.2,123,2850.131993030536,128729.9301223804
29,60,1.0785325738631464,1.532710903495835,1.5964237329088764,1.5302143531659846,1.0615299493904122,0.057013643944171535,1.0,0.6688023430781291,0.1,0.9,0.2,125,2824.455142687239,128103.15330796751
29,61,1.0781806835847885,1.5426433597209879,1.6191624852057664,1.545222733714716,1.0432734787044295,0.057156529523966035,1.0,0.668041485464621,0.1,0.9,0.2,127,2794.9188282425653,128542.40645583766
29,62,1.0705039720884806,1.545610314693489,1.635011228576929,1.556936781512489,1.0342403488777865,0.05412951160315134,1.0,0.6318351919830258,0.1,0.9,0.2,129,2869.051090897688,105501.254442095
29,63,1.080927429433268,1.528725391236983,1.5910935872599863,1.5714812646244627,1.0517890055621169,0.05527523415199172,1.0,0.6890017772250073,0.1,0.9,0.2,134,2656.218124949381,102150.55405474742
29,64,1.0800305834776476,1.5351082929410653,1.6096577867022128,1.5826058248189996,1.0763876911765196,0.0556097251086294,1.0,0.6886444166525016,0.1,0.9,0.2,135,2785.890857160867,106533.29613948062
29,65,1.0727616815401408,1.5081110348323172,1.5893147724313375,1.5858478673669876,1.3009587800319133,0.0609339527943619,1.0,0.6802599276246458,0.1,0.9,0.2,136,2634.676820256075,131631.01078874076
29,66,1.0721129407690857,1.5146655321965985,1.6080634807692387,1.6009248910416471,1.0586521408346024,0.06059717184489631,1.0,0.6807260425297914,0.1,0.9,0.2,138,2665.55084771835,128982.45111895306
29,67,1.0703547599124037,1.4904917869195282,1.5686445998091507,1.5997086728734349,1.0881072883610565,0.05805413664469259,1.0,0.6826788176524827,0.1,0.9,0.2,140,2593.3789037485158,128086.5739183782
29,68,1.0693029353284103,1.485814815333095,1.563246295120206,1.6103404391152027,1.056617260082077,0.057585135888077586,1.0,0.6805887580988035,0.1,0.9,0.2,142,2658.685321271992,127340.6932464486
29,69,1.0717508188520617,1.4776389528219482,1.552969623364237,1.632770803485882,1.0887725243977295,0.07037720008006063,1.0,0.6946478876854625,0.1,0.9,0.2,144,2568.771034270313,20030.623096154864
29,70,1.0516610857127722,1.4339204962242114,1.5263299054333042,1.67268573514541,1.057931850302422,0.059014152205583516,1.0,0.6301935516316874,0.1,0.9,0.2,158,2669.8429797299987,127039.691726237
29,71,1.051497340074797,1.432605286869591,1.5247948836865262,1.6803328988501782,1.0363936821152244,0.05898555833006258,1.0,0.6300506749417525,0.1,0.9,0.2,160,2675.97642051063,127022.73256809074
29,72,1.0509223920030477,1.4383348750958243,1.542590963437128,1.687971720237238,1.0699949374082547,0.06028700065494831,1.0,0.6292950360585816,0.1,0.9,0.2,161,2598.294669942009,127791.51831953056
29,73,1.0504467739015217,1.4252158853901171,1.5161976640138066,1.687144314473014,1.0427165822137343,0.05845484931000909,1.0,0.6286305105679284,0.1,0.9,0.2,162,2642.313402605868,126445.02951970843
29,74,1.0500368034231125,1.408381697470387,1.4853695969358585,1.6785484636682662,1.0730159264213044,0.059731967034594505,1.0,0.628846077682666,0.1,0.9,0.2,163,2627.490465290274,127696.24164749152
29,75,1.0493746439161693,1.4125441772805132,1.5013265823393516,1.6900320905086599,1.055952271685188,0.05973196703459458,1.0,0.6288460776826639,0.1,0.9,0.2,165,2566.8712591606622,127435.73632522993
29,76,1.0402475398986013,1.401822698589552,1.490303862693266,1.7048241352612545,1.0289277053571988,0.05974654911778332,1.0,0.5840275317754557,0.1,0.9,0.2,167,2587.731803854382,127718.70831026466
29,77,1.0487307444551766,1.4282657540935704,1.5419085686541174,1.7400756246388225,1.035519720218983,0.05645758258587681,1.0,0.630349899355726,0.1,0.9,0.2,176,2669.9655956564397,1121609.6308103888
29,78,1.0480746477916105,1.4433623320959366,1.5817537300947961,1.7642948829406027,1.0487428947329782,0.06088088487270663,1.0,0.6281418918540448,0.1,0.9,0.2,179,2549.6815805548763,127688.3707386224
30,0,0.9730560317336571,0.993900489087531,0.9438821166778277,0.012207057973661237,0.0,0.0,0.0,0.0,0.1,0.9,0.2,1,1170.9783780536643,7719.731526176145
30,1,0.9564515406207955,0.995707449159134,0.9447347868927027,0.022469548917089955,0.026839197168135088,0.07258063709722555,0.00010534518783734,0.00013170592161439,0.1,0.9,0.2,3,1145.7727092243035,7700.219769258982
30,2,0.9258348101103457,0.9990556849316331,0.9462363767928756,0.03792643633230216,0.09682022100025557,0.059825054517621976,0.01493926568646248,0.01041349088523862,0.1,0.9,0.2,4,1169.878971419404,7465.379835063111
30,3,0.635298471999079,0.9857228482122548,0.9241185253820121,0.13148009690564388,1.0126537437579581,0.08893553371902074,0.10024776216838771,0.12533295708335995,0.1,0.9,0.2,5,1555.817979201968,4775.590191410123
30,4,0.5135971514348135,0.9177136379272895,0.8474056154626516,0.1142683657546432,0.2846702348912684,0.09393858058418711,0.0807533568541649,0.1246228710835802,0.1,0.9,0.2,7,1672.2249452903875,5821.679954159035
30,5,0.41138370764509974,0.8496484011256553,0.76992658336022,0.10122221939953807,0.2856637830630504,0.10818995213594736,0.06757052226316418,0.11133675785275066,0.1,0.9,0.2,9,1882.80062284089,5678.038233519287
30,6,0.38022445364327223,0.830641257261486,0.7635396788530999,0.08582644651079681,0.06979358268950425,0.10984036030317076,0.04501546804859707,0.07206027252321008,0.1,0.9,0.2,13,1835.6936858507036,4766.626082707609
30,7,0.4317921115076057,0.8715367832598087,0.7912271688778314,0.14852201274848909,0.12137234042431749,0.11554769800632347,0.06053726830598305,0.2659108842961873,0.1,0.9,0.2,17,1500.24660414842,74204.0637738819
30,8,0.4505172917928907,0.8925706141435147,0.8112383998211684,0.1832835444060818,0.1670032581608175,0.09218915107081524,0.09137338963044069,0.2738540576357479,0.1,0.9,0.2,19,1954.9701866827425,5802.265774442779
30,9,0.41440173536254465,0.8625299160874423,0.7779253165649238,0.17572161267784145,0.2021024849236295,0.10478673989408238,0.061586146300361924,0.3469320586136193,0.1,0.9,0.2,21,1246.6748545294408,73108.15217989663
30,10,0.4079912309666387,0.860467901296664,0.7721494661479416,0.19846371408465985,0.23056528320511513,0.11129244849986986,0.07476675165174392,0.3824899712804895,0.1,0.9,0.2,23,1452.9992078994546,71601.58450982237
30,11,0.40693135731853436,0.8707423724491338,0.795265271153932,0.20555645837215505,0.1581574489853862,0.11129244849986986,0.07476675165174441,0.3824899712804898,0.1,0.9,0.2,25,1383.976096019025,72006.82344692678
30,12,0.710988796396908,1.200447735607217,1.145668635679997,0.5613412282001344,0.6056699572943641,0.15505717505962965,0.3443842607141871,0.838637862758507,0.1,0.9,0.2,27,2080.1306163187774,65098.15400873625
30,13,0.6985939213942078,1.1966245253121737,1.1507447347350577,0.5756635692227041,0.5813730392479917,0.1550630571289367,0.3508150566313333,0.854298012071394,0.1,0.9,0.2,29,1753.6135712237294,67077.31268720166
30,14,0.6930794152745708,1.156684503647289,1.0706499919833918,0.5567461368623771,0.5181896868089971,0.1640741794536144,0.3429132653113089,0.8873837300764702,0.1,0.9,0.2,32,1859.0743328878311,96588.82085020392
30,15,0.5958198197375945,1.0995216070493716,1.0610507313303392,0.5109947745616331,0.6075060260628792,0.15352712290488,0.2934508359736661,0.7349186440445983,0.1,0.9,0.2,33,1706.0577308736647,105129.14813056707
30,16,0.5871172676477048,1.0889033422446985,1.049083764092427,0.513693260499261,0.451164711690468,0.1434557107013964,0.2860075165156043,0.7597371392321844,0.1,0.9,0.2,35,1640.9422131227377,92955.33670594728
30,17,0.6004293620485694,1.101802672074221,1.061709111384439,0.5311310566014378,0.44936997374617477,0.1498544538569638,0.30548387630469004,0.7413885307579756,0.1,0.9,0.2,36,1672.479025805648,95034.62954537629
30,18,0.6856265539496792,1.1862504311099864,1.1456716831021752,0.621242013996006,0.5452914969263212,0.13794236888189956,0.36127337732445697,0.9326976113901599,0.1,0.9,0.2,37,1655.6690226627404,104130.16592782114
30,19,1.1519537123513421,1.6515285222215814,1.617546688394793,1.131032774117236,1.278087086429556,0.1432387563018109,1.0,0.5131128608222117,0.1,0.9,0.2,38,3670.1870799404337,65021.48636437114
30,20,1.1725309763332474,1.670236296848562,1.6353466295620716,1.161055063423059,1.0605950785839386,0.1390559679050995,1.0,0.635247799982138,0.1,0.9,0.2,40,3143.4595670675285,75941.7001096269
30,21,1.1664904534403668,1.6708673278987598,1.6471673891284344,1.1686130048377634,1.0767725503979935,0.1390559679050996,1.0,0.635247799982136,0.1,0.9,0.2,42,3119.700378400338,75755.88873381374
30,22,1.1664904533385232,1.6820716765592292,1.6713721546495666,1.1872121638165674,1.040955617958434,0.1390559679050995,1.0,0.6352477999821361,0.1,0.9,0.2,44,3119.70037797808,75755.88872832835
30,23,1.147893918043818,1.6519821355901583,1.6281646554326363,1.178900609607249,1.0275875547379238,0.138353992870827,1.0,0.5446040893476163,0.1,0.9,0.2,45,3089.3396574417598,75398.80124082275
30,24,1.147531164051981,1.6445240696652685,1.6179823902948385,1.1825718343796496,1.142321973324476,0.14833895288501192,1.0,0.5818583754431107,0.1,0.9,0.2,46,3088.0983974113174,75456.6502006379
30,25,1.221532613219139,1.7819485300954658,1.8320129043761246,1.3936352363669506,1.111319035135832,0.09562207791783636,1.0,1.0,0.1,0.9,0.2,79,3377.242162766596,33508.97880481771
30,26,1.2121385019727104,1.76416970017746,1.8113587094122285,1.3945466751191462,1.226912267557872,0.08573146314788209,1.0,1.0,0.1,0.9,0.2,80,3447.1169068015724,34908.43875449611
30,27,1.2074607564491056,1.764964712876597,1.8233597184040125,1.4177432371049268,1.122846622193582,0.08642242503727054,1.0,1.0,0.1,0.9,0.2,85,3331.7452756774774,40803.12306012736
30,28,1.202253925963218,1.7532847721587996,1.8096825372190595,1.4167054234004062,1.1901322418076699,0.08624836091083972,1.0,1.0,0.1,0.9,0.2,86,3455.0542578820823,42938.57599087731
30,29,1.1990852209485294,1.74595228025314,1.8010969372641494,1.4300015718799746,1.1344474349760636,0.08609124422578243,1.0,1.0,0.1,0.9,0.2,88,3407.010161641316,41077.16274447243
30,30,1.1983346665441854,1.7553141413416815,1.8231437945868316,1.4474224694181899,1.1148881555306518,0.08609124422578249,1.0,1.0,0.1,0.9,0.2,90,3413.443804221576,40997.25013496359
30,31,1.2874785586776187,1.852392160751356,1.9322777187891358,1.5559249943414966,1.2127375559279752,1.0,1.0,1.0,0.1,0.9,0.2,93,5890.30635278106,346036184.36039203
30,32,1.271564421135776,1.8317100368728316,1.9302169220369623,1.6025536657237727,1.3505750137363997,1.0,1.0,1.0,0.1,0.9,0.2,95,2684.55601199629,22724663.80197475
30,33,1.2715042952704805,1.820362248751209,1.905844048728424,1.5952809675899908,1.2012523871258072,1.0,1.0,1.0,0.1,0.9,0.2,96,2703.051245572537,22721082.481458507
30,34,1.2671694540405551,1.8181578287129385,1.9143437936796457,1.6049340758039654,1.2932480164696094,1.0,1.0,1.0,0.1,0.9,0.2,97,2636.271588282691,22722776.40130248
30,35,1.2637926397352646,1.8296345242883272,1.949949377377836,1.6296419633584338,1.208521871536051,1.0,1.0,1.0,0.1,0.9,0.2,106,2709.8949628210157,22536790.63066258
30,36,1.2575645204757429,1.8077958235865592,1.9243706161235707,1.6202334827644014,1.2760687050147972,1.0,1.0,1.0,0.1,0.9,0.2,108,2726.906056789788,22528701.81612124
30,37,1.2475757250819344,1.7789349149856197,1.9016488998651069,1.661030757204784,1.2559706316328367,1.0,1.0,1.0,0.1,0.9,0.2,113,2597.9411796896625,22535313.11373236
30,38,1.2461683202703768,1.7726630715620155,1.894303009496843,1.6717107919140515,1.2218888525749774,1.0,1.0,1.0,0.1,0.9,0.2,115,2671.5721146722594,22508144.88329477
30,39,1.2434113608822557,1.7598516538492937,1.8792975194193362,1.666786404000469,1.289496366337951,1.0,1.0,1.0,0.1,0.9,0.2,116,2629.619119807674,22529052.51609951
30,40,1.2430902113909812,1.7695120194660514,1.9016940435644571,1.6928731375896855,1.2053906962105496,1.0,1.0,1.0,0.1,0.9,0.2,118,3025.829432976675,22618779.34622841
30,41,1.2430810115075128,1.7806720882451874,1.9258470381861892,1.7080717890537485,1.2001031872229482,1.0,1.0,1.0,0.1,0.9,0.2,121,3020.8608347448726,22619095.736220676
30,42,1.2416845193470756,1.773897779295565,1.9179125737144773,1.715014326051338,1.2238396232623092,1.0,1.0,1.0,0.1,0.9,0.2,123,2858.136778841015,22611001.664262075
30,43,1.2414445077778031,1.7726642683155653,1.916467778487741,1.71866754745181,1.208348865486163,1.0,1.0,1.0,0.1,0.9,0.2,124,2845.959014129025,22612077.528623328
30,44,1.2401991980239913,1.7663925958567537,1.9091220849670036,1.7258364608102748,1.2440330121093766,1.0,1.0,1.0,0.1,0.9,0.2,125,2838.1554761225366,22607843.68166712
30,45,1.2400489859075192,1.7768474348656194,1.9324489761369616,1.7409720967790385,1.201080277829002,1.0,1.0,1.0,0.1,0.9,0.2,130,2834.679474318475,22631031.42059729
30,46,1.2399645699795128,1.77638035905171,1.9319020024773914,1.7447246632341105,1.2030406571982881,1.0,1.0,1.0,0.1,0.9,0.2,131,2835.198781031664,22630440.46205855
30,47,1.2389586491425708,1.7822885603610434,1.949903708751749,1.7520425754536972,1.2366887977147603,1.0,1.0,1.0,0.1,0.9,0.2,132,2899.0355195918432,22626166.934308257
30,48,1.23766621184448,1.7753518348582682,1.9417790239538504,1.7552313247578375,1.2484387052408272,1.0,1.0,1.0,0.1,0.9,0.2,133,2845.8035885135587,22626178.440636385
30,49,1.2372038601993267,1.727999716198444,1.8419907793994077,1.7388033502162823,1.217705239063034,1.0,1.0,1.0,0.1,0.9,0.2,134,2856.9985135146635,22632695.5563585
30,50,1.2369964589433529,1.7492619236189146,1.8890576790810527,1.7542492732780912,1.2080101863257056,1.0,1.0,1.0,0.1,0.9,0.2,135,2851.9325224453187,22633354.333743468
30,51,1.236289519117923,1.7229008622181912,1.8360186223009085,1.7495771679954177,1.2275998149514702,1.0,1.0,1.0,0.1,0.9,0.2,136,2842.1173824786574,22639823.756258804
30,52,1.231997316039546,1.7197908416724972,1.8545393498861105,1.754748197839892,1.3790958721480764,1.0,1.0,1.0,0.1,0.9,0.2,137,3679.9861101282286,22576623.117369663
30,53,1.2319973224592733,1.7309951903329666,1.8787443778706108,1.7666585345581702,1.2000021581684686,1.0,1.0,1.0,0.1,0.9,0.2,139,3679.986343172094,22576623.10239788
30,54,1.2311019348873278,1.7251986290333265,1.871955106690703,1.7661169356209776,1.220020195604404,1.0,1.0,1.0,0.1,0.9,0.2,141,3592.793176561124,22577178.400598407
30,55,1.2304094320737544,1.7318312081697236,1.890805357034825,1.7851922479333802,1.231696250023674,1.0,1.0,1.0,0.1,0.9,0.2,142,3567.299872434732,22580988.046088524
30,56,1.2299139581093674,1.7285225265348043,1.8869299541699587,1.8044867054909315,1.2115394167897355,1.0,1.0,1.0,0.1,0.9,0.2,144,3591.7831601874977,22585316.59087813
30,57,1.229612986052125,1.7264940292683175,1.8845542013758065,1.7999017016215961,1.20708608161937,1.0,1.0,1.0,0.1,0.9,0.2,146,3554.5376809871,22579153.66770836
30,58,1.2370002589616302,1.7941425752341256,1.9859513463780252,1.8324050411919017,1.2200015775320465,1.0,1.0,1.0,0.1,0.9,0.2,155,3295.9801799802563,22513142.788513582
30,59,1.241088716756811,1.838090784869445,2.0595893813095376,1.8601751546077936,1.3631625508531944,1.0,1.0,1.0,0.1,0.9,0.2,156,3385.591684094538,22515243.94017553
30,60,1.2418381698503191,1.841830297782202,2.063969369999991,1.8719947556566294,1.2281063769111593,1.0,1.0,1.0,0.1,0.9,0.2,159,3411.8289768963778,22521246.68179342
30,61,1.2329269093825819,1.792778276187639,2.006516794834091,1.8713275742791085,1.2159038780205182,1.0,1.0,1.0,0.1,0.9,0.2,160,3603.216097585224,22517281.304636776
30,62,1.24208048325121,1.8542358450768337,2.089581201638664,1.879761476733534,1.2112483006955925,1.0,1.0,1.0,0.1,0.9,0.2,161,3357.2526146280434,22526569.387736384
30,63,1.2461430283648747,1.8733871502006914,2.1120121741008764,1.8853444174128196,1.2141232894474552,1.0,1.0,1.0,0.1,0.9,0.2,162,3472.027060656333,22491770.20375655
30,64,1.2456945472876044,1.8601491753299513,2.085425422280594,1.884075936059917,1.2264749001730624,1.0,1.0,1.0,0.1,0.9,0.2,163,3453.436470500617,22491483.228577934
30,65,1.2499244139880252,1.889855846760837,2.13130119758098,1.8983344579849226,1.2244456578410694,1.0,1.0,1.0,0.1,0.9,0.2,165,3443.423732965229,22598605.550512068
30,66,1.2375989379041468,1.831009252187174,2.0623768735127346,1.9016191380661096,1.2005911252522978,1.0,1.0,1.0,0.1,0.9,0.2,166,3691.200503313419,22512373.593414985
30,67,1.2391882079919678,1.8395203924667787,2.072345494704736,1.9051834823738796,1.221814996724889,1.0,1.0,1.0,0.1,0.9,0.2,167,3800.45270338436,22508759.932300515
30,68,1.2355971168658237,1.8085993581126856,2.0250473647956047,1.8983379880414522,1.259882928041934,1.0,1.0,1.0,0.1,0.9,0.2,168,3297.9705487119872,22499948.41639722
30,69,1.2381945877681149,1.8342353578271742,2.066155558626377,1.9238263046223705,1.2049664851170412,1.0,1.0,1.0,0.1,0.9,0.2,171,3601.0321404549845,22530469.04949734
30,70,1.233762604646226,1.82022701560011,2.0608298488040395,1.9150024731734947,1.4055967306442048,1.0,1.0,1.0,0.1,0.9,0.2,172,3578.111770517239,22504831.22175783
30,71,1.2332024421879764,1.8280231811162546,2.0810428745722995,1.9350299951507755,1.2907228869364724,1.0,1.0,1.0,0.1,0.9,0.2,173,3554.6018960946008,22508811.42026361
30,72,1.2327040780715564,1.81375035635474,2.0532440669171357,1.9336531931431673,1.2226294742744965,1.0,1.0,1.0,0.1,0.9,0.2,174,3546.4245551022177,22507503.575310804
30,73,1.2283879409854117,1.7852539446920346,2.019867453374367,1.942585168298002,1.207213992711164,1.0,1.0,1.0,0.1,0.9,0.2,176,3506.531667083816,22492919.75915894
30,74,1.2326901129083494,1.836072374525733,2.101552155867546,1.950239323114759,1.216858209473325,1.0,1.0,1.0,0.1,0.9,0.2,177,3557.7826970489623,22508723.463919204
30,75,1.2316650445655002,1.8072142013614785,2.045588535390101,1.9470921623646056,1.2562579745889004,1.0,1.0,1.0,0.1,0.9,0.2,178,3530.4175676146942,22509015.802989285
30,76,1.2305271412015755,1.811034751586019,2.0611450673093867,1.9772849783252993,1.2025843718070928,1.0,1.0,1.0,0.1,0.9,0.2,182,3596.192318297848,22510493.976985488
