Run,Equation_Index,Hybrid_MSE_Train,Hybrid_AIC_Train,Hybrid_BIC_Train,Hybrid_MDL_Train,Hybrid_PSM_Train,Extrapolation_Divergence,Sensitivity_Interpolation,Sensitivity_Extrapolation,Lambda1,Lambda2,Lambda3,Complexity,MSE_Test_Interpolation,MSE_Test_Extrapolation
1,0,0.9255282878423632,0.9800978201073329,0.9790898091158705,0.39126416968952027,0.0,0.0,0.0,0.0,0.3,0.0,0.4,1,1.0060282509561511,1.1255912530621208
1,1,0.8585251304027622,0.9732788871295274,0.9679349532751028,0.39632209022641485,0.19456334536031472,0.06654486520955642,0.0011527398689579222,1.490765248059e-05,0.3,0.0,0.4,2,0.9205863043039187,0.9459458579805184
1,2,0.7659060160941716,0.9440208907293723,0.9402324987316525,0.3780381396552047,0.22264278021773437,0.06271677599316608,0.0013415230242818745,1.5630956957359998e-05,0.3,0.0,0.4,3,0.7974304474535935,0.8614672997601872
1,3,0.7658457558272522,0.9454596561861306,0.9447233366879478,0.38833141817147826,0.018892270875802974,0.06271677599316608,0.0013415230242818745,1.5630956957359998e-05,0.3,0.0,0.4,5,0.7960651349808505,0.8651260973854522
1,4,0.6425211663920088,0.8971874680351567,0.8941999324582878,0.3590375037529411,0.16819308929130228,0.049929862965589364,0.004972967415415308,4.822126893184e-05,0.3,0.0,0.4,7,0.7382622898836041,0.6426018902897759
1,5,0.5808469162932324,0.8747377522235295,0.8733756156961459,0.3502874643720762,0.11643700673530283,0.06405850395308359,0.015920795094730305,0.00015437884018541,0.3,0.0,0.4,9,0.6941251825614555,0.4454452664104131
1,6,0.5741677686661177,0.8712704210323976,0.8697749913394855,0.3497177435515086,0.03670917499762548,0.061297193787142504,0.013840132170240951,0.00013627018980477,0.3,0.0,0.4,10,0.7143232539087041,0.4496929095799049
1,7,0.5337852260068353,0.8537088700981641,0.8511712922904442,0.34421385922410097,0.1632045860341092,0.0713965827477967,0.015305416176700106,0.00010053015188605,0.3,0.0,0.4,11,0.610356656875786,0.4101722558056465
1,8,0.5252627955548063,0.8515770444148056,0.8549721227699995,0.35050635503321226,0.02770003927560099,0.06574325330097082,0.02822316661766338,0.00028234162319861996,0.3,0.0,0.4,14,0.6002259488900733,0.4312947023917544
1,9,0.4800520239947754,0.8284486742861298,0.8307203417516371,0.340470178897862,0.09846327699392278,0.06282073304976843,0.0106416787746775,0.00010696841988799999,0.3,0.0,0.4,16,0.521930511093211,0.3736142497160895
1,10,0.42791134142703763,0.7973911137726938,0.7981047037977745,0.3228456071026,0.2247497879167688,0.06187871624657674,0.007826230340180236,7.957862641626e-05,0.3,0.0,0.4,17,0.5023190146420797,0.3510547877952564
1,11,0.3249691708003043,0.7251212612083376,0.7222579017327365,0.2797794771155639,0.5034311653282857,0.05640698371105166,0.011008810095107142,7.371747032266001e-05,0.3,0.0,0.4,18,0.3957312600767011,0.2705586961140372
1,12,0.3208154991798504,0.7220167936280175,0.7189328153499284,0.28317282596594323,0.048234376463120746,0.060581795191096854,0.011294083777438842,7.283117666838e-05,0.3,0.0,0.4,19,0.399264134268398,0.2996447937287381
1,13,0.3117027283499935,0.7158403529823246,0.715466348206653,0.28590533855410255,0.0641647519433428,0.057711642059842236,0.01143512934857585,7.252760429665e-05,0.3,0.0,0.4,20,0.4007061556311692,0.2971559517612205
1,14,0.3103489883673513,0.7161494375763631,0.7187725152935001,0.29179948511434395,0.021069835583339237,0.057565540913031676,0.011300079144696494,7.156366735011001e-05,0.3,0.0,0.4,22,0.3939991504399853,0.2966755313854353
1,15,0.2693975938341787,0.6779815212239482,0.6759618017596788,0.26906935034354246,0.08475278055182645,0.03973127557428137,0.017571837513751614,0.00014668254473099,0.3,0.0,0.4,25,0.2522799254875187,0.3358573623786574
1,16,0.17522275681949945,0.5701462209898752,0.5656002998003448,0.21047524010518323,0.7701986192524498,0.04223714449583454,0.0518355117382968,0.00043511930786199,0.3,0.0,0.4,26,0.177025579522788,0.2274113614289836
1,17,0.15393315488420692,0.5374985970816754,0.5312860370215426,0.19243090399260773,0.23995369070518666,0.04324782877082524,0.044850503066079433,0.00032762023391127,0.3,0.0,0.4,27,0.1520150957875102,0.1560817372443422
1,18,0.15328859444432652,0.5379037369739594,0.5346908810959533,0.19883257776910734,0.01672677699433242,0.04324782877082524,0.044850503066079433,0.00032762023391127,0.3,0.0,0.4,29,0.1470932041573889,0.1684732610345158
1,19,0.15818595742586541,0.5428030761703209,0.5395893537057501,0.2093387171251401,0.018236321223333803,0.059942886388847684,0.011056259512893383,9.731779978441e-05,0.3,0.0,0.4,30,0.1850251405605456,0.1196838747643905
1,20,0.12029884111875261,0.47745021738687726,0.47407875557722795,0.16694861575066286,0.45151128718513966,0.04850092748086885,0.016634342292388703,0.00014240283762561,0.3,0.0,0.4,31,0.1326020894573613,0.1215421532108445
1,21,0.10799673183194466,0.44879091078872535,0.4439008933864482,0.15477480242381708,0.2226107988284635,0.05296086562511584,0.01237091660745133,0.00010841322211785,0.3,0.0,0.4,32,0.1273285058792353,0.0983729356984815
1,22,0.10790401179638974,0.44854611135526207,0.4436426068498686,0.15462573680314493,0.017787319298593382,0.05303177931851853,0.012397011963535357,0.0001086739796007,0.3,0.0,0.4,33,0.1264828744619013,0.0990789241278819
1,23,0.10873446844970776,0.450835443530183,0.44898435477353227,0.15996145832824835,0.017006027888910345,0.05585941869197316,0.01098619487245881,9.668619877477999e-05,0.3,0.0,0.4,34,0.11172251738348,0.1006344022670695
1,24,0.10744217552263895,0.44926812018070533,0.4503173577731017,0.1742343915056186,0.021969871153535794,0.05585808738289314,0.008219369166776477,7.133796311875001e-05,0.3,0.0,0.4,38,0.1157424969422451,0.101037419385534
1,25,0.10310952551371186,0.4403501253493073,0.4439289950205876,0.18115533030082867,0.052344228717935384,0.055687970531924334,0.011437162630489387,9.505637515896999e-05,0.3,0.0,0.4,40,0.112000693779461,0.0876006764330674
1,26,0.09610480824679225,0.4240987395289862,0.4298360565478358,0.17379516583222837,0.07758318245671826,0.05553154009638785,0.012241894928082352,9.782037526285e-05,0.3,0.0,0.4,42,0.1077981618424933,0.0895367689742542
1,27,0.09275860622992207,0.4172369639407054,0.4256239216805407,0.18418340278143636,0.04382919508555175,0.05433746256615929,0.015091503240158049,0.00010638398773257999,0.3,0.0,0.4,44,0.1091897186324164,0.0963692005983027
1,28,0.08907603435041418,0.4062661831268065,0.41407434332679455,0.18124816836072166,0.04311205428696013,0.05586283755700866,0.012788213388352312,0.00010501127653087001,0.3,0.0,0.4,47,0.1097643581353824,0.099150076913892
1,29,0.0870947687119783,0.4025388221743473,0.41315065831258496,0.18802677011458022,0.05036632919434139,0.05493676850604808,0.014516533624736008,0.00014524562447503002,0.3,0.0,0.4,48,0.1198597320107459,0.1021661078004296
1,30,0.08604863403267035,0.39885543016849656,0.4092639456830305,0.18882511906277677,0.030649130959595334,0.05610064266595226,0.013973580521913201,0.00010028004877598001,0.3,0.0,0.4,50,0.1022309908179489,0.1029453856122734
1,31,0.08512380348849914,0.39828494287116467,0.4116606636621529,0.20484708488723624,0.020521454459797916,0.05497045589491838,0.014725464976429304,0.00011335665661313999,0.3,0.0,0.4,53,0.1038531045801577,0.1032834165538082
1,32,0.08472666792253712,0.39801735192840415,0.4172871366732985,0.2230847263693427,0.023263529117741273,0.058346685775242546,0.01416646084583569,8.661734178401e-05,0.3,0.0,0.4,58,0.1064251283835686,0.1352405164964187
1,33,0.0833621314018845,0.3986711996715537,0.42397883322276303,0.24707769019755987,0.01755142961861103,0.05525869163617393,0.011183424633440237,0.00011392875488805,0.3,0.0,0.4,68,0.1010195872323994,0.110301024258393
1,34,0.07846229024982085,0.3882478536388213,0.4131395165955566,0.2668040252883169,0.033287354168276016,0.04793292379497947,0.0089812571880481,8.333859064342e-05,0.3,0.0,0.4,71,0.0972143297509681,0.1021935675323371
1,35,0.07996335722870622,0.38950694297091976,0.4173248805957878,0.2693295755677968,0.033968437335395146,0.05561516432123511,0.008709212398063378,8.172551121001e-05,0.3,0.0,0.4,72,0.0996683812226326,0.1043910164592396
1,36,0.07329073108934832,0.3736043380961834,0.40074343889059133,0.2718283664416899,0.10662140581975864,0.0472148035699485,0.011333713485330056,0.00013305699098985002,0.3,0.0,0.4,73,0.1018301113702051,0.0937186155221455
1,37,0.0732584254136208,0.3750105764154845,0.40520127368072334,0.28733840186671067,0.014295490034639357,0.047136354030132374,0.011337248765406208,0.00013340077124223,0.3,0.0,0.4,75,0.1019923372803436,0.0936625364619984
1,38,0.07340923028248961,0.3779884576417916,0.41427869389887295,0.3025302248931703,0.014535496589691606,0.04780767846363336,0.009074449425656226,0.00010632795074728999,0.3,0.0,0.4,81,0.1032215893441233,0.0933120825792182
1,39,0.07350976217797921,0.37341755762674045,0.4034745021176196,0.3023968591591798,0.021004893437165027,0.05066857732758391,0.009152518978897664,0.00010424852324997999,0.3,0.0,0.4,84,0.1022648305917123,0.0988679625351783
1,40,0.0722578509525886,0.37105229183391525,0.40397665038062375,0.30642208397175824,0.027719271998597892,0.050158496940965226,0.009201247212154708,9.079168670244001e-05,0.3,0.0,0.4,86,0.1066041835992867,0.097930488875096
1,41,0.07201548558180877,0.3730378854448015,0.4120187783329624,0.3968696854742277,0.015487188851306925,0.05035094075747859,0.007440914424040875,6.533693541945e-05,0.3,0.0,0.4,105,0.1025175052753122,0.091454770790516
1,42,0.07122842068024632,0.3715942689718783,0.41347660504037254,0.4799123259536483,0.016512605592110246,0.050679396748101145,0.01061721324244346,4.780472393274e-05,0.3,0.0,0.4,121,0.1012442101030102,0.0996775418496483
1,43,0.07105535358524519,0.3724013243725719,0.4173024873120827,0.5174697966143744,0.01583017246095401,0.050764466755825945,0.009607258420683043,4.39136406224e-05,0.3,0.0,0.4,129,0.1031460858563743,0.1000538067258867
1,44,0.07092217313480996,0.3793092905400662,0.4394576718216588,0.5478092620050065,0.016462640390213987,0.05065131620971776,0.0094821806812444,5.7829455635799996e-05,0.3,0.0,0.4,131,0.1015189065960715,0.1013218111460026
1,45,0.0701828960547208,0.3943894664880636,0.4881052748946248,0.6432856254054784,0.01464324566951453,0.04851076252573086,0.004955969145716606,5.3658266996520006e-05,0.3,0.0,0.4,164,0.106645221946637,0.0926521379686247
2,0,0.9359601673691845,0.9829782012960068,0.982116085899242,0.3931070737366191,0.0,0.0,0.0,0.0,0.3,0.0,0.4,1,0.9633873907041192,1.146720841263419
2,1,0.8466722050945316,0.9696532476682708,0.964124004128201,0.3940154453851655,0.23967528392640086,0.06665592565572176,0.0011116102928449233,1.511549775375e-05,0.3,0.0,0.4,2,0.9697487448054016,0.9459458579805184
2,2,0.7616304549438867,0.9428570008033976,0.9389863117464107,0.37746112968583845,0.2090851652408255,0.06425416271162541,0.0013817638668612766,1.5176235603500002e-05,0.3,0.0,0.4,3,0.8177861447977718,0.8644435525845556
2,3,0.584390671519456,0.8738495564169294,0.8664440120456088,0.33802883501063125,0.5011709728598125,0.0664997807402883,0.02528444728770312,0.00030129796892221,0.3,0.0,0.4,4,0.5146672382398434,0.4339624102954132
2,4,0.5807189120242953,0.8715456359002657,0.8640834041492447,0.33763090464064477,0.02659966552404915,0.06262624008119658,0.020273841354700024,0.00024404136407300998,0.3,0.0,0.4,5,0.510421804982506,0.4600750628189877
2,5,0.5756799067811513,0.8713912808079601,0.8668385878315152,0.3461934567590812,0.03967139273818429,0.06661665224169358,0.02505202002719479,0.00030326624371246997,0.3,0.0,0.4,6,0.5001420178478198,0.4395413931406378
2,6,0.5728115621095367,0.8694301506317385,0.8648388290659874,0.34632382021903224,0.024162688567070427,0.06269723886725023,0.019882157339437153,0.00024667903981848003,0.3,0.0,0.4,7,0.4963463445773721,0.4629111158579457
2,7,0.39279047483108476,0.7714270744693146,0.7617588074829287,0.2857957906292101,0.7121062888035846,0.07028249732511387,0.013374064675253297,0.00015881791502734999,0.3,0.0,0.4,8,0.3961527335159289,0.3155152162710435
2,8,0.38897902172937826,0.7686373141424765,0.7588629316765471,0.2857027464543308,0.03490086393792611,0.06800720642245722,0.010872455746188133,0.00013015863735534998,0.3,0.0,0.4,9,0.3915410497380954,0.3277954655531785
2,9,0.3837150114533426,0.7667729720099048,0.7598430329841802,0.28723626058014623,0.04966692653599338,0.07062016602172706,0.013298536776831571,0.00015985451065331002,0.3,0.0,0.4,10,0.3854472268131099,0.3225587148141155
2,10,0.38124077802092576,0.7649220653904858,0.7579227035526296,0.28793071550327165,0.030219508263095246,0.06905667112167134,0.010763561535213158,0.00013210831946367,0.3,0.0,0.4,11,0.3815782588544558,0.3330274637407704
2,11,0.38169340841061433,0.7668387955518193,0.7628914039117117,0.29191974126898684,0.021380904446294355,0.07062016602172706,0.013298536776831571,0.00015985451065331002,0.3,0.0,0.4,12,0.3934740341377741,0.3239817905193894
2,12,0.3791931375481557,0.7649623700626323,0.7609442425910006,0.29269617783551727,0.030393760808650704,0.06905667112167133,0.010763561535213158,0.00013210831946367,0.3,0.0,0.4,13,0.389223237351861,0.3363756255683456
2,13,0.32540395655512233,0.7249110098316666,0.7188253498014996,0.2710138284298219,0.3029467687973551,0.07168872442173731,0.007492036679001414,8.733261895439e-05,0.3,0.0,0.4,14,0.3533987555247657,0.3554700038469986
2,14,0.3241852222425748,0.7269178821248375,0.726906235639581,0.2873713207935887,0.022317709613460218,0.07076527286646178,0.00816275314743662,8.820128818911999e-05,0.3,0.0,0.4,19,0.3884865010240165,0.3564251070688918
2,15,0.32348754533501933,0.7261926439864532,0.7261623439057464,0.28737029297616634,0.022818955982644006,0.06959676796347267,0.006909721181734666,7.348182954058e-05,0.3,0.0,0.4,20,0.3856017944936459,0.3636090928769113
2,16,0.3154342076683146,0.7210465379784955,0.7237167443075729,0.28918171224453865,0.06900166439963165,0.07076527286646178,0.00816275314743662,8.820128818911999e-05,0.3,0.0,0.4,21,0.3589417633284457,0.3471485067214006
2,17,0.2864424409756883,0.694459272224444,0.6927975678474843,0.2840587970747279,0.19710343294859195,0.07109529962051969,0.008859064017148179,0.0001464473747525,0.3,0.0,0.4,22,0.2681286274278873,0.2642991505321575
2,18,0.27932043634863574,0.6875770043357285,0.6855914603260749,0.2820474352818586,0.06343754188407853,0.06946171189919013,0.009161328114303239,0.00015033379401192,0.3,0.0,0.4,23,0.2841190931885183,0.2820330625733536
2,19,0.25573991912061617,0.6651857346440501,0.6620556644915114,0.2730184404000631,0.10177073970460153,0.07024169905033098,0.0052650827484834045,8.374235794747999e-05,0.3,0.0,0.4,25,0.2595657741292025,0.2795423120311172
2,20,0.25386948245713015,0.6645634839487666,0.6643810999962628,0.28401799431860664,0.027764471382658324,0.07024169905033098,0.0052650827484834045,8.374235794747999e-05,0.3,0.0,0.4,27,0.2569038831459948,0.2760943429076916
2,21,0.2445989399937104,0.6557983098138879,0.6581154758186442,0.28767783946498043,0.03998882241291657,0.0726495217320519,0.003213728622941389,3.781125752081e-05,0.3,0.0,0.4,31,0.2188481821366745,0.2966171245483275
2,22,0.1936334641615435,0.5956064133665404,0.5950940559719244,0.25840459479384076,0.2100670111679684,0.05820816025430352,0.005251849951587181,6.175941341953999e-05,0.3,0.0,0.4,33,0.2284130490926181,0.2412391446757064
2,23,0.17650883982803944,0.5713999433721975,0.5696633435476778,0.24826962509827633,0.09971077649469307,0.05780349301966011,0.007873237233360877,0.00028031812418291,0.3,0.0,0.4,35,0.1889884058774102,0.2695823970721314
2,24,0.16593642832688515,0.5561389949431853,0.556537096226414,0.24580023859784628,0.08136424820873325,0.06261869201404743,0.01158274461888583,0.00020221166779108,0.3,0.0,0.4,37,0.1989068241134758,0.2989048782232715
2,25,0.16587571677754304,0.5575240023541174,0.5609732949487978,0.2535365756535944,0.018959415022659534,0.06249836094346645,0.011385750564930314,0.00020065197521132,0.3,0.0,0.4,39,0.1964051130217682,0.2970911456808178
2,26,0.16260980489665441,0.55466063058727,0.5610156770455611,0.2723527449211734,0.021437597426886272,0.057703725890998245,0.008434667252976672,0.00026161114119307,0.3,0.0,0.4,44,0.2051789023374937,0.2949387653512097
2,27,0.15535699834986963,0.5432064687674355,0.5490045259616905,0.27590531161573234,0.09273461381260248,0.05620163676748857,0.008105931319002502,0.00024712883170826996,0.3,0.0,0.4,45,0.1967296432466645,0.2751452484217778
2,28,0.15335327590117115,0.5412790816913825,0.5499548016570427,0.27664888610164173,0.04088828367303532,0.0564434353293343,0.00802738739528782,0.00025923160327593,0.3,0.0,0.4,46,0.1919306120633332,0.2729079898200568
2,29,0.15351320536460036,0.5414150752063529,0.550087766861341,0.27680712698565574,0.017646157140891957,0.057106356681944845,0.00819825835015814,0.00025149681369353,0.3,0.0,0.4,47,0.2001001548340625,0.2814080855156191
2,30,0.15258928871135893,0.541456266824967,0.5531201271956692,0.29025916618877534,0.025465292926709918,0.05644162338684516,0.008738778875955606,0.00026192775302856,0.3,0.0,0.4,48,0.1996473518389247,0.2861282663146662
2,31,0.15174656697788716,0.5373118585703046,0.5428216975726787,0.23053481844339355,0.02327538876159285,0.05554238216096944,0.007238646255581151,0.00023292757812019,0.3,0.0,0.4,49,0.1887305484857923,0.2690585615407296
2,32,0.14858951151663785,0.5389357416984225,0.5594036802826299,0.3175702062122724,0.025517687987007286,0.05692697937119147,0.00797468285284804,0.00018585515000118998,0.3,0.0,0.4,54,0.1848522007617774,0.2735808554618455
2,33,0.15261777439133387,0.53686211428686,0.5508410591932806,0.3268359765762941,0.03612690973697008,0.08499365570609962,0.005567887776137449,0.00014380396600691,0.3,0.0,0.4,59,0.1719527665897311,0.2027169978256882
2,34,0.15476801719853958,0.5315639648160634,0.5418215143827071,0.3400983199659072,0.12549012059578618,0.11613531579241913,0.006326393544437472,0.00017929921379352,0.3,0.0,0.4,60,0.1337260513700534,0.1729022103303885
2,35,0.11686098534415669,0.4629428845192828,0.47314102333163904,0.2977446479059137,0.23790795762931016,0.08739973644440557,0.0063096808419840856,0.00016994926818328,0.3,0.0,0.4,62,0.1165575007041667,0.1590733982521071
2,36,0.11342681061596824,0.4574510455948147,0.47332330271192186,0.3199492769496407,0.0337625781349409,0.08780655075974532,0.00649747769131554,0.00016700107948191,0.3,0.0,0.4,70,0.1134859477023839,0.1469255442373927
2,37,0.10696488056316521,0.4446545390388909,0.45998964509500045,0.32323020662858554,0.09752579667427035,0.08049578218042489,0.006469966648866656,0.00017335660158325998,0.3,0.0,0.4,71,0.0947315724767527,0.1340172876871513
2,38,0.10781266187762177,0.44560681100900773,0.46388323246502583,0.3360833830243572,0.04090577866641168,0.08624542944945902,0.005314157648765399,0.00011095808061412,0.3,0.0,0.4,72,0.0980815449684804,0.1126732726455334
2,39,0.10236890109004593,0.4317152639171619,0.449301241993754,0.3208141111409793,0.11963293815700392,0.0853052602777917,0.006126315536287893,0.0001698556136707,0.3,0.0,0.4,73,0.0959056827566205,0.1308794540873208
2,40,0.10120317184565249,0.4315624492565238,0.4551017963447238,0.3787791817960822,0.0274964207206321,0.08515184649482299,0.0044452566355014725,0.00015002376338298,0.3,0.0,0.4,84,0.0970923409210688,0.1312351417730456
2,41,0.10082410958587085,0.43196368334209434,0.45850190146397596,0.3879007272414433,0.03299592263787599,0.08520439732835083,0.005202212072837217,0.00014123429775465,0.3,0.0,0.4,85,0.0949493873204474,0.1308092503978947
2,42,0.0996290895675704,0.43358245667766165,0.4691555679182431,0.4086134696156013,0.02954771252131618,0.08415208649254084,0.006615192317895352,0.00017287786674673,0.3,0.0,0.4,89,0.0957050467246921,0.1331073808700081
2,43,0.09809171175504149,0.4298639399041639,0.46820314921618106,0.4320249052182088,0.045335356903848247,0.08579756222940807,0.006861620564532408,0.00016124702320473,0.3,0.0,0.4,91,0.0922948417642695,0.1412864985814917
3,0,0.9259332156595286,0.9802101832983006,0.979207861761923,0.3926304757640202,0.0,0.0,0.0,0.0,0.3,0.0,0.4,1,1.0142159080508306,1.1123407419389824
3,1,0.8779736885396268,0.9791635028645097,0.9741172539017623,0.40008972059350745,0.15482944884655855,0.06656829494164598,0.001135006938620469,1.45928661274e-05,0.3,0.0,0.4,2,0.8401746474965565,0.9459458579805184
3,2,0.7693094915529288,0.9449699507966842,0.941245983378498,0.37852910002795903,0.25406767017040727,0.06163894662473446,0.0013487197708918575,1.670359029728e-05,0.3,0.0,0.4,3,0.7831263821901843,0.8650782154682335
3,3,0.6294409305707263,0.8933434956608658,0.8869247955752217,0.35050326642306084,0.38683647085106865,0.06665995969974543,0.017511780230841472,0.00020213728753272,0.3,0.0,0.4,4,0.639307651217825,0.4246758688372674
3,4,0.6037752063752954,0.8824207290493555,0.8754485725475649,0.34501933122887324,0.09541046204448796,0.06666324696726617,0.019985329650075375,0.00021264269107279,0.3,0.0,0.4,5,0.5949896870673334,0.4077869649962109
3,5,0.5224298680828491,0.8443528039608467,0.8354620216367993,0.3271127640455886,0.1504643802686182,0.06626969329545201,0.0032729423368001178,4.595836915801e-05,0.3,0.0,0.4,7,0.658196934449837,0.4842804794706628
3,6,0.46496624937863046,0.814421272079857,0.8039409732604317,0.3104273067242203,0.23769068150045267,0.07110353868779667,0.004243350674668269,5.41414210321e-05,0.3,0.0,0.4,8,0.5950139056173451,0.4619852919603147
3,7,0.42962603557340745,0.792346799350332,0.7809142635493821,0.2951248268801721,0.14768097108045652,0.06023491419141719,0.0021346284855906492,2.369414111356e-05,0.3,0.0,0.4,9,0.5222062296255512,0.4219466384489916
3,8,0.3847456825867786,0.7654273489759426,0.7555438158209884,0.28253555410600434,0.12175204574197328,0.0646268741253378,0.0021941889478260526,2.684695796333e-05,0.3,0.0,0.4,11,0.4833254082252829,0.3715768219933537
3,9,0.3846830485259714,0.7668440248002315,0.7600114403600328,0.28789016560938835,0.01954569290068499,0.0646268741253378,0.0021941889478260526,2.684695796333e-05,0.3,0.0,0.4,13,0.4860277182923447,0.3675625581601056
3,10,0.3315567795711534,0.7291919989401523,0.7203069946298881,0.2756324060150289,0.11689693101839994,0.07417235521493323,0.007299813302093974,4.958856893887e-05,0.3,0.0,0.4,16,0.3142609725618026,0.3247921405639504
3,11,0.31550424882200556,0.7141460361856418,0.7014866690454382,0.2694752643344229,0.06997504956979372,0.07633737798776324,0.007953713736258897,6.254368559978e-05,0.3,0.0,0.4,18,0.3045352624679182,0.3178073069547207
3,12,0.2971301814918128,0.6999217677595845,0.6894837635080603,0.27458412305663865,0.046467064524793426,0.07880831734052711,0.01117909753042931,5.6970801542769994e-05,0.3,0.0,0.4,23,0.2998033854702925,0.3256113421459549
3,13,0.28452883967100356,0.6909251477505847,0.6861512317314206,0.280690784315563,0.04993823788475476,0.06800327874450694,0.03217558603428745,0.00019625056305359003,0.3,0.0,0.4,25,0.3076453847733449,0.3756740334282855
3,14,0.2568068717620176,0.6655031874794025,0.6625137224398052,0.28726405857759973,0.06180765808877054,0.06175424462684888,0.04605774425525841,0.00030187722261447,0.3,0.0,0.4,29,0.3224143880207415,0.3329213004119917
3,15,0.2567108509105241,0.6668649955061512,0.6669236967476628,0.2918214550471986,0.0189831470255133,0.06175424462435396,0.04605774425774082,0.00030187722258128997,0.3,0.0,0.4,31,0.3226469325992732,0.3336296133998798
3,16,0.23598580545788467,0.6480038574297559,0.6528904141099917,0.2818751724077517,0.08134674320013467,0.07356963759750702,0.009493496473546114,8.975124411084e-05,0.3,0.0,0.4,34,0.2248432931382941,0.2462902587598817
3,17,0.1944868025368613,0.5977436316810368,0.6030604312222752,0.26649388200017443,0.198815396259309,0.07381508300887471,0.009274220758676123,7.816151754253e-05,0.3,0.0,0.4,36,0.1838566697641856,0.225181216397377
3,18,0.116423697678873,0.46166931106041015,0.4600998214199932,0.17659183377624962,0.9592666181340526,0.07347883734745261,0.007366349941842973,6.638320957389e-05,0.3,0.0,0.4,37,0.1064441964045296,0.0897894532997695
3,19,0.08996415304677989,0.3951764409421488,0.3932231304195854,0.14356816734178315,0.1398951089262321,0.07312776963470893,0.010479253374532404,0.00010268328395522,0.3,0.0,0.4,41,0.0694305905568884,0.0871451998259152
3,20,0.07838961862703794,0.35911122204570234,0.3583063430572254,0.1330484694348022,0.14975181647824345,0.07342373139040805,0.009403019595388952,8.686331664817999e-05,0.3,0.0,0.4,43,0.0568928700865724,0.0740189235320906
3,21,0.07804892435712486,0.3593485697068985,0.36153374916350794,0.15405956542734647,0.024942313253207053,0.0734982891590061,0.009525502477149785,8.799479034494e-05,0.3,0.0,0.4,46,0.0571112137094534,0.0732551091295746
3,22,0.07330874716752454,0.34305121112363324,0.3473614843186786,0.13700726434452648,0.15265971751415894,0.07539970920216371,0.010452243246323356,7.838942326797e-05,0.3,0.0,0.4,47,0.0798211909572218,0.0812133155400847
3,23,0.06882013188343136,0.3268453769833211,0.33035932315681404,0.15249186720324945,0.043114466870012066,0.07378893593695096,0.007681978926745135,8.051860710368e-05,0.3,0.0,0.4,52,0.039916102615986,0.0469452856400565
3,24,0.06343385699015502,0.30389437771618233,0.30918574898493684,0.13115134527975597,0.1099355516405956,0.07639902343501813,0.007824897866644722,6.686219696146e-05,0.3,0.0,0.4,54,0.0585264620081067,0.0758495437308306
3,25,0.06260938063833209,0.30031399528510866,0.3054234245858543,0.13788434570046432,0.04791200378900211,0.07643869773523196,0.007867540235934499,6.718927264952001e-05,0.3,0.0,0.4,55,0.0583634663404383,0.0733174845522633
3,26,0.0531977287909729,0.25657111093621576,0.2594757272443649,0.1212164505846373,0.3226950504584,0.07573912109846613,0.007934728352802577,6.907759423187e-05,0.3,0.0,0.4,56,0.0475416825955567,0.0579569794390969
4,0,0.9138441429984642,0.9768337651611535,0.9756604406947671,0.38917581559026754,0.0,0.0,0.0,0.0,0.3,0.0,0.4,1,1.05633626943843,1.1501442194480378
4,1,0.9014999315186508,0.9861046362181383,0.9814099197561775,0.4045313935867437,0.08371027802415126,0.0665652311408498,0.0010935888852913723,1.666998086252e-05,0.3,0.0,0.4,2,0.7428685661229509,0.9459458579805184
4,2,0.7809518692097128,0.9506375386165147,0.9470685210417972,0.38309662109904247,0.2834405495265366,0.07032963527560822,0.0013324464223522662,1.945542585468e-05,0.3,0.0,0.4,3,0.7455528701171498,0.8647066900241447
4,3,0.6413767832739085,0.8983211188481048,0.8921504523743384,0.353717552100271,0.374238273874384,0.06664616874096145,0.028785185028572365,0.00041237989654216,0.3,0.0,0.4,4,0.6328909962898528,0.7572109968062389
4,4,0.4597233584367693,0.8112657039888032,0.7976972589118424,0.29909584136664696,0.6235075385386507,0.06667325402643767,0.01934609258034329,0.00086526825478018,0.3,0.0,0.4,5,0.5272365187871811,0.4143873013349182
4,5,0.410906682908541,0.7815383138799928,0.7694434712821207,0.29001596195846235,0.12191415000721904,0.06667325402643767,0.01934609258034329,0.00086526825478018,0.3,0.0,0.4,7,0.4130611547101337,0.3199397339634693
4,6,0.28389735601541566,0.6910472929189041,0.6743118593030432,0.2316811216279222,0.3595890379987367,0.07083970636536625,0.013282308398554273,0.00058347869288095,0.3,0.0,0.4,9,0.3036905533725847,0.2429157751702753
4,7,0.2285234535838877,0.6287894695214056,0.611861104757998,0.19708137719786611,0.22044863924922503,0.07208457426143645,0.01348725056220703,0.00058647111118953,0.3,0.0,0.4,11,0.194365901136034,0.1541471250725595
4,8,0.18508649467128935,0.5727442481974612,0.552938233687726,0.1726546095007464,0.2184613019765934,0.07486194652297973,0.00994380876058048,0.00043791493931971,0.3,0.0,0.4,13,0.229164040302903,0.1747714589728568
4,9,0.18141495915829622,0.5751039564394219,0.5703551259898461,0.21536325605287512,0.025357400916348385,0.07134603373738654,0.02316249833540402,0.00101455974827779,0.3,0.0,0.4,21,0.2635826490734281,0.1832056503270106
4,10,0.16758305441293692,0.5612728640178786,0.5648940535320484,0.23557459820098142,0.026022070572555685,0.06380010908095593,0.007752358772343381,0.00011130382535308,0.3,0.0,0.4,38,0.1971080557028034,0.1381081240523198
4,11,0.14701658117276994,0.5252807255689442,0.5270376877975456,0.22028736239029834,0.14245289234574482,0.06654211099752871,0.006616349963594362,9.687011685601e-05,0.3,0.0,0.4,40,0.1834864477288128,0.1288057609915785
4,12,0.11890375347796696,0.4707879624846392,0.47272922266064094,0.19054240059472455,0.21717724204413402,0.06881807825102604,0.007693807018905224,0.00011926530992507,0.3,0.0,0.4,42,0.130551349888075,0.1301898710737892
4,13,0.10438182323817267,0.4370163975535687,0.4402056318706105,0.17579439590742374,0.1426710958053759,0.07022154390139426,0.00707999661318803,9.367919374452e-05,0.3,0.0,0.4,44,0.1128009394818573,0.1073653990335894
4,14,0.10163955219826097,0.4297539510078096,0.4325676172225781,0.1712085479257417,0.04684620728252557,0.07073143885883379,0.007294443021787052,9.498461677534e-05,0.3,0.0,0.4,46,0.1133337999422063,0.1113718646346563
4,15,0.09730240668622198,0.4240308754069501,0.43259944577257925,0.18766359861273346,0.02910937289397286,0.06507823729677381,0.006619715442728487,6.999099552584e-05,0.3,0.0,0.4,51,0.129465506575038,0.1053261746821088
4,16,0.09335281594155617,0.4165282402672386,0.42774777115766616,0.20681492746532323,0.02764615911072391,0.06167684510100617,0.006049219042233884,6.611828915167001e-05,0.3,0.0,0.4,57,0.1300978792667024,0.0941192712838808
4,17,0.08419318531209684,0.38785758536498993,0.39757176535773575,0.19189197030324107,0.2244626884144607,0.06519032948389525,0.005499909530746823,6.207098239391999e-05,0.3,0.0,0.4,58,0.1102297524954845,0.0926606860806789
4,18,0.07881242374061574,0.3735054816993952,0.3855012798958089,0.1929466922744388,0.04000180389323986,0.0632605783447098,0.005709101661725832,6.289852849075e-05,0.3,0.0,0.4,63,0.1072116960437609,0.0893827115614395
4,19,0.07656129571841058,0.36987851144010403,0.3876684557763488,0.20401184904431832,0.029247483443004412,0.06197727790104599,0.0057686637076384,6.428106792112e-05,0.3,0.0,0.4,67,0.0995397520625246,0.0759420489701049
4,20,0.07469402906874757,0.36347484788532786,0.3838876960288056,0.20776901331126615,0.07775395246013549,0.06407682935423566,0.0061807338500789455,6.685115480968001e-05,0.3,0.0,0.4,68,0.0910769320646203,0.0708129398924579
4,21,0.07185439456828142,0.35637853524669805,0.3764892285510967,0.22881072666574856,0.023263057257039612,0.060309229540630206,0.0060398158015194095,6.678055956352e-05,0.3,0.0,0.4,76,0.0927967719224771,0.0726320883397598
4,22,0.07170248907518184,0.3552296035112603,0.3782203657262223,0.2370499353033999,0.026770888451820365,0.0628768072992296,0.008185992814528309,0.00016166602951138,0.3,0.0,0.4,79,0.093636430393702,0.0611272242356968
4,23,0.06665267459598999,0.33691789646058584,0.3589882319265506,0.23324479113115912,0.050140186878121225,0.06253266850002195,0.006723982658488637,7.461221266181e-05,0.3,0.0,0.4,83,0.0974115636452372,0.0629207921280612
4,24,0.061571744404575794,0.31864055604680785,0.34277295882376463,0.2359089980020612,0.15336797190376553,0.0619651235835811,0.006328372976946141,7.819647372891999e-05,0.3,0.0,0.4,84,0.0883456244618601,0.0650691887213986
4,25,0.06064724790706897,0.31623964005092176,0.340273499792523,0.23420894317448301,0.02040067067473457,0.06044186890009982,0.0066989988743314625,8.235318648641999e-05,0.3,0.0,0.4,90,0.0852020979175643,0.0582696861214689
4,26,0.060198579386889266,0.3140703125193126,0.33798955823893956,0.2548329661798455,0.02346861362675797,0.06075490641944131,0.006746631566865923,8.188539693679999e-05,0.3,0.0,0.4,93,0.0891604162949256,0.0639684780525961
4,27,0.060088348260699816,0.3160433306965668,0.34896961612800526,0.2881281803439784,0.029212269674757766,0.06277634902344435,0.005719609186690012,6.861056348396e-05,0.3,0.0,0.4,95,0.085918936736454,0.0655057287400096
4,28,0.059049899363670194,0.3123721875383419,0.3451244402671244,0.27596420724263915,0.042300600619344146,0.06197275431061724,0.006925630800754377,8.407782173230999e-05,0.3,0.0,0.4,96,0.083227618651369,0.0670302337125769
4,29,0.05842807814397649,0.31531346513107344,0.357171268461803,0.33674797531428075,0.01870689926530375,0.060762599812170984,0.00455049660474665,5.242406099128999e-05,0.3,0.0,0.4,112,0.091638706683879,0.0713486469649542
4,30,0.05781529659089568,0.31253869889795194,0.35425424761333296,0.3746449784628975,0.021510307366930256,0.06089009161909743,0.0036337946162748927,4.164267804782e-05,0.3,0.0,0.4,118,0.0902384033885509,0.0725605583908591
4,31,0.05749253358010987,0.3140215092377424,0.36177019787027753,0.40406283828166817,0.01994773262353017,0.06091348434628639,0.0036463552298886346,4.090836438359e-05,0.3,0.0,0.4,124,0.0897910111902721,0.073800040399675
4,32,0.05748107769566153,0.31388204304944134,0.36162233870343446,0.4072572862280581,0.018888089938831103,0.06100598931422985,0.003338893290370286,3.726745421875e-05,0.3,0.0,0.4,126,0.0898852023682469,0.0733260978304936
4,33,0.05669267845970631,0.3171884378735296,0.37998472658851057,0.5223161667038628,0.019650452743120612,0.061497294315768246,0.002873234130518592,3.322293115313e-05,0.3,0.0,0.4,150,0.0906004414753369,0.0764241921357838
4,34,0.05540492531562299,0.31356245975944186,0.3762063874258359,0.5409922338508705,0.021992118020690895,0.059441652832938854,0.0026696345622542186,3.111666000941e-05,0.3,0.0,0.4,155,0.0926452708351236,0.0749282467294859
4,35,0.05571851307322097,0.31526316507288565,0.3809554884593106,0.5518314515860939,0.018500485851037474,0.060554868675425186,0.0027598248209955083,3.181308071461e-05,0.3,0.0,0.4,157,0.0892217659207128,0.0712030444041902
4,36,0.056927205815300454,0.32492591224695666,0.4089171447072205,0.5777428896047465,0.01956345415274848,0.06480748898279776,0.007036584184555285,7.942085820660999e-05,0.3,0.0,0.4,187,0.0801155039669623,0.06179519722252
4,37,0.05612738753644402,0.32302551466385354,0.4099036709226042,0.5857496012468497,0.025052408632210806,0.06457508843635211,0.005023924164350659,5.7489279462440004e-05,0.3,0.0,0.4,191,0.076074813571791,0.0598353787369316
5,0,0.9467183898852438,0.9859158997366725,0.9852025197781114,0.3949866581200322,0.0,0.0,0.0,0.0,0.3,0.0,0.4,1,0.9166288056519792,1.1335001141441905
5,1,0.8844329426979393,0.9810258844937771,0.9760784021574075,0.4012496788968429,0.18062932404270932,0.06627137106547788,0.0011152289205927576,1.804459979048e-05,0.3,0.0,0.4,2,0.813096132656087,0.9459458579805184
5,2,0.7712026208215796,0.9451836581634009,0.9384123190939765,0.38226138436826607,0.2682862671957677,0.06670505534567175,0.007694942405314124,0.00011582854076227,0.3,0.0,0.4,3,0.8099139312067594,0.9604005382227864
5,3,0.6973728574484923,0.918477793259838,0.9103776873408334,0.36500560611019983,0.2004396197193194,0.0652128005106372,0.0045174376007318644,6.231446606386999e-05,0.3,0.0,0.4,4,0.6996501490294504,0.796072091019263
5,4,0.6952040058943048,0.9184150676200102,0.9133482962398403,0.3684844437058654,0.02114780337031385,0.06145798148253802,0.0032576744187266817,4.9036322083329994e-05,0.3,0.0,0.4,5,0.7122437015068824,0.8624942174694001
5,5,0.5398453530886925,0.8529885081312518,0.8445317530173393,0.32883970904381377,0.48134636976307044,0.0664769653943555,0.004235520603365654,5.460264777918e-05,0.3,0.0,0.4,6,0.5724489780428826,0.4227051916559645
5,6,0.48628826725757957,0.8241223016549448,0.8112253582931939,0.3141284414439852,0.20881165389822434,0.06642689249784342,0.003377226067741127,4.494892548818e-05,0.3,0.0,0.4,7,0.6246703640081139,0.6985881652548704
5,7,0.3202235022029732,0.7166409332990031,0.7011013248081083,0.24668646057221616,0.7985945034160638,0.07816547753246773,0.0034031310995158853,4.427543735655e-05,0.3,0.0,0.4,8,0.337869218417511,0.321143100742939
5,8,0.26673005068138905,0.6681481487719669,0.6502142201331064,0.22020528320739924,0.18518757073802675,0.07412505363380675,0.0024426674087126257,3.151821969325e-05,0.3,0.0,0.4,10,0.2845626879822178,0.224577371886081
5,9,0.26645922379260556,0.6693385840056433,0.6544441371329504,0.22531616479885888,0.02317549376157745,0.07412505363380675,0.0024426674087126257,3.151821969325e-05,0.3,0.0,0.4,12,0.2853008426700756,0.223352431666052
5,10,0.23991848082961695,0.6432350635148519,0.630088572248016,0.21258070174650584,0.10927225488558069,0.06814051301524629,0.0030127235233645975,3.68938708027e-05,0.3,0.0,0.4,14,0.2465644620551017,0.2104224371368088
5,11,0.23904506626698396,0.6437410274858937,0.6336014120354605,0.2189296342659943,0.023562165169210128,0.06800490851932256,0.0030340154665078954,3.715651680765e-05,0.3,0.0,0.4,16,0.2456363752989063,0.2075805870771888
5,12,0.22941756460646598,0.6317159728297724,0.6180482851107032,0.21520017944743527,0.05174253637232211,0.06404405370256284,0.0032019784538661828,3.925313691116e-05,0.3,0.0,0.4,18,0.2447641740551177,0.2047028835514398
5,13,0.22859657762560895,0.6321016501496716,0.6213304753601725,0.225236596158056,0.032448890109189714,0.07078067329058074,0.0024813371865201055,3.060507287653e-05,0.3,0.0,0.4,20,0.2512887802283829,0.2103681763292692
5,14,0.21429849817192265,0.6134641634008707,0.5987807336765564,0.21987487689841703,0.13649992662280738,0.07006250829006436,0.0024780520551166596,3.5179121513769997e-05,0.3,0.0,0.4,21,0.2162732639848769,0.1822907941115548
5,15,0.21089195473279312,0.6115200212747077,0.5998012818434715,0.22126080143245586,0.0342331815907785,0.06446350263950647,0.0048004038967701815,8.837258589271e-05,0.3,0.0,0.4,22,0.2097332919019678,0.1732640066104551
5,16,0.19335363694545418,0.5898980905498362,0.5800627426084186,0.21313032301257095,0.09757644060801726,0.06450768680715567,0.004259255924009098,9.156011554149e-05,0.3,0.0,0.4,24,0.1872890021348123,0.1760058930608747
5,17,0.1708764193313838,0.5572281451549264,0.5456893444044896,0.19939453953133648,0.252775381513797,0.06766707652351464,0.006266861662533923,0.00013366731771022,0.3,0.0,0.4,25,0.1673089697726841,0.1430411094646916
5,18,0.15778959761517208,0.5450554052109999,0.5328885176720348,0.1956133409653192,0.057244337326037655,0.06846360215959901,0.005025438366401984,0.00010767889082617,0.3,0.0,0.4,29,0.1910769660833525,0.1052387399763648
5,19,0.12419070133296402,0.4746951159570606,0.4619439447884479,0.15662228450523846,0.2372853420294741,0.06846360215959903,0.005025438366401984,0.00010767889082617,0.3,0.0,0.4,31,0.1325947878058906,0.0970543383584666
5,20,0.10898158354987747,0.44081868225257037,0.42929449418498283,0.1435338981123221,0.1455311183102432,0.070799691339444,0.007187556025740012,0.00015740779077572,0.3,0.0,0.4,33,0.1164988955471693,0.0970311786505998
5,21,0.10812592034447413,0.44005429379500355,0.43146570426932396,0.15216277896048813,0.029391145757541242,0.07111945697212976,0.007202994185243109,0.00015818048006755,0.3,0.0,0.4,35,0.1164866746795839,0.0969167627349134
5,22,0.08158619217850113,0.36577339248676377,0.3504824917235506,0.10625135410376219,0.269150585097481,0.06861819297293661,0.005382874162587902,0.000112941120474,0.3,0.0,0.4,37,0.0971922616901914,0.0891401471276203
5,23,0.07564985838973459,0.34634618888939106,0.33302872738925055,0.1032454236313256,0.09462975702354641,0.07001376525666629,0.006867434806675579,0.00014408952511631,0.3,0.0,0.4,39,0.0883683273861045,0.0792364446925785
5,24,0.07474495419222618,0.3479464984047801,0.34365574035547447,0.0987650080131569,0.03893015307440652,0.06948210351233144,0.006827222603699626,0.00014355301715692,0.3,0.0,0.4,40,0.0894252870014425,0.077726177893474
5,25,0.07434244206625039,0.34312248315090754,0.33262094400404235,0.11607903276270247,0.03478279661852374,0.07001376525666629,0.006867434806675579,0.00014408952511631,0.3,0.0,0.4,41,0.074855250456826,0.083067335621333
5,26,0.0742326988411307,0.34564804961804385,0.341232792155206,0.1399353123902825,0.021599865979053428,0.07001376525666628,0.006867434806675579,0.00014408952511631,0.3,0.0,0.4,46,0.0829659438879885,0.0794489381466552
5,27,0.05275314925143096,0.253053868577934,0.2379799536097469,0.09138717598034723,0.6514432755030019,0.07072007114453335,0.005730491548734446,0.00014492382854804,0.3,0.0,0.4,47,0.0564329454790358,0.064829860903601
5,28,0.04686058617137451,0.2132672579973423,0.20203113053873462,0.09004427593486589,0.09856566676595203,0.07757346586999123,0.0070745197664430865,0.00021498483290513,0.3,0.0,0.4,51,0.0539827177320835,0.0578191650315363
5,29,0.0424843236231558,0.2040543901022134,0.19252707135713037,0.08581452689908296,0.05774278851831376,0.06611755919614536,0.006091642372392816,0.00014853797831995,0.3,0.0,0.4,52,0.0502448132187572,0.0521909209295246
5,30,0.031749501503871756,0.12947608350429957,0.11714437784733932,0.02002242224235585,0.5441432803814991,0.06652388171849255,0.007104366148021013,0.00016314431702021,0.3,0.0,0.4,53,0.0401828210593242,0.0368966098718317
5,31,0.031937020070378165,0.12846156762974317,0.11606047606640413,0.04781774762983129,0.021947150237804688,0.06774528360253021,0.005898723148409563,0.00013547562245043,0.3,0.0,0.4,59,0.0418969331435876,0.0372265223979344
5,32,0.03177176900942954,0.1277402999209343,0.11530712703808899,0.05032921404671989,0.024655049996763725,0.06745235752703685,0.005913991551293957,0.00013579638020997,0.3,0.0,0.4,60,0.0426941489994994,0.0370921456368605
5,33,0.03185494658026122,0.12902897461873875,0.11963424886129334,0.05583256066928721,0.02240357392469151,0.0678444397678428,0.006013159972815109,0.00013810388616573,0.3,0.0,0.4,61,0.0415639941362655,0.0367509020631709
5,34,0.028036059049497256,0.0935798861488799,0.08237671628049031,0.036289747738398104,0.26682593322392617,0.06866635442367161,0.007298655645442225,0.00016772755564380002,0.3,0.0,0.4,62,0.034251014402415,0.0279465193090817
5,35,0.027940150856668407,0.0939148706025371,0.08570651226579372,0.05293834646313859,0.02267811570425493,0.06879215312330583,0.006081205781507897,0.00013981796723022,0.3,0.0,0.4,66,0.0340942683919955,0.0277911115788314
5,36,0.023109283304415147,0.048609122704909066,0.047045269329193444,0.05137387514772459,0.10622344779824754,0.068630153202804,0.008232714180287336,0.00018666325738002002,0.3,0.0,0.4,70,0.0324537699106171,0.0246289804501277
5,37,0.022378027494481225,0.04252815833114402,0.04363985748258389,0.05547106071800518,0.04626830274084346,0.06835281675388137,0.007919028215472017,0.00018052677943694,0.3,0.0,0.4,72,0.0322328717366408,0.0239541072881977
5,38,0.021874554177070814,0.04123523117945133,0.04824792645185983,0.06494619378203885,0.027399376161057885,0.06781368126616177,0.007954544107526858,0.00018440908978292,0.3,0.0,0.4,76,0.0324610407688097,0.0238213892128234
5,39,0.02027847817020244,0.02027661909801644,0.02027661909801644,0.05757738784860311,0.08196497838577274,0.06739947015269844,0.007184260363508367,0.00014194513051727,0.3,0.0,0.4,78,0.0297894266194561,0.0231035599138015
5,40,0.020278477977022678,0.0231953233543822,0.02930152524466252,0.08247700093303593,0.020276661762582388,0.06739947088489091,0.007184261350065969,0.00014194515009965,0.3,0.0,0.4,82,0.0297894233548789,0.0231035553232323
5,41,0.020276606314205203,0.02463095831138521,0.033789061366670245,0.10810183568621619,0.020309131550819915,0.06739945690739609,0.007181944148168435,0.00014192310496594,0.3,0.0,0.4,87,0.0298111468307953,0.0231004000715671
6,0,0.918212259180185,0.9780588045166618,0.9769475204202751,0.38995957143023885,0.0,0.0,0.0,0.0,0.3,0.0,0.4,1,1.0358601919007815,1.1267537094805071
6,1,0.8473424205993474,0.9697785635114406,0.9642617072067594,0.39405174141336813,0.20396123115721218,0.06625136093042971,0.0011182343366600157,2.124626828944e-05,0.3,0.0,0.4,2,0.9664848528930332,0.9459458579805184
6,2,0.7575407599596247,0.9430601963262636,0.9390745388642094,0.37848032206953297,0.2288872657975398,0.07248464982026998,0.001561128326014469,2.5576101687910002e-05,0.3,0.0,0.4,3,0.8459646337277925,0.8574569556552057
6,3,0.5708473151669899,0.8677130769463954,0.8599951273711407,0.334113141941066,0.52807659695816,0.06660713173693798,0.02599425534920449,0.00030024267946589,0.3,0.0,0.4,4,0.5693813729120198,0.4328061122923498
6,4,0.5657222083398322,0.8647054480197732,0.8568956597683537,0.3332614502953152,0.031408261759277835,0.06269139568378215,0.020908154605357686,0.00025180266377002,0.3,0.0,0.4,5,0.5714279987253472,0.4591261041343101
6,5,0.5666100018849659,0.8672257208436415,0.8624615060671325,0.3435296347474399,0.02114324173835506,0.06666636366001491,0.025716746148390732,0.00029355364921637,0.3,0.0,0.4,6,0.5382442579391541,0.4313140516425578
6,6,0.5196023754162952,0.8448605005091648,0.8357971063133917,0.3278502523880261,0.19340166593837807,0.07916768168870592,0.013564277979829694,0.0001609136769603,0.3,0.0,0.4,7,0.4622498873324528,0.4783700315034316
6,7,0.40477412114381534,0.7803997797433236,0.7710303185094467,0.28875911309569813,0.48141361101908364,0.0805201367799978,0.013785136223436325,0.00016306828071893,0.3,0.0,0.4,8,0.3607501673143432,0.3168951990932323
6,8,0.4032381751649865,0.779298316074367,0.7698869188308995,0.28989737839802987,0.0296532069659193,0.07961061947820981,0.013645465652693771,0.00016078004556195998,0.3,0.0,0.4,9,0.3638003159569203,0.3128387940860455
6,9,0.3666345585521593,0.7522791912579775,0.7385830119204134,0.2769810256405594,0.10652607721350169,0.07559071368442304,0.005089218569841376,7.551346774432001e-05,0.3,0.0,0.4,11,0.3595158721324865,0.308077554755313
6,10,0.24963692603126272,0.6521344778581358,0.6363990556589932,0.21701538273321336,0.7147278569485133,0.07206884455049346,0.005144321727550671,7.544055237588e-05,0.3,0.0,0.4,12,0.2430325556830564,0.1814407402585428
6,11,0.2463828884584479,0.6500940374870043,0.6371626092471347,0.21882941000185963,0.04024919146747997,0.07679601638388507,0.008631643897403002,7.787576888384e-05,0.3,0.0,0.4,14,0.2415965611590143,0.239186575751668
6,12,0.22463907166696429,0.6258364742369796,0.6117709350111827,0.2106759042848958,0.09816022383398046,0.07061784345401198,0.0034749369750536074,4.889419192877e-05,0.3,0.0,0.4,16,0.2393674100519215,0.2154929352209129
6,13,0.21928710896227369,0.6192326615635284,0.604770286109718,0.21360941230252165,0.049436878172464595,0.07472606811067917,0.0031697445044607335,4.70440511339e-05,0.3,0.0,0.4,18,0.2118267520433277,0.1761871967499593
6,14,0.2181627537985492,0.6193116910093123,0.6078280499144789,0.2191043232437504,0.027583169834301365,0.07501811518715311,0.00314717378372347,4.690375248104e-05,0.3,0.0,0.4,20,0.2111438072403949,0.1758651888560664
6,15,0.21336977763026146,0.615121518248659,0.6064550212077461,0.23509695776927325,0.02956306548927821,0.07173378930075736,0.0023563107260289005,3.3634942507e-05,0.3,0.0,0.4,24,0.2134667312611756,0.1878519991307835
6,16,0.20081236351687837,0.5996878471972668,0.5930565170543902,0.2349790338404615,0.09453056962797954,0.08240513631461062,0.0029943240391746445,4.482838744069e-05,0.3,0.0,0.4,26,0.1882494980342665,0.2095476498435551
6,17,0.18053948978591602,0.5728280448271946,0.5678443041884601,0.22375591641150885,0.11973793874654091,0.08051474748237478,0.002963857469554344,4.385504997916e-05,0.3,0.0,0.4,28,0.1627201166643468,0.183332128694524
6,18,0.1494082665796703,0.5213179776087594,0.5108031531762758,0.1873332718276173,0.19123615961106083,0.07663709694734654,0.01664237371533745,0.00014372209439046999,0.3,0.0,0.4,30,0.1784531888793685,0.1429481930659258
6,19,0.1448170874696908,0.514531266669127,0.5066572862816828,0.1892458741533748,0.050997105534399775,0.07628513754966552,0.01653238050390656,0.00014241332675889,0.3,0.0,0.4,32,0.1692956742645702,0.1388535545981107
6,20,0.08538356621131182,0.37195719121406806,0.35978888362459327,0.10035374724308753,1.0239829073763196,0.07981372193525589,0.011825301865195767,9.697698935696e-05,0.3,0.0,0.4,33,0.0935750211453886,0.0819272907717714
6,21,0.08550813594978614,0.3705084283056609,0.3552786320876059,0.1128011880555468,0.024539986801183362,0.08040143012426629,0.011960488835895813,9.696056034712e-05,0.3,0.0,0.4,36,0.0997376250051706,0.0902448580765448
6,22,0.08436726986253437,0.3688152890288273,0.3564908570165872,0.12595447452407058,0.03397736411668007,0.07961660959601792,0.011854949852214483,9.676558448323e-05,0.3,0.0,0.4,38,0.0923485314730962,0.0815062647289939
6,23,0.0838650235474898,0.3690049484092729,0.3596774593259208,0.13283302811246414,0.02758404695022742,0.07908202618914184,0.011664342464798663,9.572599649692001e-05,0.3,0.0,0.4,40,0.0883848028683758,0.079275927507578
6,24,0.08257012774672395,0.36653168432880867,0.3600650304299497,0.13809419500681816,0.036708979982248494,0.07863479263499301,0.01091202758484005,8.955195867346e-05,0.3,0.0,0.4,42,0.0890884283827507,0.0758922657046147
6,25,0.08241567641267465,0.36499892295851866,0.3584322858495491,0.11173192750049035,0.030871163722131247,0.08011817079333447,0.010377636935919083,8.026614411389e-05,0.3,0.0,0.4,44,0.0887626305734133,0.0727132703026098
6,26,0.0830321932970089,0.36228048083031666,0.35547221710258997,0.16679629178290217,0.03442606179427901,0.08700049602430185,0.005388727734675208,4.9705045053659994e-05,0.3,0.0,0.4,48,0.1087326738940939,0.0720260998568343
6,27,0.07829787804406585,0.34762266430233213,0.34306057157771375,0.1646446934163153,0.08067925911202478,0.08638473401117924,0.005472580573421718,5.039331562007e-05,0.3,0.0,0.4,50,0.0933580674358857,0.0697812410061025
6,28,0.07669021905102577,0.34194482788812786,0.33709844110836423,0.1692860053310285,0.045217477364655624,0.08617919930453526,0.004671846267555355,4.349459103955e-05,0.3,0.0,0.4,52,0.0936078082537999,0.0674902261463295
6,29,0.07508330692970733,0.3389939235154715,0.3399581497060037,0.17754733966695002,0.035917104372637926,0.08605730180351431,0.005464863262193825,5.102102171525e-05,0.3,0.0,0.4,56,0.0871823588186975,0.0651781442252031
6,30,0.07509068267795879,0.33605721002121547,0.33091344377493603,0.12415792671321879,0.025921507513753005,0.0861160270757606,0.005459260689547544,5.102450274449e-05,0.3,0.0,0.4,60,0.0870646190180784,0.0653513948745791
6,31,0.07462886131171072,0.3360039810572769,0.3338409344244086,0.13114667772928346,0.035597939754708346,0.08583923449806104,0.005290226641069287,4.9390736813000003e-05,0.3,0.0,0.4,61,0.0876855596319347,0.0650929118926502
6,32,0.06708948315288724,0.3098099238567021,0.30933928492365925,0.18561033284501255,0.08668724816809564,0.08318816895415115,0.006980470480826291,7.104011316064e-05,0.3,0.0,0.4,64,0.0787365023112994,0.0696208458579539
6,33,0.06688030547861756,0.3124276596692812,0.3180571101119762,0.1973750641933168,0.025012268825820718,0.08258549181525315,0.006930415070376153,7.207742614334e-05,0.3,0.0,0.4,68,0.073497928576691,0.0611715581359547
6,34,0.06259827159917827,0.29215986681350986,0.296737986846315,0.19642694685141476,0.09696429821140952,0.08423268265175457,0.006218894986725086,6.308606139689e-05,0.3,0.0,0.4,70,0.0842938309794987,0.0643003715893776
6,35,0.06130980477513326,0.2867014446640421,0.29396809067078694,0.21041096139629695,0.0504324287524805,0.08516895698859256,0.006169946569828234,6.21748305352e-05,0.3,0.0,0.4,72,0.074199243906875,0.0597229346239204
6,36,0.06098916047381904,0.2868287451397744,0.29708377209784703,0.22492757342087114,0.028380641691298506,0.08498469954864699,0.006146431375251538,6.474618268314e-05,0.3,0.0,0.4,75,0.0785368685995335,0.0622411283338593
6,37,0.05947554599512137,0.27931210716482113,0.28918226832895677,0.220140563218828,0.07786855092173639,0.08526488811998552,0.0058552255250896214,6.0817443041290006e-05,0.3,0.0,0.4,76,0.0701225182167374,0.0625048608156724
6,38,0.058688925342833334,0.277613897161209,0.29038546501017115,0.2336238030041244,0.03587029129391755,0.08472227483433153,0.0058578044893406915,6.177344513969e-05,0.3,0.0,0.4,78,0.0680897168438258,0.0652239908250934
6,39,0.05786660414739362,0.2776681944162515,0.29345548934956645,0.28992770600388523,0.02510046003845981,0.08250838098597718,0.004842906147524335,5.419155158044e-05,0.3,0.0,0.4,94,0.0805904460034494,0.0629134910810428
6,40,0.05628961189919924,0.27112932985787963,0.28956305344018884,0.2945024003569513,0.05232433738693711,0.08261312261894155,0.004865233806069078,5.413090543402e-05,0.3,0.0,0.4,96,0.0749108528895631,0.0624110835534859
6,41,0.055191160963100776,0.26898537669875416,0.2932754590437179,0.31738421686600415,0.033169668785144095,0.08217775459207233,0.00497060482894698,5.6352921440090006e-05,0.3,0.0,0.4,100,0.0688136113554262,0.061941580940005
6,42,0.0531781263250063,0.25503791231207856,0.28154496542114194,0.3003682976858899,0.0826779189272143,0.08581141800586364,0.008089751264818148,8.730119869924e-05,0.3,0.0,0.4,102,0.0807897207061751,0.0607575708381976
6,43,0.0501601831763115,0.24661661380041233,0.28167974419171166,0.3282720695932956,0.033098222535054296,0.0828712504854884,0.006594661292048657,6.975719831406e-05,0.3,0.0,0.4,112,0.0761737983830061,0.0551356492783625
6,44,0.04752646528311394,0.22884563690512416,0.26595124938656417,0.32520094276790545,0.09438608965762366,0.08527188148429679,0.007955014630595144,7.915005364255001e-05,0.3,0.0,0.4,114,0.0716377159708636,0.0583630167316556
6,45,0.0476049433214665,0.22884837659761106,0.2659485396174541,0.3504034477124275,0.026401816148424056,0.08563647564629512,0.008095227449995208,8.154838133355e-05,0.3,0.0,0.4,116,0.0720829026187001,0.0605045375677382
6,46,0.047291365866559965,0.22907466013195055,0.26917325294913014,0.3404295738936866,0.032395050933275445,0.08512868231015439,0.007876206069083094,7.832596032079999e-05,0.3,0.0,0.4,117,0.0731406354347203,0.0567001491285559
6,47,0.04734379286153609,0.22889638225437403,0.2689806695997025,0.3731558764366768,0.02788879187535026,0.08547292528805533,0.008009392837201609,8.061583706826e-05,0.3,0.0,0.4,118,0.0739401921166239,0.0584963243226815
6,48,0.04652975266341268,0.22404275699662785,0.2638839774771683,0.34364180366107544,0.05843681837201119,0.08529223406534367,0.007795432762452947,8.039345559312001e-05,0.3,0.0,0.4,119,0.0726069639929875,0.0590839309398941
6,49,0.04654284315560486,0.2248870764204164,0.2677432400707854,0.3730334307657269,0.02758114916187469,0.08574369092920009,0.008261356328606227,8.771121653424e-05,0.3,0.0,0.4,122,0.0709609202346529,0.0578382805858138
6,50,0.04586759032432612,0.22132548505648886,0.26104318121612907,0.3663566925494145,0.031011854615504788,0.08437107073615613,0.007800211144962378,7.550383078096e-05,0.3,0.0,0.4,124,0.0670785096668192,0.0570669524307392
6,51,0.045855143654508504,0.2221568131255766,0.2678562050761639,0.4043525118596888,0.0341851668727204,0.08559299644910175,0.008279470669240214,8.635844627475e-05,0.3,0.0,0.4,126,0.0692657782709932,0.0581719808334415
6,52,0.04587025178999347,0.2204719737841029,0.2660695225706961,0.39789699206568596,0.029503637299265695,0.0866995234098451,0.00678599630216291,7.15376807642e-05,0.3,0.0,0.4,130,0.0706986031229111,0.0603059293656984
6,53,0.044337407944272586,0.21270808877330563,0.25793353820237935,0.4144356580179532,0.04250266690642978,0.08531221959486256,0.006763551412836483,6.993261818835e-05,0.3,0.0,0.4,133,0.0680352631060728,0.0557767894358809
6,54,0.044209270694526175,0.21363371972571948,0.2618881031718068,0.4107277625514829,0.026660851202768277,0.08512314244068356,0.006748812945623941,6.984932744145e-05,0.3,0.0,0.4,136,0.0682774034236751,0.0556528014594781
6,55,0.04412143328825333,0.21452930507046253,0.2658084515393492,0.4278937417545075,0.02941721516363602,0.0851088792203459,0.006752104410718747,6.985249942251e-05,0.3,0.0,0.4,137,0.0687066979144313,0.0555993225857179
6,56,0.043729399616160305,0.21395197431134663,0.2681861079985071,0.447581483931159,0.027399418065185605,0.08475899201644545,0.007862390194492955,8.360711542113e-05,0.3,0.0,0.4,144,0.0682894955569243,0.0577877516893597
6,57,0.042970148112491294,0.20936684230161917,0.26337387846853355,0.4573104824611716,0.04080834919811542,0.08441837213037666,0.00777566691443181,8.622945887638e-05,0.3,0.0,0.4,146,0.0678224854699074,0.0576487640868697
6,58,0.04282738280985892,0.21050719338355292,0.2675568603819719,0.457952549243472,0.025964164292885235,0.08404281661351279,0.00778591552388269,8.664428619165e-05,0.3,0.0,0.4,148,0.0672799413227294,0.057658913013058
6,59,0.04243263750624974,0.21291464123193077,0.276063404060579,0.5112361399138513,0.0250370416228853,0.08283049678147678,0.006675420131474516,6.829415166445001e-05,0.3,0.0,0.4,155,0.0674820636501808,0.0591027010817158
6,60,0.042429932528041635,0.2069573450709572,0.2578867838168571,0.3793063004789041,0.024971963459615294,0.08288749410809325,0.006678037863039034,6.835994245250001e-05,0.3,0.0,0.4,167,0.0674561937837913,0.0591040905482251
6,61,0.042189136342984365,0.20551275935669328,0.25637094712541864,0.39578885505038436,0.02807532054394377,0.08277477872170454,0.0057274759515046495,5.851586630019e-05,0.3,0.0,0.4,170,0.0676157892841832,0.0591500763596583
6,62,0.04189344158943552,0.20339301641755278,0.25414369385320273,0.3837922061586703,0.03916379389998993,0.08277288378430687,0.006655412781534328,6.754711891423e-05,0.3,0.0,0.4,171,0.0671350989091753,0.0578975982301016
7,0,0.9542296938462307,0.9879477896394502,0.9873373415422662,0.39628685972663386,0.0,0.0,0.0,0.0,0.3,0.0,0.4,1,0.8856795816701474,1.1321392399317465
7,1,0.8376751691159509,0.9668386577431085,0.9611676272191549,0.39220910515613655,0.2932127612278148,0.06660207747081688,0.0011054968945877306,1.801107898547e-05,0.3,0.0,0.4,2,1.00689890992056,0.9459458579805184
7,2,0.799821460192409,0.9539098121300812,0.9476436379631372,0.3841600585499423,0.09981107052912447,0.06268841011987304,0.000611058648333085,8.911338395195144e-06,0.3,0.0,0.4,3,0.937965473145915,0.9332508381606074
7,3,0.6118025838876845,0.8858963505661154,0.8790993896504775,0.3457463468306771,0.5078709578062219,0.06651072694032484,0.025633919604894785,0.00036783951703800997,0.3,0.0,0.4,4,0.4476517119516505,0.4604277820139883
7,4,0.6048267969871371,0.8822116227251585,0.8752883883057895,0.34446251019828106,0.03609340890009119,0.0626330018001804,0.02004134171789875,0.0002969525600619,0.3,0.0,0.4,5,0.4477806920845164,0.4818788839302534
7,5,0.45330630996424987,0.8071399699661304,0.7963630808367682,0.2994913644348119,0.5444178108077053,0.0662489851026815,0.007277688352257967,0.00013074773024711,0.3,0.0,0.4,6,0.3744170639072179,0.4049261467152917
7,6,0.44847561158789045,0.8043611784021538,0.7934397786541808,0.2987480028781341,0.03967386546795349,0.06650764304055015,0.0070334968205873405,0.00012437037008229,0.3,0.0,0.4,7,0.3660196393790124,0.397804139865199
7,7,0.41021823683307435,0.7834037222238686,0.7742629242175995,0.29522971890367444,0.19589746344345768,0.07545668733350692,0.01055762672886272,0.00018308792732409,0.3,0.0,0.4,8,0.406858130595586,0.3963825521156623
7,8,0.2682987407301516,0.6711837983945375,0.656243954264679,0.22963340571914462,0.4196224874294521,0.08317891681090327,0.005336352152585199,9.474029605962e-05,0.3,0.0,0.4,10,0.2710404221069342,0.2081325724595252
7,9,0.26242696071949867,0.6652715518213473,0.650025637487524,0.21846433488521275,0.06678052276816093,0.0836220119526213,0.005173451304647712,9.048761808297001e-05,0.3,0.0,0.4,11,0.2603591499952484,0.2007302966401928
7,10,0.24135429699754515,0.6445109129427744,0.6312692028735792,0.21901676074662985,0.0950203521748402,0.07857866371844038,0.005292521778272396,9.807495096556e-05,0.3,0.0,0.4,13,0.2466129143875973,0.1754192802628303
7,11,0.22941824078378947,0.6336343312225318,0.6257078954027249,0.220526447331429,0.06131361092655196,0.08466509469862787,0.004911685842678913,8.668131048464e-05,0.3,0.0,0.4,16,0.220632020425852,0.1576459607793072
7,12,0.21213186038690549,0.6115818980924834,0.5996443362531904,0.22038307203976537,0.06722913419721688,0.07856641007366208,0.01170546472273703,0.00046775886773571,0.3,0.0,0.4,19,0.2332235081649615,0.1926950539828282
7,13,0.20813975142759247,0.6078443806157217,0.5986737872766703,0.22214841613048456,0.04367069103523061,0.08037461658010282,0.00959476581071341,0.00024335087128166997,0.3,0.0,0.4,21,0.2110697574408956,0.1601116387452382
7,14,0.2036627914106036,0.6036588997967601,0.5972769115428497,0.22681105811261545,0.041911970147143096,0.07883502460847795,0.01192354056960919,0.00034186523543124997,0.3,0.0,0.4,23,0.2174139479071831,0.1704663777621573
7,15,0.197597791415544,0.5984660768150732,0.5918234203748963,0.22614622834504142,0.07892854647047376,0.07902503225338023,0.005600111695963869,8.445729144789e-05,0.3,0.0,0.4,24,0.2122368434343846,0.1653459182107898
7,16,0.1873302674270037,0.5824239512974464,0.5749651926666762,0.21846144347355687,0.12272414619190543,0.07926159357752305,0.005791857780439034,8.624231474364e-05,0.3,0.0,0.4,25,0.1989353932911068,0.1594518206958178
7,17,0.183031900155974,0.5755553800193008,0.5677595596862668,0.21655265890199063,0.06421887938690621,0.07854643235820699,0.005921189868417456,8.927657869238e-05,0.3,0.0,0.4,26,0.1948923977127993,0.1602694317918874
7,18,0.13270387515886103,0.49450361505613666,0.488561892704114,0.1788483283356661,0.6169652922671377,0.07850667288301685,0.005464527089762484,8.573888501815999e-05,0.3,0.0,0.4,27,0.1337521547602022,0.089971058958604
7,19,0.12698083807739627,0.4802845846400504,0.47361330789900624,0.17251045400014492,0.10817015225146645,0.07912252942612719,0.0055387901193348545,8.860633927969001e-05,0.3,0.0,0.4,28,0.1310762433516883,0.0774038899857778
7,20,0.09233073855734247,0.3989843707097529,0.3912684466322483,0.12340997562919424,0.5790536658213814,0.07290871317950891,0.008026707844349697,0.00012328170702017,0.3,0.0,0.4,29,0.1023363741350567,0.0661886168205975
7,21,0.0910974554342752,0.39631393126514175,0.3914167653184155,0.12655921896391054,0.039793945723366766,0.07456429396703572,0.007974025037932809,0.00012469754840284001,0.3,0.0,0.4,31,0.1015155332091517,0.0708053839606592
7,22,0.08435711633124039,0.375516353469255,0.3695770560331287,0.12059203001555466,0.09082361187286761,0.07383606750119012,0.007991962706613542,0.00011862771108449,0.3,0.0,0.4,33,0.0906941123959528,0.0792664127791651
7,23,0.08269334439720742,0.36866614699904393,0.3652901697282909,0.1386966450050663,0.03703836299394681,0.07840056351957674,0.006046592754224478,9.789996197393999e-05,0.3,0.0,0.4,38,0.0784038919778991,0.0617765510894633
7,24,0.07977160327559886,0.3579703104139563,0.3510871528931231,0.14252209135895372,0.038589490268789446,0.07749611523729658,0.006344179395829307,9.95718834288e-05,0.3,0.0,0.4,42,0.0770180514734249,0.0628715316308278
7,25,0.07842049748002422,0.354961088509903,0.3509086522084119,0.1425589337863632,0.03828517961455469,0.07723280278797401,0.006370836601788249,0.00010266011968478,0.3,0.0,0.4,44,0.073982946449219,0.0619889264983436
7,26,0.07377030203182337,0.33795612388641416,0.3330354592807789,0.14928808957935044,0.04303069672533082,0.07768695184976074,0.006529930434996227,0.00010736494612826,0.3,0.0,0.4,50,0.0716748885560138,0.0592330183592923
7,27,0.07396793789254508,0.34059601533495004,0.3417483931929097,0.1307821675314391,0.028266263978311012,0.07893478903355543,0.006706829028114848,0.00011058035106255,0.3,0.0,0.4,51,0.0764789891044122,0.0727765241265751
7,28,0.07362298659148635,0.3389695816888103,0.3400329109887346,0.12979335319513857,0.029966651092602114,0.07937695686838626,0.006608059216857252,0.00010836207046666,0.3,0.0,0.4,53,0.0766243213074201,0.0715821424988587
7,29,0.07334442786946777,0.3382166535911912,0.33924753294337495,0.12926285664586198,0.025886933115728872,0.07899789655526822,0.006830296155061544,0.00011228077077253999,0.3,0.0,0.4,55,0.0741067312507735,0.0710018004886254
7,30,0.07241493394973919,0.3342086942891766,0.3350273745075714,0.12676396767666565,0.033552757360867116,0.07960548597970497,0.006807321871502825,0.00011106196451970999,0.3,0.0,0.4,58,0.0729788423535283,0.0706963131178491
7,31,0.07144699946054144,0.33936645419661754,0.3553702126346479,0.23482050202329466,0.024469891986428047,0.07775788130122656,0.006772477867972521,0.00011874640829786999,0.3,0.0,0.4,68,0.0757156675107086,0.0691567315181165
7,32,0.07129975928831961,0.3405576038338709,0.3625593264500829,0.22854689101151668,0.024602129062863947,0.07914712801159321,0.006865568673142493,9.985320011249e-05,0.3,0.0,0.4,86,0.079915002649788,0.0689133952143729
7,33,0.07111654687098795,0.3398625055662808,0.3618292464204354,0.23780818082557212,0.026159907482093632,0.07913588131685478,0.006333237680061379,9.757548589545e-05,0.3,0.0,0.4,88,0.0768827838586601,0.0697926210497572
7,34,0.07067058390738787,0.33813120929981855,0.36001022887870054,0.23993672980095776,0.035720085584363175,0.07913589305931593,0.006214822556677152,9.935046625084e-05,0.3,0.0,0.4,89,0.0786427143753692,0.0696224695811943
7,35,0.07013422287982209,0.33749833507362403,0.36232453815190646,0.25077692855284495,0.03818590131272193,0.07914258020453821,0.005642619162827005,9.204815444306e-05,0.3,0.0,0.4,90,0.0773222307303942,0.0634650313984865
7,36,0.06921750754515676,0.3327048038557459,0.3543139066480667,0.2510053937712322,0.04600852853788981,0.07884662783999784,0.006270535992810083,7.365204795051e-05,0.3,0.0,0.4,91,0.0903119245824636,0.0749154451821749
7,37,0.06885003543656437,0.3327152513584877,0.3573043185894435,0.2747420383684308,0.028657186607881593,0.07883950193371335,0.005451538417350195,6.720434814833e-05,0.3,0.0,0.4,93,0.0833576561181651,0.0791939690625642
7,38,0.06860613333635511,0.33178675975910793,0.35632959163661615,0.2841803533533257,0.026809887525536497,0.07878998389453581,0.004347213801364825,6.533810466165e-05,0.3,0.0,0.4,95,0.0824382415385344,0.0706416137739384
7,39,0.06733629385973437,0.3276601702144658,0.35496569390897026,0.309236253007891,0.030408476284151633,0.0792952376947317,0.006471836315482148,5.6729980340309994e-05,0.3,0.0,0.4,101,0.0779176705893949,0.0717474813187244
7,40,0.06702012009586213,0.32617816503889413,0.3534055302554314,0.3098545811775263,0.02921422909089398,0.07947744406228327,0.0050235317337953165,7.312123504556001e-05,0.3,0.0,0.4,103,0.0766325491106602,0.0649631069689696
7,41,0.06620076099480816,0.3229556528379748,0.3500227349574059,0.31042984588957173,0.0346906553841059,0.07929344072832749,0.005991126044815882,6.675058056637e-05,0.3,0.0,0.4,105,0.0765012835356244,0.0658784917109198
7,42,0.06599134350291738,0.32371116906541475,0.353798252242322,0.3167076449765216,0.024832695077656012,0.07911812625891793,0.0052173649007758675,7.257276600959001e-05,0.3,0.0,0.4,109,0.0756495523583805,0.062352721204412
7,43,0.06604907591565279,0.32524464887391574,0.35838598018145823,0.34711617998622174,0.023834639364977615,0.07928910547541715,0.006169554692549222,7.206780656247e-05,0.3,0.0,0.4,115,0.0737171735866002,0.0622781356918768
7,44,0.06590322813275915,0.32455585151206723,0.35766107069388353,0.3489159209681299,0.02629393842464971,0.07937505317379975,0.005442089361937367,6.837166796205e-05,0.3,0.0,0.4,117,0.075985877206729,0.0647886792812693
7,45,0.06541278199260774,0.3220999003006068,0.3550747373496496,0.3884876640736323,0.025062555001185705,0.0797978876390748,0.0033696401932906427,4.714435505837e-05,0.3,0.0,0.4,133,0.0740670962384275,0.0670196154479271
7,46,0.06536177904328372,0.32631533291896536,0.36844206077453284,0.4264806499403053,0.02419369841050638,0.07974155302013272,0.0032950839055145443,4.822310444027e-05,0.3,0.0,0.4,137,0.0735748746299743,0.0654390484490543
7,47,0.0653267553750963,0.32753680350804787,0.3727030799877934,0.4576515686667933,0.024181339861268514,0.07982777708241744,0.005207335433530103,5.780328004211e-05,0.3,0.0,0.4,146,0.0713190154675641,0.0668206926358182
7,48,0.06528634482881837,0.3274728887297242,0.37263761725963473,0.4575984330007378,0.024041713606832535,0.07972077658491614,0.00566249350983104,5.470084390215e-05,0.3,0.0,0.4,148,0.071548122361231,0.0611519251115632
7,49,0.0650849715957293,0.3324188580990403,0.38975034290762434,0.4907223373378398,0.025180888306300088,0.07975714210122589,0.003328928437896996,5.088137649116e-05,0.3,0.0,0.4,153,0.07530904278884,0.0657039965981182
7,50,0.06508182246918963,0.33240554222147967,0.3897363606429221,0.49071380889379373,0.023958941057481992,0.07975714598517793,0.0033282448915239187,5.0823423315360004e-05,0.3,0.0,0.4,161,0.0755131385451138,0.065678030783435
7,51,0.06486796103031796,0.33004355705931154,0.3842756905840647,0.5184771064591471,0.02497898755537549,0.0797576034382709,0.0029040653576872673,4.4028259510630005e-05,0.3,0.0,0.4,167,0.0754182073428292,0.0656808596967198
7,52,0.06486157169248324,0.3329401720376652,0.39327746696403115,0.5543504379969362,0.023966713409307033,0.07975535542599145,0.002685144748931738,4.170752414996e-05,0.3,0.0,0.4,173,0.0751524311623078,0.0653469431499674
7,53,0.0648126628481399,0.3312713924295008,0.38854497179444775,0.5740893577081734,0.024124144736451737,0.0797565435106917,0.002703890897050041,4.12917183676e-05,0.3,0.0,0.4,181,0.0754861341327859,0.0660808053172995
7,54,0.06478604883203244,0.33114512758219256,0.3884121205786244,0.5851835236322036,0.02424656385565283,0.07977046305205135,0.0026745332919676105,4.0466462519649996e-05,0.3,0.0,0.4,184,0.0759800983293887,0.0654510653510404
7,55,0.0647813595380966,0.3413448516815943,0.41998277206044543,0.6360138583456616,0.024043811601387213,0.07975681077970206,0.003100428096942276,4.734595343412e-05,0.3,0.0,0.4,185,0.0752901140076768,0.0658235761816213
7,56,0.06469268378616085,0.3453521704657693,0.4331307463162128,0.8344702248870758,0.02430594418796795,0.0797558786830363,0.0029705752176428096,4.15568397781e-05,0.3,0.0,0.4,192,0.0747313400358381,0.0651887388413341
7,57,0.06471910441722117,0.33515769292782305,0.40156423661674,0.6222041106607734,0.023987901577736472,0.07984894105439076,0.002939598444419834,4.201285406851e-05,0.3,0.0,0.4,195,0.0746727270479187,0.0639089439939137
7,58,0.064604718295481,0.3349387888347239,0.4013384257538357,0.6411526172841888,0.024358879042525455,0.07957209314979108,0.002972221336974083,4.330817991608e-05,0.3,0.0,0.4,197,0.0752449778034359,0.0648117332913383
8,0,0.8400595452701988,0.9552282341131396,0.9529606701311848,0.37535223589279737,0.0,0.0,0.0,0.0,0.3,0.0,0.4,1,1.357737753819259,1.1358465561340316
8,1,0.8480970801067168,0.9700777327932679,0.9645712149100887,0.39427744510858126,0.04527598754012913,0.06656663400838267,0.0011453204239158068,2.211459128798e-05,0.3,0.0,0.4,2,0.9637561756032884,0.9459458579805184
8,2,0.7214207830537708,0.9293338636369537,0.9247226292710637,0.3692034948862435,0.31406368140962315,0.06791834453577844,0.001078518333023525,1.4309860687230001e-05,0.3,0.0,0.4,3,1.0005694014994002,0.8751620754291549
8,3,0.5353108479146277,0.8508129707095422,0.8422423454090114,0.32327785169257583,0.558919014927455,0.06653510445390855,0.02049532158742711,0.00019298648018288,0.3,0.0,0.4,4,0.8673937330187155,0.701950323054014
8,4,0.5278819641826035,0.846547691564378,0.837821237388798,0.32162329710940407,0.04005959781195838,0.06264786737862216,0.016451528764823,0.00013817587668045,0.3,0.0,0.4,5,0.8746547613729164,0.6896690548967739
8,5,0.5186840985203892,0.8434172933639438,0.8375102465371925,0.3230621177442733,0.03477580260748202,0.06272600638349789,0.017986796823279107,0.00014026521448055998,0.3,0.0,0.4,7,0.8995976282167146,0.6969109916972539
8,6,0.5180913648790405,0.8437493150694125,0.837802487378291,0.32302851578603403,0.022970530497513537,0.06632332177414267,0.018335138454738255,0.00023523727202969,0.3,0.0,0.4,9,0.8665996206709454,0.7969167763229676
8,7,0.3683421747317348,0.7552603491828662,0.747879706957965,0.27482520439494373,0.6287879234362873,0.061981717582480333,0.010584612419159417,0.00010564681400364,0.3,0.0,0.4,10,0.5554898881068174,0.4005241517416532
8,8,0.3523602474405282,0.745201067115543,0.7402761393928756,0.27293507001364725,0.05955650142266784,0.06290294786548446,0.011256521348474845,0.00010481992895684,0.3,0.0,0.4,12,0.5838197107517398,0.4143402321186475
8,9,0.35066974530407147,0.7438141503560707,0.7388447222714394,0.2740143079151275,0.02446250544557599,0.06124634485951168,0.009206720136711961,7.736428885562e-05,0.3,0.0,0.4,13,0.5770290843884638,0.4117992844402773
8,10,0.34400587775691577,0.7372590978355529,0.7289974710682766,0.266321604408416,0.0505909886947091,0.05996038874695503,0.007852922693765616,0.00010558623538468,0.3,0.0,0.4,14,0.5688441433221457,0.3982296674170525
8,11,0.34147961062724763,0.7369016452174818,0.731578043580692,0.2708664226247922,0.02630766204510426,0.06148300460477829,0.01103066674503926,0.00010214991291326999,0.3,0.0,0.4,16,0.5743580092551416,0.4002945136664186
8,12,0.3386485288748778,0.734572550486815,0.7291653910096266,0.26913204733123963,0.02349277158016314,0.05921810892884458,0.01014516156472154,0.00010196537257731999,0.3,0.0,0.4,18,0.5683823501000668,0.4293634901451765
8,13,0.33625230290893837,0.7531219903317219,0.7485692657121086,0.2983947315290801,0.030353710891510104,0.06487305927472856,0.004975213117094075,5.751692379389e-05,0.3,0.0,0.4,20,0.4052845351942764,0.3997894745422403
8,14,0.24877418373195773,0.65570526655344,0.6491749755563174,0.24137586291736335,0.566654050641399,0.06632467908035833,0.008229361032281415,0.00010307388298463,0.3,0.0,0.4,21,0.3786125624097447,0.235341620023755
8,15,0.2327144089086522,0.6382731812846814,0.6308830052730374,0.23005337636015208,0.1364548655831855,0.06487305927472856,0.004975213117094075,5.751692379389e-05,0.3,0.0,0.4,22,0.4020200231049752,0.2191448665466958
8,16,0.2273945025056292,0.633582658739347,0.6288988316706468,0.23284389155761492,0.043778299327877204,0.06716691461545211,0.00727895755157421,7.870318989427e-05,0.3,0.0,0.4,24,0.3441592784182464,0.2154471561380544
8,17,0.2181912164932067,0.6219594858595118,0.6138776617860413,0.22767013966963295,0.06391648758889613,0.05600785536712198,0.005560115338084515,6.240970772695001e-05,0.3,0.0,0.4,25,0.2984621779278386,0.2295172150630651
8,18,0.2049955889628308,0.6061417123620524,0.6000216549121233,0.23164915732333669,0.09528924168296599,0.07026862129654493,0.0038250588506088977,4.424978907133e-05,0.3,0.0,0.4,27,0.3013068833991024,0.2285590330406707
8,19,0.2047563258045147,0.6083584437701901,0.6082089561202445,0.25969192133269525,0.025265653897352993,0.07685973275043997,0.0037967388568077723,4.1459133559679996e-05,0.3,0.0,0.4,36,0.2943310218964061,0.2599215718261402
8,20,0.19057550816122104,0.5931511564747289,0.5983405243710433,0.2704473404932971,0.12327510242547962,0.06693093746792686,0.004177596270784828,5.0561992487499993e-05,0.3,0.0,0.4,37,0.2576760181840621,0.1931557849317008
8,21,0.1527478007615834,0.5343045522570794,0.5364498938010918,0.22472110519644534,0.15945604073275202,0.07106617400824194,0.007770528125368979,9.206031882443e-05,0.3,0.0,0.4,40,0.2721737606299761,0.1194047157174152
8,22,0.13626201399201285,0.502578939270805,0.5001321363213915,0.21392997218543805,0.23095137431952628,0.07147999364094762,0.006636906508807145,8.675948227237999e-05,0.3,0.0,0.4,41,0.23445835462173,0.112988442801151
8,23,0.13168609355511396,0.49580716202693464,0.4960359985557281,0.21611712010828948,0.046453942116627456,0.06889026590931459,0.005456301233467965,8.359774447536e-05,0.3,0.0,0.4,43,0.2366218536518364,0.1036690122503303
8,24,0.1316798903580895,0.4972539645029756,0.5005352363480982,0.23342586655185188,0.020743381806432284,0.06889036544429528,0.00545520243308162,8.357464424634e-05,0.3,0.0,0.4,45,0.2365845839958648,0.1036817442382242
8,25,0.13164464760801953,0.4971902430638095,0.5004686316354723,0.2502206229862499,0.020824718352555588,0.06889029200644871,0.00436341455886348,6.683988258251e-05,0.3,0.0,0.4,48,0.2364092143203341,0.1036817309619208
8,26,0.13163869851334425,0.49717834901467317,0.5004561325839132,0.25021300457671547,0.020714182604898906,0.06889029652022174,0.004362894843693633,6.682885359187999e-05,0.3,0.0,0.4,52,0.2363721000327352,0.1036839287535073
8,27,0.13077792211179395,0.49626906742720495,0.5024469957589063,0.28599580882325976,0.026577849962340534,0.07106544502649924,0.004179257874834871,6.396731285792e-05,0.3,0.0,0.4,56,0.2429207953526102,0.0979819501169452
8,28,0.12483469903801732,0.4846774771516909,0.49030156034597006,0.2783343487923453,0.09583333112609,0.068890272535006,0.00365065099699891,5.5352992425569995e-05,0.3,0.0,0.4,57,0.231139186719828,0.0961861191663735
8,29,0.12483446823318949,0.4861363272554639,0.4948134796151571,0.28441825989018255,0.02069083599557589,0.06889027802805849,0.0036506245762196786,5.534665829986e-05,0.3,0.0,0.4,59,0.2311414663070091,0.0961892893486415
8,30,0.12473846080782129,0.48885864718703553,0.5036323363379152,0.3202473016685372,0.021012675406617616,0.06889098062759727,0.0027397245443005194,4.1280554239039996e-05,0.3,0.0,0.4,63,0.2308855597815642,0.0960114035687598
8,31,0.12448693887197049,0.48541153409475285,0.4940523551236225,0.33510590691424513,0.021588852472002654,0.06889143710655599,0.002431243785215579,3.610802760707e-05,0.3,0.0,0.4,67,0.2308247165272529,0.0959334862508909
8,32,0.12270852668079886,0.4845517853952193,0.499107598009404,0.3603620988516458,0.023044475636435698,0.06889087681548417,0.0021376418512141712,2.914941169367e-05,0.3,0.0,0.4,78,0.22545408154623,0.0971491394889141
8,33,0.12213572386064607,0.4818620419513442,0.49330243851758726,0.36313935242628886,0.022091455478536918,0.06889023978264373,0.0023484241196119137,2.9579831582429998e-05,0.3,0.0,0.4,84,0.2285761859435093,0.0959092291243332
8,34,0.12164478578607149,0.48518272997537204,0.5057289011091924,0.38379754389081366,0.02431810550462356,0.06889102250457468,0.0020613437712327515,2.644731322576e-05,0.3,0.0,0.4,86,0.2124494492903014,0.0984266315965212
8,35,0.1210981816734894,0.48399933184992266,0.5044855834025525,0.38304071850529714,0.02475823095118039,0.06889128827669232,0.0021136721351053783,2.663889877521e-05,0.3,0.0,0.4,88,0.2144641515993589,0.0968569745189992
8,36,0.12086580666719014,0.48495506371251573,0.5084689826348989,0.4274034745105029,0.021170670867377152,0.06889031416317429,0.0018744677565231838,2.391541359691e-05,0.3,0.0,0.4,95,0.2143527203402088,0.0970234936158457
8,37,0.12040949964188467,0.4839611749666383,0.5074247429712649,0.4301142328172475,0.02410445937355949,0.06889107131646184,0.0019185655515732399,2.393201447699e-05,0.3,0.0,0.4,97,0.2214313703016843,0.0977215845520361
8,38,0.11994743506916518,0.4844109948140004,0.5108765536872611,0.450523549083731,0.02206608030431371,0.06889072561915402,0.001752972467769424,2.188016885981e-05,0.3,0.0,0.4,102,0.2137797444389654,0.0997455132427915
8,39,0.11985267315441296,0.48420329806522316,0.5106583318317125,0.4614261206254355,0.0213928102960657,0.06889107916758452,0.0017654707766674405,2.193598800213e-05,0.3,0.0,0.4,104,0.2160464080101252,0.0957338593879562
8,40,0.11966564279585314,0.4823335898492561,0.5057147464588773,0.4714256242293032,0.023504470724696358,0.06889105713749454,0.001756348113408356,2.1910550917759998e-05,0.3,0.0,0.4,105,0.2158069952100339,0.0987064784063964
8,41,0.11933251063046192,0.48441239980183903,0.5138526987407729,0.47373359326412023,0.02716997882264463,0.06918721246715445,0.0018372357049318382,2.286610785208e-05,0.3,0.0,0.4,106,0.2151828053870057,0.0924043226822484
8,42,0.11923855832895605,0.48869196518032787,0.5272910098137098,0.5458960140455238,0.020683086807550047,0.06889025757514712,0.0026470611509866585,2.6605804046320003e-05,0.3,0.0,0.4,124,0.2454224955093435,0.0955503395976897
9,0,0.965848500671366,0.991059933826854,0.9906070755553725,0.39827789053576,0.0,0.0,0.0,0.0,0.3,0.0,0.4,1,0.8393630309492184,1.1253385573185428
9,1,0.8804969010261254,0.9799374648154358,0.9749289351017772,0.4005954781431659,0.22451464436094523,0.06666490864897182,0.0011060627852630552,1.567417856733e-05,0.3,0.0,0.4,2,0.8298601832894548,0.9459458579805184
9,2,0.7925435181490426,0.9543725096072744,0.9510029985057961,0.38541070832350627,0.21336075741445398,0.06964701597378795,0.0014957774590109183,2.014466070249e-05,0.3,0.0,0.4,3,0.6964516106545318,0.8591062757180681
9,3,0.769325880173013,0.9459735071880878,0.9422236842315383,0.38415315600581235,0.07177366019601705,0.06650659306930683,0.011006167454806573,0.00015091456264631,0.3,0.0,0.4,4,0.7007754190122599,0.5306580583780155
9,4,0.7450395848270746,0.9367948933939545,0.932639538747867,0.37936110842521503,0.07403099474153177,0.06263029634085329,0.008536097663837332,0.00012855062695220002,0.3,0.0,0.4,5,0.6662627712846486,0.551448130306876
9,5,0.5851662526335757,0.8756782582619678,0.8713425058283009,0.34247561789731157,0.46019604614129295,0.06657126131888566,0.021961938233190377,0.00034540086155688003,0.3,0.0,0.4,6,0.6524539789945882,0.7054059014241478
9,6,0.4957796770037078,0.8325591710139352,0.822861585894104,0.3172372542547013,0.33827136896748045,0.07990930276977119,0.010823280801432838,0.00015719317636468,0.3,0.0,0.4,7,0.5490237080767548,0.4272756062804024
9,7,0.3939263400971481,0.7730754318914511,0.7633543066519578,0.2819958780677662,0.4425716696586693,0.07924113257338553,0.01135407995093687,0.00016985019185047,0.3,0.0,0.4,8,0.4602325385892605,0.4023209166079173
9,8,0.392079503881575,0.7732857153979528,0.7665550643713576,0.2914583188926957,0.02808765262445919,0.07918606212293132,0.011604939949535528,0.00017938805716678,0.3,0.0,0.4,10,0.4552073832931915,0.4040545998515711
9,9,0.39004402600827365,0.7735267847295328,0.7697622988471037,0.29986228401101317,0.027285205158687188,0.08095180323154322,0.0069940294295567,0.00010118290364937001,0.3,0.0,0.4,14,0.4698806149173063,0.396723139907233
9,10,0.3803920554510254,0.7656257141126458,0.7616687739386028,0.30403170480050923,0.046428865035939466,0.06725071285959221,0.007062907241960454,0.00012453618527925,0.3,0.0,0.4,15,0.4766103380767156,0.4737289107403286
9,11,0.3556283142347567,0.7496964429498592,0.7478593582525284,0.28849202331980317,0.14830455120749347,0.07071152465878484,0.0076691898862609,0.00012441276343495,0.3,0.0,0.4,16,0.4410087340228355,0.3988884553011786
9,12,0.3368940770052959,0.7353271731222935,0.7327910593647504,0.2876613662634507,0.06825536210746798,0.06884195823341208,0.0062959762786189465,0.00010899994254480001,0.3,0.0,0.4,18,0.4326851483461018,0.3723849999668243
9,13,0.3277607819113723,0.7292130600609665,0.7294347027345154,0.2846490859657388,0.03904162355863293,0.063059499235434,0.0056685102207375306,9.069873281121e-05,0.3,0.0,0.4,20,0.4315748347080206,0.349755103720094
9,14,0.3205835825405391,0.7236012541465372,0.7234906276594766,0.2814005211182157,0.06512581615426624,0.06618618849293575,0.006444579475754462,0.00011771911204121,0.3,0.0,0.4,21,0.4229865563740244,0.348290353604588
9,15,0.31808688813565467,0.721220140726075,0.7210831505084961,0.2856170583243615,0.021630863699720292,0.060009755177586666,0.005316026083653965,9.858929891345998e-05,0.3,0.0,0.4,22,0.4309997652852056,0.3616683572895854
9,16,0.3179731493874123,0.7212195304397024,0.7210564245615934,0.2883303465977964,0.020333797716118568,0.06174265818768295,0.005216414670996204,8.62451231125e-05,0.3,0.0,0.4,24,0.4227348679921129,0.3431829851920206
9,17,0.29719289847751024,0.7067395776548878,0.7117014388753687,0.30520159325234725,0.15407569016293737,0.06832627392996844,0.005583114742459455,8.569291794262e-05,0.3,0.0,0.4,25,0.4206348579157267,0.3219874619295937
9,18,0.2949700132407214,0.7046951998758528,0.7095867505172297,0.3003330675345958,0.024658831775124325,0.06609196054766805,0.007849209250940445,0.00012047083337652,0.3,0.0,0.4,27,0.3919706855643516,0.307012340392524
9,19,0.2707667172384763,0.6823566967510317,0.6859573072288465,0.2905036546418654,0.1987720281354066,0.07657017393101725,0.009114760733313885,0.00013913240834365,0.3,0.0,0.4,28,0.2621085215035653,0.270851317367261
9,20,0.26918892820033113,0.6807958924470788,0.684346162597341,0.28929978778140203,0.025877119747066583,0.07471827673546536,0.0072801653245459,0.00011112819791767999,0.3,0.0,0.4,30,0.253498099988741,0.2730510585351686
9,21,0.2618638866990565,0.6735066816300276,0.6768632787119807,0.317644181237105,0.03216071099876667,0.063232128097563,0.005722985911396291,6.304767020047e-05,0.3,0.0,0.4,32,0.37061890168649,0.2966658264365202
9,22,0.17703062342457407,0.5742443302821925,0.5785190876653485,0.2523601745112376,0.254620034978698,0.06399370938660123,0.008323756182908265,0.000132883303316,0.3,0.0,0.4,35,0.2071672157925348,0.2109588357040215
9,23,0.16397949564362785,0.5541500176763094,0.557395054009749,0.22537674494855356,0.15964192363766747,0.06476453297955097,0.009322991031769413,0.00014863127548057,0.3,0.0,0.4,36,0.1998047695214711,0.1961009375096714
9,24,0.16304349746688582,0.5569767136286714,0.5692975537833953,0.2576547731166046,0.02147930650360065,0.06513490066976038,0.007152699458700861,0.0001130234783461,0.3,0.0,0.4,42,0.1999722362503105,0.1942872148922972
9,25,0.16232559939461108,0.5544008511872982,0.5636149715048211,0.24155000180389938,0.02682579067119651,0.06488704591860614,0.009670311963463761,0.00015424699765252,0.3,0.0,0.4,43,0.1984052319395842,0.1947670094557967
9,26,0.1593920847056921,0.5506249820708193,0.5625893072175036,0.25383878918066693,0.030579767772839807,0.06739762752802678,0.00849611791043113,0.00013487175902893,0.3,0.0,0.4,47,0.1962809244993538,0.1912563648600938
9,27,0.1577303346185288,0.5524663694683563,0.5734777314723695,0.3712508622737173,0.02054074102943223,0.0663519895673498,0.0073569198085513075,0.00011929320052871001,0.3,0.0,0.4,73,0.1949733870864119,0.1789990882807635
9,28,0.15488318830384418,0.5471631753663875,0.5707411711967953,0.35680630155456533,0.03383349948865446,0.0733414808333876,0.012207715230743309,0.00198256840375275,0.3,0.0,0.4,79,0.1286317694991608,0.1384571892708744
9,29,0.1542450046281537,0.5450741302311115,0.5655988588714159,0.3469509899046497,0.022205475931281745,0.07294420724590271,0.011966247386643843,0.00071544841460213,0.3,0.0,0.4,83,0.1366770615213956,0.1223390621021136
9,30,0.15310359595245146,0.5459421796069883,0.5724651577575944,0.3669756782599289,0.02709860454442872,0.07190530489875145,0.01431930785171995,0.00169577630920009,0.3,0.0,0.4,86,0.1274162531819437,0.1383768204834189
9,31,0.15198704052544396,0.5424722165764633,0.5658356107888614,0.35364015822535594,0.02596729977189986,0.07222066395576168,0.010399431549470931,0.00168889851268264,0.3,0.0,0.4,90,0.1308488916432636,0.1328024925712644
9,32,0.14987439457969495,0.5362256297506737,0.5533401180642075,0.326707049855254,0.04125004356299831,0.07170671458626786,0.018681973715667387,0.00080012178259168,0.3,0.0,0.4,91,0.1280345121828514,0.128503554924898
9,33,0.1495111596778288,0.5400024250523962,0.5662484860984685,0.3870204288837819,0.022532820025505954,0.0721525553809454,0.008810669596442024,0.00033119459833569,0.3,0.0,0.4,96,0.2723744565553361,0.1594457010812977
9,34,0.14675898379524877,0.537934112407585,0.5700294621528367,0.4217033340101536,0.026858082460200407,0.07238915490825958,0.009216941897689623,0.00036664322196572,0.3,0.0,0.4,103,0.2810528192282917,0.1578341039408028
9,35,0.12886212305330916,0.5077775846054204,0.5472773224668159,0.4515776405309878,0.05188579197254323,0.07242546915316725,0.013642807414277343,0.0006290170978752901,0.3,0.0,0.4,111,0.2476912125278844,0.1358669221649491
9,36,0.12816927342865778,0.5064653407584434,0.5459058437004767,0.4473620043139463,0.02575235977089733,0.07259815341928999,0.0062477943851509355,0.00014315411949510998,0.3,0.0,0.4,113,0.1114361497430727,0.1025192764602279
9,37,0.12816927342865778,0.5064653407584434,0.5459058437004767,0.4473620043139463,0.021836776635368618,0.07259815341928999,0.0062477943851509355,0.00014315411949510998,0.3,0.0,0.4,117,0.1114361497430727,0.1025192764602279
9,38,0.12693450515854254,0.5026818759910747,0.538963287836318,0.42958819415202504,0.03597308624724325,0.07183504303070964,0.006638936603438363,0.00013726919898492002,0.3,0.0,0.4,118,0.1088124010290397,0.1070034403911943
9,39,0.12086494210067995,0.49090516770316883,0.5295583167692693,0.45372837598486043,0.11452921546832351,0.07255350818961859,0.011633127532783701,0.00014143292622004,0.3,0.0,0.4,119,0.2490899431482282,0.1075273541479767
9,40,0.11748255469691621,0.4842248829578207,0.5254949908271312,0.47831565762430034,0.037111451945433284,0.07412031037689028,0.00759977320378569,0.00014508373544776,0.3,0.0,0.4,123,0.234388958811241,0.1213559547882341
9,41,0.11466220488985865,0.4782317633157311,0.5192168643523936,0.461171263890755,0.06071687005239392,0.07295335331729644,0.01399419238741601,0.0001060597815295,0.3,0.0,0.4,124,0.2643107760781758,0.1206092358321135
9,42,0.11379439251927186,0.4761092557161633,0.5169802487118151,0.476734012657882,0.038082357057517696,0.07315284305099948,0.007210870090390674,0.00028386480354557,0.3,0.0,0.4,125,0.2619555136692265,0.1120578742963784
9,43,0.11266544915375312,0.4721214766958983,0.5098183937744114,0.44174264510861483,0.037929957660915656,0.07279643041869785,0.013148788112841467,0.00020168373026305,0.3,0.0,0.4,126,0.260015092062737,0.1029019832488107
9,44,0.11278567992824426,0.47357200017823353,0.514310841711446,0.4852349508587754,0.023003787196715156,0.07363729245284643,0.014217954332135341,9.945309887253e-05,0.3,0.0,0.4,128,0.2616102279993329,0.1162764853235543
9,45,0.11099096258516201,0.47079483936582533,0.5143734848392051,0.4857027869789287,0.050851355093353354,0.073553659545901,0.013349644792221343,0.00010085316159007,0.3,0.0,0.4,129,0.2525899360920617,0.1183189619860338
9,46,0.10890596832369168,0.46451951839981687,0.5048093111840967,0.46926272484807163,0.054057989506615146,0.07297275893409401,0.01018743772824891,0.00013324425735234001,0.3,0.0,0.4,130,0.150471588199152,0.1085965820881232
9,47,0.10841151702433635,0.4674460744174558,0.5168131199696245,0.5634580066998358,0.022770814097319216,0.0735059569993159,0.011968102824628062,0.0001533502688509,0.3,0.0,0.4,147,0.2461958643327217,0.0908276285810642
9,48,0.10799305505181463,0.4679474365744279,0.5203214622322174,0.5525648763851471,0.023116907513073923,0.073352373830332,0.012448395115562443,0.00015144501144512,0.3,0.0,0.4,153,0.247396558709085,0.0966998453304493
9,49,0.10709389109259437,0.4672511537981703,0.522571575653593,0.5754388243936779,0.02347091975832719,0.07318736379904352,0.013173616708200917,0.00015275044872572,0.3,0.0,0.4,163,0.2468105559144314,0.0990418989802212
9,50,0.10706120524486094,0.4773689149562849,0.5540554862539931,0.713523659615567,0.022058955597079568,0.07325463688428585,0.011152520355420087,0.00013062367406132,0.3,0.0,0.4,187,0.2466713612758008,0.0981797277340398
9,51,0.10648667481029059,0.47304377213669135,0.5435538092044663,0.733906223934663,0.02679969175543028,0.07320090207101179,0.010896512203139554,0.00012734809288495998,0.3,0.0,0.4,189,0.2477805736802698,0.0998512575573993
9,52,0.10569037526241461,0.4695951443066154,0.536951643823702,0.7290560321657583,0.035596586586318014,0.07318167344497081,0.011110409702821471,0.00012658355699294,0.3,0.0,0.4,190,0.2474036387118615,0.0981289238600775
9,53,0.10441133951945492,0.4678840866569831,0.5381353735785357,0.7127127010016169,0.024663010265458248,0.07305034309978437,0.009536722997639533,0.00011351515417577,0.3,0.0,0.4,198,0.2476779176035018,0.1007989528716485
10,0,0.9522789790437585,0.9874215130529799,0.9867843746379373,0.39594997532582676,0.0,0.0,0.0,0.0,0.3,0.0,0.4,1,0.8936483384758496,1.1332195983384958
10,1,0.8773639380407444,0.979000776944512,0.9739448654502414,0.399995611577108,0.20587991503943676,0.06666053803467009,0.0011396862059871375,1.5237463103760001e-05,0.3,0.0,0.4,2,0.8428121290655255,0.9459458579805184
10,2,0.7833729560456605,0.9502659485446423,0.9467682835361291,0.38221554597188584,0.2227767396762798,0.06440106404757298,0.0013395006630393413,1.325600395757e-05,0.3,0.0,0.4,3,0.7280110424152301,0.8643903963574431
10,3,0.5862111206917544,0.8746045129879535,0.867242771551831,0.33847121144126824,0.5458704403903226,0.0662371361615397,0.023995011848594896,0.00022213584393731,0.3,0.0,0.4,4,0.495238643313105,0.4168466318358245
10,4,0.5836370793796278,0.8728165919268055,0.8654225470239008,0.33841606082198716,0.023210942860231187,0.062465369290774855,0.019162138191195006,0.0001772010933693,0.3,0.0,0.4,5,0.4900106205072497,0.4460730241877709
10,5,0.5770341696729063,0.8719929712971267,0.8674718171098509,0.3411178620594281,0.04461394594465563,0.06666075465153617,0.02394557533574072,0.00021734151568500999,0.3,0.0,0.4,6,0.4880933041628445,0.4296541421078675
10,6,0.5393473734539027,0.8527767221865521,0.8443062591151469,0.33254748962253006,0.14199472185454592,0.0666172775147559,0.009646997837785855,9.662136784714999e-05,0.3,0.0,0.4,7,0.5411886177439135,0.7046036142810762
10,7,0.40286369443435255,0.7773647191153052,0.7681020473961385,0.28496465942593285,0.5424324182838939,0.06344401627116233,0.012289362533855016,0.00011116813434875999,0.3,0.0,0.4,8,0.3383832011788202,0.2922655058913684
10,8,0.3524705214059757,0.7456544322177708,0.7406824609976314,0.28767039208117534,0.05561063036756864,0.06752712870006164,0.012632725447119401,9.284863406659e-05,0.3,0.0,0.4,15,0.270981687935743,0.2151971281553351
10,9,0.31235429940360043,0.7154052224479683,0.7118772161450808,0.2735545693724073,0.12982359085651066,0.06775502398529984,0.01461673642072133,8.103884649316001e-05,0.3,0.0,0.4,17,0.2682001349854976,0.2241372108009541
10,10,0.3074374329899212,0.7128585582341666,0.7121234844759518,0.27771685565088977,0.03917572771708884,0.07147235616947606,0.012750098590396847,0.00012052065594841,0.3,0.0,0.4,19,0.2584569587237972,0.2769820072717914
10,11,0.2957911459178223,0.7011860837860844,0.6969419413336232,0.2720280795784807,0.08299017411601531,0.0671844972574755,0.02985107477182501,0.00031117952087697,0.3,0.0,0.4,20,0.2308606200298322,0.2185475336792749
10,12,0.2922222307212167,0.6993940621128971,0.6980383380831299,0.2738539168531349,0.042233837335742645,0.06718449646685436,0.02985107195618915,0.00031117951604716997,0.3,0.0,0.4,21,0.2228122046222784,0.1973351430032794
10,13,0.281178096336382,0.6892856802442612,0.6873971488638275,0.27011451427770933,0.09301639693562201,0.06856822669132626,0.03431217725967338,0.00030322985144301003,0.3,0.0,0.4,22,0.2125949543255614,0.2077417721479162
10,14,0.2288899911894605,0.6352030099040484,0.6305674275658162,0.23957130146397013,0.39472693335722725,0.06940101728514056,0.012556477102355287,7.24655987889e-05,0.3,0.0,0.4,23,0.2493295078400785,0.2610223706276592
10,15,0.20825524507037635,0.6107725174537336,0.6049797071838378,0.22601974213508141,0.17679452476147678,0.06333267727929692,0.06693116987577366,0.00066984277144007,0.3,0.0,0.4,24,0.1959212059261268,0.2989079313185805
10,16,0.20128570993078973,0.6018913308011599,0.5956489060659279,0.22298150039697656,0.08045745368340831,0.06332509064078176,0.06669859291496302,0.00066618909585047,0.3,0.0,0.4,25,0.1866600668606041,0.2819480699296821
10,17,0.18305023521356517,0.5780676468934012,0.5707312087829647,0.20282686959769244,0.16608451951557138,0.056441446430398126,0.05696351875351432,0.00027274023356275,0.3,0.0,0.4,26,0.1932538955571202,0.305015114216171
10,18,0.18650550320650008,0.5823003264530681,0.5779019185900305,0.21736621314413063,0.03757893069707507,0.07349031544537073,0.008571692807239056,9.955480151798001e-05,0.3,0.0,0.4,27,0.1625257641610714,0.1861731687699169
10,19,0.18077926275274464,0.574671803093705,0.5671444626710351,0.21443736874373565,0.027759180188185077,0.05784627056181783,0.01269818885915086,0.00015239983311226998,0.3,0.0,0.4,28,0.1489831779232674,0.1763340329454302
10,20,0.17607726017424832,0.5664607229716746,0.558368236680615,0.21294125826143293,0.09725315873383249,0.06768218860515324,0.012143693369569091,0.00014494043672228,0.3,0.0,0.4,29,0.1504674127779461,0.1824507536948566
10,21,0.17436123551239005,0.5640131977268673,0.555808909443358,0.21398823093815997,0.03534196017879287,0.06688364508399079,0.012057124226480281,0.00014382456950942,0.3,0.0,0.4,30,0.1474049461819922,0.179577696553573
10,22,0.17061277040014464,0.5594800942381305,0.5539971546940422,0.21471923214596214,0.06583029624585557,0.068707570312958,0.01432175407475663,0.00017093656987635,0.3,0.0,0.4,31,0.1463742227177156,0.1718547259447832
10,23,0.13600723760952452,0.5078289176656674,0.5088656040760281,0.18845964801956605,0.13652525528281792,0.054592641182509005,0.02828617991616653,0.00098329514135319,0.3,0.0,0.4,34,0.162082334762263,0.144744701525203
10,24,0.13555949686185864,0.5031973347523814,0.500889423461213,0.1919289425974218,0.039191414097269776,0.06426397455455587,0.02301380722688761,0.0001886260200345,0.3,0.0,0.4,36,0.1603589498272177,0.1501620601277341
10,25,0.11325413614084796,0.45644072208657893,0.4546867551962031,0.16890312550997533,0.19055380316459072,0.06687810826778362,0.040081876279445205,0.0010515578527513498,0.3,0.0,0.4,38,0.1224328540295365,0.1083520017234062
10,26,0.11318325087251221,0.4604919430445833,0.4678744627358631,0.19746462259321446,0.021124352484389708,0.06728731062658297,0.040155349948852934,0.0010527311895660901,0.3,0.0,0.4,44,0.1221140912458288,0.1079121708760792
10,27,0.10501779573747116,0.4397002530379843,0.44013238233494706,0.1983281085544155,0.042384697316924666,0.06404327517175173,0.030435348352776514,0.00047420429759225,0.3,0.0,0.4,49,0.1011283535931518,0.1049219062117937
10,28,0.09285664035931211,0.40983114242761665,0.4117468445223903,0.19213670459707025,0.12587228807083337,0.06290429406778536,0.031426646615507,0.00048310660555694,0.3,0.0,0.4,51,0.0836951884407427,0.0946203724859597
10,29,0.09288932513995238,0.40980491723357315,0.41171596743797967,0.18917620242772878,0.019764459049183218,0.06312435410497502,0.031352858482271734,0.00048241336598865996,0.3,0.0,0.4,52,0.0840693789335555,0.0949915986545797
10,30,0.08736553911327097,0.3950879489992286,0.39922414593414185,0.1900393981828547,0.1319815894866697,0.06356581572664025,0.03766360033028893,0.0005800386134645499,0.3,0.0,0.4,53,0.0824473382866823,0.0809758917374375
10,31,0.08708747064833787,0.39389929869655443,0.39796594787516487,0.19235122593240064,0.028954712820815676,0.06418162939326089,0.03764370428999523,0.00057946408828976,0.3,0.0,0.4,54,0.0821991944977434,0.0805560277087181
10,32,0.08370418896106459,0.38476837193532126,0.3913440677050167,0.1847839704329433,0.09367420228952421,0.06468466529574683,0.03836490836497073,0.00058139863544796,0.3,0.0,0.4,55,0.0794686566751341,0.0834676411528978
10,33,0.0816414634417581,0.37856539441066184,0.3848333118259122,0.20814847966772088,0.04045678277945512,0.06426621588292655,0.03787380207978559,0.0005807326870965,0.3,0.0,0.4,57,0.0768255684522587,0.0800067086916013
10,34,0.08003079148903078,0.3739818736213105,0.380030659192026,0.20444644283220362,0.02672165193863629,0.06354555020500276,0.060307090502312276,0.00047911285533462,0.3,0.0,0.4,61,0.080153122016333,0.09149790074363
10,35,0.07959037948485227,0.3751122260556098,0.38716856124419513,0.22040349775269166,0.023878231808397436,0.06407420783272144,0.04412803149167463,0.00048114627332439003,0.3,0.0,0.4,64,0.0799730337282376,0.0802372137771843
10,36,0.07965793940527488,0.37629822884996994,0.3913827485596173,0.23288196067442415,0.02301459329480332,0.06480226796333391,0.042138378962054655,0.00048107629507805,0.3,0.0,0.4,65,0.0890273062542428,0.0706509005075651
10,37,0.07890801877292596,0.37407525020283056,0.3890523046950929,0.23379765644869452,0.034159030255898705,0.06445418877220063,0.030905935456923227,0.00048968020299488,0.3,0.0,0.4,66,0.097517086966247,0.1314328811505869
10,38,0.07838535506237423,0.36981282162737633,0.37862391960934577,0.23050650677313647,0.02751093711784288,0.06401489049789809,0.051228543276483844,0.00040996083425993,0.3,0.0,0.4,67,0.081223135817984,0.0964093228943849
10,39,0.0773204405565154,0.3689727140692267,0.38369482289381873,0.23442374420020595,0.046026135297398574,0.06419576325230665,0.03297748648632137,0.00051176402701563,0.3,0.0,0.4,68,0.0807577422856471,0.1359295469248544
10,40,0.07593060798027473,0.36580860756756245,0.3833511439493056,0.24659337180048183,0.035264681642633994,0.0641264131250379,0.03208186243015791,0.0004902361414408499,0.3,0.0,0.4,70,0.1014404238423345,0.0735932147594645
10,41,0.07591303088398611,0.36574858731729654,0.3832880789502639,0.2497307118768634,0.019847548449213333,0.06412651075121721,0.03208354240260498,0.00049025276683121,0.3,0.0,0.4,71,0.10153028549305,0.0737836808917449
10,42,0.07553331944815032,0.3637139677001747,0.3781863431778793,0.21207456367259678,0.01945362777004442,0.06322780133655016,0.028115129735026573,0.00041805908416684003,0.3,0.0,0.4,77,0.0892160464218813,0.0758516022946142
10,43,0.07501679306085661,0.36724748162504334,0.3938044153253846,0.27602147289848666,0.036751348853940755,0.06386706212451003,0.03139896234231075,0.00048861912108381,0.3,0.0,0.4,78,0.1014373074053294,0.0798689175147525
10,44,0.0747181211453355,0.36459738845541917,0.38803762082949245,0.32255679727692804,0.0203827274580961,0.06413175592063167,0.031127687019965378,0.00045319695704489,0.3,0.0,0.4,87,0.0815563936600627,0.0808840027544038
10,45,0.07377438731790546,0.3614846276423661,0.38477070405362507,0.32330098455670286,0.024589446353277374,0.0640292536005702,0.023157585912476235,0.00035751562352818,0.3,0.0,0.4,91,0.0911679922976446,0.0753477821110462
10,46,0.07353206734313258,0.36211508802109216,0.38841269725603333,0.3260875864175351,0.02218706368540233,0.06398073531419102,0.02455957432036,0.00037340017209605,0.3,0.0,0.4,93,0.0767107385488003,0.0826793576674387
10,47,0.0735264499841496,0.3635547379848027,0.3929044489587798,0.33547616617839726,0.019411673250751372,0.06398073535681248,0.02675558642697169,0.00037338463004395,0.3,0.0,0.4,95,0.0767046548263227,0.0827890584161927
10,48,0.072778014845405,0.36073332026406024,0.38993655729461646,0.340388183102517,0.03939718240004819,0.06421255005377027,0.029632766390824686,0.00037638140915057,0.3,0.0,0.4,96,0.081597978259861,0.0806334491399788
10,49,0.07282456188076027,0.3607145793068772,0.38991321559796055,0.36382386530770416,0.01955076828020878,0.06452170685098782,0.023027889227360012,0.00032484838931586,0.3,0.0,0.4,105,0.0810509991991877,0.0867428285086161
10,50,0.07243805049779664,0.3596495968746202,0.3888004326933298,0.3597528437647401,0.025869946245842924,0.06411509013406372,0.023456042813129543,0.00032673691116592,0.3,0.0,0.4,106,0.0798177544706714,0.0968031902006159
10,51,0.07208747079443559,0.35841840103398176,0.38750730352678414,0.37569195454280746,0.02216683467605294,0.06411368062391014,0.025342826634290272,0.00030716990390898004,0.3,0.0,0.4,109,0.0839633334182673,0.0837333433003295
11,0,1.0,1.0,1.0,0.40399793201933065,0.0,0.0,0.0,0.0,0.3,0.0,0.4,1,0.6964853648625613,1.1390363392723604
11,1,0.8918794866482884,0.983291689146995,0.9784542916934413,0.4027327098000956,0.262822850775727,0.0665799094718379,0.001133199203834278,1.759273166871e-05,0.3,0.0,0.4,2,0.7826789463938785,0.9459458579805184
11,2,0.8073878940992532,0.9594263386581435,0.9562994654245913,0.38873935732347786,0.2038943472521791,0.07051993918393103,0.0016907256828946015,2.374763133171e-05,0.3,0.0,0.4,3,0.6408426718105852,0.8549522361514135
11,3,0.8072454354341533,0.9593040202806811,0.9561766275520113,0.39305693321606144,0.02111967541648165,0.070145594364323,0.0016441555563066524,2.309351564134e-05,0.3,0.0,0.4,4,0.6390662740012779,0.8561126679367028
11,4,0.7778225447777073,0.9503900891355102,0.9467466742640414,0.3903381125891567,0.09256597496749477,0.07440114632742031,0.0013090129593290555,1.982251024631e-05,0.3,0.0,0.4,5,0.6104164273985323,0.7404295349078837
11,5,0.6673549656885142,0.9091479971826658,0.9034918761275698,0.3650824134718739,0.2947525460302208,0.06928510812988217,0.005064171419418721,0.00010107937329198,0.3,0.0,0.4,6,0.7380134456067604,0.8867756824793525
11,6,0.5938196831147048,0.8778336651067551,0.8706499090003066,0.3474600724264601,0.22762220500284097,0.06553833708254025,0.00216093519250583,3.314227773743e-05,0.3,0.0,0.4,7,0.5639337563013395,0.6969890977595573
11,7,0.5002916489083623,0.8353313809910843,0.8257335997059689,0.3250614543839625,0.3533595317752242,0.08269229819329142,0.004419895303421684,7.372640661251e-05,0.3,0.0,0.4,8,0.4442638983966633,0.4472155730168287
11,8,0.46706714447982095,0.8157685402098024,0.8053377772470712,0.3114227135818321,0.1350934853041701,0.07236897251148333,0.0022095511028507276,2.7232669878050002e-05,0.3,0.0,0.4,9,0.3806928126519913,0.4167297763311612
11,9,0.35548650011773586,0.7449654649319342,0.7307299620317569,0.2715611041540336,0.5438739263348308,0.08648945260266988,0.011245607714401138,0.00023904744998282,0.3,0.0,0.4,10,0.3890051878201604,0.3498210452180278
11,10,0.3560873696444991,0.747139476654497,0.735939699812563,0.2777122562779651,0.028282644782502964,0.08984620809239119,0.017085460123478873,0.00036602395675395,0.3,0.0,0.4,12,0.4805725411429085,0.4058972635680598
11,11,0.3401408087228483,0.7365634766500792,0.7310716180040112,0.29067579793003595,0.030507638296087516,0.07137633287079984,0.008914096875657073,0.00014105350130529998,0.3,0.0,0.4,18,0.3489672294460862,0.2824801263537321
11,12,0.3001522544302963,0.7022363258968759,0.6920198979967724,0.2686697032539354,0.24947774892117278,0.07185988571330718,0.010135035056213902,0.00011664761007954001,0.3,0.0,0.4,19,0.3854732203231288,0.241103057692969
11,13,0.249219138018156,0.6546225469031942,0.6449737410345102,0.24548511525412803,0.1905741774848433,0.07175851260175296,0.014238485270415591,0.00019830182210357002,0.3,0.0,0.4,21,0.3408463609062554,0.1843091451604116
11,14,0.24424309636938313,0.649313480977932,0.6394031472716833,0.244430376767853,0.05704555139218715,0.07129221263069171,0.013185946369093976,0.00018521568907754,0.3,0.0,0.4,22,0.325597957577558,0.1818436625763407
11,15,0.23912675898903005,0.6452595399040175,0.6381123963477036,0.2476504698402477,0.06074088570608422,0.07182876636205289,0.02787581274796889,0.00030964687726442,0.3,0.0,0.4,23,0.3302528217756201,0.1937767723458658
11,16,0.21474674014222875,0.6220727731687634,0.6229001684084683,0.2591199099833262,0.04049793452571994,0.0580985299909418,0.01549651584771336,0.00017670629529391,0.3,0.0,0.4,30,0.2871019418060248,0.192885597455728
11,17,0.212709256310985,0.6211221395074555,0.6248916381798236,0.26829854527373775,0.02531458036979552,0.057387906221083806,0.018167002708409867,0.00016383506363189,0.3,0.0,0.4,32,0.2786366558164345,0.1921121371671948
11,18,0.20542928953796813,0.6136203014893412,0.6199997919159912,0.27480927688700063,0.047004636388011646,0.05671296672406251,0.01255497998262838,0.00013866772557956,0.3,0.0,0.4,34,0.2677951391565854,0.1842163649092847
11,19,0.2003024413712476,0.6072722593675502,0.6133614502686051,0.29569953568569646,0.03588179510151105,0.05465714742600417,0.021990863170165333,0.0001401852480956,0.3,0.0,0.4,36,0.2768371352681784,0.1684726923642708
11,20,0.1997287417711253,0.6080033382552469,0.617110459113888,0.3032751349212246,0.01881378817602973,0.05453916001042412,0.021852280739630685,0.00014301449079455,0.3,0.0,0.4,38,0.273786139526998,0.176584722581748
11,21,0.18376711972052784,0.584227939927981,0.5890358403956019,0.27561672339882315,0.10378819098120447,0.06220041889927182,0.013762245995211045,0.00012042949624141,0.3,0.0,0.4,40,0.2584261833749949,0.154445776928922
11,22,0.1814053295360404,0.5823031134858002,0.5899926962280837,0.28711544727286803,0.030288611478017126,0.06220041889927182,0.013762245995211045,0.00012042949624141,0.3,0.0,0.4,42,0.266082133605773,0.1535318552035506
11,23,0.17928957934904252,0.580661708097495,0.5912414128397235,0.2601321427738103,0.03083972685704728,0.0626509354574842,0.01304754839960362,7.546669811894999e-05,0.3,0.0,0.4,44,0.2636388765565242,0.1290529235612892
11,24,0.178862848725375,0.5841436841648889,0.6038066723371811,0.34480296046708364,0.021031401561834973,0.06461128892520904,0.0205107095179656,0.00011737220131565001,0.3,0.0,0.4,49,0.237955533658399,0.1338707551280585
11,25,0.17765468047431346,0.5823167937770546,0.6018810182469191,0.3414133428517441,0.032957507418505554,0.06503277139125041,0.01996506081844887,0.00010900695108360999,0.3,0.0,0.4,50,0.2571046916316473,0.1516405675826875
11,26,0.16892328900462736,0.5694419434319102,0.5883804130662906,0.3413370716631794,0.10414974644859464,0.06328357513739011,0.022424882064723473,0.00012307860175709,0.3,0.0,0.4,51,0.2519320043094224,0.1296357327631637
11,27,0.16855981636504871,0.5675426889942402,0.5834170302415684,0.3531435815169334,0.01957430376837262,0.06257603065888107,0.017992909610941858,9.778779463422e-05,0.3,0.0,0.4,53,0.2522861471200279,0.1203958395309423
11,28,0.16651502853095898,0.5686970011483986,0.5935626538264418,0.3691790057641924,0.02348176847952363,0.06286040372591983,0.0213258296955737,0.00011624798667596,0.3,0.0,0.4,58,0.2383898317512582,0.1232138004310005
11,29,0.1613976091438345,0.5619149042824211,0.589405711786665,0.37830199473353826,0.07728703205734713,0.06358652447339708,0.01731468805147603,9.355655538726e-05,0.3,0.0,0.4,59,0.243345314799922,0.1215244303505059
11,30,0.15915481045267207,0.5598280274947082,0.5901998611202978,0.38550742696129264,0.02230780544230623,0.06300024864799966,0.02804114630515259,0.00016059284218158,0.3,0.0,0.4,66,0.2510004228177939,0.1352824240508078
11,31,0.15590836273855266,0.5551208069939229,0.5853039909937546,0.41683757968013035,0.026533922914830598,0.0598018111451901,0.017921288787050314,0.00010341906627723001,0.3,0.0,0.4,69,0.2579179313018487,0.1384023059082282
11,32,0.153443981235753,0.5474671127337105,0.5712586426469239,0.38924009784155117,0.05772072546468807,0.06279938239130985,0.014714244448464182,0.00010914687898762,0.3,0.0,0.4,70,0.2521175206622878,0.1340839565859147
11,33,0.15202081403997642,0.5463042580382557,0.5730016619987179,0.40632780195573404,0.029202399426007428,0.06374626028004445,0.014804249468043316,0.00011019809881197,0.3,0.0,0.4,72,0.2467176913519436,0.1305714725111361
11,34,0.15173116429130382,0.5472633574926632,0.5769882406756347,0.4248940740951205,0.019870565820347665,0.06376522824338282,0.01481013367904496,0.00011001115370428999,0.3,0.0,0.4,77,0.2469827782017355,0.1310649466721332
11,35,0.1517618288552723,0.5573641923088052,0.6084431317661859,0.515769273290457,0.01957894216012511,0.06424929671293557,0.019610062015894596,0.00033108441342008,0.3,0.0,0.4,91,0.2380359862985945,0.1276596546636668
11,36,0.15140317034120104,0.558307064847359,0.6124199690741794,0.5555922388785048,0.020552913480488676,0.06406201414429775,0.015702191426625097,0.00012391676696778,0.3,0.0,0.4,93,0.239139330550205,0.133773381453993
11,37,0.149763838624644,0.5570505169466764,0.6140870603000071,0.5435346571019969,0.02350674142045406,0.06353968269523957,0.015414448177541257,0.00011495763858349,0.3,0.0,0.4,97,0.239298068946254,0.1321802580598896
11,38,0.1483570537150278,0.555944054321048,0.6158962913060844,0.5725505657364418,0.023937641322646013,0.06403402247769382,0.015367765609584055,0.00011479631608194,0.3,0.0,0.4,101,0.2357577845299021,0.1297418360892334
11,39,0.14770082674263935,0.5547058851526994,0.6145898110582069,0.6129383073060755,0.02246354389377074,0.06443169610859614,0.014266153588166217,9.312728979665e-05,0.3,0.0,0.4,104,0.2396050618155058,0.1331325656535949
11,40,0.1473507224955816,0.5555897439578077,0.6185004096363931,0.6055715421702842,0.02051168312397713,0.06426219711775398,0.012462549886267937,8.265241809265e-05,0.3,0.0,0.4,107,0.2318534038517413,0.1283450868855905
11,41,0.14573973433161325,0.5526959254105952,0.6154580058415592,0.5998953256806069,0.03955706724887803,0.06438653392907528,0.012193582031945949,8.941306125498e-05,0.3,0.0,0.4,108,0.2353381416771291,0.1289383720638609
11,42,0.14542907665010882,0.5550532374950212,0.6238926926096448,0.6660326484966793,0.0198504145954677,0.06441118855374353,0.012042383459070275,8.923964409347001e-05,0.3,0.0,0.4,116,0.2371953707037756,0.1271938487995555
11,43,0.14507784451047673,0.5558752580971908,0.6277350653538254,0.6832107890869689,0.021596581177650107,0.06444793091129158,0.012098389149979865,8.546797626923e-05,0.3,0.0,0.4,118,0.236188061213039,0.1266840694856331
11,44,0.14460051266003168,0.5550266733788368,0.62684409050857,0.7075262373556132,0.02127561456102138,0.06442245971460661,0.011234968232901975,7.466598289493e-05,0.3,0.0,0.4,121,0.2362487366503333,0.1261250082919927
11,45,0.14425318973335144,0.5615381750505842,0.6485712903825254,0.7646135712938007,0.020232242086283284,0.06499314064362564,0.01069350913105866,0.00013961699603765,0.3,0.0,0.4,131,0.2425417697587543,0.1273664469618604
11,46,0.14407944871015008,0.5612554856685824,0.6482762605118756,0.7716896799523121,0.020349183540956464,0.06496078492898454,0.010034182947643501,6.651798076525e-05,0.3,0.0,0.4,133,0.2396694492370211,0.1272498536129362
11,47,0.14341228125868277,0.5644475724038787,0.6605690709510533,0.8584069814907974,0.019864640448994945,0.06484388763809967,0.009686662311142184,8.11000706842e-05,0.3,0.0,0.4,154,0.2339061054703574,0.1179384797042057
11,48,0.1431181037528444,0.5624405814743404,0.6554804565548137,0.8617147382903247,0.021439359582858784,0.06489780936737316,0.00957857949071868,7.891267962477e-05,0.3,0.0,0.4,156,0.231174316163195,0.1244166151687045
11,49,0.14303754443239583,0.563734390429091,0.6598178478456832,0.8689224269595945,0.020821812822849756,0.0649626987610469,0.01069442935992428,8.732358463225999e-05,0.3,0.0,0.4,157,0.2309350216488191,0.1167438886749284
11,50,0.14296034711341624,0.5636017543200307,0.6596789571270469,0.8793702782598749,0.01972680122060017,0.06491625665708864,0.012058834164087718,9.758183316583e-05,0.3,0.0,0.4,161,0.2310104283489283,0.1170738813046695
11,51,0.14297090594112302,0.5767444230496858,0.7002992874076854,0.9920902559127142,0.019528710712588767,0.06497276094029,0.010537987413366708,8.767251154655e-05,0.3,0.0,0.4,175,0.231584006675441,0.1227179093503599
11,52,0.14294181010436924,0.5767076577028987,0.7002616437967629,0.9957841424296625,0.01962369685339141,0.06490668846990619,0.010508646905839227,8.767793866966e-05,0.3,0.0,0.4,176,0.2313695381435297,0.1224368183241123
12,0,0.969823353983911,0.9921162279859388,0.9917169191535937,0.39895373428526304,0.0,0.0,0.0,0.0,0.3,0.0,0.4,1,0.8210400826505919,1.1361974164404869
12,1,0.8486635381271559,0.9702672449813925,0.9647692454137632,0.3944061532252326,0.2984037637509259,0.06663814272991911,0.0011338159265096798,2.0066512768160002e-05,0.3,0.0,0.4,2,0.9614986176453792,0.9459458579805184
12,2,0.7755389322756516,0.951045249039949,0.9473252908911955,0.384576029973901,0.1980330188381611,0.08161652713589297,0.0016666643774553304,2.268990957084e-05,0.3,0.0,0.4,3,0.7866450786003482,0.8547919876279185
12,3,0.7755528904264789,0.9510625481243145,0.9473424993695722,0.3866942150944829,0.02452541306563703,0.08168015253413269,0.0016735364418746636,2.278346561149e-05,0.3,0.0,0.4,4,0.7869941481988243,0.8546269665423367
12,4,0.7033712576437253,0.9243884156813362,0.9162909833335312,0.37623883984123474,0.2056855403231186,0.08474331424870149,0.0049496986569991935,5.860329586796e-05,0.3,0.0,0.4,5,0.7552965342611497,0.7571375233626945
12,5,0.6951589568706791,0.9210215353320129,0.9127748634198525,0.37679797922582153,0.04533656099507691,0.08335962625323731,0.0037651755216223277,4.545961774216e-05,0.3,0.0,0.4,6,0.7334038648444098,0.7609396194919938
12,6,0.6936418054302627,0.9216941057227828,0.9164778368308241,0.3778457652493962,0.02778180483757724,0.08223231131521472,0.0038836414608291597,4.598142338469e-05,0.3,0.0,0.4,7,0.7249920651372401,0.7574104475478931
12,7,0.5802116372535224,0.8760209630164492,0.8683483876995979,0.3545707939269513,0.19466658779785426,0.09160472666076593,0.004495186897623436,8.117817477626001e-05,0.3,0.0,0.4,9,0.5623210671082135,0.6305139900447148
12,8,0.5653213163175846,0.8724599374378537,0.8674047527372911,0.35790389087104896,0.060747672422888734,0.10352919578827377,0.005367792764493034,9.468569850865e-05,0.3,0.0,0.4,11,0.575185574817031,0.6092970406587193
12,9,0.5651469394086504,0.8723769912593833,0.8673176299844012,0.3578506070344244,0.03166329686552186,0.10352786228054414,0.005388495235366186,9.429729879592e-05,0.3,0.0,0.4,12,0.5756434099539269,0.6090247080474411
12,10,0.5188583789589489,0.8437222058869391,0.8315496520893833,0.33765489291156653,0.16229716537241465,0.0841040603710586,0.0017693106452906216,2.946371868526e-05,0.3,0.0,0.4,13,0.5183125086763365,0.5754694096462246
12,11,0.49881108426063187,0.8355804566811388,0.8258832891474737,0.3376661788036801,0.0663623883963363,0.09010846785021163,0.0023136158354050427,4.032450360356e-05,0.3,0.0,0.4,15,0.5335140703572891,0.5359134744412254
12,12,0.4947417509444357,0.8331424061441195,0.8233500347842236,0.3378468404088008,0.039448208572493364,0.08825438980513554,0.002081189670725918,3.5370538247909996e-05,0.3,0.0,0.4,16,0.5210487134772313,0.5397605583730695
12,13,0.47551940808225596,0.8247717886313248,0.8174532431586978,0.3359476936341909,0.10693843603838826,0.09358557873193815,0.0032743278164906035,5.6354986909819996e-05,0.3,0.0,0.4,17,0.5165997343364742,0.4986774610807193
12,14,0.4775377395441146,0.8298510262255415,0.8254809056713931,0.34573628866921385,0.04803320229187869,0.11249947404914236,0.005775542438837481,8.824641117671e-05,0.3,0.0,0.4,18,0.536976356583854,0.4880531315090911
12,15,0.4564738803122187,0.810444899394713,0.802812292993237,0.32982668634460877,0.048467961956948295,0.06649455095378244,0.00422956408816859,5.978209638943e-05,0.3,0.0,0.4,19,0.5130222299818545,0.5114158134881563
12,16,0.45779698349459613,0.8134918882579152,0.8057400893809954,0.33587130054765674,0.04159516174626446,0.08448261763974828,0.004448014122962687,6.990700120251e-05,0.3,0.0,0.4,20,0.5146290779692119,0.5007241249375435
12,17,0.44987523943356356,0.8092240690816932,0.801210844668997,0.3377625160755163,0.06184687259992199,0.08746439851458257,0.004362953943097071,6.842150156233e-05,0.3,0.0,0.4,21,0.5061004938492896,0.4926972922687228
12,18,0.4385792476826339,0.8038610756603286,0.7985627137273643,0.333345616324626,0.07215782885123263,0.08696767633627887,0.005102515260966101,8.128214777219e-05,0.3,0.0,0.4,22,0.4980621959534554,0.4797263471667773
12,19,0.41169164318841084,0.7865984336807984,0.7868540396536002,0.3387893939646111,0.035636226152437264,0.05605841447754578,0.005657863361920442,6.934956498161e-05,0.3,0.0,0.4,26,0.5130344721247098,0.4453288325737713
12,20,0.3907455821717865,0.7713140919398334,0.7646500728762531,0.33745784201116796,0.07589298513616013,0.06836091489340874,0.009210953135244155,8.068487124699e-05,0.3,0.0,0.4,28,0.501820681646367,0.4768663475236943
12,21,0.3684601762879297,0.7564720484926365,0.7489533636888132,0.33827049028028844,0.061347016298989594,0.07515927464959479,0.00761283849854508,6.421893071969e-05,0.3,0.0,0.4,31,0.4573118797611901,0.440740744045527
12,22,0.3657871231804566,0.7541544174906343,0.7465900329102052,0.3458588908072495,0.023233762733586825,0.07041994526328835,0.009386945778847751,8.125475015666001e-05,0.3,0.0,0.4,34,0.4614015277823358,0.4157148288879165
12,23,0.3650381782197309,0.755073987513266,0.7505353478948501,0.36336571308502136,0.023016718864844847,0.07041994526328835,0.009386945778847751,8.125475015666001e-05,0.3,0.0,0.4,36,0.4597826766987481,0.4229142898527154
12,24,0.3508452944134764,0.7459576790454426,0.7439654541644365,0.34122271940105664,0.08954946793992852,0.06856175210984308,0.0035752529277323863,4.727476644997e-05,0.3,0.0,0.4,37,0.3987990771731385,0.3312262488396568
12,25,0.3505949272014519,0.7442851740056825,0.7392343132736151,0.35092237562684253,0.021238062838094506,0.06816091866242618,0.009748736418577422,8.765835478030001e-05,0.3,0.0,0.4,38,0.4439348417040731,0.3670304065694763
12,26,0.3504079387025953,0.7456932114951559,0.7436748044519885,0.3641027639469654,0.023649088094377838,0.06939784943517593,0.0038759072866660143,5.1788555002949997e-05,0.3,0.0,0.4,39,0.4087093831057888,0.3557074669096275
12,27,0.3459444989635017,0.7424948390145951,0.7402782524245718,0.3597666532257499,0.048527662345599284,0.0717504335747549,0.007790631877410247,7.409801544669e-05,0.3,0.0,0.4,40,0.4297893755368398,0.3574391380374763
12,28,0.3425596666074902,0.7384147668612333,0.7330191214722102,0.35785841686096714,0.038563853215002955,0.0713005498098548,0.0077966229517922765,7.706802175374e-05,0.3,0.0,0.4,41,0.4173760939421476,0.3291345547431439
12,29,0.3422758009159102,0.7414130560520854,0.7420633356833378,0.3875560726172906,0.03094076740737824,0.07552350424331193,0.007682093658620599,8.440216086445e-05,0.3,0.0,0.4,42,0.3894977177594615,0.3049908070159691
12,30,0.3365860373048217,0.735377889376071,0.732776043118285,0.36574562663002824,0.04908860444515752,0.0734006014765115,0.006164037155186913,6.133425246072e-05,0.3,0.0,0.4,43,0.4103912753148226,0.3192574863456144
12,31,0.3344395281270628,0.735245794953346,0.7355932544639733,0.38647312956620883,0.036627398603849344,0.07491803283027237,0.0065929343659285895,6.793073536979e-05,0.3,0.0,0.4,44,0.3970940026317436,0.3181036977407662
12,32,0.33188301421059774,0.7346328557358912,0.7379396120250648,0.39586276839770673,0.028661595133327476,0.07418400442589355,0.006405019539159395,6.577474147402e-05,0.3,0.0,0.4,46,0.3909282493896317,0.3154787348444245
12,33,0.3287970853476326,0.7322302996802625,0.7354034149997019,0.4028950725582339,0.0408240292707828,0.07497657175272239,0.00584471901145997,6.134199676722e-05,0.3,0.0,0.4,47,0.3681376146981013,0.3277108397002471
12,34,0.31971489730998987,0.7231761290396332,0.7229629075123606,0.3918861475447901,0.06675280414420887,0.07160651289927991,0.005440184631874743,5.4245710194409994e-05,0.3,0.0,0.4,48,0.3667690532655134,0.3259718456998601
12,35,0.31792715624663986,0.7218556057299543,0.7215288037341082,0.39081585147391323,0.03787979145791374,0.07463337697657736,0.011666725832798342,8.914700583336999e-05,0.3,0.0,0.4,49,0.3695730992758358,0.3697026180599458
12,36,0.3115272124887033,0.7179130893754504,0.7203801606787267,0.40184646409920505,0.05751848477591277,0.07370816260941901,0.007957072874828058,7.436872798115e-05,0.3,0.0,0.4,50,0.3727356410654754,0.3225968848920237
12,37,0.3077059354179784,0.7161417834307389,0.7214907949561111,0.41129080351027525,0.03006762115078048,0.07419598503306528,0.00826398523045193,7.849713362626999e-05,0.3,0.0,0.4,53,0.3611316614934815,0.3184552044461397
12,38,0.3044882306290095,0.7131004592980544,0.7183896089902462,0.4259372481618582,0.023115180629432505,0.06801695961551187,0.006445194486839421,6.394420784450999e-05,0.3,0.0,0.4,56,0.3685709647441088,0.3175579234133922
12,39,0.30361577489822356,0.7124270835319965,0.717651033020458,0.4342545434710656,0.029900138811774057,0.07006528232166112,0.006444186918492696,6.284691339754999e-05,0.3,0.0,0.4,57,0.3685686394252577,0.3159341274099215
12,40,0.30306208697928827,0.7149072699314907,0.7261975911133225,0.44023936496919713,0.02247110232681968,0.0712100509437958,0.008014777869727362,7.405386809528e-05,0.3,0.0,0.4,62,0.3591091160108064,0.3319815297106237
12,41,0.29961271357422187,0.7119047361914593,0.7230380462709203,0.46432944901652884,0.02683293117938656,0.07153833670980818,0.007747770262073764,7.180416621736999e-05,0.3,0.0,0.4,66,0.3524142467328585,0.3295074316196541
12,42,0.29732138626655363,0.7142263933553105,0.7344297936783842,0.5157126582092868,0.02229872973225788,0.07058107464512763,0.0053409223491552625,5.206678280195e-05,0.3,0.0,0.4,77,0.36562054622628,0.3390223514935491
12,43,0.29941693842971834,0.7163981304954801,0.7365715260904578,0.5369381838947898,0.025321422544033093,0.07978718693407377,0.006376544751849921,5.852314283185e-05,0.3,0.0,0.4,80,0.3600219259710174,0.3595351044410243
12,44,0.29533712901057785,0.7140885306527891,0.7371858821024012,0.5500312967827563,0.026256425806909525,0.0757311683559271,0.00516383875610804,5.300379989298e-05,0.3,0.0,0.4,85,0.3511630776076842,0.3486541632792194
12,45,0.2943755547624804,0.714658695681212,0.7407770126907285,0.5560195688493242,0.024671185027593016,0.07488442660638168,0.0048662817279616685,5.125407123552e-05,0.3,0.0,0.4,87,0.361551395569325,0.3539435768876989
12,46,0.2938339954785825,0.7142360937447246,0.7403002741763027,0.5591259510515694,0.026815530969956664,0.07703706390289096,0.00488416851188509,5.2292878753709996e-05,0.3,0.0,0.4,89,0.3618219121639129,0.3511640461757946
12,47,0.2967015934748396,0.7188400429650164,0.7478216926351602,0.6166843507476618,0.032645882031064756,0.09640645354709758,0.005363592115302636,8.102125409857e-05,0.3,0.0,0.4,94,0.3443786805003367,0.3381720326117857
12,48,0.2909945839438419,0.7131694989710857,0.7421324026214362,0.6111482010697509,0.024506529027226113,0.07876734997571326,0.00515436974590933,6.010569619411e-05,0.3,0.0,0.4,97,0.3429553585328759,0.3558092948092271
12,49,0.29445394866857666,0.7197601073883546,0.7547112089033714,0.6523617928947076,0.032867921055493715,0.09875977022064109,0.005185264318210295,7.085700570171e-05,0.3,0.0,0.4,102,0.3519833352902113,0.3524050185121261
12,50,0.28677614072713153,0.7125359070995168,0.7471764695869906,0.6869431952431045,0.033258695485343125,0.09494674395755189,0.019349913227863374,0.00019770331718355,0.3,0.0,0.4,111,0.3607046102332013,0.3048909691278227
12,51,0.28720321933104087,0.7115750681110854,0.7431013997018893,0.698133048114307,0.032349803958859114,0.1006252662752033,0.02223174608679235,0.00020346316529936,0.3,0.0,0.4,115,0.3577286273648843,0.3067846624319404
12,52,0.28458189177523147,0.7118915175756277,0.7495067678722851,0.7418276947210651,0.028792077687394592,0.09308744027636709,0.01920975540381742,0.00020444170938248,0.3,0.0,0.4,118,0.3540984972758849,0.3171684646694043
12,53,0.28531341802157195,0.7112320547727631,0.7457284942755348,0.7190243438470291,0.039048120866251555,0.10011264920500432,0.019580914618937184,0.00017864292618185,0.3,0.0,0.4,119,0.3572127578855832,0.3065165716889045
12,54,0.28641935677530433,0.7138202097975859,0.7513461057546672,0.7620777076447564,0.03330756476637636,0.10542985359555848,0.020483832053170243,0.00017938370873075,0.3,0.0,0.4,121,0.3513990169758534,0.3032393537460336
12,55,0.2862278795252095,0.7166691171269904,0.7601563573189803,0.7584108210741309,0.05420554548423822,0.11467158908108868,0.021324166234682796,0.00022293774980176,0.3,0.0,0.4,122,0.3542931494627618,0.306208822875109
12,56,0.27193742000726273,0.7184450877104491,0.7954972812992517,1.0205915787155484,0.0206084778887323,0.06816192290259016,0.054048921177052775,0.00035750461192858,0.3,0.0,0.4,187,0.3292162421643467,0.285126704198805
13,0,0.9175393828966251,0.9778704636785317,0.9767496314045888,0.3898390655812084,0.0,0.0,0.0,0.0,0.3,0.0,0.4,1,1.037863547994259,1.129541292890199
13,1,0.8758173093039885,0.9785055935819474,0.9734269381378708,0.3996623515022204,0.14309638628126042,0.06649819380831945,0.001107830124025929,2.278047500534e-05,0.3,0.0,0.4,2,0.8490201029411992,0.9459458579805184
13,2,0.7721468770874492,0.9470678584933488,0.943363203729651,0.38048967217423896,0.24874219349557555,0.0673662364315314,0.0010168494980235276,1.249936563727e-05,0.3,0.0,0.4,3,0.7982245601346383,0.8797886564953084
13,3,0.6205113387020746,0.8896329897602573,0.8830229083914951,0.34815382304939785,0.415581088711269,0.06664947122351716,0.023861181396097872,0.00038084229548719,0.3,0.0,0.4,4,0.6864196846129963,0.5620954418904128
13,4,0.4558447301186834,0.810165665550635,0.7965555054693064,0.2983151854021744,0.5776621122753741,0.0666034959533951,0.01691410669853018,0.00022748254854839,0.3,0.0,0.4,5,0.5421369969838419,0.4143873013349182
13,5,0.3939149761888283,0.7703605931965113,0.7577136320554593,0.27701954811748714,0.1520926051572474,0.0666034959533951,0.01691410669853018,0.00022748254854839,0.3,0.0,0.4,7,0.4781890986273162,0.3167819973915093
13,6,0.39239460583508934,0.7737358798848507,0.7581169768188882,0.2832177327989018,0.04525130081776322,0.07746389651301734,0.011666304130846527,0.00016277838853467002,0.3,0.0,0.4,8,0.3692010327126691,0.3525017672220583
13,7,0.28682101083956935,0.6962896702199687,0.6797866807495933,0.23529335615744684,0.5867826308582218,0.07358096540225241,0.011618350148136003,0.00015911605992631,0.3,0.0,0.4,9,0.309109099432917,0.2459372429029111
13,8,0.28314786664865826,0.6932420088411066,0.6765744223282474,0.238512041400055,0.04710295245532981,0.07425374481875055,0.011708238761160917,0.0001602209929995,0.3,0.0,0.4,10,0.2984986181941169,0.2402938967940618
13,9,0.21973914373553197,0.6183115800936295,0.6008216234901298,0.1905972960710054,0.4857916458841219,0.07468851393597907,0.011776400749362105,0.00016105885702436998,0.3,0.0,0.4,11,0.2271030068525501,0.1528239874184217
13,10,0.21319660277029823,0.6116945503863925,0.5968344520249629,0.19098780388976216,0.05155377581976152,0.07558708362490038,0.013770178435390207,0.00018844367687143,0.3,0.0,0.4,13,0.2201655671344113,0.1430536165246288
13,11,0.2019686906529762,0.5985416052095935,0.5831092152864387,0.1922888505848483,0.06202787830108459,0.06949972105756178,0.008758430442881104,0.00012089128848139,0.3,0.0,0.4,15,0.2110210919173178,0.1764897940448396
13,12,0.14379029979287802,0.5119436836654364,0.4923413221184058,0.14375516975628827,0.5798084158786255,0.055290837696403874,0.009390524463163203,0.00012171675093388,0.3,0.0,0.4,16,0.1561913897069776,0.1471425155218854
13,13,0.13464166771425914,0.4960061821347411,0.47854144298026724,0.1419236571062247,0.0796118126726543,0.05748303323315879,0.013295801418814403,0.00017407156498562,0.3,0.0,0.4,18,0.1485499676317745,0.1336407311496077
13,14,0.12962838460740414,0.48581117967398824,0.4707087216125504,0.1351939080228347,0.04286922351203141,0.06408362639231377,0.014083605464203851,0.00018824878073412,0.3,0.0,0.4,22,0.1563176595341489,0.1214510576029637
13,15,0.12592205594239328,0.4776522831443005,0.4620999767926799,0.1302490928928998,0.05117663654603854,0.06648277448833674,0.014384341974449348,0.00019723829033968,0.3,0.0,0.4,24,0.1739629192515376,0.127140472492438
13,16,0.12266650853993967,0.4711402749889312,0.4552778106465605,0.12593457854804965,0.04038834324724731,0.06519751813156682,0.014240738329496709,0.00019081194714675001,0.3,0.0,0.4,26,0.1597260376281462,0.1188511753788255
13,17,0.11329236443837998,0.4503276266985396,0.4363333081724845,0.13338255849604858,0.18140821683770272,0.0688892936207671,0.015114184845049618,0.00023388450837994002,0.3,0.0,0.4,27,0.1393342979437771,0.1156473852789831
13,18,0.10447540461434103,0.43440309407626043,0.42271516917939916,0.1282714214967702,0.06893286290529146,0.060167944368325635,0.01226732360609318,0.00017347351731306,0.3,0.0,0.4,29,0.1244700275680558,0.103240974387749
13,19,0.1021350335809555,0.43022982439434165,0.42131570223069226,0.132873382096029,0.056018119448359764,0.05977800845494623,0.012226582267309785,0.00017202059064800002,0.3,0.0,0.4,30,0.1218981750963596,0.102984605720992
13,20,0.1004700806421803,0.42509511150709894,0.41589035170378963,0.1286429981303489,0.0582459452874869,0.06175397213788873,0.01403783754195744,0.00019914026569885,0.3,0.0,0.4,31,0.1152602335319631,0.0934750071373349
13,21,0.097072539961701,0.41811798097476,0.4086140022004718,0.13047710236857524,0.05915157998894248,0.05821990462719884,0.012036681154355357,0.00017769186802699,0.3,0.0,0.4,32,0.1222903596406882,0.1110460126870192
13,22,0.08045940054724399,0.36613400777569916,0.34800666053790175,0.09821492368412564,0.3603683322334644,0.06036560266512257,0.012105707782143591,0.00015773013592115,0.3,0.0,0.4,33,0.0852704968507671,0.1137450704781318
13,23,0.07385223781829593,0.3490921013392635,0.3390491046876635,0.10122646412665759,0.090839608255768,0.0596672401764323,0.014633015287506374,0.00019297503117582,0.3,0.0,0.4,35,0.0796700586010383,0.089152307042862
13,24,0.07225257107179027,0.3428856131815389,0.3325150261007002,0.09921969714934678,0.04054139686500096,0.06055005387654618,0.013893171726617512,0.00018569716769108,0.3,0.0,0.4,37,0.0829238483314336,0.0810071514089181
13,25,0.06846234153202387,0.3281985452289731,0.3170655636281221,0.09986627470056769,0.12235020851295035,0.061770856517889494,0.01323058951889769,0.00018591087224411,0.3,0.0,0.4,38,0.0806058887600172,0.0812156087176512
13,26,0.06648413051694987,0.3212600487335913,0.30978527737568023,0.09536083737334483,0.06494357527997667,0.061130632795225494,0.013636161798886869,0.00019101690193595001,0.3,0.0,0.4,39,0.0753609707297804,0.0843140834640508
13,27,0.0645243668444917,0.3140996826378972,0.30522203607877857,0.09779926555809727,0.08163296070114208,0.062428173257952316,0.01372225555069849,0.00017619271403784001,0.3,0.0,0.4,40,0.0752956563121913,0.0740259624223121
13,28,0.059700100656293185,0.292827161810585,0.28285161666005193,0.09270636421034169,0.1678450759484736,0.06380297976999831,0.012792530625255809,0.00015848338148705,0.3,0.0,0.4,41,0.0696026261789402,0.069144178026051
13,29,0.05894490381012694,0.2906417393345426,0.28057187010211815,0.09119353666861345,0.031728219486638135,0.0627249105377356,0.012722163329410098,0.0001594481206171,0.3,0.0,0.4,42,0.0686488648856011,0.0659377533844811
13,30,0.05894152667445388,0.29212076519980623,0.2880626115694673,0.10411758025339767,0.03215601586351531,0.06412343715531311,0.014005567673817046,0.00017500913570442,0.3,0.0,0.4,43,0.0681623082528248,0.0677868299257746
13,31,0.050872922135946144,0.2587949563051811,0.2471844758470887,0.07263621820200557,0.11599730872191019,0.05796528570095346,0.011891861401189727,0.00016027817461741,0.3,0.0,0.4,45,0.0648812205608313,0.0670994875769952
13,32,0.04997053848394034,0.24989869450210722,0.23778014269030298,0.09266497921194006,0.08817995324950176,0.06170430004188828,0.012021949199854987,0.00019477814610799,0.3,0.0,0.4,46,0.0661451352660969,0.0514420904586503
13,33,0.04890593885141713,0.24608176651397043,0.23675138802727563,0.0975735600408463,0.036460628599623096,0.06155398056389039,0.012039779323280353,0.00019404161134228,0.3,0.0,0.4,48,0.064620730802309,0.0508479159795027
13,34,0.047769716741406704,0.24449262652035048,0.23809610828552222,0.08950488699133725,0.02310385461320983,0.05930403667431812,0.01148388509654331,0.00014589286522478,0.3,0.0,0.4,51,0.0600157965034156,0.0628506412739613
13,35,0.04767384513933379,0.2421757331973503,0.2326784041418825,0.07787697485245411,0.024410962616640018,0.059575807456546816,0.011737312554393633,0.00015361320722438,0.3,0.0,0.4,52,0.0608992184756072,0.0577697933155132
13,36,0.04776660161569858,0.2430346326206385,0.2395087698509293,0.10506490246123698,0.024647832813233066,0.06161188895414073,0.00954127517711469,0.00012747848255154,0.3,0.0,0.4,55,0.0605734512648744,0.0602671417094112
13,37,0.045620135234505955,0.23258735739626615,0.22854490319280754,0.0923576074168532,0.0886026005415091,0.06078132925256437,0.00944075206468746,0.00013226369613146002,0.3,0.0,0.4,56,0.0586581540369884,0.059822521542716
13,38,0.044476224269234525,0.2281283045488301,0.22388081525088058,0.11031164808234985,0.027174981771159602,0.05935420916969318,0.012063510900224677,0.00017595357284708998,0.3,0.0,0.4,59,0.058890044193793,0.0513035047555363
13,39,0.04377417245446403,0.22435021501103355,0.22287640023091002,0.13028658757606001,0.05618945179166197,0.06031813206088286,0.009751111417299705,0.00015215065651577,0.3,0.0,0.4,60,0.0573835476284269,0.0521423097882864
13,40,0.042799990675245585,0.21605013917932506,0.20819976620656983,0.07433056761040759,0.030388509318268458,0.06012492726290124,0.012651968765275152,0.00018937013885096999,0.3,0.0,0.4,63,0.0518180445251013,0.0578616430225602
13,41,0.044261154161960095,0.2175176939077284,0.209666934513574,0.08710006638476203,0.019775485976272857,0.06504811061102676,0.012797123106655267,0.0001849640655417,0.3,0.0,0.4,66,0.070107889068636,0.0606255189529858
13,42,0.04354267439870075,0.22238656292188058,0.22673371406379964,0.13655857391472456,0.019382685601069774,0.06284297530545024,0.009443631508660963,0.00013209649421703002,0.3,0.0,0.4,69,0.0661391806950128,0.0484226396620982
13,43,0.042279359198817854,0.2147529428690389,0.2127829563442955,0.1364211129174898,0.04712073705657889,0.060959614058538045,0.01220501508868634,0.00016996148133284998,0.3,0.0,0.4,70,0.0584236138552396,0.0470582785963466
13,44,0.04168038426095576,0.21476516749644686,0.21876086190128644,0.1466484427272684,0.027761630088550752,0.0605505466737883,0.009872203618060347,0.00014658563881607,0.3,0.0,0.4,72,0.0696429450050882,0.0557708730138888
13,45,0.04141316270347713,0.2116340130970921,0.21249081058129884,0.14863868280266157,0.030179024882684417,0.06063728982377485,0.009692120683012144,0.00013743655977517,0.3,0.0,0.4,73,0.0603042299915177,0.0449443250420961
13,46,0.04120435952394539,0.21100170278095562,0.21479763423123516,0.15647243463700078,0.03365226695752682,0.061176408110678204,0.009459411668257357,0.00012925508915703998,0.3,0.0,0.4,74,0.0634204562935368,0.0480727842875626
13,47,0.03987864263309371,0.20752357610235286,0.21415380008911922,0.1561570600176061,0.047567059763194496,0.059118851059566914,0.009548338798885505,0.0001292370567118,0.3,0.0,0.4,75,0.057753605025484,0.0474015247875047
13,48,0.0402665143418115,0.2036834840061358,0.20709336515807622,0.1672744722367622,0.041470991731424066,0.06221433061320365,0.008343859400823939,0.00011152680995847,0.3,0.0,0.4,76,0.0646519033337155,0.0475303072690476
13,49,0.039702442234625365,0.2002674910970818,0.20647081360992334,0.17044890376335034,0.03663300821579494,0.06303852146748037,0.008347529527049098,0.0001220462767146,0.3,0.0,0.4,78,0.0628135953681147,0.0448051551066545
13,50,0.039083584718001024,0.20098796027270738,0.21023716540976503,0.17906409341952273,0.01885612532802405,0.06104002157108511,0.00863902720448738,0.0001299706619284,0.3,0.0,0.4,80,0.0587477724828559,0.0471282065047891
13,51,0.038970027802386585,0.19733339177615847,0.20637007220942688,0.18942338887417476,0.028546692606421262,0.06287529953643986,0.007282854853581127,0.00010777360859454,0.3,0.0,0.4,83,0.0590547543876365,0.0461844569385432
13,52,0.03872995445753872,0.19846873808796647,0.21055349100346174,0.2241026265909143,0.019019427974758057,0.06211987689677491,0.008302159829497918,0.00011219449852702,0.3,0.0,0.4,85,0.0664517744601285,0.0462427340410663
13,53,0.03887800837301735,0.19991076852544842,0.2150387031179777,0.2174088741505289,0.019537510679241338,0.06273910774957833,0.0063772505289914575,9.405227729903e-05,0.3,0.0,0.4,87,0.059117153266564,0.0462988579759411
13,54,0.03786487285867576,0.19483317564504207,0.2097179875454742,0.24327045838350225,0.029609976556108582,0.06180793600351542,0.007260939583254855,9.949903408359999e-05,0.3,0.0,0.4,90,0.0625310374651284,0.0471717324075114
13,55,0.0376052961077372,0.19318095456666606,0.20798264380961196,0.25208731073791174,0.0223423421350108,0.061771094169705956,0.007258174111389261,9.969354300486e-05,0.3,0.0,0.4,93,0.0625342410449318,0.0473449025510426
13,56,0.03744962684845281,0.19240958415610435,0.20717455400666293,0.264352884204508,0.01977406851238925,0.061643296302689374,0.005603970544854073,7.96571052874e-05,0.3,0.0,0.4,97,0.0628387001102693,0.0463011521659607
13,57,0.0371626889297512,0.19489418229464248,0.21575657223952352,0.30685773537329186,0.018413230101765352,0.060776430276497054,0.005189005761822464,7.765011635455001e-05,0.3,0.0,0.4,105,0.0628186778759537,0.0459577670239972
13,58,0.03787918087511552,0.19819892904895373,0.22514780921070635,0.35100149328905883,0.01942202586838626,0.06335488120632748,0.005185254925166448,8.124111338927e-05,0.3,0.0,0.4,112,0.0628144045752966,0.0479635381374847
13,59,0.03693697211501748,0.1964852730666938,0.22338818767819255,0.3565945139370598,0.021365960379542026,0.06067767447834149,0.005304730251381076,7.398110338206e-05,0.3,0.0,0.4,114,0.0620944904998636,0.0474432720900144
13,60,0.03577280249877097,0.19562598956074395,0.23441244484192014,0.35632462153096095,0.029217889307012742,0.059978463682161386,0.006391171725123248,8.925565941409e-05,0.3,0.0,0.4,118,0.0499551782663317,0.0476582741746796
13,61,0.03540794751845362,0.1953239007124198,0.2370806430314928,0.36888431509090336,0.020725867421432266,0.05955821084365315,0.0064040750101639204,8.867770053031001e-05,0.3,0.0,0.4,122,0.053161311213871,0.0494230016781304
13,62,0.03515262604680417,0.19418920828377217,0.23589387567582626,0.36797491616404526,0.02487709081341492,0.059202083050886034,0.006408227305663652,8.957871156198e-05,0.3,0.0,0.4,123,0.0530656113258831,0.0488055122362381
14,0,0.9862028732961241,0.9964247751706297,0.9962436888426022,0.4017104123741045,0.0,0.0,0.0,0.0,0.3,0.0,0.4,1,0.7549433113307179,1.125932189119004
14,1,0.8706477371231487,0.9769840535958333,0.9718259920322035,0.39870552390653874,0.28184597957085195,0.06666082628844275,0.0011028376151405474,1.6752524188810002e-05,0.3,0.0,0.4,2,0.870593535776622,0.9459458579805184
14,2,0.7927355091336933,0.9536817481081308,0.9503343719244902,0.3845624575409309,0.18886620177881758,0.06588539741095222,0.0016357844486205855,2.132977658713e-05,0.3,0.0,0.4,3,0.696453557897085,0.854564001423315
14,3,0.5990782782945848,0.8803295427698274,0.8732552435085524,0.34215208947013187,0.5272555347070841,0.06639983623966958,0.022710285437565366,0.00022521796669449,0.3,0.0,0.4,4,0.5944995728415314,0.7095454058751851
14,4,0.5152558346758356,0.8407703431223146,0.8316935270139274,0.32103189451827896,0.1562627933040231,0.06655876686368116,0.005023547980953606,5.589735254118e-05,0.3,0.0,0.4,6,0.3900488733531144,0.3976402538179241
14,5,0.4361337984587985,0.799395899883207,0.7910880031823896,0.30408870037947217,0.17769619071033574,0.07399756908724202,0.013735367850378306,0.00014354232694804,0.3,0.0,0.4,8,0.4163381863453156,0.4419801787638927
14,6,0.26008442885756067,0.6629656074548477,0.64786251656403,0.21719570312965505,0.48242069489024414,0.06658225510417556,0.005064981133545721,5.613491196285e-05,0.3,0.0,0.4,10,0.2205140788741655,0.1917734754867749
14,7,0.25996881069219374,0.6628494502423978,0.6477428184810573,0.21710459302175444,0.020430160735583888,0.06642726951450723,0.005046382328213308,5.589239323561e-05,0.3,0.0,0.4,11,0.2194153006480142,0.1923728995512162
14,8,0.24379331981830935,0.6474729607780035,0.6345627248831675,0.21961623894008922,0.13662507430863302,0.06669422045262671,0.005155887819084682,5.450018000206001e-05,0.3,0.0,0.4,12,0.1951385446855227,0.1707760784165617
14,9,0.24004836458890733,0.6435586027365666,0.630531892865873,0.2201505180092717,0.02370014393933561,0.061288853482902673,0.008031170379939678,7.228106149199999e-05,0.3,0.0,0.4,15,0.2280707122656797,0.1526601222944891
14,10,0.18873469237867296,0.5875714876762984,0.5716065044906621,0.1921708548299501,0.17054731918276977,0.0679716321586897,0.018903282923129712,0.00013200095064395,0.3,0.0,0.4,18,0.2229203992553771,0.1400464084468875
14,11,0.17109747298744016,0.5608354209076581,0.5435140449170456,0.17739170298373197,0.198430014861534,0.06814101150546134,0.017003553601008924,0.00011859800606957001,0.3,0.0,0.4,19,0.2059638446494895,0.1129653678510322
14,12,0.1441861267015231,0.5122503889563752,0.4955233304684106,0.15584112432039451,0.3098975873415355,0.06313184236555056,0.020284112552976716,0.00013454757678516,0.3,0.0,0.4,20,0.1724725731981797,0.1308834283764905
14,13,0.1271527851714112,0.4765092619416747,0.45782289254377806,0.12925277121648016,0.2887357838404349,0.07294882386590501,0.019456614117175863,0.00013478663251554002,0.3,0.0,0.4,21,0.125898305926138,0.10257972706589
14,14,0.11933890704673987,0.4598311990793075,0.44030728855599965,0.12092277265580106,0.1357059036707815,0.07248881147354068,0.018294686435982983,0.00012737890293408,0.3,0.0,0.4,22,0.1202020966524387,0.0873069964451275
14,15,0.11364786620101165,0.4488688841939658,0.43178886060047444,0.12002346973851187,0.10446282848287937,0.07116879695962561,0.019253970500121814,0.0001353790359521,0.3,0.0,0.4,23,0.1123799383732592,0.0980829707321214
14,16,0.10577379869756966,0.4300585533666112,0.41203267601850857,0.11033112311084745,0.1498893687298363,0.07073114067150778,0.018087700863541056,0.00012758370753446002,0.3,0.0,0.4,24,0.106727796382406,0.0827111068000975
14,17,0.10260779019873582,0.42218478300801265,0.40376545285664905,0.10764773662707498,0.07466462987142002,0.0703874809643987,0.017308232318849336,0.00012257730839365,0.3,0.0,0.4,25,0.1047650755333631,0.0738806330065442
14,18,0.10155571391430204,0.4200182912713929,0.40150694507412843,0.1130688242209323,0.033321487277379866,0.06922751173511414,0.01659574755403586,0.00011870040832886,0.3,0.0,0.4,26,0.1058129811883669,0.0722652084809228
14,19,0.09969161979740561,0.41469078496897205,0.39883033974837023,0.11653357820175955,0.07670276219165689,0.07306045435796936,0.01895072971235653,0.00012968215304739,0.3,0.0,0.4,27,0.0975443359778232,0.0840965048892411
14,20,0.09725252281498611,0.40552352779540457,0.3891247478062796,0.10508085758981248,0.09671546645969967,0.07798169248903394,0.013764991841058307,9.377601506058e-05,0.3,0.0,0.4,28,0.0919289747880732,0.0814608554124927
14,21,0.09381735155225206,0.399119842142755,0.3824873966821074,0.10106069043616447,0.05345770324846611,0.07197342703660013,0.018166203782606357,0.00012485588625674,0.3,0.0,0.4,29,0.0928873166968154,0.0650313710140085
14,22,0.0903535168155594,0.3930612553133962,0.37916545029965454,0.1008587860675468,0.042037601101721,0.06773608623114605,0.01922741192144278,0.00012949850799704,0.3,0.0,0.4,31,0.0878770942226934,0.0721973215368259
14,23,0.09065084273520499,0.3930462091087465,0.38206794693954355,0.11009342584674339,0.02763186581721102,0.0717463064073922,0.018551104830443147,0.00012713710709718,0.3,0.0,0.4,34,0.0898186709251615,0.0729439034056426
14,24,0.08885500562266847,0.3880320219137329,0.3768064323494966,0.1115309850047107,0.05536741513215757,0.07130485867259058,0.018740708122801576,0.00013122938993703,0.3,0.0,0.4,35,0.0853830532204679,0.078773403817887
14,25,0.08690663927789932,0.38161692452768814,0.37005400382348796,0.1101535094712478,0.0673792475229204,0.07212614367067731,0.01791563106616934,0.00012883521229408002,0.3,0.0,0.4,36,0.0837619841040294,0.0731315315985966
14,26,0.08630801250934918,0.3794917000167472,0.36781430905311413,0.1114850108919957,0.037363447894468584,0.07258006539778757,0.017008166061111992,0.00012580829597675,0.3,0.0,0.4,37,0.0835175272235822,0.0686325477821429
14,27,0.08391643500023656,0.3723802323200024,0.36035145884063186,0.11974650411319851,0.037588064490667566,0.07204445984551286,0.013974132265762582,9.368609634612999e-05,0.3,0.0,0.4,40,0.080689237731901,0.0740207070629448
14,28,0.0816784313786347,0.3639785691773933,0.348550646756339,0.11526517406143319,0.0686400664896538,0.0716801426479714,0.013359911904381,9.306230272257999e-05,0.3,0.0,0.4,41,0.0788297756203569,0.0666348066585825
14,29,0.08091716857669562,0.3626253818444649,0.3501008845778487,0.1211888213247245,0.031875439586361305,0.07215911326247884,0.013190499402818953,9.090577308633999e-05,0.3,0.0,0.4,43,0.0756976946886761,0.0758056865872489
14,30,0.08008021419105434,0.3601896862368514,0.3475491046339443,0.12507478831887237,0.03732816984003643,0.07168096485991184,0.013183796573957875,9.04723456519e-05,0.3,0.0,0.4,44,0.0778436294546913,0.0703946667940503
14,31,0.07882432069589809,0.36658408446547186,0.37218188992036083,0.22256132775316376,0.021218529883002112,0.06906960578118496,0.011970149895143814,0.00010302663441982001,0.3,0.0,0.4,68,0.0951620168464023,0.1140211352608193
14,32,0.07741215423611866,0.3613533560360483,0.3666763779948365,0.22521539810155425,0.05831476892802624,0.0697219054074285,0.011559714405605626,0.00010078341553337002,0.3,0.0,0.4,69,0.0939943391797881,0.110076703767596
14,33,0.07688528044069722,0.35996104468596496,0.36522208016229346,0.22723242905201907,0.02923016421954439,0.06916283171201858,0.011349171286726828,9.926440241157001e-05,0.3,0.0,0.4,70,0.0932305071515951,0.1062139592933499
14,34,0.07690596044401145,0.36283040922449444,0.3741926507387717,0.24524708361289607,0.021062644401204936,0.06932507121849725,0.011633233177143067,0.00010071247752948,0.3,0.0,0.4,73,0.0935078463949635,0.1125577041857606
14,35,0.07690596044105032,0.3628304311871882,0.374192673432453,0.20354451692793993,0.02083783344894776,0.0693250702031717,0.011633233217943505,0.00010071247632141,0.3,0.0,0.4,78,0.093507847484933,0.1125577026260345
14,36,0.07675666785063008,0.36379376683277614,0.37818429370792883,0.2726372719694385,0.024208101764700757,0.06930472638174273,0.011418549287114995,9.998899369205001e-05,0.3,0.0,0.4,79,0.0925666360858751,0.1061908912231398
14,37,0.07632625755916737,0.36492012592406076,0.3853196524510547,0.28395016358195185,0.02426558668488099,0.0697262189108429,0.011722816387752733,0.00010110032973940999,0.3,0.0,0.4,83,0.0919541209492096,0.1092810010873207
14,38,0.07667079426717184,0.36428924912413585,0.38461931868811994,0.28678922436958704,0.031153651619286578,0.0721928476518354,0.012104803380428727,0.00010197717995049,0.3,0.0,0.4,84,0.0916518162605509,0.1157711473554079
14,39,0.07522727735059073,0.3618732084662315,0.3850838997049408,0.2998427157231715,0.04469853574871708,0.07062785014790732,0.011878786726526962,0.00010102108891406,0.3,0.0,0.4,85,0.0897618483557644,0.109936482805675
14,40,0.07427679625393445,0.3555881501528997,0.3695719559521643,0.3017675108441067,0.029857275476129017,0.0687474038699994,0.010054997975711607,8.081532967851e-05,0.3,0.0,0.4,86,0.0885665081830437,0.110609334195025
14,41,0.07425748888200533,0.35826855005987274,0.3812933525514548,0.3103853414462748,0.026660890090729496,0.07084313916945452,0.012372071768807487,0.00010384588315886,0.3,0.0,0.4,89,0.0888778472307453,0.1119168643186671
14,42,0.07338805253399593,0.3551864187378631,0.37805588521404276,0.31482138771153567,0.031851559473225606,0.0707953594765474,0.012040093729129238,0.00010203787651169,0.3,0.0,0.4,91,0.0882409892005839,0.1088653422091324
14,43,0.07226342298715376,0.3588693872373164,0.39387914469085045,0.3812822526153508,0.021203607315102055,0.06836979163815693,0.011560524158590343,9.389493734152e-05,0.3,0.0,0.4,106,0.0908413212370448,0.1125862774326066
14,44,0.07132965747037393,0.357221476887668,0.3951327874895777,0.3890449869410176,0.027303725805067,0.06798591548063784,0.011602782844904545,9.442154035467e-05,0.3,0.0,0.4,109,0.0880349026976476,0.1102887486046882
14,45,0.07117540364297033,0.35814768653877826,0.39908573106586626,0.39196463556001426,0.02401279364403687,0.06794500612910957,0.011589471255467094,9.382690966371e-05,0.3,0.0,0.4,110,0.0884518332699228,0.1109157155844536
14,46,0.0710545224900439,0.3591554323747827,0.40312358877851,0.4116778603115792,0.021463729342357105,0.06795172236879408,0.011595809880905373,9.401122117913999e-05,0.3,0.0,0.4,113,0.0880802631675845,0.1098643860799483
14,47,0.07149386967546074,0.3608468298523663,0.4078536661007446,0.43118765963327244,0.02113664642548897,0.06971163911096948,0.007862610358717976,6.594890491236e-05,0.3,0.0,0.4,123,0.0886194931254148,0.1108840321030461
14,48,0.07173992359451353,0.36206509703222595,0.4120912051224738,0.46255555979261853,0.02251714825019819,0.07113725929552976,0.0069715108870361565,6.363158983055999e-05,0.3,0.0,0.4,127,0.0894952651641354,0.1100043948390047
14,49,0.07080636474730402,0.3589639786906188,0.40883995212143515,0.47390642158486546,0.03144831702236107,0.07063324644907307,0.01171022648831904,9.995046575576e-05,0.3,0.0,0.4,129,0.0848193683220404,0.1099770080736999
14,50,0.07063821757707454,0.3597924512470896,0.41268957692307945,0.4907990998663626,0.023400917902730963,0.07063324644907308,0.01171022648831904,9.995046575576e-05,0.3,0.0,0.4,131,0.0844352102854812,0.1082737222500331
14,51,0.06987279256606692,0.3615033055954675,0.42047605561289647,0.4951493985324882,0.021318396831968643,0.06864475885749771,0.008190111106017427,7.949865030646e-05,0.3,0.0,0.4,137,0.0889954653745339,0.1103281698310835
14,52,0.07110988860947796,0.37873059503481626,0.47128309257282064,0.6940869954068901,0.021899227981483915,0.07283122148028667,0.009852106054388002,8.943768663553e-05,0.3,0.0,0.4,179,0.0856593562251403,0.1167385298580468
14,53,0.0696423794841159,0.3772595992654697,0.4698118582363231,0.7111909351275105,0.020426364686425065,0.06793248773110079,0.008958358948894143,9.774482629512999e-05,0.3,0.0,0.4,183,0.0852271902821942,0.116870982915521
14,54,0.06962900522532547,0.3815199695960396,0.48322433747291954,0.6372484557212019,0.020504477769465786,0.06801394406122142,0.008962129296857765,9.763713749862001e-05,0.3,0.0,0.4,199,0.0853022283037439,0.116625309384661
14,55,0.06946339543617612,0.38238028693061366,0.4871078347226031,0.6437035612416323,0.02450287035364722,0.06798293122574377,0.009032344960142701,9.863364026534e-05,0.3,0.0,0.4,200,0.085185965100564,0.1164837466069141
15,0,0.9451127683512688,0.9854795404243057,0.9847440777861679,0.39600208107976836,0.0,0.0,0.0,0.0,0.3,0.0,0.4,1,0.9490767689728442,1.1029181682817175
15,1,0.9006077374630906,0.9858657550539943,0.9811574376786335,0.4043890332161017,0.1451870293089161,0.06666109374373441,0.0010912824447808114,1.905486341037e-05,0.3,0.0,0.4,2,0.7466816186567349,0.9459458579805184
15,2,0.800119346145647,0.9582417499470947,0.9549648655545357,0.3886212225547752,0.24365606807471948,0.07645170201288978,0.0012927919098529924,1.748880863443e-05,0.3,0.0,0.4,3,0.673907915480309,0.8647801308730366
15,3,0.4160607909593904,0.7846938116441994,0.772775232862214,0.2851682464833281,0.41208238857237334,0.06664395366650798,0.007459286935079994,7.674774511709e-05,0.3,0.0,0.4,6,0.488820641106557,0.3571613316691897
15,4,0.38471269788466345,0.7663315289952017,0.7563780085681547,0.2777493449896987,0.09640854788992544,0.07195620281030936,0.01865119199681754,0.00024559108739896,0.3,0.0,0.4,8,0.5608401088213905,0.3465669397728513
15,5,0.25026450793986516,0.6526413144132132,0.6367992367717603,0.21828061779219907,0.42429400358364106,0.08081063308594186,0.004915568693857674,5.140585840025e-05,0.3,0.0,0.4,10,0.2517298659149563,0.1775713457786928
15,6,0.2463676712012153,0.6499049930089071,0.6368960650119581,0.22132654252113343,0.03937832560346168,0.08130209644776222,0.004661745226675529,5.05288413413e-05,0.3,0.0,0.4,12,0.262669000641962,0.1776799261938962
15,7,0.24149396486849126,0.6460151433721764,0.6357796924211616,0.22386788847455943,0.043611709228418005,0.08186467383687472,0.0054075854380389215,5.841097226883e-05,0.3,0.0,0.4,14,0.2687060690424538,0.1716264184868941
15,8,0.1550709152150871,0.5323687519448576,0.5196188866184596,0.1679385192103875,0.208892392610048,0.06456682636983953,0.008535421958728136,9.066245549168e-05,0.3,0.0,0.4,18,0.2431943859990835,0.1047559080013581
15,9,0.15501870725840572,0.5323094549249596,0.5195586711301154,0.1678858471536258,0.01949369991582647,0.0644295798471952,0.008548503560091238,9.078105805002e-05,0.3,0.0,0.4,19,0.2427701868057336,0.1048756509444102
15,10,0.15301365936178576,0.5303015999507625,0.5204250045402028,0.18219555220063127,0.03150453644742488,0.064646933244518,0.00859550133291164,9.123147539911e-05,0.3,0.0,0.4,21,0.2396915320949783,0.1034763295675341
15,11,0.15269107850001187,0.5313148492524302,0.5244762179850688,0.19649633521015827,0.01979803595694811,0.0641563845373129,0.00856527634188535,9.088655978796e-05,0.3,0.0,0.4,25,0.2384776446220416,0.1032147495129589
15,12,0.1367304063750533,0.5006525973139315,0.49502437034342983,0.17451695069596493,0.2783802591899844,0.07833761392725822,0.010702447694179903,0.00011049976670185,0.3,0.0,0.4,26,0.1794006950057545,0.1123604044888503
15,13,0.1333834938860779,0.496033684865132,0.493188218984637,0.18021502551477278,0.03170905600550277,0.07587099286306793,0.010704148126414193,0.00010929723535924999,0.3,0.0,0.4,30,0.1680962293515705,0.1245573413221256
15,14,0.12922224203030877,0.4881407068570003,0.4849353988115195,0.17536049863703024,0.0691757970132694,0.07326647327583348,0.009018357740702436,9.252205432472e-05,0.3,0.0,0.4,31,0.1467641669234481,0.1034759372375161
15,15,0.12691584150532575,0.48382775390556954,0.4833445369728907,0.1787987430110383,0.06679365414044358,0.07578907900700592,0.010703834495843173,0.00010931386253972999,0.3,0.0,0.4,32,0.1607326120597939,0.1127199714332311
15,16,0.12106591604634342,0.4717127866021817,0.47063700460579855,0.1820431343586118,0.10301251828810637,0.07442968537667186,0.008418306879803321,9.172159562442e-05,0.3,0.0,0.4,33,0.1458488903190717,0.0800678805270017
15,17,0.09278845219980612,0.4063514043401915,0.40502731353739574,0.13233608535061392,0.47820866978478527,0.0688336224002662,0.016583637706076466,0.00020094206668252,0.3,0.0,0.4,34,0.1169647343498962,0.0989166753543749
15,18,0.07934849097361371,0.3588456494648572,0.3579478215295878,0.10952934979721388,0.19922447338595634,0.07858011091328516,0.012122032523049235,0.00014425620905017,0.3,0.0,0.4,36,0.0825655549017864,0.0669500867071677
15,19,0.07835983222294168,0.36005054898673555,0.36521262530351734,0.14937359217828564,0.023472452396591206,0.07588374716119546,0.013475038928607689,0.00016694194888371,0.3,0.0,0.4,43,0.0778603493251903,0.0586967743920605
15,20,0.07824050357748506,0.36132192264126317,0.3695322315534809,0.16321184415274523,0.023066707211140666,0.07558636840227659,0.01302150661549373,0.00016029940695069,0.3,0.0,0.4,45,0.0799347742498481,0.0595117977249816
15,21,0.076187268762017,0.35426914031823753,0.36212482120460676,0.1616089708151136,0.04682240962585161,0.07541319642151863,0.013216358303423976,0.00016353261417154,0.3,0.0,0.4,47,0.0723955128405594,0.0606655487460348
15,22,0.07270086137968233,0.34479310788557793,0.3581320186532268,0.1771125379796473,0.03955575836254383,0.07515532746764192,0.010372228575558183,0.00012044258496149,0.3,0.0,0.4,52,0.0733391181377428,0.0730355650881183
15,23,0.06250978762065486,0.3045688388819931,0.31588032092433754,0.15600330997755488,0.11437644061786416,0.0745084288750174,0.010211630927298725,0.00012328205174499,0.3,0.0,0.4,55,0.0659611697914658,0.0633070673958799
15,24,0.0617358999735039,0.30047584955839696,0.3115692208828206,0.1619752853094216,0.037454450054304186,0.07522888439272182,0.010130936352617956,0.0001168248169034,0.3,0.0,0.4,57,0.0680715941062288,0.0646956734683737
15,25,0.05993425901453387,0.2968212953353868,0.3107503276509817,0.16387639046984648,0.03678366010146764,0.07245120219488316,0.01132768163960057,0.00014869444286541,0.3,0.0,0.4,59,0.0717289855346715,0.0659250986669086
15,26,0.05945363492888289,0.2931314542920776,0.30685237490428935,0.17158485296379314,0.05015507273256762,0.07386455259596868,0.010729840571298452,0.00013692719015681,0.3,0.0,0.4,60,0.0679393005966961,0.0632397825128161
15,27,0.05686951180039558,0.28119016028368304,0.2943070892478744,0.17202050901373453,0.10440311502840345,0.07383742255736084,0.008882453786620717,0.00011830752979815999,0.3,0.0,0.4,61,0.0679090432216587,0.0643473977402368
15,28,0.05667884296251897,0.2808940830955855,0.29696382236398683,0.17726651707675353,0.025835319100323318,0.07458164324095469,0.009313284102916998,0.00012166748443170001,0.3,0.0,0.4,65,0.0580028111692601,0.0617206608068292
15,29,0.05583870630708461,0.27904142630581963,0.3009662953263557,0.23037695521637175,0.026026151211819074,0.07522118525132362,0.007785732209949792,0.00010685025962135001,0.3,0.0,0.4,75,0.0551494824403305,0.0652667373127228
15,30,0.05474426744814708,0.2760341184456777,0.29783726076966327,0.22387073846285666,0.030289012911182467,0.07320081057440801,0.007876392524383227,0.00011248659411484,0.3,0.0,0.4,77,0.0649648332021958,0.0633524445084464
15,31,0.053656480198539205,0.2728589443263404,0.30341202668136596,0.25244325605516915,0.04110523127291265,0.07498336023520427,0.007192579377637942,9.880653401282e-05,0.3,0.0,0.4,80,0.0649295486408273,0.0693801486207181
15,32,0.052898141222337706,0.26756801730397056,0.29487451799141184,0.25085236667267097,0.031301867281988714,0.07496456438280101,0.006303251486409275,8.519898707358e-05,0.3,0.0,0.4,83,0.0656253462942017,0.0672191233985554
15,33,0.052911006872361895,0.2704794843757474,0.30389091210538577,0.26501969362832334,0.02271306224741588,0.07502249694440911,0.0064213459412267,8.60069421885e-05,0.3,0.0,0.4,84,0.0661310615253014,0.067815630438786
15,34,0.052759130916192526,0.2682784443458925,0.2985997116804419,0.2621164263383174,0.027575207062169933,0.07498879550976607,0.006333510879074766,8.627716433325e-05,0.3,0.0,0.4,85,0.0658626345770942,0.0678058310939777
15,35,0.05202917688403573,0.2645759966880325,0.29174921717130126,0.26480303399483845,0.02862788040726344,0.07377454454465587,0.005691845592464721,7.678768995718e-05,0.3,0.0,0.4,87,0.0664100802955991,0.0752830319834092
15,36,0.0523429963362021,0.2676110822979976,0.3008781181671458,0.2862083760644316,0.023082976555566386,0.07499155917580679,0.005788730669442191,6.550738124056e-05,0.3,0.0,0.4,90,0.0637837988144771,0.0651121420671156
15,37,0.05135957105189545,0.26171154854726886,0.2917092058480072,0.27641892478024205,0.051795874569756595,0.07442752537016091,0.005185579446387775,6.416811561924e-05,0.3,0.0,0.4,91,0.0677019294328018,0.0859544051062755
15,38,0.051236363537886916,0.2609263435856274,0.2908826806475917,0.2828156238370212,0.0280046822176475,0.07452427759951932,0.005148040952683928,6.815269064714e-05,0.3,0.0,0.4,92,0.0661291692464871,0.080239064944007
15,39,0.050527873030513,0.25728279520766434,0.287056271102186,0.29926148996892415,0.030648345094458525,0.07443135630569286,0.004288427835626658,5.5493524398439994e-05,0.3,0.0,0.4,95,0.0673532665852158,0.0827108373600783
15,40,0.05011478328094465,0.25637237986089473,0.2890773358090656,0.30822827140568215,0.030668492883385867,0.07453317384039945,0.004669956451668385,5.796484687386e-05,0.3,0.0,0.4,97,0.073139694342382,0.0745773157872631
15,41,0.04979164266659325,0.2537735715479592,0.2833748109021997,0.3194217955661711,0.024533414779190715,0.07408340870358915,0.0037469799087628155,4.534278329402e-05,0.3,0.0,0.4,100,0.0698195372333359,0.0837612616641971
15,42,0.04895699539237442,0.2624824296165624,0.31637641260897187,0.3880609249006432,0.02308199411273124,0.07284562898926662,0.005726691300001655,7.628174952321e-05,0.3,0.0,0.4,115,0.0725209418704327,0.0751178023062136
15,43,0.048867310769215445,0.26301839710474434,0.31991390878938597,0.43649183692645505,0.02298168918825199,0.07319297468477895,0.004409844933927715,5.293532741728e-05,0.3,0.0,0.4,122,0.0733724090528068,0.0752816910261879
15,44,0.04764103103307758,0.2572689823122043,0.31684879499123203,0.4308966361480541,0.0722424515377944,0.07342964078541199,0.004407673411390525,5.745235916121e-05,0.3,0.0,0.4,123,0.0732624892883642,0.0749305680973288
15,45,0.04745454082385375,0.2574652514359631,0.32003203323929447,0.44745381511342414,0.024344797952837286,0.07357348653879882,0.0044392637608906245,5.628874882924999e-05,0.3,0.0,0.4,127,0.0727287987494998,0.0734048904051896
15,46,0.047278974494140105,0.26006516150646336,0.3287293463311665,0.5110222513209383,0.022041694939487176,0.07309423529249798,0.00404579790382663,5.296389361658e-05,0.3,0.0,0.4,140,0.0719302433574884,0.0772832426908856
15,47,0.04676044545619737,0.25872666496811914,0.3303041501232225,0.5259483164487795,0.031432406360853024,0.07297022433423381,0.00407840358799485,5.160523989085e-05,0.3,0.0,0.4,142,0.0751332394035734,0.0804641048985268
15,48,0.04662682674831485,0.25169941474635454,0.31099987972095333,0.41145998694101904,0.022729621011582136,0.07325873775008532,0.004094429504445342,5.10858527596e-05,0.3,0.0,0.4,154,0.076051699873908,0.0803442071100428
16,0,0.9559380244050705,0.9884075746507661,0.9878203922096966,0.3965808731010458,0.0,0.0,0.0,0.0,0.3,0.0,0.4,1,0.8789124105917866,1.1401931065032904
16,1,0.8474236993680531,0.9698732153681741,0.9643560529073439,0.3941488072030065,0.2754384575576179,0.06659435563150731,0.0011282814119235427,1.577197108798e-05,0.3,0.0,0.4,2,0.9665652160240702,0.9459458579805184
16,2,0.770237107150903,0.9470180216545371,0.9432647042178257,0.38078646302250635,0.19659351213195173,0.07038965561480207,0.0016063248113117863,2.203371782075e-05,0.3,0.0,0.4,3,0.7934041842270817,0.8554802585999788
16,3,0.5756613217126877,0.8698977727882459,0.8622922422782713,0.3354983061216955,0.5443602520726041,0.06643884979746045,0.02510411694526659,0.00033817358079711997,0.3,0.0,0.4,4,0.5396315479958418,0.4210159407609559
16,4,0.5675871021879471,0.8676119688912369,0.8628735376963974,0.33828197652169334,0.03265393074293494,0.06618665265826278,0.024591568020192477,0.00034546298633627003,0.3,0.0,0.4,6,0.5278442134093252,0.42315156248828
16,5,0.3985683764252119,0.7746960159598535,0.7652781002932482,0.2884935377915942,0.3379162024493725,0.06471393148488017,0.00873635799517133,0.00014998313144769,0.3,0.0,0.4,8,0.3522390437049228,0.3684859941828785
16,6,0.3854314715226158,0.7675427446965084,0.7607155435552457,0.28727230365515594,0.05145644479013995,0.06633815034010238,0.014263407323247603,0.00022442364693626,0.3,0.0,0.4,10,0.3540500464417189,0.3277354471300108
16,7,0.3754457819702181,0.7605382223861833,0.7533765435952344,0.2925250035638637,0.04235286298234442,0.06512066308208415,0.009433996219255055,0.00013700885780672999,0.3,0.0,0.4,12,0.3467619060008511,0.3210084528492388
16,8,0.37541245106385274,0.7605162133926477,0.753353185782149,0.29251241595086,0.019775519049508965,0.06513230627773939,0.009517494925624571,0.00013860989587264,0.3,0.0,0.4,13,0.346618040804667,0.3209300750930916
16,9,0.3750300481732587,0.7603171943472741,0.7531327014681796,0.28950136523668807,0.02274708449011113,0.0658813708846446,0.009714556189839381,0.00014065730674293,0.3,0.0,0.4,14,0.3475019637575448,0.3300136691123567
16,10,0.3749218006900307,0.7602417637137623,0.7530534033403469,0.28945339415174043,0.020347216264529185,0.06588435111179225,0.009703052440748114,0.00014045770374894,0.3,0.0,0.4,15,0.3474976564438736,0.329774360632858
16,11,0.25756783199508615,0.662012468243383,0.649783053176999,0.23829317276730422,0.7083131168112992,0.06982290266217259,0.021694231613036942,0.00045034299833418003,0.3,0.0,0.4,16,0.2712496709934907,0.1396944804244531
16,12,0.2563033724278748,0.6606365232589391,0.648342242278877,0.23961007059767941,0.029286399270024178,0.0696098409080937,0.018886585477878286,0.00037216017209387,0.3,0.0,0.4,17,0.2631380907013956,0.1459631636454033
16,13,0.24938526215892032,0.6548172603575623,0.6452026197096695,0.2389986332926206,0.07144314179959894,0.06982290266217259,0.021694231613036942,0.00045034299833418003,0.3,0.0,0.4,18,0.2543423185762261,0.1332878932214778
16,14,0.2390503252476965,0.6466525802427978,0.6426121269278064,0.2479625698293852,0.09295313858053396,0.06829294563005951,0.008818817124817543,0.00015079479693633002,0.3,0.0,0.4,19,0.2277897814542458,0.134038505455022
16,15,0.23510097051076476,0.6451928507813101,0.6470351419073446,0.25882732286621674,0.02818261611530155,0.0683953343583932,0.009258921493172359,0.00015609059784847,0.3,0.0,0.4,23,0.2235407932240491,0.1392340622355543
16,16,0.23401916562267924,0.6454480110262459,0.6502853675835856,0.26504894709296134,0.02447369298256309,0.06821295524985177,0.008607877420037817,0.0001480075926265,0.3,0.0,0.4,25,0.2209008390476536,0.1310161811188321
16,17,0.20170414877716392,0.6041745253160172,0.6038118477325345,0.23618940126913346,0.31530226378913717,0.07671612118601465,0.013504866144078809,0.00021234260676751,0.3,0.0,0.4,26,0.2159063770569526,0.1752977154607737
16,18,0.19381075930078331,0.59554060732413,0.5977870899593054,0.23632774753074318,0.052109488313951,0.07235957735526498,0.009818156371602082,0.00016048735644531002,0.3,0.0,0.4,28,0.1998294265978743,0.1544540505486459
16,19,0.19381075968029254,0.596999948373102,0.6022995315879239,0.24909677928797297,0.021772159204812416,0.07235957791568096,0.009818156428258826,0.00016048735718797,0.3,0.0,0.4,30,0.1998294291258388,0.1544540534837458
16,20,0.18654554210414184,0.5924221311030511,0.6065739393642114,0.27056620009483867,0.024816261268858116,0.06208629521673148,0.02250595396500747,0.00063257743727677,0.3,0.0,0.4,37,0.2061010623554576,0.1740624608977085
16,21,0.18566922647059764,0.592452386999512,0.6095597896386934,0.2716907119190502,0.02599814902664399,0.06408080342267856,0.02380316546580564,0.00037705197790517,0.3,0.0,0.4,39,0.1922851234348708,0.1528969875464153
16,22,0.1630152691337502,0.5565528341941314,0.5687966462345568,0.2530003191926936,0.26907555640814534,0.06624712693271465,0.03439057987253782,0.00202148905797504,0.3,0.0,0.4,40,0.1790885403656553,0.1186470059159768
16,23,0.14746388889645662,0.5305998956924602,0.5415707679171782,0.2381657479397936,0.19143329139945248,0.06455771191162123,0.02342405405394204,0.00124118794607825,0.3,0.0,0.4,41,0.1632112196236604,0.1263545659113535
16,24,0.1448249574712661,0.52665660576682,0.5403622420464567,0.24080323647994836,0.0642877632737677,0.06763629401908454,0.022435978081418742,0.00113982025447706,0.3,0.0,0.4,42,0.1412645474464669,0.1140715149009534
16,25,0.14146703795976434,0.5218509587891369,0.5382910390970101,0.253502029937294,0.042200110768102136,0.0677049852942643,0.022734946258730154,0.00115500880488067,0.3,0.0,0.4,44,0.1385421782683971,0.1120247516093884
16,26,0.13991531782151348,0.5205747330138982,0.5399388557710779,0.24651488054356216,0.02936736130422647,0.0672632664953681,0.023374401498467014,0.00101735655514442,0.3,0.0,0.4,46,0.1390237504968861,0.1158024328082052
16,27,0.13928731372791608,0.5195984096391938,0.5389248427249341,0.24292054981544092,0.025484446463062204,0.06662057330455068,0.023728687709135405,0.0009194302709475899,0.3,0.0,0.4,47,0.1413833890260607,0.1165912144615301
16,28,0.13863504034740382,0.5201668390315657,0.5425206168928068,0.26432271240752614,0.023476613056394778,0.0654164010731047,0.02334697269039185,0.00086665931867552,0.3,0.0,0.4,48,0.1413337714755153,0.114358380116363
16,29,0.13821256395601952,0.5191587175717814,0.5414494887604693,0.2637624251521119,0.02877903493820045,0.06617133745163332,0.0236944820400918,0.00088890173708542,0.3,0.0,0.4,49,0.139489564876404,0.1214175831001172
16,30,0.13672797951709303,0.5178369512643378,0.5430425393007996,0.28224816900781097,0.024862756149897126,0.06613471669940271,0.017530651895459527,0.00078978565531972,0.3,0.0,0.4,53,0.1452032041693925,0.1151649818317192
16,31,0.13203963820358214,0.5060833207442388,0.5247491911527694,0.2758434603843194,0.07905036518356406,0.0649128067110382,0.02659104679111488,0.00101912408412107,0.3,0.0,0.4,54,0.1356814616904105,0.1235369720861874
16,32,0.1300773915307092,0.503606036070699,0.5251245357268293,0.29766874439544994,0.025371852897627493,0.06519946283333079,0.019063891199221774,0.00085847850788629,0.3,0.0,0.4,59,0.1277890037831107,0.1211685083529381
16,33,0.13039013510896702,0.5052393335006281,0.5297981873573904,0.2948828653022456,0.021084638560998094,0.06664514810247445,0.016119852303050502,0.0008382819026806199,0.3,0.0,0.4,61,0.1183008755250962,0.1169562041592378
16,34,0.129596088851319,0.5098350838637787,0.5465612949903207,0.3288525149929208,0.021506875839819833,0.06539877025269278,0.02059827771440812,0.0008909666180610899,0.3,0.0,0.4,65,0.1462071659219316,0.092509677750747
16,35,0.12942417365205056,0.5094921918649631,0.5462012363540077,0.3318074307969039,0.02230813926006607,0.06539947436668289,0.020457245943359962,0.00088049736159364,0.3,0.0,0.4,66,0.1449617733085936,0.0940630430369964
16,36,0.1284689822958569,0.5073228444413049,0.5439106103606585,0.3393625533366256,0.03670502636998689,0.06637868087412005,0.02726077334092711,0.00070924813267533,0.3,0.0,0.4,67,0.1224334864845843,0.1130314929592273
16,37,0.1270657850548481,0.5009576068713224,0.5283281217670802,0.3263932349636506,0.027242918688186953,0.06377901531545663,0.02294397652580622,0.0005517566616978101,0.3,0.0,0.4,68,0.1571378067687148,0.119888931647594
16,38,0.1269604318129754,0.5047012071835938,0.5411786649854886,0.35089574845680177,0.02118036674232057,0.064892659181907,0.016614597458936793,0.00071497720509076,0.3,0.0,0.4,73,0.1476592666741186,0.1335522483571066
16,39,0.12687607634718584,0.507457185751227,0.5500331769381626,0.36060799615262634,0.02000091504528908,0.06493925172331147,0.018390849196289073,0.00065171564582826,0.3,0.0,0.4,77,0.1165158313112806,0.1206405941770244
16,40,0.12662943696569262,0.506856811277988,0.5493979416539495,0.372662832538184,0.0214101235332721,0.06494716774574606,0.01587920193724481,0.00086441567509602,0.3,0.0,0.4,80,0.1301744916890624,0.1222382978324313
16,41,0.12516074713086575,0.5039676911986198,0.5463697841481364,0.3832594589069075,0.025994009562416636,0.06470126133968174,0.026999233072834205,0.00068919611121625,0.3,0.0,0.4,83,0.1180701922901147,0.1309692904652127
16,42,0.12340572445375844,0.5002383647757758,0.5424494286140762,0.384095218892138,0.04573261796072902,0.06486897578294283,0.024621300644564456,0.00067088647902162,0.3,0.0,0.4,84,0.1277252281583724,0.1258794646145424
16,43,0.1225697016069964,0.4994757791236855,0.5446072568587302,0.38572234751586393,0.0382669893471522,0.0653073328907148,0.02373416563496839,0.00133553114336128,0.3,0.0,0.4,85,0.1280773340553534,0.1264439099447658
16,44,0.12215731668927877,0.498874638223327,0.5439881484867247,0.3919625312500519,0.022239295194735532,0.064779239311471,0.02258341277236884,0.00111600855848856,0.3,0.0,0.4,86,0.1394506407176975,0.1247454922925217
16,45,0.12003352897543547,0.4958626701453151,0.5438074766599915,0.3888269242399382,0.049971008027753665,0.0647531332659406,0.022460576035667538,0.0009068815247275,0.3,0.0,0.4,87,0.1250325788382237,0.1246214524623402
16,46,0.11861068741622295,0.49236262011883575,0.5401128661728387,0.39016716128094164,0.028996736730541522,0.06521966298956423,0.023521298047150623,0.00140966998247217,0.3,0.0,0.4,90,0.1271838781191481,0.1339838469385227
16,47,0.11719881230878887,0.49082040483338835,0.5414779559629374,0.4073976599409395,0.029861234891724733,0.06492155682145184,0.02212842185327213,0.0013261926269336401,0.3,0.0,0.4,92,0.1214519513100425,0.1300875299940284
16,48,0.11654632668632478,0.4912011636201942,0.5448727260438855,0.42277718345432286,0.021465797752157043,0.0635050633316058,0.023048824588451127,0.00162161018481801,0.3,0.0,0.4,95,0.1214825924882245,0.1320068372245046
16,49,0.11569220941960257,0.49393720234160177,0.5566960143547575,0.46742412295043156,0.020574281229861244,0.06350990834048427,0.022268726638758812,0.00106834520025745,0.3,0.0,0.4,104,0.1193299825574525,0.128088231737331
16,50,0.11554738626714786,0.483426328462758,0.5247997317229963,0.33530726651363546,0.019830140616844086,0.06351032850427349,0.024613106340209866,0.00100753153684249,0.3,0.0,0.4,109,0.119148662270636,0.1271773107380207
16,51,0.5149525826635298,0.8855133685228884,0.9329713933563144,0.774429627026044,0.4199251173830614,0.06350135819623899,0.020344569773772567,1.0,0.3,0.0,0.4,112,0.1200933097297406,0.1301537191393491
16,52,0.11527860190449728,0.4872106612977022,0.5377137711323167,0.38396226964016594,0.019912927312174394,0.06350371826139717,0.02138372573868607,0.0009886967037427,0.3,0.0,0.4,115,0.1213101532117702,0.1280586373980399
16,53,0.11526150943714833,0.4856716571282741,0.5331159769281574,0.36277925783128084,0.020863124035954705,0.06350895012614345,0.023404687766050557,0.00106652256040741,0.3,0.0,0.4,116,0.1213521640365282,0.1292651785168808
16,54,0.11408813733553788,0.4944865086410371,0.5662029016011451,0.5149194457101228,0.02983785917604642,0.06361284748956954,0.018081850485594773,0.00137655243338495,0.3,0.0,0.4,118,0.1249300357834958,0.1274018173989935
16,55,0.11393904494694314,0.5045118378596453,0.5975962202919562,0.6326044419731933,0.01952516789517177,0.06361230102057049,0.015799434453757,0.0010839981535171199,0.3,0.0,0.4,148,0.1246265545910266,0.1272967217378599
16,56,0.11392921470325464,0.5029303490430925,0.5929515264681771,0.6360661422961601,0.02100600961363256,0.06362231984384245,0.016159242495230326,0.00127060821654707,0.3,0.0,0.4,149,0.1247502260803481,0.1275098743287997
16,57,0.11377482076901375,0.5041127909393818,0.5971760093660953,0.656938844833854,0.019873499676270116,0.06361252475103177,0.015480836953982781,0.00113020983553765,0.3,0.0,0.4,153,0.1246018776953087,0.1272938810598871
16,58,0.11381358990950911,0.5172734708581689,0.6378134721971223,0.7646427387779448,0.019606532755211015,0.06361520239412577,0.01671930893912824,0.00124867527193503,0.3,0.0,0.4,167,0.1245141794707559,0.127371708801824
17,0,0.9820457047907065,0.9953379296247022,0.995101800302469,0.4010150674473795,0.0,0.0,0.0,0.0,0.3,0.0,0.4,1,0.7710813553123045,1.1409830227740263
17,1,0.8345818308762577,0.9658454481129106,0.9601257253200652,0.3915613441704083,0.3507464479463577,0.06649819652410462,0.0011322524847969778,1.6258633290690002e-05,0.3,0.0,0.4,2,1.0195613150869516,0.9459458579805184
17,2,0.7667548034290054,0.9456592276614939,0.941850011234216,0.37982449967192095,0.17638047895712838,0.06954108567512766,0.0018263499270982932,2.101016552672e-05,0.3,0.0,0.4,3,0.8204122318812203,0.8508294398137738
17,3,0.6689536331672554,0.9095260141300093,0.9039099490375793,0.36097759907601523,0.14337140113135724,0.06649367004352545,0.026375617797208647,0.00116343530475769,0.3,0.0,0.4,5,0.6827347150792389,0.5631607278388268
17,4,0.6689222631758667,0.9124302027001003,0.9129197922070803,0.37602060152605304,0.020428901128491044,0.06648187199901537,0.02633120578977386,0.0011636629012032299,0.3,0.0,0.4,9,0.6823023855464573,0.562660237917647
17,5,0.5819124479294695,0.8745860940521448,0.8701729156364466,0.3589667776257087,0.2731953016928783,0.06664635264245676,0.040586383178343545,0.0013813807213361,0.3,0.0,0.4,10,0.5874247143211363,0.4422433347860587
17,6,0.5741069497228113,0.8729399493437634,0.8713692725620186,0.35871719333711377,0.030856412171144675,0.07193926663066703,0.0028778394534974753,4.369186095117e-05,0.3,0.0,0.4,13,0.6591264111182993,0.6280535585839926
17,7,0.4747207573960299,0.8227402496203521,0.8218078886971146,0.3285521933237388,0.347304045514432,0.058683038006960474,0.002997694434484738,3.7436931382549995e-05,0.3,0.0,0.4,14,0.3829679091648865,0.3733092399612848
17,8,0.40187037907815665,0.781540732335199,0.7813625215493423,0.31332485878688837,0.17627826934551616,0.06771068434886676,0.007067400245833167,9.969930562705e-05,0.3,0.0,0.4,16,0.4098395191280735,0.3335694408841652
17,9,0.36217514164279546,0.753412215882156,0.74872358992185,0.29561302189214356,0.22118335530548103,0.07482115892933919,0.0023770781689504868,3.0395854980679997e-05,0.3,0.0,0.4,17,0.4416454575835881,0.3472539374177834
17,10,0.27087787215857057,0.6782130386928866,0.6728172832213533,0.2495248292003942,0.5329030915810304,0.06677673396567398,0.002466348438211189,3.034379773954e-05,0.3,0.0,0.4,18,0.2832243760596211,0.2126414635100424
17,11,0.17126380038678102,0.5584958354662896,0.5499344326456095,0.17639569891791806,0.4441149617914932,0.07209634661842092,0.005766884842891099,6.900957374483e-05,0.3,0.0,0.4,20,0.1689051263983595,0.1169461238018142
17,12,0.1666445801590951,0.5511318525521204,0.5421840344900554,0.17819713553415312,0.04828094169422713,0.07298258395290722,0.005595849951357715,6.867171968243e-05,0.3,0.0,0.4,22,0.1621439181887177,0.102353770387429
17,13,0.16532865009727601,0.5508007723977825,0.5448429663904427,0.18275925715190974,0.02560878972722139,0.07116904261750977,0.005556506876442515,6.658940451402e-05,0.3,0.0,0.4,24,0.1636104135496341,0.1003210230610073
17,14,0.13349207897743484,0.49258548798089596,0.4806854022269087,0.15755713816589384,0.41488697812892683,0.07214313353480176,0.004707295947560687,6.229633596434001e-05,0.3,0.0,0.4,25,0.1484258222365774,0.1170992742220672
17,15,0.12710535350622204,0.4803017632883419,0.4707154731368093,0.15073833042602988,0.12431976384136788,0.07498661781193837,0.005206534446929062,6.595139376294e-05,0.3,0.0,0.4,26,0.1264618849187443,0.0996250559742859
17,16,0.12346422209324999,0.4711255546443543,0.45810433040558907,0.14835772286840518,0.0731384101538528,0.0744088921656636,0.0043490380959002135,5.5634086417820006e-05,0.3,0.0,0.4,27,0.1290379234753707,0.1001350527083812
17,17,0.11864782831019063,0.4611013771757281,0.4505159852078346,0.14391163040656296,0.10706933479326654,0.07673578544184914,0.005532927246456015,7.060866320776e-05,0.3,0.0,0.4,28,0.1182844970061813,0.1026762991448086
17,18,0.11379510033619392,0.4506093497788977,0.4395151495306796,0.13596132882855838,0.09259243725878923,0.07523968115855303,0.005684986191038568,7.824658703204e-05,0.3,0.0,0.4,29,0.1202887367773126,0.1016658812110893
17,19,0.11025231416196123,0.4458998192808663,0.44055293137726725,0.1434517257955016,0.07131638748938014,0.07344986788112419,0.004687209549179047,6.573289293488e-05,0.3,0.0,0.4,30,0.1154515596771054,0.0819243493628625
17,20,0.10978466893738191,0.443409436109979,0.43495298235785146,0.1593303119012541,0.024445509275866983,0.07370723210903111,0.005502398864886415,8.258402892695e-05,0.3,0.0,0.4,34,0.1152351973731439,0.0789900234592506
17,21,0.10187829046403986,0.42402257237973046,0.4175452756669677,0.1366519742310126,0.16628578660555632,0.07480673496680287,0.009713165089507925,0.00015386126730061001,0.3,0.0,0.4,35,0.0990727977350659,0.0988713887309657
17,22,0.09940720813616795,0.41716946532006643,0.41033682999691484,0.14514835163439607,0.0347498401055951,0.07534405705392574,0.010115139577297682,0.00015826114936802,0.3,0.0,0.4,39,0.0988112727829358,0.0986422057612542
17,23,0.09523836639001777,0.40749332420850753,0.40316087850314286,0.143331319061327,0.05994027000222045,0.0746284412860695,0.009848306556188431,0.00014921137059737002,0.3,0.0,0.4,41,0.0919158290979786,0.0840267696183526
17,24,0.09299774184342177,0.4027672942124002,0.4011794307391223,0.16363609476535015,0.027616593114986775,0.07428519404072739,0.011091998292286114,0.00017237338519335,0.3,0.0,0.4,49,0.0885567703465419,0.0804662106276019
17,25,0.09093388970819609,0.40261959011970994,0.4129415636805719,0.21291437661366752,0.024729685873677482,0.07426707725301931,0.011726377908017071,0.00015759253967613,0.3,0.0,0.4,67,0.0935694521159335,0.0868377464555558
17,26,0.08788724705706111,0.40012429982125036,0.4251998091028097,0.28314861594991797,0.032343531849232776,0.07538406643481473,0.005988732190817911,0.00010994695576250001,0.3,0.0,0.4,74,0.0932922666212219,0.0763575608748307
18,0,0.894781461743397,0.9714198456420128,0.9699723255128572,0.38571186211409253,0.0,0.0,0.0,0.0,0.3,0.0,0.4,1,1.1319011267674255,1.1404236274132091
18,1,0.8828808838760744,0.9806265872130243,0.9756544293908795,0.4010259721334853,0.0841526692603779,0.0665651152203112,0.001135188749857925,1.720653942626e-05,0.3,0.0,0.4,2,0.8198786211199626,0.9459458579805184
18,2,0.7622489947706849,0.9433109622366098,0.9394445951658629,0.37788324147371066,0.28468468122856766,0.06548514847366883,0.0011838034408076605,1.329253804882e-05,0.3,0.0,0.4,3,0.8229303506520839,0.8711847511841079
18,3,0.5286329525556486,0.8475456679693285,0.8388068813641916,0.3212062851017429,0.6832370723632517,0.06664750060548388,0.02519205058207695,0.00024096820068856,0.3,0.0,0.4,4,0.7339834303961069,0.4200887858243118
18,4,0.5255506718940449,0.8454104060951432,0.8366241923881709,0.32091132152252627,0.02534836503489707,0.06271583218396308,0.020465394690485,0.00019302133755851,0.3,0.0,0.4,5,0.7302802616298443,0.4487156717904841
18,5,0.39874986017813313,0.7735390547792403,0.7610562413238944,0.2790302994086912,0.5231190571743768,0.06659807658094205,0.006358752217560464,7.42351557889e-05,0.3,0.0,0.4,6,0.5318279733845422,0.3567507614936696
18,6,0.37458892866012167,0.7587565856825528,0.748478818983229,0.2735760446525198,0.07822473637375962,0.06820476058576991,0.01319405213318169,0.00012722287129223999,0.3,0.0,0.4,8,0.4556995222815646,0.3008673903452438
18,7,0.37266974574208217,0.7572387881953235,0.7469130829216805,0.27434096708922123,0.026466127063864083,0.06633259511626445,0.010834692932919473,0.00010324966916756999,0.3,0.0,0.4,9,0.4490416988934683,0.3161169875714796
18,8,0.23527078619739888,0.6366204331086436,0.6201508729500977,0.20164920966230773,0.8568228609481235,0.06870192759905776,0.004669083651458066,5.43155623911e-05,0.3,0.0,0.4,10,0.2957728702248158,0.1778094163873544
18,9,0.2347823998216195,0.6360089689182504,0.6194807912695521,0.20360467671961724,0.02915645438566689,0.07051570784121768,0.004992673223571763,5.890588383969e-05,0.3,0.0,0.4,11,0.3007471754384018,0.188083191991598
18,10,0.2198979810557588,0.6202154252941899,0.6058607369995076,0.19476488172922735,0.14111894341254358,0.0708964784397064,0.005041037465418303,6.0382462606900004e-05,0.3,0.0,0.4,12,0.2560718822303179,0.1646079325078745
18,11,0.2139644407412737,0.6146748296193139,0.6030663369208176,0.19679865278340125,0.04120928875578929,0.06776442746588926,0.004871302080778623,5.790105459767e-05,0.3,0.0,0.4,14,0.2582007219334274,0.1581430635378616
18,12,0.21052899175436762,0.6118015326256611,0.6030095314827056,0.20005868236132396,0.03142001442518634,0.06888440395478447,0.005543886548863505,6.577181504945e-05,0.3,0.0,0.4,17,0.2555407611752257,0.1502492066077497
18,13,0.2076747721612331,0.6057497484252486,0.5907185802757997,0.20748065528462661,0.03033721315705385,0.06720760072188312,0.005242576288579302,5.5436460342179993e-05,0.3,0.0,0.4,19,0.2940109963883218,0.1557755841572946
18,14,0.1982985593105876,0.5947759441240276,0.5821681618183057,0.2058751897353425,0.061918837754015014,0.06720760072188312,0.005242576288579302,5.5436460342179993e-05,0.3,0.0,0.4,21,0.2940952210756865,0.1560049167740824
18,15,0.19775581908988515,0.5940562051112538,0.5814119701854746,0.20541277661144686,0.0251358020998738,0.06720760072188312,0.005242576288579302,5.5436460342179993e-05,0.3,0.0,0.4,22,0.298220608386388,0.1601998446260366
18,16,0.18871436764747992,0.5831794126621234,0.5729499879093479,0.2041653774181026,0.10755009563766052,0.06809568474496702,0.005431714857113217,5.671654445802e-05,0.3,0.0,0.4,23,0.2943575667508049,0.1565353421212552
18,17,0.17452842921645106,0.5598345270523274,0.5452352958929815,0.19313537680959877,0.20905511732823975,0.08178690515572018,0.0056452974310032605,6.956444070989e-05,0.3,0.0,0.4,24,0.2600515274144101,0.1187150924548024
18,18,0.12982137455150997,0.4817792277311285,0.4633488022978294,0.14414546977223672,0.5380984547460529,0.07374297836745138,0.006422844287369712,8.001791740234e-05,0.3,0.0,0.4,25,0.2501821270427354,0.1027224948018884
18,19,0.12283086048389569,0.46525337566966607,0.44590844639269306,0.13904848325581307,0.14813024407596653,0.07885149603875598,0.0059614968068531496,7.584467819961e-05,0.3,0.0,0.4,26,0.2240025534516898,0.1032235825297371
18,20,0.11246899796812113,0.4434483355343205,0.4230704457327235,0.12952394442827303,0.09260802653437282,0.07416706279734984,0.005609658328481737,6.593206627069e-05,0.3,0.0,0.4,28,0.196232136455956,0.1063557817742528
18,21,0.11222260204818024,0.4425208559994548,0.42208378900827687,0.12686655446539769,0.03049735576750798,0.07497071971259242,0.0055935413837637045,6.552155400229999e-05,0.3,0.0,0.4,29,0.1969981084859986,0.1070712849478038
18,22,0.11078477782654249,0.4369088642801133,0.4190368097103685,0.13248112771945497,0.09200940976597098,0.0835155396639098,0.005393229728606008,7.175058567805e-05,0.3,0.0,0.4,30,0.1889613232411625,0.1125608674376026
18,23,0.10689931350706144,0.43192549057350266,0.416892557680592,0.1347102500067837,0.03717941886861116,0.07613375889015594,0.005274239429372013,6.421345422061001e-05,0.3,0.0,0.4,32,0.1802700436284685,0.100525468776571
18,24,0.1084363661416882,0.43383081388934713,0.4217592554355311,0.15045546346658747,0.028247485936627563,0.08366659171448754,0.004332259794822653,5.714020829373e-05,0.3,0.0,0.4,36,0.1888087240316555,0.113534933981453
18,25,0.10541144287549352,0.4301067710340184,0.41797674344404906,0.19774364359304436,0.023349626306746748,0.0751268556258752,0.0029786872418095826,3.645833617905e-05,0.3,0.0,0.4,46,0.1800052326693911,0.100950414489715
18,26,0.10550397416776156,0.43146394119278414,0.4223707605218899,0.22084626052531173,0.024978792422277768,0.07585131397076672,0.0032805094579193093,4.055238865349e-05,0.3,0.0,0.4,47,0.1802589269129431,0.101027838500997
18,27,0.0957879975308767,0.4119387290300561,0.40497788478850505,0.1809761577838607,0.051291484374868516,0.06649031553212569,0.00419199777262075,5.125801051803e-05,0.3,0.0,0.4,51,0.1426921880635691,0.0846485738057441
18,28,0.08934394251475795,0.39896308009683795,0.4003036141226179,0.1913004298873931,0.0429292057358517,0.06510017870039256,0.004531536544731372,5.7032483293e-05,0.3,0.0,0.4,56,0.1215806203677204,0.0808636887324016
18,29,0.0884102995624414,0.3949327024528341,0.39603507309486147,0.1948997961372114,0.036451419042016854,0.06733537584932354,0.004609880348055855,6.193636195733e-05,0.3,0.0,0.4,58,0.1229055168585029,0.0844358613215083
18,30,0.08676202452967112,0.3921641907070248,0.393181014411978,0.19570654819284147,0.030773821633875514,0.06374590614747733,0.004502337506636235,5.470151588761e-05,0.3,0.0,0.4,59,0.1177844598932411,0.0825137240762282
18,31,0.08717088737643808,0.39096836316919287,0.38892044049597196,0.20743646166892243,0.02138052352459737,0.06539984644259504,0.003855989181023139,4.845678344826e-05,0.3,0.0,0.4,60,0.1194749648333044,0.0975024073504632
18,32,0.0836971346781392,0.38598813569029594,0.3926556947841972,0.20968644426347985,0.04909627354182218,0.06339965289836562,0.004848222983086678,6.031953915263e-05,0.3,0.0,0.4,62,0.1150926868991888,0.1029566762546317
18,33,0.08323929853876968,0.38522992954966,0.3918749710396521,0.21452671228180847,0.021794662166636086,0.06234884800055548,0.005084022045469411,6.437599868543e-05,0.3,0.0,0.4,63,0.1068204221744325,0.0999851617225101
18,34,0.08249705988274177,0.38466074834380154,0.39426266710987456,0.21625983097106458,0.031697089725694745,0.061923668669229784,0.004894738023015971,6.147677451516001e-05,0.3,0.0,0.4,64,0.1088246359025769,0.0999415809593191
18,35,0.0840130343657062,0.3842212112274082,0.3907329816505712,0.21815568720489917,0.022877731153326582,0.06776837285133142,0.004944779878941419,5.6366051135580005e-05,0.3,0.0,0.4,66,0.0920230224570157,0.1016369725620359
18,36,0.08335575445212953,0.3843167546045677,0.3938289966058875,0.22886421921348507,0.0236078348336764,0.0666862470275317,0.00487756229803218,5.6253087832270006e-05,0.3,0.0,0.4,68,0.0942223236011269,0.100639789069419
18,37,0.08260480802514514,0.38110038723138984,0.3904296970086359,0.23925814478707996,0.02664833705814125,0.06798237588666793,0.006422035659976644,7.312681974294e-05,0.3,0.0,0.4,72,0.0867551742684888,0.0942620365351108
18,38,0.07953730441395776,0.37089994780099883,0.3797063624783687,0.23585281600282337,0.09171227272023555,0.06841148421216461,0.0052800761166740505,6.147048365539001e-05,0.3,0.0,0.4,73,0.0902715907054727,0.0995525784988952
18,39,0.07831169918339169,0.36750274454060666,0.3761517455055682,0.23933550768773304,0.04168473459332048,0.06744899721969363,0.005431460762830912,6.0778885811219995e-05,0.3,0.0,0.4,74,0.0844325877404088,0.0936770193649797
18,40,0.07814790802485236,0.3663849705807989,0.3749648766320976,0.24218632818309435,0.025237323849726632,0.06827030381882426,0.005513362194424087,6.075723128828e-05,0.3,0.0,0.4,76,0.0796490358266569,0.0950518670780215
18,41,0.07721604775834753,0.3641950707535962,0.3726845383047072,0.24649605376826628,0.032349143026172596,0.06693252502097237,0.004740998596955542,5.361306154861e-05,0.3,0.0,0.4,77,0.0833051387086289,0.0977041231145322
18,42,0.0750806725635071,0.358453575226803,0.3666846776980297,0.2612603470088867,0.031182970397636043,0.06479692584675893,0.005431839087205134,5.521888777329001e-05,0.3,0.0,0.4,80,0.0793392821747205,0.1178900339966722
18,43,0.0750500651713255,0.3612666854832708,0.37559862993744086,0.2887936910849257,0.019606566483003532,0.06479692589699859,0.005431839079384587,5.5218887747820004e-05,0.3,0.0,0.4,85,0.0795415826058414,0.1181295948319429
18,44,0.07497344892324695,0.3624023326658004,0.379769743430655,0.2978541714492981,0.021885076576591972,0.06487960909954851,0.005360475279027658,5.402986644465e-05,0.3,0.0,0.4,86,0.0793731619201663,0.1160601190370068
18,45,0.07446669704143036,0.3587309868165516,0.38472412933418165,0.2996226566654425,0.05828100750602752,0.07317042410426215,0.006737313353897134,5.006972391866e-05,0.3,0.0,0.4,88,0.0753584929202098,0.0811378271966049
18,46,0.07221660124709632,0.35125500933945664,0.3739317055086573,0.2862190692617287,0.05699312888747891,0.07045642240899273,0.006863523487509165,4.323832112905e-05,0.3,0.0,0.4,89,0.2856880581326127,0.0908177141397444
18,47,0.07243492912208006,0.3520447331182417,0.37771270797119894,0.2989350082436792,0.024513435534030934,0.07228293875555238,0.010445065153868253,5.110682485379e-05,0.3,0.0,0.4,92,0.1236620036346617,0.0818113599474677
18,48,0.07150727876587203,0.34829911313537715,0.3737716974540123,0.3000550450068413,0.048401778513495274,0.0726550287729847,0.008421947864151938,5.2997604271960006e-05,0.3,0.0,0.4,93,0.0789288223253276,0.0913929337788898
18,49,0.07081761791177894,0.3471855232152074,0.3755811825567708,0.30787300519513144,0.0306601310003576,0.07263584292350853,0.01045495975160436,5.3022334549440005e-05,0.3,0.0,0.4,95,0.1071295657169368,0.0891038770392571
18,50,0.07064638718709634,0.34685511583140155,0.3752398116559991,0.3076200431222918,0.02318973129886014,0.07225712690017141,0.01036130207606596,5.2314825245970004e-05,0.3,0.0,0.4,96,0.1075490640340609,0.0891572524285187
18,51,0.07074667835995606,0.3481520432589858,0.37957173958115753,0.3170755861331318,0.024356015502123823,0.0729027919756434,0.010904892150852222,5.530416697771999e-05,0.3,0.0,0.4,97,0.1097504889752356,0.0922694481570219
18,52,0.07076853047346905,0.3508277401396569,0.3883352847267571,0.3656494075785221,0.022329568597448057,0.07331442413775227,0.009144116612516488,4.463690114022e-05,0.3,0.0,0.4,105,0.1114813792812889,0.0856224474194005
18,53,0.06829791557729613,0.343217337238882,0.38037289558249276,0.3605375982412424,0.06921482954480196,0.07111047337189763,0.009209839344239794,4.635792382729e-05,0.3,0.0,0.4,106,0.1039546684419963,0.1009082041205639
18,54,0.0680741451367958,0.34389703873125144,0.3840677022015287,0.3600327947760557,0.0239289264060858,0.07101274969556967,0.00915919334479799,4.594419304247e-05,0.3,0.0,0.4,108,0.1018308710403359,0.0999975795201027
18,55,0.06807414513676126,0.3453563796119776,0.3885801283293932,0.37952508957835596,0.021322280549636426,0.07101274969615168,0.009159193345160544,4.594419304575e-05,0.3,0.0,0.4,110,0.1018308710286691,0.0999975795321976
18,56,0.06790349599431368,0.345111597801076,0.3883301550217371,0.38611268258027565,0.02194497040096491,0.0705379315523905,0.009599975407596889,4.6516698898399996e-05,0.3,0.0,0.4,111,0.1094264787717432,0.0871707978741287
18,57,0.06770402627824587,0.3439035854620738,0.3870537541549917,0.3853846111806731,0.030530160323176823,0.07101274971234457,0.00915919335525739,4.5944193137230004e-05,0.3,0.0,0.4,112,0.1025127911492315,0.1011379905720618
18,58,0.06762606614477149,0.34505690031538094,0.39124467292050435,0.4052746741279383,0.023429749454561617,0.07101274971234456,0.00915919335525739,4.5944193137230004e-05,0.3,0.0,0.4,113,0.1035828915844083,0.1027036541000982
18,59,0.06192918407624323,0.34147113688171327,0.3966644293827164,0.6040450705602035,0.016839771128472743,0.05460114433853922,0.026007781691099466,3.537670805211e-05,0.3,0.0,0.4,160,0.3382687988234442,0.1031135628974027
18,60,0.061296605678701134,0.3401062622570435,0.3952499834758033,0.6390847948113588,0.01697383961804926,0.053317674002579175,0.024320967890123647,3.2742987023600004e-05,0.3,0.0,0.4,167,0.3344510371652338,0.103677247799391
18,61,0.060454610092743714,0.3378435914599333,0.3958461841455394,0.6294512511451619,0.029333170478180536,0.05369465924908643,1.0,3.247657956966e-05,0.3,0.0,0.4,169,0.4284062395394394,0.1059406793082552
18,62,0.05985376585236462,0.3358147621508239,0.3937213870818025,0.6390104941498651,0.029049938965515137,0.05324818512056476,0.9994764900312847,3.2616624632809995e-05,0.3,0.0,0.4,170,0.3714551654391473,0.1108338079411731
18,63,0.06255485252252717,0.3341004421386129,0.39171173058729103,0.642870487802088,0.04020228832629448,0.06694920754246046,0.9800472149043049,4.9539174158919993e-05,0.3,0.0,0.4,172,0.1696669154213961,0.1094583981005087
18,64,0.06258391640699648,0.3399174201308506,0.4097377936186135,0.745225786977649,0.020169712524695144,0.06710298665373335,0.912922021660194,4.596277917265e-05,0.3,0.0,0.4,194,0.1873026416242982,0.1103810319419823
18,65,0.05980377684028556,0.33543147754933983,0.4021823331286067,0.742315741480573,0.01856358493197552,0.05811158639984065,0.8548432530590792,3.3667053928319995e-05,0.3,0.0,0.4,196,0.165297037859707,0.1105620474699066
18,66,0.06151623201531363,0.33492369026012536,0.4015268856391042,0.7501634175277616,0.029902532162593476,0.06612490249014785,0.8540322410452005,4.284409759623e-05,0.3,0.0,0.4,198,0.1802356957214503,0.1128234962377
18,67,0.061351415974124864,0.3360937500783132,0.4057417776461883,0.7613060493152617,0.020290809309943873,0.06570732093002386,0.8541446537335656,4.066190480201e-05,0.3,0.0,0.4,200,0.1761250085675058,0.1119193599200261
19,0,0.9676662996970867,0.9915435898926126,0.9911152715360734,0.39858734002994545,0.0,0.0,0.0,0.0,0.3,0.0,0.4,1,0.8325848833945076,1.1236779901727956
19,1,0.8636732286524312,0.9748720754838666,0.969607096181026,0.39735421341826815,0.26274844579805695,0.06665960942760321,0.0011257349369695982,1.4737130392139998e-05,0.3,0.0,0.4,2,0.8994356070069781,0.9459458579805184
19,2,0.8235299779628066,0.9615727011945848,0.9556941084328519,0.3890659096898374,0.10233642373430243,0.06272321099366322,0.0006281336532252754,8.452061756554426e-06,0.3,0.0,0.4,3,0.8399482809289928,0.9332508381606074
19,3,0.5683917037727877,0.8665710998290882,0.858796301024209,0.3333755421582374,0.6936911257568277,0.06658999050133291,0.023643062051725908,0.00026378408201974,0.3,0.0,0.4,4,0.5826353338905468,0.4353036609365778
19,4,0.4104333211634994,0.78112053663708,0.7690207392730212,0.2838878312000301,0.3143491375841761,0.06663834939483353,0.006310271454777594,9.239449802741e-05,0.3,0.0,0.4,6,0.4522137407613086,0.3585948052551647
19,5,0.3885853819133472,0.7682363943218237,0.7584627805630528,0.28661607836003866,0.06950620255291516,0.06667233271707655,0.006158081720605081,8.915504810535001e-05,0.3,0.0,0.4,8,0.440900545300156,0.3194726734259888
19,6,0.24663596463149107,0.64899549891653,0.6331392285170284,0.21268403405875141,0.4348273058060258,0.06957012525791373,0.004715850805548418,6.745816210462e-05,0.3,0.0,0.4,10,0.2420364137287806,0.1816476359573185
19,7,0.24653043289794663,0.6488760455474848,0.6330085284918598,0.21264452269918643,0.0225315326188209,0.06991479316752722,0.004554263258421807,6.557076859325e-05,0.3,0.0,0.4,11,0.2450313485445696,0.1845298419282338
19,8,0.20928517420665033,0.610217315853943,0.601340794186515,0.21256795898980466,0.07979764398200286,0.06900743634864774,0.011765200125386564,0.00018504585189087,0.3,0.0,0.4,16,0.2971098611752507,0.2222598206774707
19,9,0.17098671526852302,0.5570827391438129,0.5455134901564022,0.1909115317727007,0.11245721237980784,0.06888370683910032,0.020124583688170185,0.00036030898773974,0.3,0.0,0.4,20,0.1797140404479859,0.1473753206176638
19,10,0.17074590028222678,0.5565864524037432,0.5449801695418307,0.19314302194503707,0.026093347835164937,0.06966821127701896,0.020014881070919643,0.00035906409263409,0.3,0.0,0.4,21,0.1803025376335476,0.146509970656518
19,11,0.16096118433745163,0.5433685658296457,0.5340972727335757,0.1803563439378432,0.12205607258831556,0.0680812862180681,0.017200976589348792,0.00030353603930934,0.3,0.0,0.4,22,0.1677458640576641,0.1178956416650787
19,12,0.1522059734369355,0.5295906252002092,0.5226007281787599,0.17731319001514237,0.07115267198083133,0.0680812862180681,0.017200976589348792,0.00030353603930934,0.3,0.0,0.4,24,0.1627581548447839,0.1218603781936802
19,13,0.1509277450806804,0.5289699716488477,0.5249375907004012,0.1924827362470834,0.026829066576432057,0.06748103118551815,0.015284129675840821,0.00027183733030138,0.3,0.0,0.4,26,0.1621418960502295,0.1145033976593106
19,14,0.14824137145737262,0.5239007552908429,0.5195879222152393,0.19480609956918243,0.03036544233267533,0.06911806382342706,0.014429874110567108,0.00021473045877211998,0.3,0.0,0.4,30,0.2158316704638881,0.1297136850194272
19,15,0.14571990299877285,0.520799272493458,0.5193055446218511,0.21017137329234314,0.05272304160251471,0.06926959658625138,0.015465938098404384,0.00024948341969094,0.3,0.0,0.4,31,0.2155251201062972,0.1416942007525344
19,16,0.14558928079080632,0.5220392500089651,0.5235886258954294,0.2231744499327456,0.021534693981109198,0.0692007836090574,0.015806317848584196,0.00024602728771731,0.3,0.0,0.4,33,0.2162566003617897,0.141001936541896
19,17,0.14513214203786745,0.5172278827897386,0.5125095731685789,0.20450771244612273,0.03314031712042254,0.07353390135704634,0.01592834320227645,0.00023633866205233998,0.3,0.0,0.4,35,0.208584797171364,0.12696545554548
19,18,0.14289712088468898,0.5169379571076321,0.5182170143284852,0.21999935691314904,0.03597157538284979,0.06998829437781381,0.014708996614340202,0.00024562490184650997,0.3,0.0,0.4,36,0.2015728037199287,0.1365077217651688
19,19,0.13938090623377036,0.5117247954695364,0.5157135236733669,0.226341995190756,0.04454116192589003,0.07035274458599859,0.014286094603026494,0.00024359914164814,0.3,0.0,0.4,38,0.1944208129079265,0.1427443106451466
19,20,0.13744261827292584,0.5079653706734847,0.511759748100673,0.23097387741556236,0.034529509321641026,0.07075947221580439,0.009599393611196171,0.0001338394665215,0.3,0.0,0.4,40,0.204662527629229,0.1266656643519682
19,21,0.13221696611560343,0.5005262474712595,0.5098961139660082,0.25007238867543385,0.03583957030309173,0.07103901226172116,0.017085770856654234,0.00022520379437301,0.3,0.0,0.4,45,0.2054023971997924,0.1315784878249944
19,22,0.13221648856859608,0.5005252899569488,0.5098951096867281,0.2471043978632718,0.02140817978461005,0.07103901226172117,0.017085770856654234,0.00022520379437301,0.3,0.0,0.4,46,0.2054025966619166,0.1315739635126513
19,23,0.1312328511892477,0.49870324551536777,0.5079883521875056,0.25775341616986264,0.03277442271493424,0.07062471135266335,0.014052488095938244,0.00016231676854444,0.3,0.0,0.4,47,0.2116010534192917,0.1298002390520619
19,24,0.13126506247639183,0.49997575823263757,0.5122919029161148,0.26602234001845143,0.024510475087242765,0.07135447803223818,0.017958283577856643,0.00023670419298552,0.3,0.0,0.4,48,0.2081285050776778,0.1333080549239261
19,25,0.12351503544780848,0.48961965136274,0.5045860103553935,0.26542592240047946,0.031347107280594665,0.05789412397955538,0.023043676041696583,0.00068064424168086,0.3,0.0,0.4,52,0.2109872756730835,0.1589229601581385
19,26,0.12600424454694548,0.49404846773371186,0.5150256731925444,0.2969331169927377,0.023627649040337168,0.069925414787166,0.00979440320811838,0.00013836148094376,0.3,0.0,0.4,57,0.195099896819399,0.1392986162195754
19,27,0.12445069585249621,0.48963463055017437,0.5103368289218839,0.2944749286406585,0.059480421748425674,0.0717345986550599,0.015222443340063377,0.00132187275230466,0.3,0.0,0.4,58,0.208749742156178,0.1256302470098928
19,28,0.12358892803122004,0.4878882625323797,0.508506444167618,0.30266014494880356,0.033400224346613785,0.07164916720845277,0.0146713674134822,0.00116834570485072,0.3,0.0,0.4,59,0.2126373977465203,0.1397596347420851
19,29,0.12356768060861166,0.4906672612618848,0.5173804025354334,0.31448983622082544,0.022425433275035468,0.07174367287347554,0.010653255641136273,0.00130194709418036,0.3,0.0,0.4,63,0.207690875334128,0.1398685439913079
19,30,0.12257593975032986,0.4873230784884442,0.5108987985009175,0.3163488447521837,0.03328893505440085,0.07178075672147445,0.013736768132895198,0.0007241549083257601,0.3,0.0,0.4,64,0.2024741385337175,0.1524324218186085
19,31,0.12155642801291658,0.4866667104345726,0.5131926616191721,0.33382910768747903,0.025242194564619184,0.07100298738959124,0.013601295742099936,0.0010960972367182,0.3,0.0,0.4,68,0.2565627199890084,0.1434467279451044
19,32,0.12020426001304649,0.48355273519437053,0.5099147538870444,0.3381691077174563,0.03301815428826206,0.07175442367156107,0.013591898513663795,0.00083991391632408,0.3,0.0,0.4,70,0.2111973062088755,0.1502700441021081
19,33,0.12009388917448005,0.48624403085421325,0.5187014154319433,0.3534755411909297,0.022218837983671278,0.07177135122327823,0.014220168364500591,0.00079317959139047,0.3,0.0,0.4,74,0.2162833753348463,0.1506693477467463
19,34,0.11966169001324156,0.48534494815468704,0.517759194009627,0.36807491311194396,0.027666268591026916,0.07169938960141191,0.013728385560704725,0.00072874434203145,0.3,0.0,0.4,75,0.2104882295395213,0.13959704008895
19,35,0.11931597636157726,0.4845460132559992,0.5169185013711477,0.3708090646269911,0.027512472959798914,0.07168064724987434,0.015788073371850984,0.00080695876816212,0.3,0.0,0.4,76,0.2057108814563764,0.1359072579712627
19,36,0.11860046919941435,0.48418744738057135,0.5195118950986709,0.3868498872581123,0.026594162942151948,0.07171561902722655,0.01184546607402755,0.00122834245601747,0.3,0.0,0.4,79,0.2253089427946526,0.1455604043456489
19,37,0.11848088533846311,0.49264196369092533,0.5462683382033321,0.4677933872636541,0.022174230630481143,0.0717302000544808,0.010936767556014882,0.00128465277460287,0.3,0.0,0.4,95,0.2231750177362454,0.1415818877214694
19,38,0.11810501455866917,0.4919724799088739,0.5455720584848468,0.5089232660989337,0.02371649513564696,0.07168390057404965,0.011174347313004566,0.00096881910048691,0.3,0.0,0.4,97,0.2229975198508512,0.141969968806959
19,39,0.11810501469614174,0.49780988805761217,0.5636218704141457,0.5562956989750674,0.02189277283817089,0.07168390059175535,0.011174199350313743,0.0009688193146779401,0.3,0.0,0.4,105,0.2229974426149447,0.1419700005950167
19,40,0.11860897779252942,0.4835968715157116,0.5188666043253783,0.37326449305388076,0.024031332633338384,0.07337818133687528,0.012482114785747893,0.00120528275657678,0.3,0.0,0.4,106,0.2339908488255271,0.1374315029243018
19,41,0.11803133817585783,0.49463085902083587,0.5543196230037165,0.5561563460882811,0.022066168089486044,0.07172798376667273,0.0112395474190699,0.00112488487416095,0.3,0.0,0.4,114,0.2235267257654675,0.1458967372602299
19,42,0.11790469526059617,0.49878119708281704,0.5676200529284494,0.625201373856058,0.022131381878770007,0.07172798546918742,0.010071502152362964,0.00101010175960992,0.3,0.0,0.4,120,0.223839417472737,0.1457806599829086
19,43,0.11789173670591861,0.49582859716185385,0.5585593465913156,0.5944545745694139,0.021991022080212363,0.07172797877441536,0.009921228085789408,0.00101961540674514,0.3,0.0,0.4,124,0.2258310177300157,0.1464064720689331
20,0,0.9373666524196747,0.9833641018309789,0.982521477413188,0.39464838087810195,0.0,0.0,0.0,0.0,0.3,0.0,0.4,1,0.9670393397048834,1.1122423961471677
20,1,0.8485509564298145,0.9702325194053901,0.9647328483875008,0.3943853143828548,0.23831061963870273,0.06664179328539689,0.001107585688128142,1.401881115371e-05,0.3,0.0,0.4,2,0.9619587853950056,0.9459458579805184
20,2,0.7619715649547654,0.9421039633623564,0.9382622940633881,0.37650133474787695,0.20782807372076403,0.05983204187221478,0.0014873084433530952,1.679865712987e-05,0.3,0.0,0.4,3,0.8114586851953092,0.8579811724216689
20,3,0.703179215130175,0.9234040753784704,0.9184281825579617,0.37282740051996455,0.09883477954319768,0.07215498231172891,0.0010910969161334564,1.240519538748e-05,0.3,0.0,0.4,5,0.8841136183620589,0.7432246751699045
20,4,0.41146237125183316,0.7817380472152401,0.7696750111949578,0.28424442765959573,0.9844943615019754,0.0663017816108785,0.006246863092805739,7.332779057260999e-05,0.3,0.0,0.4,6,0.4660480347515193,0.3563938451458197
20,5,0.3331001577941958,0.7264805069108289,0.7115870498649856,0.2519312781697966,0.2131631727831018,0.06844253513534176,0.003224337356569982,3.983520444323e-05,0.3,0.0,0.4,8,0.4322589083904651,0.2337861611134989
20,6,0.2518896454241865,0.6545445627767221,0.6389753560828462,0.21003862071813686,0.2745335698345515,0.06919448731755119,0.004391116094578707,5.152518102006e-05,0.3,0.0,0.4,10,0.2749792717381993,0.1766773266731053
20,7,0.24310578374412192,0.6452479006926869,0.6292280543773154,0.20708107323764285,0.08171850654221294,0.06786270246496005,0.0045766392691010535,5.3547469067350006e-05,0.3,0.0,0.4,11,0.2544430404314183,0.1783438428096708
20,8,0.23319053350854052,0.634325929374243,0.6177114837645727,0.20255526107074617,0.10287878839035135,0.07062324469074661,0.002644035847400313,2.970030828129e-05,0.3,0.0,0.4,12,0.2737669753572097,0.2432663184814729
20,9,0.21532363666434484,0.6147217048247101,0.6000944090031757,0.19460960057513926,0.09346220771482426,0.07056588289196203,0.002628415139181755,3.0499850177580002e-05,0.3,0.0,0.4,14,0.2624098887841334,0.2456835292265417
20,10,0.2118120617855624,0.6118144464320137,0.6000190727246669,0.20356766459576572,0.03610663010917041,0.07056588289196203,0.002628415139181755,3.0499850177580002e-05,0.3,0.0,0.4,16,0.2737093256002104,0.2401025412115182
20,11,0.2121868585157838,0.6121223857959678,0.6002995479466914,0.20647931557647817,0.02407248488466256,0.07340826652393774,0.0021093217337816994,2.4501004967039998e-05,0.3,0.0,0.4,18,0.2635810160278212,0.242624460918385
20,12,0.20524168951871227,0.6033363588112007,0.5910797557105394,0.2020809376813942,0.08051057359122943,0.07267044618931581,0.0021069577061029175,2.4433194120550002e-05,0.3,0.0,0.4,19,0.2522933351735085,0.237923654502301
20,13,0.19839417692266592,0.6069981953809173,0.6189104942627363,0.3305821465643323,0.019837570989754114,0.06153205387464752,0.09107547920886266,0.0009763387037403299,0.3,0.0,0.4,55,0.2421700909077544,0.3413173442162464
20,14,0.19537365825141026,0.6043838386037387,0.6191307824852561,0.3280617796355659,0.024621689593874,0.062345932120936455,0.09135249087408638,0.00096379803770536,0.3,0.0,0.4,57,0.2386303193483923,0.339476631214874
20,15,0.1945912254113124,0.6046925010304328,0.6224186585799627,0.3388024674897512,0.03231708984868798,0.06336814618103669,0.09519252626538566,0.00096762450119533,0.3,0.0,0.4,59,0.2315987365209904,0.334948687684917
20,16,0.19558692322504184,0.6089439394327365,0.6328438956943689,0.3688493371886819,0.020258032587397865,0.06336819700596587,0.08745042806799262,0.00096370967101343,0.3,0.0,0.4,66,0.2315870136470768,0.3349475450294676
20,17,0.19411047335811263,0.6055183766435172,0.6262673848803305,0.37938368436450626,0.02348366335831461,0.0633681968293755,0.0879166264215604,0.00087903740682883,0.3,0.0,0.4,67,0.2315870791917882,0.3349478838771164
20,18,0.1934741858056208,0.6046614831758302,0.6253670735802412,0.3700732194371395,0.021365755854172937,0.0633678583566611,0.08193505910970515,0.00087944019282094,0.3,0.0,0.4,68,0.2321270208435647,0.3349693283576067
20,19,0.19310464400718533,0.6042230161578032,0.624915121464756,0.3700262727013015,0.021055589199449196,0.0626790469603899,0.08904431076170147,0.00096546497974083,0.3,0.0,0.4,69,0.2310572498655656,0.3351057602894327
20,20,0.19203102993403653,0.605813674251014,0.6325625588763822,0.39876466147444045,0.019920212906928813,0.061532126131065824,0.08617246593584144,0.00094408476631272,0.3,0.0,0.4,71,0.2421808096194136,0.3413121121922162
20,21,0.1915647465264504,0.5961773849465404,0.6045283878243692,0.36489015003059333,0.024647079850915122,0.06447732127179324,0.07012530689127014,0.00044930881366101003,0.3,0.0,0.4,74,0.2339082128858565,0.3140692844476891
20,22,0.19116448765369795,0.5941863183331179,0.5994593277405532,0.36537276015513886,0.02115308670597067,0.06447803594152461,0.05766025719152023,0.00034964169063749,0.3,0.0,0.4,76,0.23405853654147,0.3139471201392759
20,23,0.19084190138420495,0.596709376389417,0.6080747672304847,0.3831081119632786,0.02124805747379474,0.064049182807087,0.061469613580536035,0.00036278114271052,0.3,0.0,0.4,77,0.2340778007640153,0.3139269973608165
20,24,0.19082584850095444,0.5966178941436205,0.6079690889280817,0.4067804144967361,0.01976952744642636,0.06457180105881219,0.05499579316528495,0.00044315705536686,0.3,0.0,0.4,86,0.2341177557792004,0.3138891645738519
20,25,0.190724036206396,0.5979559307166294,0.6123565799662469,0.4035410822476403,0.019652513386969002,0.06439435455884933,0.054893069338663336,0.00045373982234189005,0.3,0.0,0.4,89,0.233783921844209,0.3137918137872191
20,26,0.18953570143417509,0.6097333887542192,0.6515803927721436,0.5241418048787306,0.018957248780715506,0.061422799305398276,0.08131016030313894,0.0008465082822332901,0.3,0.0,0.4,111,0.2425218891164542,0.3415700399684778
20,27,0.18878050234710372,0.60724034586474,0.6459825141219335,0.54008234490812,0.024735621337025747,0.06152477111094529,0.06563475205960503,0.0007385520935297,0.3,0.0,0.4,114,0.2642495656618906,0.3420347981225398
20,28,0.18735905357316196,0.6067403755757198,0.6484372621215326,0.5460182861176198,0.020021953091093746,0.06142281212179136,0.0872137514260277,0.00077317805794394,0.3,0.0,0.4,116,0.2425225811395506,0.3415700388592503
20,29,0.1900419753682991,0.6166245758536946,0.6735696759272624,0.5758577650208979,0.021996868045372205,0.07145182373288013,0.09840909471774249,0.0005721240964311101,0.3,0.0,0.4,123,0.237341177640872,0.3519727784037398
20,30,0.18680613157241668,0.6131779603642206,0.6700851303808439,0.584740345519102,0.024132081524662913,0.06187946737646512,0.10552699308550588,0.0010070157951517099,0.3,0.0,0.4,124,0.237171583262579,0.3519661521645204
20,31,0.1864076031472028,0.6126378078730346,0.6695196506364905,0.6067704639237359,0.02235507673633305,0.06188452626949401,0.10052677778721925,0.0009026749200143601,0.3,0.0,0.4,125,0.2372065085033807,0.351981605105114
20,32,0.18648431296742793,0.6112855912967194,0.6651197514922556,0.6176931862233268,0.018932208952162993,0.06188452722908973,0.09838732142491755,0.00090265930110279,0.3,0.0,0.4,131,0.2372090118080925,0.3519816106004657
20,33,0.18618061281783968,0.6152626523420255,0.678238786145459,0.6823805844922932,0.01897262175967691,0.06188453315070199,0.0822830633085531,0.00075633546608974,0.3,0.0,0.4,139,0.2371882711758779,0.3519816166149982
21,0,0.9638065568042571,0.9905157094140024,0.990035326328631,0.39792968717908206,0.0,0.0,0.0,0.0,0.3,0.0,0.4,1,0.8470116174265597,1.1275853735600732
21,1,0.8870140039441985,0.9818712928299662,0.9769608155214363,0.4018317693969452,0.20741115865971224,0.06664575223374816,0.001141113395914431,2.337463604597e-05,0.3,0.0,0.4,2,0.8028940902906248,0.9459458579805184
21,2,0.7586644539053079,0.9432345247172398,0.9361820199939392,0.38231234465170366,0.31519765580803755,0.07875029055359282,0.007515129008005501,8.901782460306001e-05,0.3,0.0,0.4,3,0.8766739680727305,0.9604005382227864
21,3,0.6034148117254984,0.8822592277175381,0.8752793278116352,0.34341019343792833,0.42572705447069037,0.06662279823549619,0.024713166994750457,0.00022167494025540998,0.3,0.0,0.4,4,0.6802857366477669,0.7382608159951422
21,4,0.600383402921968,0.8802632574664554,0.8732428891104039,0.34320479085833083,0.024386885645617307,0.06270094805224705,0.01994092177919386,0.00017089035419947,0.3,0.0,0.4,5,0.6581527017570367,0.7232726032490759
21,5,0.5600706392597946,0.8680143189025853,0.8598021467431795,0.3404534083151567,0.19236754256511734,0.10042386805806305,0.007664087802419388,8.592184846883e-05,0.3,0.0,0.4,6,0.6355365085855946,0.5696475948843295
21,6,0.5208745259020232,0.8473784090500206,0.8382494083673138,0.3280106044485321,0.15241336737853495,0.09202183016749792,0.004322869997576642,5.525756174243e-05,0.3,0.0,0.4,7,0.6099995197212086,0.580574159138462
21,7,0.40145666427554527,0.7795218835174748,0.769911829949229,0.2876507045921163,0.5090967263708668,0.09353196990635404,0.008594250869580438,8.541379539327e-05,0.3,0.0,0.4,8,0.3761113877947447,0.3703895111124675
21,8,0.3837923086254949,0.7692252534872404,0.7620235640183913,0.2854629104441095,0.07294327131459548,0.09672892122480035,0.012480095244418184,0.00012354461633939002,0.3,0.0,0.4,10,0.365090490362237,0.3201004690492743
21,9,0.3676994635440061,0.7593324145371732,0.7545789325406341,0.284763930175048,0.07082078562325976,0.09870156899766189,0.01207349711159472,0.00012113219411200001,0.3,0.0,0.4,12,0.3293308247584938,0.361936447145718
21,10,0.33623249497059865,0.7337130088192302,0.7248042120478592,0.27296011702911455,0.10378474709095055,0.0907562926076809,0.008826936903608001,8.856265798918e-05,0.3,0.0,0.4,14,0.3374183282555537,0.2208072599002509
21,11,0.31720475235735596,0.7194645280226374,0.712810674825963,0.26870184947194575,0.08129826574193844,0.09093158270761328,0.008466659743989276,8.591460779512001e-05,0.3,0.0,0.4,16,0.3006485454237235,0.2506459276247831
21,12,0.30688810213072026,0.7104838334054161,0.7033743927745552,0.2652755534737975,0.08859817989641348,0.09101172124429384,0.006940198610947407,6.319050901616e-05,0.3,0.0,0.4,17,0.2905623185748651,0.2628920423436083
21,13,0.3019519370650479,0.7073530828428128,0.7030634905020882,0.265980691136885,0.057463378252135704,0.09103417489487356,0.008503014600820133,8.601062104227e-05,0.3,0.0,0.4,18,0.2786633493192549,0.2388394084163161
21,14,0.2948314993732316,0.7009416383366819,0.6963265615849317,0.26427933620412813,0.07165938885110264,0.09111484713944909,0.006973384925961935,6.331727198067999e-05,0.3,0.0,0.4,19,0.2721159367694052,0.2608947246155754
21,15,0.29237827819121587,0.7002258485539101,0.6985079474457055,0.2772516826059421,0.035336210312779406,0.09411818205334778,0.007430029981420743,6.917770852186e-05,0.3,0.0,0.4,22,0.2961210905125172,0.293656651661406
21,16,0.2890147645631306,0.6985294094155503,0.6997306647215166,0.28957706681304973,0.045973580052121446,0.09241576161671597,0.007144021788568688,6.550717089355e-05,0.3,0.0,0.4,23,0.2763499917495789,0.2709266315514713
21,17,0.2584360685719762,0.666990994104323,0.6637177000734746,0.256221485674217,0.2192114143631545,0.08570390987745925,0.006716125768586995,7.069670042205e-05,0.3,0.0,0.4,24,0.2436538896855608,0.2515393503547259
21,18,0.25841722000105394,0.6669703951256094,0.6636945992509307,0.25874714171186786,0.02610651067953366,0.0857987358397565,0.006729912886929342,7.088655920136e-05,0.3,0.0,0.4,25,0.2440389164241818,0.251808763777317
21,19,0.2598947940550124,0.6684130480609024,0.665089790746206,0.264623071721218,0.03460936208715053,0.09374181294252784,0.005479703860223931,6.311498190142e-05,0.3,0.0,0.4,26,0.2886462764180044,0.2536916362881544
21,20,0.2387619168001671,0.6486941676743971,0.6504052400515796,0.3093105645860082,0.03716072883648829,0.08885222950183065,0.0038593038331344236,4.284837927494e-05,0.3,0.0,0.4,40,0.2105131268982082,0.3015851325333188
21,21,0.23760444372252884,0.6488463993913388,0.6535563670574072,0.3160682286354422,0.03002755595852318,0.08807058600909332,0.0034732920838435968,3.856263797201e-05,0.3,0.0,0.4,42,0.2121282745086284,0.306150077149659
21,22,0.23906969350735569,0.6528136373744453,0.663496750139454,0.3363369422935723,0.034449484677991124,0.1001750666899569,0.009678931739035054,0.00014919447306908,0.3,0.0,0.4,46,0.2338522839553683,0.2294071569848329
21,23,0.23286397838083292,0.6449214430189143,0.6524622301765677,0.33342498782145963,0.03758623303413029,0.08474290621000928,0.004686463404012708,4.6025321814649995e-05,0.3,0.0,0.4,47,0.21052228735869,0.2958620383036049
21,24,0.21603016054839372,0.6267365575088456,0.63912379411608,0.32644878337183136,0.20065989982613958,0.09723565218605408,0.01119542504693935,9.96403850945e-05,0.3,0.0,0.4,48,0.2340198322251905,0.2393442173735456
21,25,0.21564000222646226,0.6262656345084351,0.6386334411650352,0.33197253351045425,0.03177484416620299,0.09694878083732685,0.011097937722214464,9.817386416760001e-05,0.3,0.0,0.4,49,0.2374216679106873,0.22566888955242
21,26,0.2098938516692902,0.6207208370059607,0.635852128629224,0.33225971046226693,0.06725411634975571,0.09260884326481768,0.01759996751321705,0.00013913777743733,0.3,0.0,0.4,50,0.2373462699394319,0.2078015431915776
21,27,0.20164575051107167,0.6105145349588161,0.6252329815013823,0.3314676512348653,0.053876413179010804,0.08581374346272161,0.01099030394014507,9.744913348242999e-05,0.3,0.0,0.4,52,0.2046507939584169,0.217000076576645
21,28,0.19187981487169048,0.5999689294512326,0.6201022681053925,0.34436449714305956,0.049495577079264906,0.08644897480767713,0.012620294137306066,8.522677412479e-05,0.3,0.0,0.4,56,0.2014587138924249,0.2615900474284863
21,29,0.1912410438725478,0.5999200786156128,0.6199603024617394,0.35428092731879984,0.03962243350482888,0.09240412598772708,0.013109811936575165,9.330601615412e-05,0.3,0.0,0.4,58,0.198747891453408,0.2301849483720476
21,30,0.1903591549228108,0.5997676612344676,0.6257347528398792,0.3796118118172407,0.030894376876713307,0.09398662961563874,0.008178581131039774,7.878480309852e-05,0.3,0.0,0.4,63,0.2055161298538611,0.1989337467537875
21,31,0.18974847285512936,0.5989497130391177,0.6248823244957397,0.3852624895388653,0.032788657218677394,0.0935296315411656,0.00821289763090434,7.89229049673e-05,0.3,0.0,0.4,64,0.204103012241043,0.1981937642699496
21,32,0.18926011401999956,0.5982582682450522,0.624157445889452,0.3821595997361806,0.032605563963812714,0.093425222742281,0.00863830450265907,7.921631612875999e-05,0.3,0.0,0.4,65,0.2037737696924099,0.2069767200498599
21,33,0.18800492249506578,0.5984079059452453,0.6273466749492469,0.38982792016365186,0.02913346824302965,0.08994733710035571,0.008749115092848906,8.079347287432e-05,0.3,0.0,0.4,66,0.1963786908269246,0.2007502564347417
21,34,0.18897391419036616,0.5993188070056571,0.6282524630667142,0.3933867322996448,0.028455181510239017,0.09334078795423108,0.0065137682654458655,6.514053159650999e-05,0.3,0.0,0.4,67,0.2052518024888873,0.1994111228288958
21,35,0.18579355664893557,0.5887271234398244,0.6080230455563649,0.3879539196557777,0.06381757507557412,0.10340144739887065,0.008340730788223453,0.0006025284407460599,0.3,0.0,0.4,69,0.2221726425552141,0.2072122475114935
21,36,0.18375356996424913,0.5874465256554591,0.6096900941605605,0.39529575365139136,0.03777587114489814,0.10189939088488839,0.007892358779941882,8.448350057133999e-05,0.3,0.0,0.4,71,0.2098142317055322,0.2115043773938865
21,37,0.18028711929564542,0.5852500630766189,0.6105182805000181,0.4093519729059348,0.03139583730488319,0.09163166086522127,0.005912535477402599,5.064627056128e-05,0.3,0.0,0.4,72,0.1922401779135778,0.2044338241070751
21,38,0.17683634800043396,0.5783661146327554,0.6002931514048018,0.4252136199167947,0.04084038892895652,0.09247731260599146,0.011412667877371259,7.458843386032e-05,0.3,0.0,0.4,75,0.2105756454820047,0.2040653663085902
21,39,0.1780994979665497,0.5785572715926273,0.6003326250244195,0.40778629347197176,0.04127769265642927,0.10307250225503424,0.007272366469086799,9.368349783827e-05,0.3,0.0,0.4,77,0.2058373006451064,0.2055123297518462
21,40,0.17346525060716614,0.57115650287352,0.5925534997524174,0.4345967972402994,0.056776388932125665,0.10324572225673811,0.006589174014233006,0.0001384416754719,0.3,0.0,0.4,79,0.2053405351253364,0.2080777507206416
21,41,0.1721074062903235,0.5691924581721519,0.5905088772943785,0.43641229589775693,0.0416216632464836,0.10195510678285176,0.006425801500673409,0.00017320474404754001,0.3,0.0,0.4,80,0.2054658777626471,0.207239886711345
21,42,0.8354207028884084,1.2285766471834774,1.2493886419217923,1.1054967194757297,0.7686585206314465,1.0,0.016244184611342485,1.0,0.3,0.0,0.4,81,0.2180271986567949,0.1812426310737525
21,43,0.28836097785294335,0.6816910096489865,0.7053971363876672,0.5874052747578382,0.1574969452115714,0.24306213039751423,0.00943199543251978,0.20468661688198156,0.3,0.0,0.4,89,0.2331876873153135,0.1865264658001357
21,44,0.24725887543808808,0.6415112535506887,0.6682028891276481,0.5621909817224671,0.11683822345853348,0.1746413010825118,0.010926645033412355,0.15524215749645295,0.3,0.0,0.4,93,0.2297317539635247,0.1943387576633438
21,45,0.16310882418874256,0.5576888053156853,0.5901778950146724,0.5270913686488553,0.03764837881108042,0.11245017873686214,0.009159279317684996,0.00027223822232083997,0.3,0.0,0.4,104,0.1951836588982813,0.1864193401265931
21,46,0.18255024311779253,0.579226399219431,0.617725067275362,0.5764325093906597,0.05656316704078711,0.13781709506530002,0.008521504929088364,0.032563476302387526,0.3,0.0,0.4,110,0.1862254589005663,0.1876152182527317
21,47,0.25992505142925126,0.6565376236351413,0.6950288281457889,0.6639116284755339,0.13284717186761624,0.2426281171948014,0.008272874344264377,0.14760141272921334,0.3,0.0,0.4,111,0.18438020941697,0.187427908648494
21,48,0.25332919575938545,0.648998753471715,0.6873803750691935,0.6774714632635848,0.1314282544312964,0.2098137992939227,0.007716693258976407,0.15877431923775315,0.3,0.0,0.4,114,0.1843266387360494,0.1838930086327089
21,49,0.194611672212708,0.5921343531932872,0.63650014222382,0.6457521195740549,0.07322332377388628,0.1646085854496667,0.009297597675109915,0.04924412457774936,0.3,0.0,0.4,118,0.1904656167146944,0.1828808146687624
21,50,0.2234276966084089,0.6223246819964362,0.6697338455156397,0.6850094941055613,0.09844328263185316,0.150256443068512,0.00931580767829182,0.13231484801150067,0.3,0.0,0.4,121,0.1882681254353413,0.1837694591857804
21,51,0.1657281190754894,0.5674843747775744,0.6209926982392574,0.6899405476251467,0.04046523523785644,0.13108542230525452,0.00887582048756331,0.0026432967660207597,0.3,0.0,0.4,133,0.1820060520239718,0.190854299326261
21,52,0.18739465630242275,0.5889998329202749,0.6424912096805456,0.7428083361320729,0.06352688706780484,0.16399685058389363,0.007385457684455483,0.03258474853027017,0.3,0.0,0.4,137,0.22919316536921,0.1851067956515348
21,53,0.18899119274698634,0.5933223193646819,0.6528979870630255,0.7662493284228336,0.06408977838347388,0.16455843016472338,0.007206088531592221,0.03675434302128759,0.3,0.0,0.4,141,0.1959207426638122,0.1828157239131272
21,54,0.306844158038431,0.7074452120286295,0.7608228738733186,0.8909794472099983,0.19525651870760186,0.1454174574347937,0.007006331823777635,0.34824583479262783,0.3,0.0,0.4,143,0.1946521948519945,0.1852828814393726
22,0,0.9986939629282059,0.9996636675314357,0.9996465856884852,0.4037827675463631,0.0,0.0,0.0,0.0,0.3,0.0,0.4,1,0.7885194810987269,0.9719907016016768
22,1,0.9256656375959532,0.9930256915326184,0.9886831300811091,0.4089479118710835,0.19312035115848283,0.06646254413930915,0.0011564561329110482,1.454396896491e-05,0.3,0.0,0.4,2,0.6871279669587673,0.8661322357762866
22,2,0.8266391609370689,0.964615816314525,0.9618262791870024,0.39152921091745396,0.22385134617085364,0.06562376623355594,0.0014762160902749846,1.583682853749e-05,0.3,0.0,0.4,3,0.5948235835768775,0.7792363137965342
22,3,0.6909278868414893,0.9161212203892007,0.9140916371716532,0.38004944965422055,0.09304663015812313,0.04997954577292268,0.004498399814252886,5.994322176643e-05,0.3,0.0,0.4,7,0.5430285164548411,0.6501400711580396
22,4,0.5551197352528533,0.8603652669746149,0.852276697315311,0.34130315951563095,0.4291698475019747,0.06642430386200471,0.022667919600289396,0.00036192893355873,0.3,0.0,0.4,8,0.5554992069716128,0.6347701938006879
22,5,0.5115872562119648,0.8386804988108257,0.8295246097673421,0.32916299745204897,0.16501973248838803,0.06479124931030222,0.0031013827410179976,6.068831565441e-05,0.3,0.0,0.4,9,0.4539260769244836,0.5126363041893116
22,6,0.4584627596702614,0.8117990391030578,0.8042100240797078,0.32360903296642146,0.22246872465795886,0.06795659524332287,0.014856005722298062,0.00019708576180953,0.3,0.0,0.4,10,0.5122423689804942,0.4233288826217343
22,7,0.42563225649685477,0.7932648354410337,0.7846070261641871,0.32085230992613917,0.07151687433838413,0.0764253555096061,0.020005312244511065,0.00026793153587508997,0.3,0.0,0.4,13,0.5175109389077904,0.5128039119293302
22,8,0.37526681839772696,0.759858969989575,0.7495304720484608,0.2978657377110966,0.25000084343116974,0.0751050896936848,0.015760435978992734,0.00021228208579063,0.3,0.0,0.4,14,0.4647234958107524,0.4322169859152097
22,9,0.3301237497285889,0.7274138659461176,0.7184341170438461,0.2868291791418458,0.2543641518020844,0.07426802281374448,0.015597712757020777,0.00020940609796916,0.3,0.0,0.4,15,0.3993081526903366,0.4240079470984449
22,10,0.3165620568291271,0.7163299995705978,0.7067891155313442,0.27741255493898515,0.09869692843831074,0.07425764423251072,0.015346536983026564,0.00020551829189041,0.3,0.0,0.4,16,0.4002602554455639,0.3855746747724605
22,11,0.26441755913129794,0.6702231203417046,0.6615252314816572,0.2584522224216457,0.31942335994989185,0.06118437174822459,0.012809306375595337,0.00019098545006945,0.3,0.0,0.4,17,0.314862266554236,0.3476167851603803
22,12,0.24961371387876607,0.6577846834122403,0.6512236427642991,0.26098522676365943,0.049394114738582136,0.07515818189820497,0.019987483725824866,0.00019448311562256,0.3,0.0,0.4,22,0.2921479614312978,0.3778996781410799
22,13,0.2429852149692166,0.6495175452456261,0.6425584514113306,0.2579702837290803,0.06829032222530804,0.07382897896424892,0.016134205294681365,0.00017295828198082998,0.3,0.0,0.4,23,0.281141422359321,0.3318483493299007
22,14,0.19425750952699972,0.5920202445436634,0.5851906917438989,0.23580428034419829,0.15322092871613036,0.06975566433953846,0.010319504725050636,0.00014771993985961,0.3,0.0,0.4,26,0.2076571661632706,0.2942636533720568
22,15,0.18235523003023063,0.57719991330206,0.5726402541845506,0.23230740919998283,0.0734748724789899,0.0670396504843845,0.010264686058977632,0.0001464707159328,0.3,0.0,0.4,28,0.2009451958674638,0.2790195366337213
22,16,0.17219962372895958,0.5642538299248016,0.5620780084876713,0.23458970291728778,0.06449857511931884,0.06307237472984926,0.0100586464900071,0.00014400234112842,0.3,0.0,0.4,30,0.1932721920657094,0.2670098566447416
22,17,0.17281278857410512,0.5613243056833099,0.5529494601898611,0.23140206334857286,0.03343446610801426,0.06907666684472427,0.010188837884674392,0.00019560570826675003,0.3,0.0,0.4,31,0.1818816096441534,0.2385824705292698
22,18,0.16854642832693184,0.5557611841992217,0.5500434086338598,0.23259391945134333,0.07549907912297427,0.0717970390721652,0.010655023571540686,0.00014827268364327,0.3,0.0,0.4,32,0.1959761181052599,0.259556036918293
22,19,0.16030458733426922,0.5436743361552175,0.5374363812529195,0.2290252664158148,0.09057986052538626,0.06568162872671182,0.010161798037081032,0.00019484830908764,0.3,0.0,0.4,33,0.1783238136496605,0.2235561896073474
22,20,0.1549770620165422,0.536628432965524,0.5330368303513727,0.23302545352003803,0.04699407583422967,0.06414748464031755,0.010019241071520114,0.00016041924303274998,0.3,0.0,0.4,35,0.1823385289492254,0.2170446458203987
22,21,0.1510385633200156,0.5271484236760019,0.5200056840857391,0.22444040877153254,0.0890097466200332,0.07024107329025615,0.009250403309200742,0.00012312634549716,0.3,0.0,0.4,36,0.1795464971272262,0.2316106933283642
22,22,0.14238330574999003,0.5139789766141156,0.5092039054453703,0.23077923564003583,0.06667060899187136,0.06659152857377137,0.009168399243505406,0.00012213886350920998,0.3,0.0,0.4,38,0.1749698823393806,0.2231768511401646
22,23,0.1423444658135306,0.5139083827060245,0.5091298806165698,0.2335298690464629,0.020480428037775035,0.06658248776880932,0.009164514237232265,0.00012205947052572001,0.3,0.0,0.4,39,0.1750062790313806,0.2232013141304899
22,24,0.13062629740639145,0.4949940428534368,0.4952413649052485,0.2277873665901562,0.16748479251734422,0.06489218420066457,0.009425923911704957,0.00013666067807093998,0.3,0.0,0.4,40,0.1404170804949577,0.2095679790994961
22,25,0.12131055041542813,0.4774139675071461,0.4797667042258622,0.22595371700646363,0.08317019725413888,0.06380265584563798,0.00924758226479443,0.00013379298316545,0.3,0.0,0.4,42,0.1332743444714518,0.2084556912619448
22,26,0.12100026204068544,0.478254568516671,0.48363111570102346,0.23368081769684645,0.021147272342874765,0.06366853379942057,0.00922767024357956,0.00013349278824067,0.3,0.0,0.4,44,0.1329523805896591,0.2090109320522933
22,27,0.12092313127104223,0.47959908181818783,0.48802514668899855,0.25069330122323935,0.019353118047730652,0.06352172372003985,0.009200579905512554,0.00013305918386233,0.3,0.0,0.4,46,0.1333306097819215,0.209567352741227
22,28,0.12065142274532303,0.48028795735586055,0.49171976914138016,0.2947027968320424,0.019705161488250186,0.06406022485778894,0.009732968446343786,0.00014063528841979002,0.3,0.0,0.4,61,0.1385724466493061,0.1973502078091642
22,29,0.12039378160232626,0.48118205218919174,0.4956380036134873,0.30903485712778284,0.020589533699097003,0.0640862045332197,0.009612589267359027,0.00013768221683152,0.3,0.0,0.4,64,0.1395902338009013,0.1958224414377276
22,30,0.1189927593374511,0.47816000492220523,0.49246345830156385,0.3194102110401071,0.029665856235591138,0.06404653414904286,0.009849070235402647,0.00013977105523138,0.3,0.0,0.4,66,0.1388166618073348,0.1949293191061818
22,31,0.11790069152928705,0.47578770912278245,0.48997201606067914,0.32070297547269694,0.027352569600983034,0.06401522177832439,0.007853531757294547,0.00011388047965537999,0.3,0.0,0.4,68,0.1403352115946653,0.1967792275413491
22,32,0.1177568722960861,0.4769316029983111,0.49415316750618243,0.3389391555037924,0.019783745080970583,0.06400485168844341,0.007836395920581302,0.00011514045023985999,0.3,0.0,0.4,72,0.1396231304033871,0.1967204225718484
22,33,0.11773268037607282,0.4797898735310118,0.5031142714987684,0.3572076246281448,0.019480848678627618,0.06402709001560627,0.007809444991204567,0.00011282753020466,0.3,0.0,0.4,74,0.1405075425179968,0.1962465328497147
22,34,0.11686757138082852,0.47642291535336606,0.49659800604508963,0.3565725154225532,0.032326157012733406,0.06391283396409862,0.009526621883319578,0.00017919266248190001,0.3,0.0,0.4,75,0.1394664677597085,0.189489613068726
22,35,0.11496232640548143,0.47517921717137457,0.501253872224782,0.38214556403804273,0.023849170802091178,0.06370387936149834,0.009817476236237055,0.00012843254569441,0.3,0.0,0.4,81,0.1354510657037864,0.1893123205126258
22,36,0.11496232626625044,0.4766385357841501,0.5057662906862165,0.4013195326343149,0.01916256690687554,0.06370387936149834,0.009817476236237055,0.00012843254569441,0.3,0.0,0.4,83,0.1354510647179823,0.1893123163507966
22,37,0.11445736132384729,0.4740095389421983,0.5000238385717912,0.43293998026612635,0.0202119531066408,0.06380780333128475,0.008392858493074038,0.00010611193186155,0.3,0.0,0.4,91,0.1391287711191704,0.1902268144595231
22,38,0.11445170912651009,0.47545370860670455,0.5045202360251001,0.44587489054279866,0.01924536327895704,0.06381404069438594,0.008364455832519338,0.00010603731903902999,0.3,0.0,0.4,93,0.1390785571985074,0.1902336673092639
22,39,0.11445722105585097,0.4754487674206845,0.5045143511606803,0.4525891972398359,0.01932935476403207,0.06384203122054985,0.00835180622013602,0.00011945378616563999,0.3,0.0,0.4,94,0.1395802340402159,0.1899182211055596
22,40,0.1144257961967789,0.47537743349816913,0.5044394032871238,0.4558080117697062,0.019691071311780866,0.0638609859245137,0.008305238303680126,0.00010521215754737,0.3,0.0,0.4,95,0.1394332164101969,0.1900546080209154
22,41,0.11436491052459537,0.47669856854162196,0.5088066484696956,0.4624125087609989,0.02015256106478344,0.06384203122054985,0.00835180622013602,0.00011945378616563999,0.3,0.0,0.4,96,0.1388513942650625,0.1861003312352025
22,42,0.11364578966589622,0.4750221325177511,0.5070437022809934,0.4679373338598536,0.022175786173175248,0.0638746901894042,0.00822075916222484,0.00017377096160463,0.3,0.0,0.4,100,0.1391826111742225,0.1887261153690708
22,43,0.11591947420655575,0.47912565284289377,0.517155599355476,0.47186077544375943,0.025675767588933654,0.07432564524832838,0.011314981989878372,0.00012619533622243,0.3,0.0,0.4,104,0.1469454532828281,0.1943988862199905
22,44,0.11578380477108481,0.4800943356771976,0.521145594279219,0.511016489133394,0.023566494223083986,0.07478570818888368,0.011151776233810978,0.00012329557517031,0.3,0.0,0.4,108,0.1450077120377469,0.1962976926575113
22,45,0.11441450440150004,0.4770413603732458,0.5179426764926253,0.5080858113824896,0.04279932551815948,0.07429854595677315,0.01125875234884283,0.00025736925531091,0.3,0.0,0.4,109,0.1423540904270897,0.1940461767468536
22,46,0.11445607777840947,0.47703111472656673,0.5179278547545143,0.51875993051503,0.022681325870222303,0.07474280075467607,0.011110685294877305,0.00012533349044704,0.3,0.0,0.4,112,0.1447396560182113,0.1965857631562132
22,47,0.11439651380880603,0.47685847487281696,0.5177451706014614,0.5251306011948189,0.02317984004071691,0.07482388777829206,0.011142424545613238,0.00012754153314248999,0.3,0.0,0.4,114,0.1431705146484526,0.1969589511825449
22,48,0.11428138808111622,0.47661672524045506,0.5174922261766285,0.524968475444504,0.024004804279756164,0.07475621712475373,0.011129447532821692,0.00012755299003977002,0.3,0.0,0.4,115,0.1443576913786342,0.1967981919404191
22,49,0.113950817581203,0.47731376807533293,0.5212041571442669,0.5598478309315247,0.023768725592810368,0.07472066269131025,0.01104108976146405,0.00013338515703248,0.3,0.0,0.4,119,0.1452826513522403,0.1963023382784635
22,50,0.11345202682909436,0.4791779315612966,0.5291254901136674,0.5531020262396443,0.02905680486486708,0.07432647883526486,0.012525490829819096,0.00021317879804731,0.3,0.0,0.4,120,0.1500311317713339,0.1940675626828157
22,51,0.11233641450634269,0.4765537053055052,0.5263688142619212,0.5619746313032864,0.03138726778806068,0.07434910867852457,0.009419338295512822,0.0001734037488007,0.3,0.0,0.4,122,0.1492438454827832,0.1940246971747682
22,52,0.11219681199739426,0.47625142835419165,0.5260523113017436,0.5651450616840226,0.02428840144053128,0.07433172255849954,0.009340114691390575,0.00013290956521019,0.3,0.0,0.4,123,0.1494306865565512,0.1928661263688625
22,53,0.11209569699213032,0.49067687634847784,0.5710028926253062,0.783011743716868,0.022319374902308946,0.07389312781326861,0.007672575298750557,0.00033037694746294,0.3,0.0,0.4,165,0.153330272422072,0.1936993003280575
22,54,0.11176395359242788,0.48866841500282604,0.5659223410143801,0.8292631150047975,0.023408788387613125,0.07358520872944388,0.006559426355194501,0.00012559872498457,0.3,0.0,0.4,167,0.1552943712504236,0.1901041395650488
22,55,0.11133812279711533,0.4891121658004815,0.5693677878274834,0.819211523387536,0.024601479982144476,0.07362903228499348,0.008856191404703234,9.128011321769e-05,0.3,0.0,0.4,170,0.158253972014662,0.1932627822448205
22,56,0.11105213021172482,0.48858863949028153,0.5688235992940288,0.854178952047745,0.023691095641362157,0.07325605564024691,0.006640383572727286,8.228357875459e-05,0.3,0.0,0.4,172,0.1587844204918695,0.1936575891347916
22,57,0.1114426377866868,0.4900414417559071,0.57329500026642,0.8883709933854953,0.028436679090345595,0.07552579689032243,0.007388381745580539,6.60859813028e-05,0.3,0.0,0.4,173,0.158574462776934,0.1959901544195598
22,58,0.1110828978106342,0.4876569822333232,0.5678084358912494,0.8653151997652161,0.02723127576380464,0.07566090506946957,0.007133966017471121,7.09066038909e-05,0.3,0.0,0.4,174,0.1582850708926775,0.1940647651234216
22,59,0.11104641305926663,0.48760316521387087,0.567753132288452,0.8693953469031045,0.022804690220888157,0.07559556070205489,0.0062883559318115895,5.9468351024079995e-05,0.3,0.0,0.4,176,0.1588399792922007,0.1949214544828076
22,60,0.11097341885206007,0.4887814423687175,0.5719664824777078,0.8979936098570174,0.023591715335664912,0.0758103050731763,0.007642620349941228,8.437414121307e-05,0.3,0.0,0.4,179,0.1593148493925025,0.1989723890743789
22,61,0.11084700167748567,0.48848595755200064,0.5716563891351306,0.9057628587685991,0.02475855082354232,0.07580967831085411,0.006402886940771212,6.749673148707999e-05,0.3,0.0,0.4,180,0.1586948553855275,0.1989698101734321
23,0,0.9615291496110051,0.9899072647390122,0.9893960374037456,0.39754039436402655,0.0,0.0,0.0,0.0,0.3,0.0,0.4,1,0.8554099507867525,1.1329472854448106
23,1,0.8679779194001733,0.9761763159243037,0.9709774341132318,0.39818806288431674,0.24246977717942164,0.06664532650131245,0.0011034242585755932,2.248537106616e-05,0.3,0.0,0.4,2,0.8816262874143546,0.9459458579805184
23,2,0.7852539810445585,0.9541626030491537,0.9506134541734158,0.3864787639885438,0.21524534965527486,0.08076622007273976,0.0015698748882819473,2.400511328668e-05,0.3,0.0,0.4,3,0.7418134117221726,0.8572575004560744
23,3,0.5942639463061606,0.8782478454342973,0.8710648806409329,0.3408430588569758,0.5146420530988406,0.06652456232306919,0.024129207896704384,0.00029084627151636,0.3,0.0,0.4,4,0.4795477868957256,0.4062924251067808
23,4,0.4591008630024883,0.8105230524621925,0.7999168261248876,0.30167377492193964,0.2530544764503422,0.06626830022244434,0.01061468366150581,0.00015006847420597,0.3,0.0,0.4,6,0.4019822213918146,0.3971046763015938
23,5,0.44558691267381373,0.8054506748737744,0.7974258947248559,0.30315236287207054,0.05538890397774917,0.07525294376501077,0.02575636135779547,0.00036413876977599,0.3,0.0,0.4,8,0.4082405084290014,0.3910423793246487
23,6,0.377802781419761,0.759585415025539,0.7495814932608287,0.28723316821169537,0.06951638602274537,0.053048382616371126,0.0038431667922887033,4.9149772194779995e-05,0.3,0.0,0.4,13,0.3285165581718727,0.4524745295022117
23,7,0.3322025259090514,0.7262906329405614,0.714588597468369,0.2740653840834878,0.2472811695749934,0.05350979042206705,0.012439806647471966,0.00028850020520881003,0.3,0.0,0.4,14,0.3451541593635471,0.3929125337258612
23,8,0.3267347185765792,0.723518087257573,0.7146377732054038,0.27062094391228164,0.0479934025902578,0.05493368192356448,0.004217515473794006,6.156144124454e-05,0.3,0.0,0.4,15,0.2695019764050149,0.3434040957079636
23,9,0.31388694553122914,0.713238298183067,0.7038011198110327,0.27275674463937405,0.09301144293691316,0.05706727917260808,0.010355237417627316,0.00025023391650622,0.3,0.0,0.4,16,0.3374097697347321,0.3485123224615328
23,10,0.2935987553636896,0.6972378141012626,0.6900846173184018,0.26318636642391363,0.1207824520547919,0.04974164761099725,0.0038808624994260583,6.0671616264960004e-05,0.3,0.0,0.4,17,0.2496917957288889,0.3492099985913818
23,11,0.2798424093057765,0.685149713097038,0.6773352700807345,0.26465777026387244,0.10726470207438615,0.05277252656959297,0.010081010100089544,0.00020780934855005998,0.3,0.0,0.4,18,0.3077611566848942,0.3396373537654329
23,12,0.26914373431364236,0.6750678024748847,0.6667569426122657,0.26057032308351696,0.08317483305637877,0.051886435487798935,0.008505653577027593,0.00017261909186373,0.3,0.0,0.4,19,0.2749656201545413,0.3255452472206193
23,13,0.26581290832630966,0.6729643859795313,0.6675120004652418,0.26755293778298656,0.03992221015301203,0.052772526569592956,0.010081010100089544,0.00020780934855005998,0.3,0.0,0.4,20,0.2588876503930396,0.2888870631646709
23,14,0.257962902582705,0.6652268487849837,0.659436789630741,0.2647445115225142,0.060798946658774486,0.049252500022267734,0.008368340131617434,0.00017174962724410001,0.3,0.0,0.4,21,0.2445461352536251,0.2917576295157195
23,15,0.2554629932440277,0.6627217145763924,0.6567740619597386,0.24511707671078903,0.026177925848185468,0.05127361911269078,0.008486284718684471,0.00017254454547117,0.3,0.0,0.4,23,0.2322903836641937,0.2795378588428215
23,16,0.23972516421901607,0.6448178368118301,0.634927426254013,0.2557717898842479,0.13765186782890518,0.0549803362631812,0.00946755745784766,0.00019577690919226,0.3,0.0,0.4,24,0.2284778123358124,0.2842993962679187
23,17,0.23606306455451923,0.6408901462771579,0.6308272809187774,0.24867300622767302,0.03952095050645059,0.05328209120994629,0.008286188271435098,0.00016331595635151,0.3,0.0,0.4,25,0.2155869675299031,0.2740322572163762
23,18,0.23125933247887415,0.637141798480902,0.6299077563948605,0.2564449235487502,0.04580685275874645,0.050637632331442806,0.010171706510282213,0.00019819661533348,0.3,0.0,0.4,26,0.2164120356155441,0.2788377424219709
23,19,0.23028921423078674,0.637514640930721,0.6332752444968562,0.2628768021713596,0.019319795630992453,0.05086827513233524,0.009977352873566644,0.00019542872899398,0.3,0.0,0.4,28,0.2146113718798524,0.2738763106337469
23,20,0.2289186892192468,0.6395413971836379,0.6382521201537313,0.2795721966521178,0.033328022081308105,0.05964124688644351,0.007191160599295809,0.00011596720099407,0.3,0.0,0.4,30,0.1708103008317029,0.2076911044184676
23,21,0.20994274275986335,0.6164143758959792,0.6169329882800328,0.27949914851087493,0.09532897877898075,0.05964124688644351,0.007191160599295809,0.00011596720099407,0.3,0.0,0.4,32,0.1596919462354747,0.195127699756918
23,22,0.20261509525105184,0.6071438084858408,0.607206450562332,0.2804176402887282,0.032956641576889864,0.058783452384217325,0.005817828352980161,9.066016038532999e-05,0.3,0.0,0.4,36,0.1539462322960746,0.1949484535614436
23,23,0.20242401049293376,0.6069120658247247,0.6069656459861906,0.2774074789708937,0.01883679426378699,0.058608514231868955,0.005745029749006805,8.975537603494e-05,0.3,0.0,0.4,37,0.1539382052052712,0.1957421436624427
23,24,0.19580529949962863,0.5995713191000287,0.6022252584182818,0.29103791680566743,0.07832220519839335,0.059073637970624295,0.005630980077205043,8.896623087084e-05,0.3,0.0,0.4,38,0.1522534531340466,0.1892447694851528
23,25,0.19575167513757108,0.6007105634210061,0.6063303182608654,0.3080730849986745,0.021826297118097984,0.06365728876598378,0.009575489297115203,0.00015946711678638002,0.3,0.0,0.4,43,0.1750876485506509,0.2299295311949611
23,26,0.18119889738835424,0.582140510021109,0.589837357571228,0.30011076682558013,0.08404623347106324,0.06115048726282427,0.007006702977894647,0.00014252437309692,0.3,0.0,0.4,45,0.1730295180718419,0.1860058807862732
23,27,0.13453467177520695,0.5064780800128043,0.513321786266448,0.27320571417816303,0.12473711289441469,0.06122679549163965,0.005367849095908996,0.0001012566696813,0.3,0.0,0.4,50,0.1428540735944183,0.1728008868678438
23,28,0.1337056128918913,0.5053450336287244,0.5150569355793692,0.2932231163766019,0.03205002346835572,0.06474338592426335,0.006696256881722286,0.00011012817229412,0.3,0.0,0.4,52,0.1552470251633076,0.192945001627722
23,29,0.13298895051337364,0.5039222801773982,0.5135608384777337,0.2978328208865552,0.022822524168462074,0.06483048340107297,0.006557195118785578,0.00010832758053993,0.3,0.0,0.4,55,0.152397057518569,0.1876149819272193
23,30,0.1306846873278532,0.4986031385341772,0.5050286788620445,0.31089425704314144,0.02422963236535996,0.0624806744938707,0.006227038353267143,0.0001151641430106,0.3,0.0,0.4,59,0.1459999569220534,0.1705706394358336
23,31,0.1306017882691234,0.4997746022191026,0.5092322900979499,0.3318986308718779,0.021768943242210247,0.06290348579488554,0.006673296082249537,0.00011242246426758,0.3,0.0,0.4,60,0.1517061194373732,0.1807339014795059
23,32,0.1299492696807868,0.501400016446312,0.516898639153699,0.3403494838863549,0.027800686140868478,0.06289576073702484,0.005509768652161781,0.00010691607000926,0.3,0.0,0.4,61,0.1476553002610788,0.1686140184552952
23,33,0.12952074474949465,0.4971799803580371,0.5064840518804575,0.33347501816125374,0.03138012965368804,0.06437006104518933,0.00531080977836752,0.00010878168109284,0.3,0.0,0.4,62,0.1531204194069884,0.183528722674307
23,34,0.12880584052523275,0.49745529485322776,0.5097651987794334,0.3416687223947993,0.02232294103262613,0.06354628951527884,0.004926537087198197,9.99844724396e-05,0.3,0.0,0.4,64,0.1504628361286454,0.177928869388363
23,35,0.12504328454164154,0.4910313901305426,0.5059862478181971,0.35210187670349324,0.047057684700736076,0.06411280365935562,0.006535350310353223,0.0001141993413919,0.3,0.0,0.4,66,0.1534939595315606,0.1677940187569124
23,36,0.12315216711133876,0.48832509487802805,0.5061128121357619,0.39672559062220225,0.021961364098606842,0.06474354526568706,0.007244785688653588,9.78463795949e-05,0.3,0.0,0.4,78,0.1362162273601701,0.1620873113415747
23,37,0.12248281907732222,0.4908887499248555,0.5177255506973,0.4401607724010612,0.021703846054238543,0.06596370055611651,0.004084923626665374,8.643858970847999e-05,0.3,0.0,0.4,86,0.142183802210716,0.1573446820697776
23,38,0.11841852013704254,0.4804816472305446,0.503805461394515,0.4906055182995655,0.03249861296173545,0.06638506140928797,0.007825237762008684,0.00010189629929192,0.3,0.0,0.4,91,0.1462719329340371,0.15030435903229
23,39,0.11814408169897811,0.4857078549513982,0.5212129151617816,0.5744699163194787,0.02018319619302486,0.06641438240681383,0.007096316123334411,8.988423569139e-05,0.3,0.0,0.4,110,0.1460939541350674,0.1502506357374254
23,40,0.1176867518684516,0.48457385672629855,0.5200154703737302,0.5863646168730068,0.024479217183651373,0.06681023623825885,0.007307788532926516,8.973812846898999e-05,0.3,0.0,0.4,112,0.1448985336192006,0.1471364757025732
23,41,0.11765068033785439,0.48448737090739386,0.5199243235362295,0.5896309817808962,0.020402963593614168,0.06681896152728303,0.00756348462988508,9.700572674507999e-05,0.3,0.0,0.4,114,0.1450272882957846,0.1471331877314758
23,42,0.1157104539801592,0.49620705328606945,0.5650094700440272,0.8321036987631547,0.020686197532860665,0.06678172212871493,0.006193043409910123,8.217289136652e-05,0.3,0.0,0.4,162,0.1334215785635326,0.1411769354369112
23,43,0.11536866879898112,0.4969721575059921,0.5687975126697299,0.8595014267925399,0.023719627966893603,0.06644398148135386,0.005230581515589554,8.832045347063e-05,0.3,0.0,0.4,163,0.1344690066444527,0.138767225329258
24,0,0.9480196772255668,0.9862690221073354,0.9855734898113913,0.3965070205539007,0.0,0.0,0.0,0.0,0.3,0.0,0.4,1,0.9990677307065324,0.9703706786415826
24,1,0.8479503916856244,0.9700510475366745,0.9645417943594261,0.3942706449413543,0.2596393025374919,0.06666594106922202,0.0011441590057071432,1.508449654089e-05,0.3,0.0,0.4,2,1.0088153784252207,0.8661322357762866
24,2,0.7651630377452554,0.9445958975283874,0.9407727312779081,0.37886078558760267,0.2061379083315758,0.0669179404165969,0.0014064692600828268,1.9342741463290003e-05,0.3,0.0,0.4,3,0.8510094436983078,0.7800757708185826
24,3,0.7641910095327509,0.9439006693724006,0.9400701663573918,0.3803178957204933,0.020529273346852943,0.0650884534094541,0.0011558739513103534,1.479358969227e-05,0.3,0.0,0.4,4,0.8587279632627778,0.7795484372144051
24,4,0.6571447730858226,0.9032243039706505,0.9005424432611265,0.3718143896459418,0.10180297634501892,0.04992491525126968,0.004409334015132446,5.727054016557e-05,0.3,0.0,0.4,7,0.7821521974536226,0.6886577829876939
24,5,0.6215316041806658,0.8923186565900886,0.8918612985281619,0.36674892604322323,0.07478389356789499,0.06304667839000473,0.012018166133433393,0.00020392399108212002,0.3,0.0,0.4,9,0.720807198155228,0.6523589640231572
24,6,0.6100604421682948,0.8893369235572787,0.8887635850918998,0.3667291941688626,0.04989978007022099,0.06076204601751519,0.014136942184887065,0.00018855591070031,0.3,0.0,0.4,10,0.7868423280786547,0.6083439308897997
24,7,0.5552450140888993,0.864782117304299,0.865860702756089,0.35413148042111037,0.19512050577807166,0.06621827981588244,0.017304838941568746,0.0002256115535419,0.3,0.0,0.4,11,0.8005361448493764,0.5746340442830348
24,8,0.5365231688262365,0.8548973160446214,0.8555589229330978,0.34935076182905805,0.07477418681258452,0.06076204601751519,0.014136942184887065,0.00018855591070031,0.3,0.0,0.4,12,0.7459781477899599,0.5492753980330014
24,9,0.4839723211102572,0.8309266294692497,0.830042897986439,0.3299194759282471,0.2351683479615399,0.08272270679079921,0.004754090689239542,7.272350119456999e-05,0.3,0.0,0.4,13,0.6869554141596806,0.4895183337250923
24,10,0.4011574791071501,0.782449346302122,0.7821143268062798,0.3034320638426839,0.1947975508095075,0.08104898382221325,0.008419522829185056,0.00010823344752805,0.3,0.0,0.4,15,0.5397969518704525,0.4477625779760862
24,11,0.3176271599803517,0.7200213389034502,0.7166599375580923,0.26965312446322703,0.22762015923549755,0.0722130423905163,0.00355374769551237,5.377030254408e-05,0.3,0.0,0.4,17,0.4337076936632167,0.2508729807698477
24,12,0.3175013934601286,0.7199169475758133,0.7165502641277122,0.27437588541912206,0.022404657077971294,0.0722130423905163,0.00355374769551237,5.377030254408e-05,0.3,0.0,0.4,18,0.4357828063403907,0.2515214571498976
24,13,0.2547904330064296,0.6633870815708787,0.6601337136124118,0.2386187685582221,0.4220528836092254,0.07237672395508117,0.005620869762472685,7.184649058436e-05,0.3,0.0,0.4,19,0.3510992531090977,0.2402578364670102
24,14,0.23907825709900715,0.6479603715621688,0.6468707854978082,0.2329810114005334,0.08286458766424647,0.07453820070954235,0.008075895039448475,0.00013318929058735,0.3,0.0,0.4,21,0.3130317854030784,0.2226166361029637
24,15,0.2468929849423006,0.6557496353073217,0.6546493889764229,0.2564060047696828,0.031118575691773107,0.10104285092587598,0.013387642666630511,0.00025304645673069,0.3,0.0,0.4,23,0.5311259462140436,0.0953020993772216
24,16,0.19978833628721854,0.5979589048694095,0.5939839512391707,0.22164514139322097,0.42061461532912325,0.09771547979148631,0.010519435460595614,0.0001745901809956,0.3,0.0,0.4,24,0.4257328083343114,0.1050643645346982
24,17,0.18264365641241498,0.57903788779317,0.583182690114327,0.21610214809736036,0.04684113470343385,0.08856498009688121,0.007708071688131187,0.00010383693780678001,0.3,0.0,0.4,31,0.2645655273851084,0.163396283168509
24,18,0.18029539171177772,0.5769435496674761,0.5839584737665405,0.22089307993965898,0.03909192417058671,0.0887598861161917,0.007816681743207047,0.00010543632079611999,0.3,0.0,0.4,33,0.258774162176592,0.1615129676987115
24,19,0.18078802499563962,0.5773269753197855,0.5843223697522266,0.22142171694479998,0.030314067249857277,0.09132405378164545,0.007730765450316805,0.00010506934554290999,0.3,0.0,0.4,34,0.2598062903298598,0.1674622314267611
24,20,0.1695741619419187,0.5638841690767863,0.5645187686850908,0.22536354968003244,0.08243801172783069,0.07297240194901226,0.007746851925528695,0.0001259280121691,0.3,0.0,0.4,35,0.2274006794246327,0.1385821276964147
24,21,0.15231927409875726,0.5318089264684448,0.5308283210098443,0.20736442806357763,0.21546819722012825,0.07240723192004454,0.005749584738122455,9.152187623361001e-05,0.3,0.0,0.4,36,0.2177755205089811,0.1276008477680711
24,22,0.14110571435694183,0.5114878183983173,0.5094735060303952,0.20249125557869285,0.0921929203360374,0.07268504105475372,0.006658546231686483,0.00010616545684363,0.3,0.0,0.4,38,0.2058189997753074,0.1179167387914461
24,23,0.142452164134956,0.515601381430195,0.5166326045258348,0.21560820436778555,0.03413200711849978,0.08191526392681937,0.010055229035624596,0.00019259560114536,0.3,0.0,0.4,40,0.227121637627218,0.1024859073104029
24,24,0.12427588051230258,0.4767681389837612,0.475864583080007,0.19319083242253887,0.2694106260369722,0.07988753244704237,0.007261195776661824,0.00013521489570805,0.3,0.0,0.4,41,0.1922820950500433,0.0960872352221441
24,25,0.12059456686169702,0.46988326002484504,0.4715985177612722,0.1929027397518166,0.05402959245962451,0.08064657649335623,0.008013178486578775,0.00014156688398121,0.3,0.0,0.4,43,0.1847717726371132,0.0940951520858264
24,26,0.11837603762199284,0.46582869997589943,0.4702976588582329,0.19730220778766383,0.04512601503127054,0.08192092382486277,0.010147157636064762,0.00017978642177665,0.3,0.0,0.4,45,0.1902257989832319,0.092730643618341
24,27,0.11185964991023155,0.45400770215600855,0.4609366406788682,0.19319515335679885,0.10315754896405825,0.07667642016509603,0.01012786218896223,0.00019062774566432002,0.3,0.0,0.4,46,0.1893379037669046,0.1067588467403819
24,28,0.10741448807969128,0.4288953438836603,0.428226011779947,0.18235623626961622,0.13284961257655,0.1009837324083374,0.006187729233273897,0.00012745203643837,0.3,0.0,0.4,48,0.1398495913596241,0.1001930352171419
24,29,0.09078984504118226,0.38455858107928337,0.3847004635181272,0.16844899783960865,0.18075523196963034,0.09588023532349647,0.006073234046865111,0.00012936508440255,0.3,0.0,0.4,50,0.1199959863603154,0.073880649035297
24,30,0.0874038897521175,0.37406004704458634,0.37368238200814924,0.16163852209893942,0.09887592852498311,0.09508465321314868,0.005872950831330689,0.00012537349035063,0.3,0.0,0.4,51,0.1123956814296313,0.0668211283537246
24,31,0.08407082435091165,0.36470851044909686,0.3668463256505648,0.16272493324608509,0.1013209554291909,0.09439384779058764,0.00755852228261322,0.00015401566496426,0.3,0.0,0.4,52,0.113484756622843,0.0641926538856735
24,32,0.11399403253208354,0.3816580504246234,0.3828824267500509,0.18616607908583838,0.1876275040841622,0.2059845258039401,0.007832958001996371,0.00392420598292172,0.3,0.0,0.4,53,0.1990699260667905,0.054204808663329
24,33,0.11413596559166483,0.37753456591233164,0.3814163457249105,0.19154266507308043,0.09252262527849842,0.21194021817317674,0.00994911295361153,0.00503283011987945,0.3,0.0,0.4,55,0.2288621930990701,0.0488358328777449
24,34,0.11298552178251647,0.3737963673358684,0.3775006535728245,0.18906721418174594,0.08952033351671343,0.21116668522901255,0.009665706632026969,0.00502885066829104,0.3,0.0,0.4,56,0.2284230196391105,0.0467144019262254
24,35,0.11298552193266209,0.3737963672816587,0.3775006535186148,0.18906721412889316,0.06536169971680023,0.21116668504837457,0.009665706622497954,0.0050288506682454204,0.3,0.0,0.4,57,0.2284230217058671,0.0467144021463753
24,36,0.11244052050147278,0.37191280576396646,0.375525617210688,0.18783377520705827,0.07150806684177814,0.21121204820085682,0.009491580121834778,0.00480138385654579,0.3,0.0,0.4,59,0.2181306967934432,0.0476157256683961
24,37,0.0619709775164905,0.2858412683975102,0.28709261173688405,0.11634548764433854,0.13297260437318342,0.08597199200007596,0.005680684594608361,0.00011976240739082001,0.3,0.0,0.4,62,0.0730459946343009,0.0539917132004983
24,38,0.0514154264098426,0.24058720594532448,0.2426066279571393,0.1001205722344194,0.17977339193834366,0.08060339401999753,0.006721071021897151,0.0001562182736981,0.3,0.0,0.4,64,0.0617380804562295,0.041438168127476
24,39,0.05133377544386778,0.23607092373787023,0.2467065254113871,0.14692473837435993,0.040846489000218714,0.08669664310020618,0.007041970901601695,0.00015941696457413,0.3,0.0,0.4,69,0.0681970807167842,0.045355526043983
24,40,0.04969260784736635,0.23159988100872206,0.23613375771026515,0.11951396595784555,0.02443986908245706,0.08105709733021225,0.007616770025512079,0.00028761156387746,0.3,0.0,0.4,72,0.067676608584643,0.0453316692648988
24,41,0.05101324535794793,0.23447496917456578,0.2450323729862968,0.14588208902663494,0.0366256124332506,0.08652477241343375,0.007027572269927758,0.00015844097097384,0.3,0.0,0.4,73,0.0665162457930664,0.0461564354010266
24,42,0.0513572717914549,0.23465842354637345,0.24816965436736566,0.14531670222227078,0.040253883401713694,0.08873068871425335,0.008027069992548177,0.00021431128888781,0.3,0.0,0.4,74,0.0549396286068781,0.0507724080918895
24,43,0.04866371935630398,0.22633128415102036,0.23060418278393485,0.11611115080135745,0.036560805702738876,0.07992827970111527,0.008049605231873652,0.0008451969804397899,0.3,0.0,0.4,75,0.0666787424069844,0.0453581936743514
24,44,0.04883907104204276,0.23415771385578782,0.2537127847796797,0.17033263463330978,0.024715903837878167,0.08149815167201067,0.00767365668733638,0.00016803158633535,0.3,0.0,0.4,80,0.0898568564766418,0.0616379341216351
24,45,0.0480794119853664,0.2248839485377215,0.2379980710276303,0.15425763989746336,0.04543304387214034,0.08236027955911514,0.007463965821731414,0.00015802999487159,0.3,0.0,0.4,82,0.0841102203712182,0.0563382879964453
24,46,0.04756083280467074,0.22453674998904344,0.24062384893771666,0.1586901226853422,0.03670560565480135,0.081598071659395,0.007679419893878736,0.00016837247456229999,0.3,0.0,0.4,83,0.0868665034251556,0.0607518061132544
24,47,0.0475496479994064,0.22443357735796046,0.24051516890142777,0.15862566938966913,0.025248373375185568,0.08161726143351458,0.007669580273589278,0.00016793809494432,0.3,0.0,0.4,84,0.0868060368796268,0.0605945228676759
24,48,0.04684267773317795,0.21151005607684928,0.2298184023303159,0.15899709783758018,0.08299812172279615,0.0880831404322432,0.007683311479264195,0.00015120472883625,0.3,0.0,0.4,86,0.0598914938349588,0.0456413934435412
24,49,0.04444115996467501,0.19838472308685362,0.21308908971130386,0.1519633700261983,0.0983786066226234,0.08540150241081976,0.00782259962319399,0.0001903583692103,0.3,0.0,0.4,87,0.0515347671253807,0.0482599119753078
24,50,0.04324588107786615,0.19371610516361362,0.2141467993242903,0.15280364887405168,0.07731009618861977,0.08498632681340387,0.008987567107670685,0.00028446020048711,0.3,0.0,0.4,88,0.0464137846338401,0.0451480007100448
24,51,0.04324155875591421,0.19098842891861434,0.20829114726632825,0.14954610687425673,0.035993678643398,0.08579196060107519,0.008536030951746335,0.0002054573572096,0.3,0.0,0.4,89,0.0431698808686724,0.0430971735808497
24,52,0.04243422672369913,0.18810238012439168,0.2112143348270988,0.20307535723497472,0.0328266461924064,0.08605097163641243,0.008708121552420784,0.00015808174711084,0.3,0.0,0.4,95,0.0515807875891107,0.0398474377515597
24,53,0.04289337709889832,0.18835379995803112,0.211455007318006,0.19358712351313317,0.026450543646335107,0.08742763597500833,0.009380792245584593,0.00028460713925762,0.3,0.0,0.4,97,0.0524451843290157,0.0391094542772885
24,54,0.04224655941074599,0.18423844298063224,0.20416805136067775,0.1813373496380087,0.04219616639538707,0.0864161361546205,0.009576578001530651,0.00025260215072221996,0.3,0.0,0.4,98,0.049566579499584,0.0383723930919615
24,55,0.04167043155690593,0.18201424064175104,0.20481390328198185,0.19919342525388858,0.05103022092827449,0.08631093180489649,0.008709879631079992,0.00015813095202903,0.3,0.0,0.4,99,0.0494161163447818,0.0397538061043146
24,56,0.041620972310592905,0.1815688061264842,0.20434522924795967,0.19891260192732912,0.029106231777011857,0.08635739285146539,0.008746460939725073,0.00015687896032176,0.3,0.0,0.4,100,0.0486665644139425,0.0395636758451311
24,57,0.04187838375159029,0.18147404411879686,0.20719741181614254,0.22357034430751926,0.02854624776235513,0.08820517979442405,0.0077924389045901385,0.00012522190324958002,0.3,0.0,0.4,107,0.0632416911818168,0.0372459131504422
24,58,0.04168744442609132,0.18001626239709495,0.20566531441800096,0.22303756435551575,0.036635713184980996,0.08823014297799928,0.00783489307373215,0.00013043840988878,0.3,0.0,0.4,108,0.0623491130141312,0.0373653706879783
24,59,0.040698920787637954,0.17533917298085042,0.20077221517602203,0.21001859064300546,0.035908866117484964,0.08685433425213088,0.007910331741987018,0.00013227263503282,0.3,0.0,0.4,111,0.0629624117469771,0.0391465110281737
24,60,0.038546888627032844,0.16235243842319558,0.20199678851818242,0.28146850792349,0.03688901175051604,0.08851520313486597,0.011682794812753855,0.00021447280160760002,0.3,0.0,0.4,125,0.1056066120105695,0.0505560935971202
24,61,0.03828021344814794,0.158968368977471,0.1984326877277047,0.2967014510945453,0.029038364384312756,0.08909921691840397,0.012338171924525047,0.00020302370246211998,0.3,0.0,0.4,136,0.1012385200002316,0.0481487969474223
24,62,0.03889127105802439,0.16428786022744415,0.21886843501990857,0.37878300111144897,0.029230578660988514,0.0923052945502979,0.012149577554543083,0.00022111143137791998,0.3,0.0,0.4,150,0.1285727300356369,0.0471070593995111
24,63,0.03770155757616708,0.15916081750785482,0.20757653539005994,0.34843418590771374,0.02806204923071452,0.08884115586450683,0.012330840428939326,0.00019440415320005,0.3,0.0,0.4,156,0.1037881536646442,0.0461434740082105
24,64,0.037768512662540416,0.17428401387609432,0.2562264199884432,0.5687434649868102,0.027177757594062196,0.08967659260369772,0.0046123578088406985,7.579187806313e-05,0.3,0.0,0.4,188,0.0607197935746871,0.0358853565922303
24,65,0.03765422831794338,0.1770435360352048,0.26508951102732453,0.6312497517542506,0.026907246942091536,0.08933027106869851,0.004032952449251968,6.745515064405e-05,0.3,0.0,0.4,193,0.0619382322530707,0.0369879835866316
24,66,0.03749693020857331,0.1750633396895484,0.2630045160198259,0.6413384902051146,0.03403152330109624,0.089634552581232,0.003580767237953085,6.177988490038e-05,0.3,0.0,0.4,195,0.0516071147414452,0.0367188581786105
25,0,0.9392301183564951,0.983874568297436,0.9830578085462373,0.3936805975488377,0.0,0.0,0.0,0.0,0.3,0.0,0.4,1,0.9493158973258292,1.1452010015153922
25,1,0.8670073500564991,0.9758319763070101,0.9706193737370503,0.3979422569470183,0.2026853215709603,0.06639996174913541,0.001102946644982753,2.3936308309529998e-05,0.3,0.0,0.4,2,0.8853385589013109,0.9459458579805184
25,2,0.7784629344694977,0.9522826639880398,0.9486067257501618,0.385501326048512,0.2312533608768553,0.08284244243081536,0.0014420943200529094,2.490340649955e-05,0.3,0.0,0.4,3,0.7706635991114129,0.8601393806411616
25,3,0.614018417017646,0.886838288939812,0.8800896502028566,0.3463445100457415,0.4382856096769837,0.06667474822950088,0.02350186461390011,0.00021456813985815,0.3,0.0,0.4,4,0.5379143631231192,0.7131525014979283
25,4,0.6101060713250427,0.884474399391817,0.8776669824203807,0.34590138659076114,0.026883967531941114,0.06273187381998344,0.018652312527693293,0.00016315709944687,0.3,0.0,0.4,5,0.5339028796016392,0.699412388338241
25,5,0.4429053521235111,0.801091160308975,0.7900030971609323,0.2966631658879339,0.602628570035623,0.06665289574549012,0.00639170638302351,6.654692576531e-05,0.3,0.0,0.4,6,0.3699975333483712,0.3578178144938616
25,6,0.4397060789335159,0.8006465048123369,0.7925154082534642,0.3001988755661309,0.02655959028944188,0.06663238679213243,0.006475512187909102,6.786851250479e-05,0.3,0.0,0.4,8,0.3691318380854236,0.3570452727968608
25,7,0.31394930276352906,0.7114871494580007,0.6990815795526448,0.24653148302170563,0.30613588621436416,0.050808117919601034,0.003409492781079962,3.330850145714e-05,0.3,0.0,0.4,10,0.3540269122984768,0.3234458629038534
25,8,0.3094590785447898,0.7078376193778464,0.6952256106631135,0.24229860627299415,0.04377971887745021,0.05222729676788389,0.0035519958979089686,3.55008855349e-05,0.3,0.0,0.4,11,0.3645026101094104,0.3269538547868927
25,9,0.27304918346699436,0.6757283196527152,0.6612520887693262,0.22960185096708938,0.27410603572293596,0.06787243309300119,0.005127938703261949,5.0423494080679996e-05,0.3,0.0,0.4,12,0.2664441587923898,0.1846936521310292
25,10,0.23896646028506427,0.6421616310757731,0.6289456044611924,0.22095712183122088,0.06956065504745848,0.06909150914234485,0.007988849854319163,7.319983700445999e-05,0.3,0.0,0.4,17,0.2686802291918327,0.1419634460593045
25,11,0.23215856579379487,0.6380642816009132,0.6247869350783186,0.22814079616390473,0.025363289782599555,0.05940116861381246,0.017184063540973335,0.00012399480119122,0.3,0.0,0.4,21,0.2799154864089941,0.1897234176089555
25,12,0.20873512781419795,0.6086416595436438,0.5968215226684829,0.2101514459196289,0.21407042520372133,0.06144718224309761,0.020631319033630025,0.00015961358960413,0.3,0.0,0.4,22,0.2474000364360526,0.194832174118595
25,13,0.19944479769348147,0.5969668433268746,0.5845825177758774,0.20727828452935226,0.09475029598661686,0.05970572568639385,0.01763899651876965,0.00012863722410376,0.3,0.0,0.4,23,0.222465614947687,0.1777300409990219
25,14,0.19943668386277189,0.5984100786847819,0.5890771088445023,0.20966950570324827,0.018218689190251353,0.05976742572535311,0.01761800227369025,0.00012827467623703,0.3,0.0,0.4,24,0.2218804286149296,0.1787674782465622
25,15,0.201037408476343,0.6030824079841864,0.5998611643590186,0.2459919854410982,0.019821600220870414,0.06531677662612871,0.004504009860391268,7.732175956643999e-05,0.3,0.0,0.4,26,0.1929292936492565,0.1413050749216854
25,16,0.1879240290801784,0.5850667565764041,0.580895372654163,0.2282443045159577,0.1490318249464284,0.06779360482206208,0.0052927550816954765,8.179413750011001e-05,0.3,0.0,0.4,27,0.1797816946996387,0.1287206266219925
25,17,0.15924155198750006,0.5426208970602787,0.5392470208286978,0.2122500565812267,0.3276055827426421,0.06989662856962989,0.005122479639247989,8.212442066501e-05,0.3,0.0,0.4,28,0.1497641217089269,0.0935627597014288
25,18,0.15427337502792474,0.5332243652254484,0.5264257015259552,0.20965067458404074,0.07090615326826488,0.0678845708165978,0.0060645320963423465,9.550060853546e-05,0.3,0.0,0.4,29,0.1803393071708295,0.0950214598373907
25,19,0.15094891818207626,0.5285895728230507,0.5245087509560298,0.20129118571000051,0.06662157134819535,0.06964413250146763,0.0053807399745594685,8.973926141969e-05,0.3,0.0,0.4,30,0.1674814801737619,0.0896261198966252
25,20,0.14143112222713763,0.512605036708694,0.5048938416367946,0.1974363995827533,0.09629056748104046,0.0592231739306075,0.004688780005539292,8.798465152793e-05,0.3,0.0,0.4,31,0.1635723373328085,0.0893516344721753
25,21,0.13558658907623103,0.5032510649718386,0.49804816461480605,0.1966754925561633,0.09189337984964319,0.05905186272477608,0.004732360162913501,7.547695230846e-05,0.3,0.0,0.4,32,0.1532401546257381,0.0836442229736111
25,22,0.13548653173971967,0.5045241958332409,0.5023651657120183,0.2117779213012263,0.01837142235296378,0.05903966493059178,0.004736442307877709,7.508860581239e-05,0.3,0.0,0.4,34,0.1526381430171687,0.0840436355772221
25,23,0.12524417904752552,0.4838587689843133,0.4864229606450831,0.20394788151790363,0.05998752435505233,0.07138295134318885,0.007376554708151229,0.00012244433907897002,0.3,0.0,0.4,39,0.1359388467237256,0.0685045379274967
25,24,0.11810658618464766,0.4653394509086217,0.4697833192683555,0.20782146583824604,0.06388567828621032,0.08204273557719169,0.005148569078856203,0.00010411691347512,0.3,0.0,0.4,43,0.1378492127557943,0.0716725252805686
25,25,0.10032266465020029,0.4231915383209528,0.42264301824283285,0.17708111338084773,0.2845825941309452,0.07401583128570254,0.00965493757136603,0.00013060958536712002,0.3,0.0,0.4,44,0.1166254458597303,0.0752579790801637
25,26,0.09181500312940359,0.40294739396922985,0.40440554657967775,0.17070117634630927,0.09242433047654268,0.07051501512990635,0.010328543466378345,0.00015081295331522,0.3,0.0,0.4,46,0.1197825284798828,0.0750503632444039
25,27,0.08892069262905818,0.39194451057557994,0.3957238684462261,0.1855083522471338,0.04312679270760285,0.07718677070890931,0.007955058885904061,0.00011987009554046001,0.3,0.0,0.4,51,0.1126177412785714,0.0749973339461458
25,28,0.08895412031944593,0.3933670819192713,0.40019423781740027,0.1915934602492493,0.02363194076327108,0.07741259668776992,0.0076894676597143745,0.00011994477439705999,0.3,0.0,0.4,53,0.1123864147569464,0.0745738905993917
25,29,0.087859907362881,0.39583390304611493,0.4117587844952436,0.25020632591013625,0.024251682391660163,0.07509323600885386,0.007728175974603486,0.00012009419285239,0.3,0.0,0.4,58,0.1119002290876884,0.0763182402680659
25,30,0.08438891153065033,0.3947445188402361,0.4226227116110177,0.32268355679762317,0.02202609119988483,0.06913605100717593,0.009537424216509318,5.960795381265e-05,0.3,0.0,0.4,86,0.0588362369074658,0.0840155535622419
25,31,0.08221946570915195,0.39350201098966814,0.43322890702816136,0.3595840532200491,0.045593801465805696,0.06947351704621674,0.01128114007702463,5.833055670855e-05,0.3,0.0,0.4,88,0.0597080694169394,0.0867667167695145
25,32,0.08217639506063909,0.3948891422538867,0.4376670746709455,0.3690578837273425,0.020969829944049174,0.0693711494822932,0.011273628069979051,5.807167158512e-05,0.3,0.0,0.4,90,0.0608677582898823,0.0864311614564824
25,33,0.08184969797152744,0.39396225023997317,0.43669603231046494,0.3755097789158038,0.02678357481258102,0.06918820121511285,0.011181384817397421,5.6954588313059995e-05,0.3,0.0,0.4,91,0.0631705872638165,0.0838680503625499
25,34,0.08158289693808608,0.3920580677385258,0.43172564629253013,0.37183824516720815,0.022373106110247863,0.06857157993079004,0.008953379090752125,5.3137634080360005e-05,0.3,0.0,0.4,92,0.0613367633575832,0.0830561471363812
25,35,0.08128631658935957,0.3882669856244383,0.4217860983618743,0.3517721392247822,0.026309095247152848,0.06845025023765083,0.008161169598645976,5.009769793892e-05,0.3,0.0,0.4,93,0.0644279294735881,0.0830738174464606
25,36,0.08001242179580505,0.387097896238468,0.4265166604577147,0.37529745683828003,0.04889939405706355,0.0684128278079659,0.008998458354570799,5.3786771163010005e-05,0.3,0.0,0.4,94,0.0589042842485533,0.0851132198673572
25,37,0.07652544480398184,0.37888183084423405,0.4238551016755716,0.40771013851922394,0.03528062406751671,0.06760402093998227,0.01145463637393529,5.564854986655e-05,0.3,0.0,0.4,99,0.0877726531966828,0.0805876313465891
25,38,0.07610287521894822,0.3816589460049433,0.4357072106769576,0.4230670096119355,0.022283128209846292,0.06781761586416428,0.009998950499579677,5.4919400690549995e-05,0.3,0.0,0.4,105,0.0733017403500246,0.0817971886522077
25,39,0.07509263307970974,0.37907183528664573,0.4330078948124896,0.42469320620957407,0.027598116746422527,0.06658561996341329,0.009922286222247407,4.983095805123e-05,0.3,0.0,0.4,107,0.0686823764943833,0.0822875448565321
25,40,0.07441188906832889,0.3762978146405083,0.43008524033540707,0.4195557448387325,0.022179109510472028,0.06711708821804155,0.011743777329896898,5.268620170407e-05,0.3,0.0,0.4,117,0.0773881005670024,0.0804229636032232
25,41,0.07325869702552731,0.37256538020031704,0.42912097052977005,0.4366158055740774,0.033519735554916205,0.06855436069143803,0.008941681872204033,5.962002422670001e-05,0.3,0.0,0.4,120,0.104087860462668,0.0824007483949164
26,0,0.9656565468973773,0.9910088070162195,0.9905534117770513,0.398245177963527,0.0,0.0,0.0,0.0,0.3,0.0,0.4,1,0.8385412330131727,1.1312025207262129
26,1,0.854145090040537,0.971949144635968,0.9665369292978928,0.3954782199986305,0.2790847575591556,0.06660204497654135,0.0010781884340376915,1.800562800668e-05,0.3,0.0,0.4,2,0.9387784449056298,0.9459458579805184
26,2,0.7827753605454226,0.9528061531687451,0.9492281759807908,0.3853272673589338,0.18934269139534693,0.07814179532816382,0.0018353665292799412,2.3664416399599997e-05,0.3,0.0,0.4,3,0.7652360777715204,0.8507440442264235
26,3,0.5661418545024353,0.8655061625078382,0.8576797048644932,0.3326778190288279,0.5982642730879683,0.06650790781577745,0.023332376507858892,0.00021288567013371,0.3,0.0,0.4,4,0.5785873127726476,0.4167528412358943
26,4,0.5649386220569642,0.8643137058318715,0.8564867648499457,0.3329915201816307,0.01891872291055307,0.06263119125193754,0.018870069441107015,0.00016266256649648,0.3,0.0,0.4,5,0.5675586635319305,0.445996685279507
26,5,0.4999951759669408,0.8340066023851339,0.8244671412058721,0.32038236103674306,0.13889939715587057,0.07438179942846022,0.01221149927543511,0.00011554203984226,0.3,0.0,0.4,7,0.5186806823326975,0.4651201997439425
26,6,0.3862628446505656,0.766999474299678,0.7571100262620338,0.27905716598529284,0.4842565733905926,0.07013931375130308,0.01237937027603713,0.00011565178469361,0.3,0.0,0.4,8,0.4030836134758232,0.3006080402620963
26,7,0.3842493188520294,0.7655799837386411,0.7556258769220086,0.2800392992943882,0.029748674425428043,0.06969783517456735,0.01015168174922853,9.056516860362e-05,0.3,0.0,0.4,9,0.3995030730925298,0.3150023071432326
26,8,0.38411681717142754,0.766930451695141,0.7600268365702318,0.29493163729737987,0.021005558627614974,0.06950638437140413,0.010108675532586717,9.00106651831e-05,0.3,0.0,0.4,12,0.3996902821238008,0.3157834148613438
26,9,0.36274562280130107,0.753640127133339,0.7489875643408275,0.28373601408052773,0.0765535448086254,0.07309661088952281,0.011383128921415672,0.00011338776707944,0.3,0.0,0.4,14,0.3819198334369997,0.3506617283737073
26,10,0.34128352935476125,0.7387265307423644,0.7363624662513975,0.2823165095690833,0.12476849056053933,0.06884197124460259,0.014855946737526713,0.00011467765423522,0.3,0.0,0.4,15,0.4131314567519455,0.2691242193069571
26,11,0.34114093070500695,0.7386045526467084,0.7362371569874787,0.28835391337721394,0.020870552539378726,0.06865472043801105,0.014770932490910089,0.00011395000271187999,0.3,0.0,0.4,17,0.414041535972164,0.2707522837586088
26,12,0.31466823060685833,0.7192848223521594,0.7187807013955521,0.2736430234128379,0.18531022804775216,0.07768153442855906,0.009238883014676149,0.0001299780492931,0.3,0.0,0.4,18,0.3895001699343209,0.2853112526598026
26,13,0.28058557969162085,0.7005373503639349,0.6990744353150157,0.2811136242316293,0.12888535462286912,0.0781748594878385,0.01671633067102933,0.00021745113868775002,0.3,0.0,0.4,20,0.3503951618779078,0.1802044489786972
26,14,0.2095883367213953,0.6127847918927581,0.6098551549829073,0.23056779430291716,0.2910432441071679,0.07828071020392909,0.01660782525287037,0.00021605211709944,0.3,0.0,0.4,22,0.3059425362794821,0.1738985666664843
26,15,0.20741283325967202,0.6114658395595812,0.6114490879433063,0.22878593833001645,0.0330991284091178,0.0782510438897739,0.016632963349360395,0.00021389420970684998,0.3,0.0,0.4,24,0.3116093911971494,0.1893575419236931
26,16,0.18918136914356276,0.5856492044833987,0.5813673999263148,0.21833754835018057,0.18807608779976862,0.07694384068697734,0.009237217036635494,0.00012560887257032002,0.3,0.0,0.4,25,0.2323783319671667,0.1280661151858054
26,17,0.18529046784444034,0.5816013288294604,0.5800966656892589,0.2217381716262059,0.04185450790059941,0.0767502924684013,0.009177356956333324,0.00012453882764261999,0.3,0.0,0.4,27,0.2282917001617334,0.1268845372802274
26,18,0.17264161337841322,0.5637926810005222,0.5614162548899326,0.21557529913216772,0.08421519572718165,0.07474703524137571,0.009213497610667032,0.00013711301609165,0.3,0.0,0.4,29,0.2215345774087794,0.1353623555183692
26,19,0.15013355436829467,0.5270967571816054,0.5258191989708842,0.20118269668131483,0.15348461721633733,0.07618130333957907,0.009222681072458277,0.00013892013257619,0.3,0.0,0.4,31,0.1650095022060642,0.0989043369994527
26,20,0.14999231726395465,0.528170901126343,0.5299182143375748,0.2083162455532471,0.025002549950643337,0.07674104294609237,0.009956070267063738,0.0001493064101755,0.3,0.0,0.4,33,0.1672525060625882,0.0939038406542857
26,21,0.1447613841463742,0.5192050188754399,0.5205288387551575,0.20796188783628106,0.05132500937967742,0.07478695707834067,0.006922679269364739,0.00010509637129761,0.3,0.0,0.4,35,0.1545215945594793,0.0970785649734102
26,22,0.10993802494505453,0.4438299451711974,0.4412654172095428,0.1658367376136191,0.5531531927208274,0.07943236647409609,0.007266284939239264,0.00012032746374737,0.3,0.0,0.4,36,0.1221068710864929,0.1023678362357355
26,23,0.10823058084858957,0.4439850544918252,0.45036695875509153,0.2029128939907599,0.029629334909007456,0.07937182514318844,0.007087611009245912,0.00011460892481885,0.3,0.0,0.4,41,0.1207828195249753,0.092373512496789
26,24,0.10396764521460919,0.437322137147892,0.4464340706542039,0.21714212097093727,0.029443851046886047,0.07353933953227268,0.010120373100397357,0.00013078408533847,0.3,0.0,0.4,47,0.1211220708396421,0.0852907662280747
26,25,0.09446870882414757,0.4151046558549452,0.426112562099837,0.21827702060892784,0.07463099979102883,0.07071289522981322,0.012643410740603565,0.00017679563418243,0.3,0.0,0.4,50,0.0948185187159727,0.0560246194963875
26,26,0.07761749277181607,0.36096945667526076,0.36624997231659734,0.18766822896139262,0.2021639096719971,0.07123354727419529,0.006705086694420302,0.00010537334257635,0.3,0.0,0.4,52,0.0813752221407107,0.0802230959502741
26,27,0.07593425731655343,0.3571258556083613,0.3652016536657221,0.18727089562848892,0.05619951530404587,0.07052330202948132,0.007930008962314723,0.00010729232381551,0.3,0.0,0.4,53,0.087140031347886,0.0918249829755272
26,28,0.07593425729720996,0.35712585561113497,0.3652016536684958,0.19570070180671933,0.02120000048230531,0.07052330203874617,0.007930008961594584,0.00010729232380107001,0.3,0.0,0.4,54,0.0871400313398477,0.0918249830279616
26,29,0.07560926326011153,0.3560719761565607,0.3670453440520341,0.20278463663631685,0.032423552986026886,0.07238530550677573,0.007838382466208686,0.00010499955677070001,0.3,0.0,0.4,56,0.0785294874056034,0.0843744754615588
26,30,0.06138332048933977,0.3011457141115334,0.31230616896694086,0.16991597151253884,0.151926556362549,0.0730378896533023,0.009951431097274834,0.00012351416138569,0.3,0.0,0.4,59,0.0678816746821251,0.0738429417288389
26,31,0.056608345251959326,0.28389451645738595,0.29720139547997976,0.16940974756840785,0.05208512269869418,0.07036550533955657,0.009956920764091047,0.00010678832910738999,0.3,0.0,0.4,63,0.0667548008447595,0.0876862362716123
26,32,0.04987809132474839,0.2496563057919698,0.26122183446842795,0.1475497209919304,0.25806748469760454,0.07084437252420463,0.00970077624729021,0.00010889464804127,0.3,0.0,0.4,64,0.0563976971537836,0.0748275376712007
26,33,0.050715381187083845,0.25589189432676906,0.2796426205892916,0.23167352439155878,0.022456922323509623,0.07398899755440554,0.008987123277709307,8.801151660598001e-05,0.3,0.0,0.4,80,0.0695087659053788,0.0920519900796931
26,34,0.049698855532141824,0.24728531131989312,0.26463957360686186,0.20901573601582954,0.04202885931142496,0.07415312889241342,0.007509092499008796,7.358218563072e-05,0.3,0.0,0.4,82,0.069306471321923,0.0941225071236794
26,35,0.049645582662277914,0.2499364088817007,0.27338358250943356,0.23706756177533347,0.023174005924253734,0.07413577927952791,0.007494606811010835,7.330852212078e-05,0.3,0.0,0.4,84,0.0693038106704248,0.0949799361825227
26,36,0.04933187871976098,0.2501958890458301,0.276641269503951,0.2563338585930668,0.024021669284990846,0.07375003693071382,0.007412194823724856,7.250631411118e-05,0.3,0.0,0.4,88,0.0688635226945351,0.096694223412819
26,37,0.04948654518538222,0.2517979737460502,0.2812955686570096,0.2650857629007484,0.022415854756723586,0.07428314239603875,0.0074915275195294,7.279191658185e-05,0.3,0.0,0.4,90,0.0698918656506158,0.0969127826769087
26,38,0.047237293861298234,0.2391575266997453,0.27097900282236914,0.2670635718541307,0.07219696880567744,0.07526321801072491,0.008767745725012455,8.384478980277e-05,0.3,0.0,0.4,92,0.0619415484498393,0.0711208367412245
26,39,0.046772010400929064,0.23778940668007956,0.2695556717542945,0.3416861894062819,0.022835039314229172,0.07438406137713302,0.004927817542835707,4.8153818404029995e-05,0.3,0.0,0.4,107,0.066609747446456,0.0984471144553159
26,40,0.046224683361549314,0.240666348705142,0.28153362465194176,0.39777501231806867,0.023306104426544978,0.07322148361991926,0.004322022819540148,4.427074289515e-05,0.3,0.0,0.4,113,0.0695329508421452,0.098050533591742
26,41,0.04638627372721224,0.23931546229450157,0.2771263916078604,0.38794539609795636,0.022598833696453317,0.0737940794596286,0.004319250686821469,4.617667661376e-05,0.3,0.0,0.4,114,0.0709071088819941,0.0992031467854063
26,42,0.04658156475516935,0.24148394522286304,0.2853433006875692,0.37160315842180247,0.030441201411521873,0.0750946935950219,0.0044157637297214825,4.683021702604e-05,0.3,0.0,0.4,115,0.0725549858011682,0.0923444364440969
26,43,0.046733904369123704,0.24073327410405307,0.2845375524145608,0.3721884693407373,0.026632041278587582,0.0762178239896506,0.004379871508410771,4.6644241384609996e-05,0.3,0.0,0.4,117,0.0724780598449883,0.0922938927827381
26,44,0.04660288759474836,0.24330555651963132,0.29320293323078045,0.39255759885770936,0.02323447951317287,0.07592457356722443,0.004366431060449885,4.668317635019e-05,0.3,0.0,0.4,121,0.0721471150879959,0.0921573522007597
26,45,0.04663630504081624,0.24556278802957837,0.3015240215750446,0.44113347181488244,0.025850882303498152,0.0765098176437683,0.004433385508024433,4.417782126586e-05,0.3,0.0,0.4,123,0.0728123934107294,0.0949124696561164
26,46,0.04505717340308544,0.23428380601786036,0.27779777512174597,0.4308782085905585,0.030158117638934286,0.07383382173265415,0.0039359516373891484,4.117942759299e-05,0.3,0.0,0.4,127,0.0738661130940706,0.1061565410641065
26,47,0.04558027779159232,0.2449216022563301,0.31276571290136834,0.5863882302060779,0.02347522679560592,0.07661483267123682,0.0036187570558255866,3.437230894873e-05,0.3,0.0,0.4,154,0.0710642855345815,0.0989542737162952
26,48,0.045575838142704064,0.24636824030600693,0.31726493531590333,0.5969333305757529,0.023012200424386228,0.0766054204341475,0.003621337852998967,3.4391639462219995e-05,0.3,0.0,0.4,158,0.0710463514172631,0.0989770480868992
26,49,0.04547613434993829,0.24851103248169112,0.3254729487282478,0.6146306312920589,0.024422999239241662,0.07671605010014933,0.003619768449940812,3.438873826075e-05,0.3,0.0,0.4,162,0.0745344531214353,0.0999014283721212
26,50,0.04505726418297449,0.2554630269119175,0.3506596662017015,0.7619050921256602,0.023226257856004948,0.07613441974182313,0.003423179377874995,0.00010017502371248001,0.3,0.0,0.4,195,0.0697225093839184,0.105587310799106
27,0,0.8910085658544261,0.9703349596602561,0.9688324915288085,0.3850177351369169,0.0,0.0,0.0,0.0,0.3,0.0,0.4,1,1.1501265796249422,1.1227325257258614
27,1,0.8650214895809136,0.9752831959737867,0.9700389314888411,0.39761772272780704,0.11374172552063935,0.06666217976727677,0.0010967816553163418,1.885375986031e-05,0.3,0.0,0.4,2,0.8938691324062076,0.9459458579805184
27,2,0.7496681607114185,0.9409873400420399,0.9368439773311779,0.3775290215726231,0.28849209269447823,0.07596292049245462,0.0011978932407518646,1.921239381287e-05,0.3,0.0,0.4,3,0.8881652514566265,0.8713321790253734
27,3,0.7496990768306814,0.9425290393721942,0.9414373513295939,0.38205776856829843,0.023002879412841064,0.07632948437168671,0.0012258679230170964,1.9661065359040002e-05,0.3,0.0,0.4,5,0.8868557265723936,0.8699983812599129
27,4,0.5078636576475276,0.8369891848607294,0.8277198370125144,0.31694723632322785,0.7174776690144478,0.06663351224555644,0.004287913470860994,5.0717551002930005e-05,0.3,0.0,0.4,6,0.6942052881812469,0.4218143319989532
27,5,0.4915366159849396,0.8269755429408543,0.8142194754044154,0.3159808071839777,0.07913775423570242,0.06666889988650629,0.0035215060828854548,4.243190925936e-05,0.3,0.0,0.4,7,0.60325905369005,0.6985881652548704
27,6,0.3831430577424888,0.7645301370090926,0.7545698552240606,0.27515062871588836,0.4704661313507005,0.06663663727164446,0.006514204042962952,6.513386288341e-05,0.3,0.0,0.4,8,0.461899782864051,0.3188115077609352
27,7,0.3721422649812811,0.7556199629025737,0.742229596927137,0.28067275231991995,0.07263916259775163,0.066641629923548,0.003536960629618055,4.370827565749e-05,0.3,0.0,0.4,9,0.414189391658086,0.4706451103510841
27,8,0.32333388453745115,0.7200640730121218,0.7078540992955741,0.26364614422745775,0.14691827694779958,0.06650729060117425,0.004217178546971322,4.8157557609499996e-05,0.3,0.0,0.4,11,0.3537211973542606,0.3817878349178192
27,9,0.31530670252357856,0.7149054427117898,0.7054112284066328,0.26525693808514955,0.042847920593277536,0.06664609238436606,0.004570007234155316,4.9745436085869996e-05,0.3,0.0,0.4,13,0.3428257676660267,0.3475526718041833
27,10,0.31049514369633135,0.7123298696138077,0.7056849490020628,0.26870627520694235,0.03386554045034581,0.06661103468094097,0.0044687485962427095,4.877766732667e-05,0.3,0.0,0.4,15,0.3309280525818371,0.3339801284168058
27,11,0.30452966959952293,0.7043128107920996,0.6913063054868802,0.2636083549336338,0.05467161590347221,0.0663863582113364,0.0047287936013800476,7.790897888548e-05,0.3,0.0,0.4,16,0.3571100674220448,0.3480053927167506
27,12,0.30243597185893506,0.7070615754026753,0.7030703781817887,0.2710388655329438,0.04089232193833776,0.07044469063176231,0.006382575220298276,6.966763157026001e-05,0.3,0.0,0.4,17,0.2846970499298898,0.2981517390947708
27,13,0.29273999221955327,0.6955530244216976,0.6850175187108524,0.27007151291471915,0.08070326169784695,0.0705889041381739,0.006968422458726471,0.00011296319164919,0.3,0.0,0.4,18,0.3266496083169308,0.2979372457324435
27,14,0.28894981067131525,0.6908062740467089,0.6770540392457067,0.2662482124619567,0.03280852258893408,0.07039963441177088,0.0070399966485609955,0.00011257960531035,0.3,0.0,0.4,20,0.3273106978729861,0.2943232971409708
27,15,0.2544159445212961,0.6572140786949766,0.6418607369678124,0.24813400367165742,0.2360519509811011,0.06360379627791146,0.014734829236482885,0.00026286906179876,0.3,0.0,0.4,21,0.3144460085681821,0.2841111290499479
27,16,0.24576574047900698,0.6495092435463097,0.6366304024907974,0.24968192499671774,0.060899282644708244,0.07122190540482409,0.009725053684326426,0.00019982894757069,0.3,0.0,0.4,23,0.3084891128066873,0.2256619063208716
27,17,0.24252442198061264,0.6459671981300971,0.6328863666575937,0.2409867303124866,0.049358836961963026,0.07270852564422828,0.009772561869680098,0.00020048035107557001,0.3,0.0,0.4,24,0.2955030610947344,0.2157301086405814
27,18,0.23702590459936573,0.6413879555811348,0.6310685631853582,0.2528674239701501,0.061206316452090626,0.07181719028122828,0.008680268444191975,0.00016863962150064,0.3,0.0,0.4,25,0.3042066882539807,0.2304006228468943
27,19,0.23372372789237195,0.6364284066457397,0.6229614251709309,0.25309763289903675,0.03281861935294465,0.06622007521663296,0.01157374452390805,0.00028094323661386996,0.3,0.0,0.4,26,0.2946765034749759,0.2730957220160333
27,20,0.23005067497854917,0.6324318838384433,0.6188200045039517,0.259712498627818,0.038553276720328,0.06250112024780083,0.01241189642475279,0.00023126166790808,0.3,0.0,0.4,27,0.2950606661759496,0.277478119082285
27,21,0.2156744519727283,0.6163136706506765,0.6046875016605532,0.244668086451133,0.1676106631206358,0.07421283789508402,0.00820766059150564,0.0001913699002923,0.3,0.0,0.4,28,0.280142608426594,0.1988015445127444
27,22,0.21514558391599561,0.6155649672564604,0.6038792977515163,0.2468718322403115,0.030865729082416332,0.07563818674493857,0.008075959051240943,0.00018749657813882,0.3,0.0,0.4,29,0.2452708547438455,0.1988346223139933
27,23,0.2150632355988412,0.6154530492401539,0.6037594675459069,0.2518733654586781,0.023887792469394667,0.07579194641658571,0.007960017114380295,0.00018301422072574,0.3,0.0,0.4,30,0.243551290594469,0.196738682323572
27,24,0.21368868860470705,0.6152217785696859,0.6064978850082782,0.25806319230841845,0.034123030237265255,0.07565287319894622,0.0077801828258896085,0.00017826880057383,0.3,0.0,0.4,31,0.2440220275969627,0.1964382515074794
27,25,0.21295556861778522,0.6141405267611652,0.6053271893415595,0.2783289095948571,0.02588731090903391,0.07795998363563286,0.007347286244217345,0.00015989380434011001,0.3,0.0,0.4,36,0.2325707331725159,0.2069391614417841
27,26,0.1908796053595126,0.5866507899326192,0.5794510967324492,0.2570269602345511,0.08822682996503303,0.07614215677654833,0.009053522519089606,0.00020520154561955002,0.3,0.0,0.4,39,0.2035723716134774,0.1974652483445379
27,27,0.18314368216660987,0.5771812883584174,0.5724894887250518,0.2629098266304417,0.059861584542822914,0.07570994268166586,0.005388937242310063,0.00011958741702215001,0.3,0.0,0.4,41,0.2068468150583049,0.1553712055574204
27,28,0.18223883396071497,0.5743995311957135,0.5665869924945933,0.27016475805722523,0.03197984872496027,0.07579384804214315,0.004087251661312366,8.950349422642e-05,0.3,0.0,0.4,42,0.2064700915666473,0.1585885667764542
27,29,0.18144423102303878,0.5746374676445527,0.569809656702452,0.2774524092395094,0.027555244936361262,0.07621850991683124,0.004227207015502376,9.245560683915e-05,0.3,0.0,0.4,44,0.2057418284851311,0.1566257707550211
27,30,0.1752771798843255,0.5668917922978004,0.5646504356359006,0.271640601083033,0.054665842550151646,0.07619229021980749,0.006002266973335387,0.00013431230690331001,0.3,0.0,0.4,46,0.1980429531964283,0.1513996199595899
27,31,0.17474809642273822,0.5661502159089059,0.5638774220286379,0.2820456168997103,0.02421821620394971,0.07578245702657628,0.00619886029108122,0.0001394204377958,0.3,0.0,0.4,49,0.1945718073257801,0.1495126042388226
27,32,0.17479762354650824,0.5676488851658741,0.5684276914113744,0.2875938772238631,0.023062464976269174,0.07601551407924109,0.005844551107021092,0.00013693327067213,0.3,0.0,0.4,50,0.1981349711210643,0.1513496291771319
27,33,0.17264733560301962,0.5644542464294005,0.5650805429341643,0.2854835134761157,0.04342568531027853,0.075412598080229,0.0058776522001197104,0.00013086835746748,0.3,0.0,0.4,51,0.1943844724988412,0.1500625247638436
27,34,0.17221171517541958,0.56514137453346,0.5687723054893424,0.3217460537903847,0.023521583748004633,0.07607031580151495,0.004637109462982031,9.960917432901e-05,0.3,0.0,0.4,61,0.1929845184283999,0.1508046828411599
27,35,0.17076041898754127,0.564323207533147,0.5708896098938039,0.3700806076976372,0.024239533961134308,0.0762184457945111,0.004625447662029803,0.00010084154399255,0.3,0.0,0.4,73,0.1936087839925197,0.1512522870588272
27,36,0.17052961111563675,0.5669240840165001,0.5795843817788212,0.36924985603510924,0.024508876541283,0.07596719056987623,0.004539758151995986,0.00010089859452537,0.3,0.0,0.4,74,0.1933774072862895,0.1481938304722969
27,37,0.17028465660375972,0.5650321174023879,0.5746129004346376,0.3881670752306638,0.024715049016306844,0.07629210815569323,0.004178769569221845,7.964695573348e-05,0.3,0.0,0.4,76,0.1947730909808524,0.1468271511695384
27,38,0.16979719435632523,0.5642587597515032,0.5737994722013378,0.38082726916162085,0.028391304256663363,0.07632108988710842,0.004605832093340961,0.00010189492035438,0.3,0.0,0.4,77,0.1953218221625665,0.1479555027313798
27,39,0.16972706174458924,0.5641652930820612,0.5737027591034931,0.39361905830154525,0.023349729001087286,0.07625190470042252,0.003812742623319222,8.094613929338e-05,0.3,0.0,0.4,78,0.1935439401562272,0.1463655458987999
27,40,0.16959418552139097,0.5639504161082477,0.5734764308882081,0.3964911191491497,0.024497387742274012,0.07628840076704221,0.00392090071927224,8.137076752321e-05,0.3,0.0,0.4,79,0.1931839393758632,0.1453605208170805
27,41,0.1692989369418526,0.5649511553250027,0.5775075194431577,0.4022053191550906,0.025997412063185215,0.07625717850729936,0.0038939143654243787,8.141418758919001e-05,0.3,0.0,0.4,80,0.193264732380879,0.1455886951331471
27,42,0.16918929075326594,0.5647798130675408,0.577327607381101,0.4055006767305675,0.024071818030630306,0.07625000580182124,0.0039201534870433544,8.163713058132e-05,0.3,0.0,0.4,81,0.1930712900154142,0.1454416721886715
27,43,0.16906511704707838,0.5631245791408248,0.572609314046283,0.40841773376144225,0.024266285392022757,0.0762706983331285,0.0032658305066130613,6.800191188843e-05,0.3,0.0,0.4,82,0.1933567076407202,0.1458933287863646
27,44,0.1690106063164696,0.5659555562401183,0.5815418824371673,0.4209072417661151,0.02322528987938541,0.07626355129412106,0.003933207808495357,8.139884653549999e-05,0.3,0.0,0.4,84,0.1933760962662761,0.1457168576727633
27,45,0.16829416736368152,0.5647886029712138,0.580312700651019,0.42018337572114595,0.03143715038749559,0.07646309893989228,0.004281966780499107,8.602744689350001e-05,0.3,0.0,0.4,85,0.1920009374506633,0.144298448474254
27,46,0.16494843141910492,0.5632226605323095,0.5846978878640969,0.45901430987694775,0.025770024723325888,0.07161208271258004,0.007319978276514851,0.00016727665900938,0.3,0.0,0.4,90,0.1641043783867282,0.1627282453930283
27,47,0.1627625668015357,0.5609296866414878,0.5852494480194688,0.46684656569223193,0.036107422701553066,0.07281904264163983,0.007402984109598877,0.000175327995533,0.3,0.0,0.4,92,0.1664192647297391,0.1617806564954081
27,48,0.16188556265407453,0.5564001418087767,0.5745176845656894,0.4751531608152201,0.035284930162415726,0.07376474892181296,0.007571334393515949,0.00018003384951533998,0.3,0.0,0.4,93,0.1727359110248401,0.1633802148202324
27,49,0.1615748451838395,0.5574035112635739,0.5785554137154807,0.5068029519942627,0.022622931952192605,0.07353300038345587,0.00637478513903926,0.00013847469305783001,0.3,0.0,0.4,98,0.1665948598011904,0.1721640585638439
27,50,0.16150289887349767,0.5587239545730961,0.5829200644930435,0.5024513471671491,0.022559724905446374,0.0736469160288093,0.0064416815875839055,0.00014368982029142,0.3,0.0,0.4,101,0.1762632794465832,0.1688898074291804
27,51,0.15970276949905124,0.5544534824068508,0.5754666879266438,0.5128713217189975,0.03956032661195364,0.07279246200674806,0.0075632732162486845,0.00016536767164649,0.3,0.0,0.4,102,0.1681016385548709,0.1647473372014597
27,52,0.1592178452514395,0.5652879284702543,0.6106807025072186,0.568186843761342,0.02231040981431534,0.07303149250296696,0.007065880707251512,0.00011662336858027001,0.3,0.0,0.4,120,0.1623048033672943,0.178077158414397
27,53,0.15821974284224694,0.5661191586423011,0.6174808175512928,0.6423315859553439,0.024887224441532095,0.0751640019676119,0.004115177514444406,7.564250893218e-05,0.3,0.0,0.4,128,0.1757923441156183,0.1677865551669269
27,54,0.15643496038491622,0.5710521723991016,0.6376072075325858,0.6690760202132218,0.02327469837024898,0.07196737132134932,0.0062485644101515385,0.00012255761765808,0.3,0.0,0.4,134,0.1692519301642767,0.1610454243334795
27,55,0.15639160566772892,0.5634668120014924,0.6147260187145216,0.7085773315158591,0.02401656039399262,0.07307375568666416,0.004897302758971833,7.025161651878e-05,0.3,0.0,0.4,136,0.1759615516327189,0.1699220296825699
27,56,0.15638916436705902,0.5648341785017023,0.6191353973514696,0.7326744503674908,0.022829644663267614,0.07349535962863493,0.004880673138765026,7.022988288794e-05,0.3,0.0,0.4,138,0.175851825520221,0.1700257313031616
27,57,0.15429217390891276,0.5664038399417592,0.6297768880561688,0.6980448382287394,0.032903223241518405,0.06983945593275864,0.00657020873254712,0.0001087534809184,0.3,0.0,0.4,139,0.1609844880019734,0.1635396346997355
27,58,0.15350004637638226,0.5697329235062735,0.6422339387994218,0.7333442545760426,0.02099131030060298,0.06842702262208081,0.005431363686695263,9.250606886418e-05,0.3,0.0,0.4,149,0.1649176562476397,0.1638480909619143
27,59,0.15303887616084375,0.5696065659493015,0.6450246186132507,0.7529550957510958,0.03092592202533703,0.07210499359667147,0.005705647190848042,8.757967497178e-05,0.3,0.0,0.4,151,0.1645298835323719,0.165445783465598
27,60,0.15302283001440115,0.5710486845071104,0.6495196682527566,0.7596819722874283,0.021661927941282785,0.07205945552673865,0.00558978964422364,8.574743902468e-05,0.3,0.0,0.4,153,0.1645063423630678,0.1653691820745073
27,61,0.15174191385899197,0.5704517704194171,0.6518831206170898,0.7834945106806094,0.023951539988996816,0.07132228882764699,0.004786954076816688,7.607250587775e-05,0.3,0.0,0.4,158,0.1677311558746761,0.1685045869664162
27,62,0.15186237445812842,0.5646806660428101,0.6338931426383366,0.7713544122241837,0.022503735419618677,0.07197971562200557,0.00435716533026538,6.808150168534e-05,0.3,0.0,0.4,159,0.1699444724552793,0.1688015944070565
27,63,0.1516370029100798,0.5642833662635836,0.633475376129432,0.777943525695587,0.02440542435030225,0.07200334402885304,0.004263548447952596,6.522857707723e-05,0.3,0.0,0.4,160,0.1695527578611497,0.1671834662580721
27,64,0.15062543161998124,0.5656764966409689,0.6409138520910027,0.7939726180723166,0.02544652875128085,0.0709282194512781,0.0037720431520717307,6.217304786135e-05,0.3,0.0,0.4,162,0.1630699001417587,0.1647777974000275
27,65,0.1506513890691223,0.5671476251055735,0.645436445110543,0.8159057688095043,0.021462011584578302,0.0710780265098264,0.003764878165693253,6.184448866233e-05,0.3,0.0,0.4,164,0.1630664518041681,0.1647093750401066
27,66,0.15124046536254912,0.5717598794978368,0.6591661734000722,0.8796506450400768,0.023038901479116466,0.0746237260762834,0.0036664834957035384,5.0312132788460006e-05,0.3,0.0,0.4,173,0.1673591021619914,0.1612146206730265
28,0,0.9912636919742399,0.9977418695066096,0.9976274476978825,0.4025530942100871,0.0,0.0,0.0,0.0,0.3,0.0,0.4,1,0.7350668362003875,1.1235107563710702
28,1,0.8943022622592443,0.9840064307391481,0.9792050354432782,0.40319131370063416,0.24235976068435228,0.06659527043703892,0.0011315916254642836,1.5623553135729998e-05,0.3,0.0,0.4,2,0.772674027707905,0.9459458579805184
28,2,0.8553441231979899,0.9714998289324405,0.9661245791488817,0.3954129765699874,0.09691058014976306,0.06268429727799044,0.0006306594925929003,8.628364666733767e-06,0.3,0.0,0.4,3,0.7083153939599556,0.9332508381606074
28,3,0.5705309248956448,0.8675466352166162,0.8598222293339298,0.3339929129622633,0.7553248129561774,0.06642747100476519,0.025604672903252322,0.00033775843737324,0.3,0.0,0.4,4,0.5623893490335405,0.424198231893117
28,4,0.5606789544670613,0.8643821652049808,0.8594816665890115,0.3362030741787191,0.03555876495513985,0.06612121769023946,0.024499734081745436,0.00031995072343523,0.3,0.0,0.4,6,0.5661582394438126,0.4149579531818744
28,5,0.49311734884348496,0.8307055357393158,0.8209607715876374,0.31854158748233813,0.2668970681332799,0.07680955410557999,0.013375234924473579,0.00017690304033965,0.3,0.0,0.4,7,0.5566456329814611,0.4712448963816555
28,6,0.4315159764505807,0.7957062555763105,0.7873314174395425,0.30639737750993284,0.13457594303945758,0.06608901970203458,0.01091280553174026,0.00015649474786853,0.3,0.0,0.4,9,0.3615551889799074,0.4534003637502752
28,7,0.38344065448297576,0.7663183415367452,0.7594076870316058,0.2836201340358908,0.23637911817312834,0.06781376160574605,0.013411508902225252,0.00017613427274274998,0.3,0.0,0.4,10,0.4134176089031244,0.3027845385426351
28,8,0.37961447995963504,0.7649764959780782,0.7610047726633135,0.2859320456598231,0.027638071365148873,0.0660031580176264,0.012789500520223259,0.00016598124517236,0.3,0.0,0.4,12,0.4029741345576219,0.3359900041884339
28,9,0.3773992075226499,0.7649522413892959,0.7639499592247492,0.2965358061397492,0.025727512202306263,0.06656629917049474,0.012648537326517691,0.00016508623009713001,0.3,0.0,0.4,14,0.4102608323225419,0.3076469914534253
28,10,0.2952153111187289,0.6997324233786713,0.6924242387409931,0.2608649753999602,0.4672624143179083,0.06818998791814282,0.0089933640351717,0.00011203561599727,0.3,0.0,0.4,15,0.3147133686087719,0.2319444896019479
28,11,0.2764219750514781,0.6833343005075402,0.6781747883558278,0.26066785375161877,0.08002483941415013,0.06818998791814282,0.0089933640351717,0.00011203561599727,0.3,0.0,0.4,17,0.3102397296101266,0.2160586873719811
28,12,0.2510878204018024,0.6570864624578024,0.6476620438644684,0.24200704432123638,0.18740905942541136,0.06534861539633591,0.007340596009763227,8.929981577387e-05,0.3,0.0,0.4,18,0.2743417110285343,0.2482202572689377
28,13,0.23959071814842428,0.6462991061405784,0.6393712234025158,0.24792315615555682,0.043411044879789085,0.061157583872768706,0.006967001581541108,8.836344230954e-05,0.3,0.0,0.4,21,0.2534447963609795,0.2088337296474761
28,14,0.23052815883503588,0.6359648545955567,0.6285135844598834,0.241284780042936,0.08753924643410367,0.061157583872768706,0.006967001581541108,8.836344230954e-05,0.3,0.0,0.4,22,0.2492044604952059,0.2044238269119784
28,15,0.19892183172211375,0.5978255175897125,0.5884682737680994,0.2218845868085452,0.27755265203329976,0.05947142140907841,0.007428799898925508,8.71041305788e-05,0.3,0.0,0.4,23,0.2102368556919207,0.2229603279360917
28,16,0.19374602858295015,0.5923248656355216,0.5856566915837418,0.21908478590170727,0.042692846702192686,0.060231048476895845,0.007454563339483277,8.716188218813999e-05,0.3,0.0,0.4,25,0.204796343638578,0.2156466419557115
28,17,0.18658513518915143,0.5827703091503884,0.5756455097433248,0.22236797552670803,0.07971102086673446,0.0584273919324,0.008144499908777143,9.306593413125e-05,0.3,0.0,0.4,26,0.1799367847657295,0.2057328935500873
28,18,0.17514605824000265,0.5661071467814308,0.558101744243393,0.2200732363403777,0.07829970657009376,0.060837680218689925,0.008394810968835317,9.597703763042e-05,0.3,0.0,0.4,28,0.2050715629680898,0.1484392490956778
28,19,0.16785076918815395,0.554674565301716,0.5459897331520495,0.19761104797646353,0.11748624872140735,0.06744672075762906,0.008755946213525252,9.5572376123e-05,0.3,0.0,0.4,29,0.2343650375635581,0.1525628785114748
28,20,0.14641604206719205,0.5185758776368622,0.5080898566812497,0.1955717978808479,0.25997308552882054,0.06566877193392139,0.008690526252259877,9.297418169034e-05,0.3,0.0,0.4,30,0.1907693392045693,0.129935149977393
28,21,0.12394000256042355,0.4752339066220885,0.465472303981094,0.18014658624926655,0.17938553736563878,0.06957065866931257,0.00997498295452918,0.00011192600659569,0.3,0.0,0.4,32,0.1566970878841506,0.1116816080208545
28,22,0.11763247961537665,0.4602652825782946,0.4467763817852408,0.18173850621461518,0.036011935540969396,0.06895430441088697,0.0074602248864621985,8.106374252373001e-05,0.3,0.0,0.4,38,0.1615524865421169,0.1295931091244724
28,23,0.11521433437074102,0.4562987661805535,0.44266852777862253,0.18157515416759484,0.03877989587964899,0.06503217729033059,0.007058601725106484,8.280622219692001e-05,0.3,0.0,0.4,39,0.1725021691333925,0.1154605286330451
28,24,0.11297511299470595,0.4561723824131127,0.4514967982182627,0.19190166539965264,0.03300550110049338,0.06334320893855248,0.015071700037003203,0.00018979141587433,0.3,0.0,0.4,41,0.1348687935780315,0.077888781428222
28,25,0.10625080316420162,0.4402571460629756,0.4347742662126951,0.1902621541391561,0.055763431332821564,0.0634291195430185,0.01508145943162475,0.00018756579165363,0.3,0.0,0.4,44,0.1367345223564801,0.0739757390290774
28,26,0.10125863031220908,0.4287915942713668,0.4256925343886909,0.19296308791708983,0.06488384543934671,0.06439372523203232,0.015248868476175348,0.00018798848852288002,0.3,0.0,0.4,46,0.1386433404663406,0.0766136718240586
28,27,0.10062339160185571,0.4272413431974684,0.42406643414748674,0.19195318637936387,0.029667224995742526,0.0642159269326382,0.015175358447964714,0.00019036985513127001,0.3,0.0,0.4,47,0.1304922274664391,0.0771716929555233
28,28,0.09968767267358582,0.4261137515677126,0.4258557451033729,0.19843061024527872,0.037977850745509745,0.0645577996003392,0.015229608422119385,0.00018944225874641,0.3,0.0,0.4,48,0.132121352690154,0.0753757837154931
28,29,0.09968767263232294,0.4275730924510788,0.4303681865663856,0.21252545745164206,0.01944324698123732,0.06455779960962736,0.015229608420982062,0.00018944225882023999,0.3,0.0,0.4,50,0.1321213523668248,0.0753757836892711
28,30,0.09837214038932748,0.42296868444584185,0.4254943546160054,0.2151385632658866,0.056982813682199415,0.06708626347387454,0.00774237582618962,8.133575885855e-05,0.3,0.0,0.4,51,0.1380679703013786,0.1137739431877413
28,31,0.09578805030369238,0.41396035696943495,0.41303276883558815,0.2144726606961988,0.07511252078968927,0.06823316037905205,0.00945058688118902,0.00010146528193155,0.3,0.0,0.4,52,0.1364650560194926,0.0995307341806398
28,32,0.09465305169409481,0.41223472012199913,0.4112611567568717,0.2101381795667512,0.02568995332854066,0.06553461554668866,0.007613797367600539,8.070204276097999e-05,0.3,0.0,0.4,53,0.1419652898894943,0.102316636658419
28,33,0.09443303825894701,0.41168907677297867,0.4136269945141335,0.22963257060669953,0.03974141904757536,0.06814593269590186,0.00940843663690381,0.00010035961216472999,0.3,0.0,0.4,54,0.1336219203135882,0.0969477887828382
28,34,0.09342360735330578,0.41002197546275015,0.41190792146132804,0.23705052024276152,0.0233739480625616,0.06603605796945114,0.007519333581814679,7.967549393858e-05,0.3,0.0,0.4,56,0.1352275496023367,0.1021240961916268
28,35,0.09152581304210661,0.40487399702574006,0.40650457427896103,0.23947045990937782,0.0545170671353321,0.06570053679316304,0.0065010493931082795,6.768638203914e-05,0.3,0.0,0.4,57,0.125540412941507,0.1022989499395134
28,36,0.0913141783341294,0.4053352135452017,0.4128972353436694,0.2317989002001226,0.028647608228900945,0.06883781651596604,0.015565119532292185,0.00019668084597526003,0.3,0.0,0.4,60,0.1040885728495872,0.0815519814394004
28,37,0.08971093632402899,0.4009667798406049,0.40831510752469724,0.22895285115697436,0.04968047370231858,0.06836259610698737,0.014232936463393847,0.00018053509796833001,0.3,0.0,0.4,61,0.0987517172185972,0.0855707225802123
28,38,0.08710602118594012,0.3980498353242657,0.4171416208689528,0.26464486054661707,0.03172478547287909,0.06987655442608542,0.017037886903148194,0.00030628617688551,0.3,0.0,0.4,67,0.1035793948934482,0.0995239021526128
28,39,0.085731908065949,0.3950854650516465,0.41700083999287363,0.28033447455673827,0.03681269783776892,0.07024763363583683,0.017429455214145705,0.00029793027321051,0.3,0.0,0.4,69,0.1040513645166245,0.0992217333890969
28,40,0.08472511978670408,0.39258707480097227,0.41437561104751947,0.2755752686171745,0.032030314256846125,0.07029921444805143,0.01791564135501338,0.00027435490980816,0.3,0.0,0.4,71,0.1053410207817253,0.1014455529352505
28,41,0.07869757090998405,0.3717856781597996,0.3895587870373453,0.26046626968758074,0.1475384765380693,0.06892104764888339,0.017631522847117883,0.00045548741099453,0.3,0.0,0.4,72,0.1057832357628845,0.0880081407733103
28,42,0.07525070260392777,0.36220744288000306,0.38248777164556574,0.26551508746072017,0.0581399557604908,0.06829472379956265,0.017984437464728817,0.00027624362412562,0.3,0.0,0.4,74,0.0913771883467082,0.0875695684181541
28,43,0.07493108668198896,0.36410789992012227,0.3933973643509603,0.32373752037684744,0.023254558460023136,0.06989666032218525,0.013933250234219461,0.00029320705103755,0.3,0.0,0.4,83,0.1027066486125263,0.099505387047116
28,44,0.07400240805534226,0.3612603630943847,0.39041446652190476,0.3520171196873121,0.02398167147593463,0.06924469955633658,0.01529315077209919,0.00034517103584977,0.3,0.0,0.4,89,0.1100088852744741,0.1050230539110828
28,45,0.07249597008716206,0.356340291225542,0.38820608305392207,0.3506990654930166,0.06774744207933227,0.0703078921418371,0.016475216991099762,0.00045188627698047,0.3,0.0,0.4,90,0.112281136088415,0.1033490882492411
28,46,0.07094899074836832,0.36027936385315523,0.4102365054415447,0.42420601367412614,0.02276139765768144,0.06938428750453196,0.014148542251761872,0.00031843621530499,0.3,0.0,0.4,107,0.0990200389414427,0.0938004953308491
28,47,0.07081907356111937,0.35750827373623445,0.40433053719905676,0.4135058264727557,0.026810619314069088,0.07026976962106032,0.01460276113480634,0.00041170939797994003,0.3,0.0,0.4,109,0.1011374451611684,0.0933049955374566
28,48,0.07009214857821408,0.3553801679231126,0.4050583428620945,0.44181523365942044,0.048390065878150916,0.07122303101502159,0.016174916708325916,0.00046166927228257995,0.3,0.0,0.4,110,0.1039757941869984,0.0956485022012616
28,49,0.06934508895106233,0.3489726502402359,0.38940348101449956,0.35276045548096396,0.0272530175389119,0.07035158884821809,0.012855542251180194,0.00038840558698648,0.3,0.0,0.4,112,0.1005972505378586,0.0946149168608675
28,50,0.06827173295399941,0.3490172279491566,0.3983843951053067,0.4371271983388252,0.036502505398783344,0.07058490882025309,0.01385730505860469,0.00038509421073508996,0.3,0.0,0.4,114,0.1039344975570259,0.0926283487190427
28,51,0.06674883125793378,0.3498104647451726,0.41115066103684306,0.5100261442403785,0.02397299324607734,0.06946569866049276,0.014570082291201242,0.00042941058375382,0.3,0.0,0.4,125,0.0987299978969275,0.0941419904678154
28,52,0.0665500067752828,0.34877664837009853,0.41301476048573316,0.5329865715867785,0.028621246750497174,0.07135976902432592,0.015298375830853988,0.00043563380163486997,0.3,0.0,0.4,128,0.0989164419457443,0.0887006402388357
28,53,0.06629681833352423,0.34386610016756947,0.3989260633282787,0.51174759937986,0.023991334969728655,0.07083027187621621,0.01468717792319476,0.00043234708045825,0.3,0.0,0.4,129,0.0974731705790847,0.0924737437251418
28,54,0.06572816799110377,0.34403712932204256,0.40210167104067196,0.528287958397759,0.02203475921060344,0.0698172014016061,0.012405042912699558,0.00036643679492557,0.3,0.0,0.4,136,0.0980300146980981,0.092192052642103
28,55,0.06575851995782585,0.34956887381768803,0.41982316636589784,0.5670434224464509,0.022773132278236352,0.07019927340942975,0.014667644318591523,0.00043312081656615,0.3,0.0,0.4,138,0.0972132740680529,0.0934213764467567
28,56,0.0657282547604474,0.3479607293391509,0.41515394152941365,0.6024945072647,0.021513466764735707,0.07031506250772078,0.012380270252037176,0.0003682982706062,0.3,0.0,0.4,142,0.0971802221401919,0.0938392888797313
28,57,0.06555073223874039,0.3491884049368396,0.42238602554230775,0.6050817051533106,0.035414181726954236,0.07128891824186805,0.015387484255141476,0.0004348917372377,0.3,0.0,0.4,143,0.0976031508181543,0.0889402316599938
28,58,0.06537805772031491,0.34846588345345647,0.4216265892806944,0.6119142548525469,0.024079318223748453,0.07139717771926565,0.013004012354070043,0.00036967676057261,0.3,0.0,0.4,145,0.0973678230706199,0.0895055352288864
28,59,0.06526013044605841,0.34669226083189253,0.41678669626640386,0.6587649999115053,0.021712109132927628,0.07132990588816066,0.009892681655350783,0.00028475664050526,0.3,0.0,0.4,154,0.0972122244174154,0.0897815488113662
28,60,0.06445318316056363,0.3468321081177204,0.4199452761440933,0.7125357680755726,0.021284863563327146,0.0692871499906266,0.007307699734299353,0.00021472699813471002,0.3,0.0,0.4,168,0.0969723481818597,0.0938635614289819
28,61,0.06428342459190378,0.34617114103188973,0.4192513914790574,0.7121088747242807,0.022241264591951578,0.06925165255942968,0.007304798673959468,0.00021364486606743,0.3,0.0,0.4,170,0.0976626089948602,0.0936422899416871
29,0,0.9192414458058443,0.9783466377720023,0.9772499311436227,0.39014372905812505,0.0,0.0,0.0,0.0,0.3,0.0,0.4,1,1.033815016832142,1.149726423632683
29,1,0.8382508662576592,0.9669706811733998,0.9613099287735962,0.39226851675062346,0.2255654847068683,0.06636953829616396,0.0011372810832641226,1.588216203814e-05,0.3,0.0,0.4,2,1.0042257375687575,0.9459458579805184
29,2,0.7523863514159962,0.9411984210064744,0.9371236934313688,0.37725424514564,0.2213288457086089,0.0721519483796009,0.001504124307310455,1.721331288971e-05,0.3,0.0,0.4,3,0.8672217300004246,0.857099565659728
29,3,0.5821811929164876,0.8728449269181894,0.8653894280348705,0.3373782349711545,0.4801721040373484,0.06642354625863693,0.022257662005674663,0.00031194273890274,0.3,0.0,0.4,4,0.6646857169908066,0.7057366065714359
29,4,0.5793017733629663,0.8708994780504962,0.8634050608598262,0.3372123892603154,0.02417205616077596,0.062580094936825,0.01770953823616174,0.00025206132038961,0.3,0.0,0.4,5,0.6558164726014215,0.6927739801601892
29,5,0.5297709296964559,0.8473533137295186,0.8386806289656175,0.32474081405543426,0.09877723717495869,0.061908172106143224,0.004475285103553232,5.3018020252429995e-05,0.3,0.0,0.4,7,0.5310179119339484,0.5810619028942556
29,6,0.3993039944631404,0.774994461695129,0.765618816721003,0.28045982851338497,0.5301422389418734,0.06297283312999855,0.010510483162291587,0.00011420602193064999,0.3,0.0,0.4,8,0.3563364879754399,0.3605222641588671
29,7,0.3835114937409515,0.7660197363726101,0.7591498374680937,0.2840035650065939,0.056566545152599554,0.06422720427315252,0.00968072253758658,0.00010809127621668,0.3,0.0,0.4,10,0.3605310874449154,0.4437532817920668
29,8,0.3802794860352055,0.7656575484838464,0.7616844047127596,0.2853460867795787,0.02767160554355139,0.06833850670472448,0.017495336429168673,0.00018791251770898,0.3,0.0,0.4,13,0.3158635493817955,0.3936417502625232
29,9,0.37026893210354567,0.7568733242563538,0.7495308543104853,0.28941949113147747,0.0338361825170824,0.06481207955865018,0.012261849769386088,0.00013112526218104,0.3,0.0,0.4,16,0.255159805165547,0.2637564779709972
29,10,0.34574705219805746,0.7388520083719612,0.7306157030281814,0.2800004013922269,0.1408561091459936,0.06359967061572905,0.01024791526300794,0.0001078429495488,0.3,0.0,0.4,17,0.2512142118666927,0.2638080125882726
29,11,0.33411298885612933,0.7325173803672869,0.7299883695676551,0.28342031276426455,0.03584266696112682,0.05906107555553306,0.007353908635405669,6.957395131184e-05,0.3,0.0,0.4,20,0.2768796253273033,0.259528819281886
29,12,0.33399088574680785,0.7324734152537797,0.7299294890593803,0.2858760389604103,0.019997582543959138,0.05989631684654969,0.007228192358953177,6.8623457646e-05,0.3,0.0,0.4,21,0.2762258275289438,0.2585111898319712
29,13,0.3301371657227174,0.7298456112878399,0.7270730510688738,0.2986492341390866,0.035456767451020575,0.06619415725120753,0.007447901311366235,6.326821780196e-05,0.3,0.0,0.4,23,0.4041692942246678,0.313772004436765
29,14,0.3002866338680882,0.706198463170638,0.7053092246777592,0.286061656774161,0.17701850758122575,0.05940672632511047,0.011353933027129623,0.0001295173727111,0.3,0.0,0.4,24,0.314932583539834,0.2921543877703286
29,15,0.3002476108079819,0.707848046445322,0.709950400887897,0.298680638180417,0.022156495188835692,0.06412253681044408,0.00880176613219131,0.00010080238701615999,0.3,0.0,0.4,27,0.3309427223669666,0.2868626574065326
29,16,0.29543821769593437,0.7021809332708477,0.7010014116904774,0.3038632214384737,0.035089624343102845,0.06509299379040448,0.05066691611511266,0.00015008234447475,0.3,0.0,0.4,29,0.3811751584677638,0.3965935682402072
29,17,0.2830956514942945,0.6909717611069226,0.6892410347095141,0.299158972759431,0.09418054425923772,0.06403343405667236,0.043855580638743785,0.00013037024458409,0.3,0.0,0.4,30,0.353447129025051,0.3791852015059207
29,18,0.25317630381145134,0.6678578139749709,0.673888157330432,0.2801335619889579,0.05978502108642702,0.06452362822970117,0.005751499680681949,5.020901570228e-05,0.3,0.0,0.4,35,0.2162466852330809,0.3046879385500966
29,19,0.23811600356078952,0.6486583311681865,0.6507362101917126,0.2537251035633065,0.1300098795612435,0.06455644014949212,0.008203380037760716,6.983957983111e-05,0.3,0.0,0.4,36,0.1778717527502028,0.2897366110193418
29,20,0.22249283516590046,0.6324184606003997,0.6366623676256205,0.2573227099486552,0.1399412013918742,0.06396607015535805,0.006160068186177817,5.182922011526e-05,0.3,0.0,0.4,37,0.1827253540184356,0.270276905634925
29,21,0.21939196675997216,0.6288078553169754,0.6328796998996167,0.25494258246547596,0.04250537654313753,0.06321168838645927,0.00805576796112905,8.598002635237001e-05,0.3,0.0,0.4,38,0.1693286193538564,0.2798376123825918
29,22,0.21472419535010417,0.6232059939382898,0.6269969381243632,0.2540349391085556,0.03167010328482294,0.06304556111193603,0.006600009665138215,7.150862605534e-05,0.3,0.0,0.4,41,0.1790274363195228,0.2707005854689498
30,0,0.9513718308291728,0.9871765229960979,0.9865270184896172,0.39579322388588795,0.0,0.0,0.0,0.0,0.3,0.0,0.4,1,0.8978603919440228,1.1405291072523955
30,1,0.853805368331687,0.9718429216526577,0.9664254797304296,0.39540925025038376,0.2533796571295967,0.06659542367604616,0.0011166325981893776,1.6499703347919998e-05,0.3,0.0,0.4,2,0.940172843623057,0.9459458579805184
30,2,0.7624696287859571,0.9406933602856979,0.9338104804333575,0.3785656475180534,0.21721908923545136,0.059107615678279976,0.0076998541738489325,9.465025547864e-05,0.3,0.0,0.4,3,0.836571967737552,0.9604005382227864
30,3,0.6760966039062721,0.910769042836775,0.9022439548281774,0.36032030163772955,0.24378047076601347,0.0674952798475213,0.004594954851862904,5.660406365181e-05,0.3,0.0,0.4,4,0.79047248367018,0.796072091019263
30,4,0.5539723200896958,0.8622087784075004,0.8539830897364041,0.33474478581924366,0.21201394979996444,0.08196631429367363,0.006656070149820051,8.204444644001999e-05,0.3,0.0,0.4,6,0.663514295240615,0.5921346133279964
30,5,0.5485893277263793,0.859930924160835,0.851559945966602,0.335173244326861,0.0449904053420665,0.08391997513045606,0.007758737288652984,9.505877779447e-05,0.3,0.0,0.4,7,0.6621592990518352,0.5711903120532138
30,6,0.42150149573602097,0.7913893508111965,0.7825412500542104,0.29410141330244194,0.5053935816870424,0.082961399135045,0.005798591284230513,7.107066305445e-05,0.3,0.0,0.4,8,0.4436518751519584,0.432571054326287
30,7,0.4048071828670876,0.7807953354098728,0.7713910623047247,0.2864650237849704,0.10099698846697448,0.08422455425551553,0.007585236317092767,9.182583372780001e-05,0.3,0.0,0.4,9,0.4382857565174342,0.4057186843401218
30,8,0.38117015232422036,0.7621528345117626,0.7522367224353513,0.27634149593346424,0.08642435348160787,0.055454799420034805,0.014775229818957685,0.00032846354615263,0.3,0.0,0.4,10,0.3773235215791228,0.3580627745905583
30,9,0.3763580828818104,0.7585735609048054,0.7485212102736994,0.27567270940214156,0.03442129328361639,0.05252189712795714,0.012596196412226196,0.00030526955262404,0.3,0.0,0.4,11,0.3753507466254758,0.3771617551596173
30,10,0.34824400386245796,0.7398197714289756,0.7318627754401258,0.26556199447525014,0.14665811210059534,0.048217391564294436,0.01209801774159246,0.00027575380710304,0.3,0.0,0.4,12,0.3708044184025693,0.4033490376234193
30,11,0.33260671190637003,0.727936175634516,0.7193619427328951,0.2601135231943111,0.09823812612752564,0.04927535970528204,0.009250436265244919,0.00024217295264671,0.3,0.0,0.4,13,0.3600480583067962,0.4128624286451067
30,12,0.3232906866370268,0.7207087925713684,0.7117390255145434,0.2591271676948083,0.06922301449303102,0.05131725536119175,0.012621597521017035,0.00016701239713905002,0.3,0.0,0.4,14,0.3246512234062337,0.3727188986000949
30,13,0.318403989893089,0.7166909336235531,0.7075270697079739,0.2586357544363857,0.04137947465175316,0.05071920375655956,0.011162338946536392,0.00015183645912542,0.3,0.0,0.4,15,0.3214528984920843,0.3856158260472258
30,14,0.31826903963047626,0.7165928707331604,0.7074094318661922,0.2608221450365835,0.017932254394617396,0.05169327511661056,0.010671564474827987,0.00014143374490246,0.3,0.0,0.4,16,0.3175833205979503,0.3618623617880114
30,15,0.3167363345539004,0.7167739019422126,0.7105711870381228,0.26740992948741626,0.020443563455361285,0.052195616690499824,0.010601362844640801,0.00014310389747636,0.3,0.0,0.4,18,0.3092769447655184,0.3659419636917509
30,16,0.30963416356758144,0.7108354008535568,0.7043541617397996,0.27677038535120807,0.05317732760888088,0.0507192078304607,0.011162345851554742,0.00015183654453078,0.3,0.0,0.4,19,0.3016286751459895,0.3721895603179687
30,17,0.31171364390738376,0.7180150826337305,0.7205081465081777,0.28495185310274557,0.028060647944081116,0.07227816843324729,0.008495375538037668,0.00011710824642047,0.3,0.0,0.4,23,0.2997218043213224,0.3747051319784393
30,18,0.30252209751090403,0.7108538220007645,0.7162275207077116,0.283131351598009,0.039842151012209004,0.05487044916374332,0.007203279955640521,0.00013414149205214,0.3,0.0,0.4,24,0.2894323555498247,0.3433769073394195
30,19,0.30193345652590103,0.708865145844254,0.7111676522684949,0.27363832122150955,0.01880756725137982,0.054300358756300994,0.007138991245534478,0.00013275627721695,0.3,0.0,0.4,25,0.2908472946827149,0.3485614945099085
30,20,0.28641041475883255,0.696704805874523,0.701346263856311,0.28089438643580344,0.11401208371527424,0.055951333625318775,0.005773899012270591,9.487628035601999e-05,0.3,0.0,0.4,26,0.2812200475437078,0.3142829647154489
30,21,0.28175409029897375,0.6924838985879139,0.6968939145451563,0.2836102296368328,0.03292392894011057,0.057126653500307836,0.005242259631865799,8.660200014996001e-05,0.3,0.0,0.4,28,0.2915534983973422,0.2993914087398978
30,22,0.2802369573521336,0.6910996151249692,0.6954279909072489,0.28809737938983015,0.028511047714842624,0.057833623508346255,0.007509629453076226,0.00012546501817392,0.3,0.0,0.4,29,0.2755690325130537,0.3001467687533784
30,23,0.26650445397546624,0.6780587832104619,0.6817217698103032,0.2787458138006876,0.10806038905080222,0.05759886305523974,0.0178877513332932,0.000543421155108,0.3,0.0,0.4,30,0.2690317885207122,0.3634382098598981
30,24,0.26016045032815716,0.6703448564746913,0.67063118961983,0.2801888279743132,0.061666417458971,0.058437779034194205,0.012387496376369288,0.00025022162344582,0.3,0.0,0.4,31,0.2589824016787057,0.3921657794926977
30,25,0.24968362789700746,0.6625744222921829,0.6684038917055598,0.2778684032085653,0.0946955494985151,0.05956189408330352,0.011355922131932258,0.00047909315531347,0.3,0.0,0.4,32,0.2461455030884197,0.3135665170988607
30,26,0.24755948636770783,0.6603768187656384,0.6661193980647581,0.27903792889998086,0.023489807383280263,0.05805204958661386,0.01731921389423703,0.00040579575676264,0.3,0.0,0.4,34,0.2457369472259926,0.2762292808584964
30,27,0.24263106982507757,0.6536724885879251,0.6560762009322783,0.2813242231888482,0.0568691106826571,0.05887174665916781,0.015579024120485877,0.0007845169274899999,0.3,0.0,0.4,35,0.2426085552558466,0.2643780671554037
30,28,0.2402596616442589,0.6509970990729915,0.6531911977981082,0.28288967843652585,0.04797025385534079,0.06372239827393289,0.017745264477047697,0.0008049986056639201,0.3,0.0,0.4,36,0.2519505613691571,0.268018545988786
30,29,0.23724852787318573,0.6507218562284541,0.6589129480504371,0.29063482050552797,0.023353875197307566,0.06037046136915562,0.01336963309839313,0.00072427730594924,0.3,0.0,0.4,39,0.2444017840838639,0.3871642360002982
30,30,0.23581167266426778,0.6506331517651935,0.6618151269707705,0.2970365697801974,0.022315185071830182,0.059490024830487744,0.012854043842653262,0.0005858855101871201,0.3,0.0,0.4,41,0.2398111247068376,0.4364529710948439
30,31,0.23317203428783864,0.6490705210322141,0.6631104211022878,0.3145441096730108,0.02422613367060096,0.0627715136852697,0.006191725869627328,0.00020432656140022,0.3,0.0,0.4,46,0.2292091377755566,0.2666118039178908
30,32,0.23207996191690047,0.6479296719865891,0.6619462581918327,0.31356977307991135,0.02140764391162371,0.060495937297790014,0.006184166882148536,0.00020968483271743,0.3,0.0,0.4,47,0.2280206353502153,0.2647409063575761
30,33,0.22893092759699293,0.6441270526201806,0.6578602847937411,0.31670207083629925,0.058589761050498596,0.06653127415106966,0.0048807569393678465,0.00016369107806693,0.3,0.0,0.4,48,0.2397829087659313,0.3538149735542564
30,34,0.2282064051623018,0.6432916575892058,0.6569808906576905,0.3181267345077432,0.026047193360801777,0.06649522068933914,0.0052888974550917515,0.00027429800734433,0.3,0.0,0.4,49,0.2386288544150723,0.4400236844240926
30,35,0.2248944739565362,0.6381696647579633,0.6486726049028579,0.31639220841300525,0.03715576275576205,0.06316069672322494,0.005355932243030865,0.00019362260044277,0.3,0.0,0.4,50,0.2289881061725998,0.3734933968064999
30,36,0.22344695086866018,0.6377126452844684,0.6511028964871501,0.32357531231329595,0.04294518324827327,0.06741547998624622,0.006143955154870882,0.00039576516071554,0.3,0.0,0.4,51,0.2275145652888466,0.420365273280141
30,37,0.22198296469920611,0.6360344074517947,0.6493526335333092,0.32537667400178133,0.029927205962816936,0.06663745144326602,0.005738507619547848,0.00033812984798582,0.3,0.0,0.4,52,0.2240329273975739,0.4351409304548689
30,38,0.2130347612587752,0.6279781685879381,0.6468049192840716,0.33782479610684635,0.03722175995947602,0.06956927749754013,0.00564404189275175,0.00020431072291708,0.3,0.0,0.4,57,0.229417131564876,0.3419974734053216
30,39,0.20945757711065618,0.6277935020859519,0.6555273315697897,0.3701813180785696,0.02565998118681511,0.07100945559679071,0.005907732855637427,0.0001668104111157,0.3,0.0,0.4,65,0.2039620362260653,0.2970064461764679
30,40,0.20920598119785042,0.6274873629258682,0.655207761387092,0.3784868192184649,0.022242086992417337,0.07087255367173713,0.005894832085129994,0.00016677225933827,0.3,0.0,0.4,67,0.2040590450972776,0.2974403386904704
30,41,0.20904971862151045,0.6272958862982044,0.6550076805984224,0.3805724122641398,0.022480950131051954,0.07083371750643247,0.0050405627150178255,0.00014302333521919,0.3,0.0,0.4,68,0.202842682335508,0.2982955668876018
30,42,0.2088685442671745,0.6270438337208897,0.6547382736109744,0.3867952792113542,0.023757542159166905,0.07113116800986521,0.005187261365537489,0.00014555459479499,0.3,0.0,0.4,69,0.2052099760942557,0.3024550604317239
30,43,0.20829761547786554,0.6264660834888562,0.6541588742329133,0.3862290236060266,0.021075651278118734,0.06931339334388667,0.005133481412085303,0.00014573172229154,0.3,0.0,0.4,70,0.2032321629259474,0.3024136962309553
30,44,0.20800777288843617,0.6289290439504794,0.6626878614894219,0.4051135501467348,0.022557988474296634,0.07041264195015998,0.005855040415176726,0.00016610641112435,0.3,0.0,0.4,74,0.2037484111485608,0.2996364034340548
30,45,0.20808182492597632,0.6289406375602835,0.6626844213391744,0.40993232420479575,0.023541360945597615,0.07149204453217427,0.004499420730056964,0.00012644303171828,0.3,0.0,0.4,75,0.206048927122864,0.3011489464172071
30,46,0.2066648103529729,0.6361976524687827,0.6882402663748656,0.5087580866585372,0.020489611004264375,0.06773832287361356,0.004073696477042607,0.00017048891889092998,0.3,0.0,0.4,102,0.2197477985436443,0.380496141934208
30,47,0.2053240953872142,0.6534828554994376,0.7450741935461651,0.72505479461207,0.021868124270012505,0.07094187336632593,0.010014236879983604,0.00053515079637443,0.3,0.0,0.4,160,0.2185703941354453,0.3782649751763117
