Run,Equation_Index,Hybrid_MSE_Train,Hybrid_AIC_Train,Hybrid_BIC_Train,Hybrid_MDL_Train,Hybrid_PSM_Train,Extrapolation_Divergence,Sensitivity_Interpolation,Sensitivity_Extrapolation,Lambda1,Lambda2,Lambda3,Complexity,MSE_Test_Interpolation,MSE_Test_Extrapolation
1,0,0.9249805962529296,1.036377480227246,1.0294544828718128,0.22300312742418318,0.09764158139958275,0.09757868222658594,8.861105154716001e-05,0.00013727376188964,1.0,0.4,0.2,1,13.089856425920146,29.46462435963484
1,1,0.7010843786195434,0.9666462080657737,0.9528689813988969,0.2515200217157526,0.5392862090862238,0.1557382141956265,0.0008563261527664799,0.00110040812941802,1.0,0.4,0.2,3,6.892321886701513,14.276639369627066
1,2,0.5202055064803677,0.833328049835751,0.8092698300191195,0.19041688913883206,0.37644289450880675,0.11339002594220635,0.0008749652230058899,0.00111711021235485,1.0,0.4,0.2,5,6.719644286110709,16.46563854205786
1,3,0.5008235918260059,0.8162353168501766,0.7913577334064809,0.18224675321344413,0.14606041592212402,0.10380001368906189,0.00052979649281057,0.0005485372661893,1.0,0.4,0.2,6,5.971136928207853,15.332833167123203
1,4,0.4430104015389295,0.7682259676382414,0.7380314719958859,0.16809080200931947,0.37377636519547247,0.10252984042705596,0.0009591813281754,0.00124935577194047,1.0,0.4,0.2,7,6.454015167677085,15.016053914465123
1,5,0.4414228715624902,0.7667388172525404,0.736523560179179,0.17331013560812097,0.1033087426019084,0.10122903153660183,0.0009652291703853,0.00122213144499778,1.0,0.4,0.2,8,4.665617321569218,14.681124910992857
1,6,0.39583660253278236,0.7234427442504462,0.6896737965139209,0.15531586592882038,0.27053521267428,0.08956574450197843,0.00070508042356591,0.0008208965851672099,1.0,0.4,0.2,9,4.58424092106464,11.59332880730974
1,7,0.3614632070555954,0.6886515982846052,0.651549203835073,0.14611255138940682,0.25499429839760834,0.08402897597757193,0.0010494452755548099,0.0013543770045834,1.0,0.4,0.2,10,4.727096961082463,12.65492177522426
1,8,0.3591645968777336,0.680647365130735,0.6338117719849456,0.15157742578031544,0.1743605420529079,0.09465487890225435,0.00071400197261502,0.0008602172130327201,1.0,0.4,0.2,11,4.504053104038573,13.380889710899057
1,9,0.31630595476788986,0.6342869560958687,0.5898833813458544,0.1467491385786968,0.24156960845642184,0.09431783734224289,0.00101141953505511,0.0012169457778959,1.0,0.4,0.2,13,3.679845970546298,11.80882354995702
1,10,0.28217384880040375,0.5866601176527011,0.5366960762822492,0.14238521383504596,0.23872542430785856,0.09582524475514752,0.0011181843668461098,0.00136482518156153,1.0,0.4,0.2,15,3.6446842274705857,10.4457528141161
1,11,0.2738203992817005,0.5783038246036807,0.5350607251617325,0.1467955072152354,0.13250215103251334,0.09573857766279924,0.0011025576641503,0.0013459311089894601,1.0,0.4,0.2,17,3.826793397795948,10.885958459678807
1,12,0.26046759720885687,0.5566326246692487,0.5040562304107404,0.1408289728168615,0.14870978737399324,0.08887672483292638,0.00121723833563882,0.0013625490977875999,1.0,0.4,0.2,18,3.552239324762595,7.428283940322431
1,13,0.2528613086619012,0.5344885774510366,0.47089262031073076,0.14435740624290114,0.16980055929993249,0.09651914150283533,0.00115678971730808,0.00145167444091437,1.0,0.4,0.2,20,3.847001797011548,9.54078295323976
1,14,0.23031597810150556,0.5036956340484606,0.45205931839945707,0.1618588515798718,0.20795548466351232,0.09524079340017624,0.0014010556697272802,0.00156713565281562,1.0,0.4,0.2,22,4.063094923041829,7.896751754657279
1,15,0.23173014759978564,0.5040065332163461,0.4521116801933785,0.15524558186518095,0.11189708603021051,0.09789753652568009,0.0012821109579064301,0.00151970610190271,1.0,0.4,0.2,23,3.880179439669651,8.01640706266584
1,16,0.2315798328290339,0.5082949473753396,0.46453670630573235,0.15785676491783154,0.10064894456646994,0.09791372798455704,0.0012889681380372799,0.0015303290535106698,1.0,0.4,0.2,24,3.898173275017335,8.042270442988439
1,17,0.23017328297558823,0.5066254519670553,0.46280590839285424,0.1753433995666757,0.0991705934659334,0.09651889108190176,0.00170035009763769,0.00204681256963305,1.0,0.4,0.2,26,3.5082505103591743,9.415724039235696
1,18,0.2221912467602123,0.48518500696306394,0.43835291678657345,0.18356804542930927,0.2564080368610588,0.10180414212330591,0.00168074893784627,0.00175518739227459,1.0,0.4,0.2,27,3.712263873771877,7.99624039378768
1,19,0.21218025969295537,0.4748428110579417,0.43513476394240447,0.16832725304389526,0.1506851333339613,0.09612984744996902,0.00167617355954368,0.0018818108254040102,1.0,0.4,0.2,28,3.6926766499075794,8.270085022765517
1,20,0.18933542878577828,0.43081332793635835,0.3794985499218791,0.15827251901076053,0.17795251657571584,0.0871812654328808,0.00158560704424363,0.0015474347414658998,1.0,0.4,0.2,30,3.230469356316984,7.5538373189807535
1,21,0.17299864684356694,0.3933030647574154,0.34538878067152323,0.17746860154175664,0.11810427128581337,0.08709601225706129,0.00181014177835969,0.0021863921846881898,1.0,0.4,0.2,38,2.627058946473026,5.193526983530653
1,22,0.17347958247408796,0.39554531837741946,0.3552963873736848,0.18899148574045838,0.10332006337464288,0.08927464326625163,0.0017632966758932798,0.00211113134675632,1.0,0.4,0.2,40,2.6344347769799805,4.767959192257015
1,23,0.16397743304915371,0.3771004275185598,0.3352701445785025,0.18770862811770048,0.16654243226744364,0.08484241439699639,0.00173096191074293,0.0020798800928277903,1.0,0.4,0.2,41,2.381405857179218,4.813190745738976
1,24,0.1709200067281501,0.3932513474283496,0.3751447119659247,0.25452347268067255,0.10046758699499092,0.0943272952107032,0.00149688862095264,0.00222167196185028,1.0,0.4,0.2,49,2.367184624885653,5.476973277932091
1,25,0.15551328511551885,0.3541300178921957,0.32461630497719074,0.24451280599224304,0.2541987406683242,0.08829680038329003,0.00166142516659609,0.00248798037906935,1.0,0.4,0.2,50,2.4962125596578826,4.741040343297204
1,26,0.15409980334581067,0.3525325764239287,0.3304039343420604,0.25479152280622347,0.11035392907565039,0.08910355218419734,0.00163448341332555,0.00243431691357614,1.0,0.4,0.2,52,2.481109951483433,4.891780412097967
1,27,0.15225983753311773,0.34818302101966314,0.32564308074953285,0.2570497387511776,0.11053605270081486,0.08839441964250637,0.0016382841902235798,0.00242353346416714,1.0,0.4,0.2,53,2.5482266712434254,4.6411422500175865
1,28,0.16086109281209987,0.351028896996991,0.32012606966232143,0.2581134136011522,0.10829258832233926,0.09720192926802942,0.00180274567925825,0.00363750892251274,1.0,0.4,0.2,54,2.759996141592307,4.744592938397721
1,29,0.15361219675607965,0.3528892994897236,0.338320688102678,0.27757824579886825,0.09174661195072109,0.09032085247526143,0.00160593912524668,0.00235804068886494,1.0,0.4,0.2,56,2.49706878194218,5.353201094155955
1,30,0.1611306789384018,0.35809067816263246,0.34314518518860254,0.2899574153829108,0.10957808024473106,0.09879419886940516,0.0016527071174790402,0.0025799441142721103,1.0,0.4,0.2,58,2.877951231506179,5.551683530681658
1,31,0.15017795646161175,0.32863565338536216,0.303287477924489,0.2831307110060294,0.20846487982761536,0.09369595036237945,0.00160372188380822,0.0025010949018293297,1.0,0.4,0.2,59,2.8699314271433005,5.9893273945044125
1,32,0.14859727653554897,0.3269941952421937,0.30163666833769925,0.281698306826966,0.09373215885434713,0.09224243836888268,0.00149208927770824,0.0022011604053390798,1.0,0.4,0.2,60,2.8139138757139976,6.234806530901827
1,33,0.13333982928321167,0.29197828188333547,0.26354049817107383,0.27825787162291127,0.24254407826180233,0.08433402090866206,0.00166028164899829,0.00262348111019478,1.0,0.4,0.2,61,3.02793648882702,5.806231574565619
1,34,0.13293794359391087,0.3203502008017203,0.3486058778742663,0.5147029799148962,0.08696834998066608,0.08502921979777282,0.00211208364025118,0.0023496091499620097,1.0,0.4,0.2,104,3.1403113033547485,7.078077206323661
1,35,0.130805499602995,0.3116824070785649,0.33894410417241,0.5265219541596834,0.11178340183774299,0.08517117227636359,0.00211074470790133,0.00228389995178744,1.0,0.4,0.2,106,3.373579616850154,7.082228823054459
1,36,0.1333188240195141,0.3233168350977319,0.36691502221283223,0.5661743157422887,0.0891035098634318,0.08772569386460696,0.0020562950834961302,0.00231008947357085,1.0,0.4,0.2,112,2.9238390020606446,7.044888372749534
1,37,0.1290924706329912,0.3142127804530473,0.3570744994001437,0.5625733654353455,0.12397165044794946,0.0845809897561125,0.00298470491546903,0.00323928047770446,1.0,0.4,0.2,113,3.366868293296837,7.021486146787641
1,38,0.12573218259305335,0.3000067164572222,0.3412477273120418,0.5855055627705156,0.12788517119122786,0.08477622454000434,0.0029459503074293703,0.00302837860423707,1.0,0.4,0.2,115,3.363858811695135,7.413102752164208
1,39,0.13237445193331765,0.31049447328814483,0.3597976545143472,0.6064413592113255,0.09915067150184992,0.09179484729179296,0.00277765910043417,0.0026646960760779203,1.0,0.4,0.2,116,3.379798068395775,7.065540051105257
1,40,0.13229671709297217,0.30986476693910003,0.3590859114813662,0.6108434466560169,0.0977341490945913,0.09184867530597228,0.0028246851314937703,0.0027792837091555602,1.0,0.4,0.2,117,3.266631110898093,7.136071742926869
1,41,0.131940876301538,0.3083131013872656,0.35735775350109383,0.6059019251697838,0.10247138624003432,0.09185771907421764,0.00282871309778913,0.0027821122817914797,1.0,0.4,0.2,118,3.274143603291616,6.93481093613362
1,42,0.13177701251474647,0.3125622497980789,0.3697534119481484,0.638242611603209,0.0948307035826482,0.09179484721699047,0.00277765910093267,0.00266469608237547,1.0,0.4,0.2,119,3.372350626702615,6.901477469880719
1,43,0.13421614980205346,0.29252137933229233,0.3164137812901661,0.5999751977692546,0.10480471927169711,0.09274838725524263,0.0043580864999794595,0.01317821658406577,1.0,0.4,0.2,123,3.2288884355293064,6.137743649650901
1,44,0.13279578854265628,0.29935146756370956,0.33945230304170065,0.6441817461346626,0.09836534764439737,0.09129819330066499,0.006528298310373939,0.01041995941528807,1.0,0.4,0.2,126,3.328413482168646,6.442729618361394
1,45,0.1364093339889262,0.3074544503745951,0.3557132389060243,0.6582753335556638,0.1004623257866487,0.0946775320849758,0.00714637613566655,0.01052059601654007,1.0,0.4,0.2,127,3.3314287535310583,6.46739453028088
1,46,0.1353107260618676,0.30507254239543724,0.3531428034280482,0.6570944338215762,0.10853945832755764,0.09394612454126475,0.00717630073551771,0.010551849130081729,1.0,0.4,0.2,128,3.315168673745676,6.514712592329953
1,47,0.13155097660602225,0.29635162676676646,0.3361946878511883,0.6516800144060144,0.09798185040180545,0.09047248312598394,0.00670334158308762,0.01060802949882212,1.0,0.4,0.2,129,3.1702966374865404,6.3673199233383215
1,48,0.12492376580377808,0.29408027391303126,0.34206169337525877,0.6627888447443396,0.08964236484077823,0.0873573514951799,0.00215853381287457,0.00250466783908912,1.0,0.4,0.2,131,3.213143025135268,7.220308707387182
1,49,0.13113158977736314,0.289866738030818,0.3213206702204535,0.6885487289932828,0.09711774268423153,0.09188124295640429,0.00610539264597711,0.00484686210076625,1.0,0.4,0.2,136,3.2045506495048244,6.797802320408979
1,50,0.12325644884335424,0.28354754764833917,0.32273040867054353,0.7091977324562854,0.09965838358593188,0.08480908867441025,0.00605883558484749,0.0054048311906584896,1.0,0.4,0.2,138,3.405814145692254,6.768189026444627
1,51,0.12857458989188952,0.28492933057849157,0.32353865564122736,0.7249756940608633,0.12400500069320176,0.09113687660799283,0.00610621803766021,0.005957203632453,1.0,0.4,0.2,139,2.9142494801417413,6.895359264024465
1,52,0.12486805442640082,0.2846655409509643,0.33128096159752796,0.7211827546049256,0.0999614053933808,0.08806308747541972,0.00591626462328604,0.0048263224573158,1.0,0.4,0.2,140,2.9789796723317474,6.766438578934634
1,53,0.12456688863275324,0.28398910886519413,0.33054993197636,0.7360777233656008,0.09397859666388833,0.08786547798239797,0.00592165952584507,0.00483217642183609,1.0,0.4,0.2,141,2.963925024547488,6.672962371847732
1,54,0.12246600325756947,0.27748949933662886,0.3309246420120024,0.6043531040111255,0.15786257703872394,0.0879259878413424,0.0054880910948669,0.00741569965370117,1.0,0.4,0.2,142,3.345523754515208,7.00993879745841
1,55,0.127673114606387,0.29434019263519373,0.37198797348670565,0.7872808546735995,0.09897278441440918,0.09430996003689184,0.00535845770303542,0.00470995323534008,1.0,0.4,0.2,152,3.394146804450976,6.942523132490615
1,56,0.11200225306323325,0.2692776376786884,0.3305496194390883,0.9249919803460777,0.08206221112852272,0.07940765624908294,0.00432409205418631,0.00319562596567454,1.0,0.4,0.2,170,3.2373113035351864,6.707212881581091
1,57,0.12390386659131647,0.28445564300829324,0.35371208529538506,0.9440836941140898,0.09996651095839532,0.09089989835703728,0.00569041745293594,0.00428583385088257,1.0,0.4,0.2,171,3.047722160958206,6.985758553333455
1,58,0.1205206595216735,0.27710802992848044,0.34579770397367043,0.9637980243729802,0.10135316752068697,0.08874939734255158,0.0057545106931761,0.00324957164264533,1.0,0.4,0.2,174,2.8639486621617527,6.682602735838602
1,59,0.11913077489103129,0.2935247445441026,0.39482638099486334,1.088278541666537,0.0906679007478685,0.08765672066150607,0.00486372949927483,0.00432053214224298,1.0,0.4,0.2,195,2.8104686199952864,6.646772554198771
2,0,0.9587750295249349,1.0518594427900205,1.0462164523000497,0.23032636046997124,0.10179586478347724,0.10173320939439785,8.792394336514e-05,0.00013742905866666002,1.0,0.4,0.2,1,21.73034360222208,28.895647767692
2,1,0.8418261134058527,0.9855873096340627,0.9762088901731906,0.18963825034146264,0.2590777230764279,0.0685751386722694,7.545453570267952e-06,1.0338059721000001e-05,1.0,0.4,0.2,2,20.42263599209333,29.5843128399992
2,2,0.6108710596783603,0.9013814643402206,0.8832115515551494,0.21425190183830886,0.9951312181107076,0.1294491884453261,0.0007345466780239301,0.0008299192732569899,1.0,0.4,0.2,3,12.704018825639118,13.828726050692763
2,3,0.48270361250184957,0.8050525849539205,0.7770057883638172,0.18755155797528078,0.37322838567679506,0.12047926936865458,0.00078062798190151,0.0009671815732485,1.0,0.4,0.2,5,10.086453929360736,16.765719489150523
2,4,0.3822019038697661,0.7101253284549351,0.6746602021861805,0.14608150562308697,0.2809325983423197,0.09117945007136016,0.00081743331660762,0.00099056419027307,1.0,0.4,0.2,7,8.272135843632332,15.05576012606247
2,5,0.3134622781285313,0.6380706742902901,0.5979431969427524,0.110439913524457,0.17907555868582956,0.06033412828190997,0.0008856812999193499,0.00110361515022839,1.0,0.4,0.2,9,6.4774618985351,13.092693501450462
2,6,0.28020306877987294,0.598664907236402,0.5545530230837123,0.10359131086820443,0.15826648721390008,0.056125465909752835,0.00097695705562925,0.00122888139020008,1.0,0.4,0.2,11,5.39697313534022,12.802735136614098
2,7,0.3177956400269943,0.6354249196324236,0.6032826179678537,0.17142311912282257,0.23477317894780206,0.12234524253413767,0.00095353683266882,0.00172505739531775,1.0,0.4,0.2,13,6.542159678292957,6.316236919963333
2,8,0.23887101070211236,0.5273523851294758,0.486437552226321,0.12731190039760332,0.31629274862621337,0.09185248828435502,0.00104011251207647,0.0018101044176744199,1.0,0.4,0.2,15,5.208062203470777,4.992569848226962
2,9,0.21883931025809739,0.49531279565041086,0.4514746193876604,0.12226385870010283,0.16113758769044936,0.08562044578752401,0.0011283095640931599,0.0019423732827461699,1.0,0.4,0.2,17,4.217654168550851,6.444089449022743
2,10,0.20699494176370636,0.4774475548835278,0.43941083500025774,0.12349831424612367,0.1448978161709208,0.08412722864387326,0.0011658228102678701,0.00199190678873277,1.0,0.4,0.2,19,3.722303966485248,6.319557706432972
2,11,0.1868398261245504,0.4189877193405278,0.3732482208725201,0.11750112945376309,0.4873674509070427,0.0930700712611934,0.00232986637533191,0.00347107431097635,1.0,0.4,0.2,20,4.371212102823602,3.849761882117241
2,12,0.18607546123485358,0.4036677639686798,0.362623400769976,0.12867437171918178,0.1942157905035328,0.10414781473392942,0.00193326924853129,0.00321039419795553,1.0,0.4,0.2,22,3.61417438766466,3.3710408853864022
2,13,0.16045554969547696,0.3515825401832086,0.30600459336736785,0.11461033358931633,0.2091506715268945,0.09212076314834444,0.00202146630054798,0.0033426630630272796,1.0,0.4,0.2,24,2.961048119714977,4.6847435183030175
2,14,0.16008582211696906,0.3409123403877124,0.293638872324637,0.12042081777867872,0.18434769751879795,0.09651896416160813,0.0019296144464273999,0.0032048664415784004,1.0,0.4,0.2,25,2.961960658310288,4.514137985623968
2,15,0.15295210094595613,0.3222251147562068,0.28053134885703174,0.13055497328952625,0.16372890185945213,0.0961367996086102,0.00200628509328153,0.0033244674194244997,1.0,0.4,0.2,27,2.8466009697000687,3.7659394986206975
2,16,0.14922023513755495,0.3040113381546897,0.25259076392569524,0.11358304028164183,0.1768728586061681,0.09624998397098128,0.00202011238475574,0.00335849156865622,1.0,0.4,0.2,28,2.5996623070174785,3.827553831088155
2,17,0.15159895140009533,0.30621344098374437,0.25476540696051025,0.1232675867843275,0.10087701364952069,0.09871727994084274,0.00202489674703537,0.00324096829312873,1.0,0.4,0.2,30,2.6236021067963264,3.7660541152394975
2,18,0.1445786183500183,0.29583987106757903,0.25133402452931697,0.1295334725262912,0.12750391614743758,0.09465249240711857,0.00198229990455072,0.00329368294810908,1.0,0.4,0.2,32,2.662415885816936,3.699841287458448
2,19,0.14302831815578204,0.29400220857298537,0.2494522067214785,0.13407397017708117,0.09690910835304817,0.09289235743382648,0.00237968754816362,0.00406794829969208,1.0,0.4,0.2,33,2.745102634738623,3.5276927885663887
2,20,0.14019032251161354,0.2863969108678267,0.24858862477648733,0.16027849496193955,0.10425212306311626,0.0936250125388226,0.00210519569283932,0.0032983950200061703,1.0,0.4,0.2,41,2.853889052334385,3.7527686310985935
2,21,0.1341464669143992,0.29136736786290046,0.27765911538899085,0.2060092576419479,0.0931162665641418,0.08840085981616339,0.00218202343492892,0.0038122782224220995,1.0,0.4,0.2,48,2.9306129039549647,3.705876814923799
2,22,0.11643110575272356,0.26803527583561254,0.24599638783146435,0.2772361847828816,0.07321022137008021,0.07031516784010361,0.00311991584028589,0.00562244040077112,1.0,0.4,0.2,64,3.004900737828958,6.589603980359204
2,23,0.1082726006799926,0.24071865623552838,0.2083290368055097,0.27240458541644885,0.17976761854272633,0.067092702380707,0.00295405704747225,0.00479444003059868,1.0,0.4,0.2,65,3.500071536702236,5.854366588770028
2,24,0.10899477670814721,0.23591683119782234,0.20271041204890666,0.28101889436825783,0.11329325843045496,0.06961198580564346,0.00282814125760224,0.00457962201094218,1.0,0.4,0.2,66,3.543275391823472,6.855158183966077
2,25,0.11082693767936604,0.2379921719806324,0.21231944755719048,0.29072514304123726,0.10744648945039416,0.07239009096827638,0.00316842916856661,0.0057225765336714396,1.0,0.4,0.2,67,3.44756317502936,6.999419475150799
2,26,0.10964925083967268,0.23155168013502286,0.21261492269493998,0.3012955130582153,0.11314230309342137,0.07407413699884809,0.00318544646739932,0.00570166630796506,1.0,0.4,0.2,69,3.415616708416178,6.981943431098717
2,27,0.10915541542450222,0.22657794734003842,0.20699301335182113,0.27971762410989726,0.08385855702815939,0.0748727893667723,0.0031532933087417897,0.00558398099111259,1.0,0.4,0.2,74,3.201261826031119,5.829840378551811
2,28,0.10258043448147773,0.22013798339030116,0.20808420086509144,0.41261505082950234,0.07346173214687758,0.06499222545069551,0.00729490316977027,0.01995445751117514,1.0,0.4,0.2,95,3.143394057513707,6.030874578320774
2,29,0.09822712930162587,0.2261136972125783,0.2380845744708424,0.4571655238711592,0.07270903157221745,0.06449888110347932,0.00455090515079017,0.0108130791689499,1.0,0.4,0.2,101,3.207325620898847,6.211029638549062
2,30,0.0967742722992327,0.21615194224038775,0.21939003573364313,0.459789641356341,0.0965414384843916,0.06413548641018424,0.00424981273926995,0.01113995311400953,1.0,0.4,0.2,102,3.1367988514584497,6.479594125643781
2,31,0.09689793796627864,0.21657040645300882,0.22736980640311513,0.4727939467265637,0.07450892834080806,0.06557111881298973,0.00362084463472484,0.01142331851603293,1.0,0.4,0.2,108,3.119688773927304,6.050983727033112
2,32,0.0946980200351796,0.22339977127781768,0.25052329174160587,0.48877468061899954,0.06755740878806751,0.06341770952353556,0.0035897058273667904,0.011470961956558511,1.0,0.4,0.2,111,3.214930263127211,5.775492303182396
2,33,0.09402825211276367,0.21710836292183025,0.24343569976655288,0.5238766408760636,0.07601959241279305,0.0641545745411489,0.0035713536014020998,0.01159633345670822,1.0,0.4,0.2,116,3.216697492643742,5.834623045962762
2,34,0.09140774870688827,0.2124182315361436,0.24598042495687888,0.5566370840314968,0.07889344281869333,0.059779728679808394,0.00766544765537574,0.02039208819893078,1.0,0.4,0.2,120,3.5082113510895674,5.970143419371766
2,35,0.08964416828986382,0.20379167353624636,0.2363931401188928,0.5755866564658729,0.07088062475355285,0.06294348079592517,0.0038841497292014604,0.01151210871501861,1.0,0.4,0.2,132,3.6161913912627006,6.34284075212659
2,36,0.09257505904883977,0.21405847657563493,0.2627482455607971,0.6064482333329034,0.08341338644317058,0.06517809366231188,0.0047732576740597,0.01539645865168501,1.0,0.4,0.2,133,3.2709312609781254,5.728073014491796
2,37,0.09084109854451795,0.20657620369944257,0.24693196071281254,0.6000747139882976,0.0768538859360211,0.06481121772780181,0.0038802325379455405,0.01168243402260068,1.0,0.4,0.2,134,3.4278111954303423,5.751370112807443
2,38,0.08876648695195427,0.20081493566613867,0.24819517035843253,0.6208070742582618,0.12711552899628373,0.06459694366205956,0.00396622570815775,0.011643053678633889,1.0,0.4,0.2,135,3.4571311634665185,6.311958750770798
2,39,0.08972159794163531,0.1945986697107199,0.23344958814197975,0.5850736691810317,0.07908863806067232,0.0660219801960504,0.00405964254213827,0.01196358323370578,1.0,0.4,0.2,137,3.546666505728388,6.359459666995993
2,40,0.0865014351213188,0.1886757345610611,0.23469595866822998,0.58905007496527,0.08548142784279791,0.06446271616987108,0.00388997015497149,0.01194100913919344,1.0,0.4,0.2,140,3.3807772673031424,6.02964889031102
3,0,1.0345042532727957,1.0700784496212525,1.068071054359132,0.22539799001263847,0.08784253345859888,0.08778581206603546,9.031977727618e-05,0.00010296740826477,1.0,0.4,0.2,1,14.961640076473866,28.895647767692
3,1,0.9309780686107204,1.0206612900709127,1.015254151549734,0.19942497585250524,0.2419235358995415,0.06850582989372875,7.895862779124421e-06,1.034122417076e-05,1.0,0.4,0.2,2,13.68875858866604,29.5843128399992
3,2,0.7185805896712756,1.0022843934546537,0.9854301509910594,0.30675413453609,1.2191689827045176,0.21855880905259423,0.0008557660831484401,0.00133933609332008,1.0,0.4,0.2,3,10.309447036400792,14.29096871035034
3,3,0.5388350035416763,0.8538816424639161,0.8290516832419471,0.2123714907084606,0.34462372615581655,0.1407969666342121,0.00077528244338001,0.00119475338323952,1.0,0.4,0.2,5,6.591866314079854,14.214902074581236
3,4,0.4365747176784347,0.7629141508646788,0.731428361399323,0.17097800583241582,0.2789162818002966,0.1086784775408077,0.0008637484078749299,0.00127393948928368,1.0,0.4,0.2,7,5.908334833801098,12.880663183771752
3,5,0.3795319579831702,0.7063535876486718,0.6688246255354103,0.15947096902330643,0.2602187191501787,0.10552964155069103,0.00095744044138936,0.00141909029455139,1.0,0.4,0.2,9,5.439737501367577,14.759330919084857
3,6,0.3150988187667372,0.6328644676296825,0.5884244779995571,0.13702755489263452,0.2700086310872002,0.0931424877273834,0.0010477602186655401,0.00152205770281617,1.0,0.4,0.2,11,4.912291479322701,11.865572166081549
3,7,0.30065808946404093,0.6095592398772547,0.5612756889210334,0.14563193800956153,0.2025303426154373,0.10380783741442734,0.00110206178724233,0.001620330273362,1.0,0.4,0.2,13,4.147836228151353,10.406249093736363
3,8,0.29329244158108825,0.6008020607777728,0.5519977985491854,0.14488182783518933,0.12697155593520668,0.099689753244913,0.00106186700788202,0.0015481493531552802,1.0,0.4,0.2,14,4.191206832961695,10.465996867971883
3,9,0.2869878724579857,0.587438975397288,0.5362010631899825,0.14827558234972388,0.23276882192544643,0.10758600804778215,0.0013920610040602899,0.00227573879714696,1.0,0.4,0.2,15,3.616239386923449,9.805892078791375
3,10,0.28386208688552306,0.5816331983902702,0.5295484999305415,0.15279387393922206,0.15337835753981932,0.10937334045283595,0.00122626559589129,0.0021057141934696802,1.0,0.4,0.2,16,3.6002799402285777,9.785424340973762
3,11,0.27001945329744675,0.5646538072408497,0.5184587032042529,0.15194082749742038,0.22532004950656895,0.1081004926600762,0.0012365357285134,0.0016343060907655,1.0,0.4,0.2,17,3.678339555289246,7.697232194688054
3,12,0.2616428631179388,0.5545905954812903,0.5079242416463472,0.15010379430450613,0.12705805849543225,0.10226460945331872,0.00116042476662044,0.00150591373550953,1.0,0.4,0.2,18,3.586699250443253,7.978287667538775
3,13,0.2155208464337698,0.4854378264431282,0.42589390133699884,0.11401499282674436,0.3199511676624916,0.07917473543308765,0.0014699614698801,0.0016821737698066,1.0,0.4,0.2,19,3.1106672422611785,6.9817580194912665
3,14,0.2119881921279944,0.4788518100369163,0.41859145567698314,0.11754085117014024,0.11636168132287139,0.07898841361186693,0.00138670006625192,0.0015479901333668,1.0,0.4,0.2,20,3.189703838545508,6.713747080973197
3,15,0.2305218159559637,0.48995304809564477,0.43517082563278653,0.14739301474496677,0.2475867997520107,0.1091830767305855,0.00150329880915333,0.00214669606881451,1.0,0.4,0.2,21,2.933367769292089,4.804842780412551
3,16,0.19658031387469377,0.4467453262871145,0.3827897289635212,0.11514193495453369,0.1313435194616538,0.07949181036762192,0.0014910364411629099,0.00179255981031704,1.0,0.4,0.2,22,2.8552210761526315,6.118887747860314
3,17,0.2075554280081137,0.4363746365948359,0.3753944080862718,0.14227493865801497,0.3765266331021045,0.11039702698871656,0.0015850203082479,0.00225326910016517,1.0,0.4,0.2,23,2.189674730212498,6.160350652227969
3,18,0.20241698519810256,0.42519190302272725,0.36307143554460386,0.14424200042546328,0.16851982390833778,0.10935243923660665,0.00151372943903958,0.00215766323764243,1.0,0.4,0.2,24,2.2039079841476243,5.692321563313717
3,19,0.19084693950351284,0.4052362418720253,0.34153597153096377,0.13491204643084237,0.18775961319476692,0.10323908670287704,0.00178362555487088,0.0023077458671702,1.0,0.4,0.2,25,1.710768755383691,5.082954987834793
3,20,0.1849862379668651,0.38497641565876306,0.31872307271499595,0.13699284288073818,0.23563847907152205,0.1056502266268324,0.00163331661268962,0.00221871612364292,1.0,0.4,0.2,26,1.6575911174005886,5.169813764586188
3,21,0.18518410045104836,0.3810862618052103,0.3141258393790869,0.1409090080735212,0.14474474263788636,0.1081017162655015,0.00145549923394605,0.00216105438018579,1.0,0.4,0.2,27,1.6471718341248225,5.095460233614741
3,22,0.18025115137301442,0.3756546825920657,0.3160023676281497,0.14253304246028956,0.1496858036424821,0.1056502266268324,0.00163331661268962,0.00221871612364292,1.0,0.4,0.2,28,1.74519507316661,4.719754787426999
3,23,0.17825719118040478,0.36202552749576666,0.292992693990381,0.1473790851604156,0.17101556227585507,0.10722203038639996,0.00173407035229973,0.00238673168580445,1.0,0.4,0.2,29,2.0678271908275367,5.082898025420631
3,24,0.1736952114499232,0.3582246340245624,0.29673245617421007,0.1470300592067129,0.1211821627833313,0.1045487088563712,0.0015642004724613998,0.00212418075328751,1.0,0.4,0.2,31,1.7121390603296065,4.275314787285945
3,25,0.1439940756282472,0.3237571364788382,0.2614718360038551,0.12442249616828759,0.11859451447215658,0.07704828323275673,0.0016968153673572101,0.00211957736929519,1.0,0.4,0.2,32,1.5782884295549673,4.447827654430273
3,26,0.16497803837517058,0.3386237114360796,0.2827564182817666,0.14898379320307478,0.19345228034478174,0.1028715037417075,0.00161675855471944,0.00219291913587923,1.0,0.4,0.2,33,1.5184541956990043,4.039082190833533
3,27,0.16164989017498232,0.33201444887705556,0.2756166421622251,0.1701161048807428,0.11556395428931854,0.10096870014335817,0.00161691333789256,0.00213554095970835,1.0,0.4,0.2,35,1.456519007036439,4.2060338116796405
3,28,0.16183572526267484,0.33029786578088977,0.2735939841756944,0.17392409917238766,0.11864152466012913,0.10196991856282252,0.0015985262394762,0.00213091823422991,1.0,0.4,0.2,36,1.4557769395559166,4.255316053764492
3,29,0.15782745514430244,0.3193787201562982,0.261570964097396,0.1879318396673928,0.13001578978955428,0.1007412964946646,0.0017029989414245402,0.00230700535551384,1.0,0.4,0.2,38,1.511203933427563,4.519033460729562
3,30,0.15943203720834934,0.3204621502708795,0.27001856488889564,0.19617648825193756,0.11931050485350994,0.1043588408660984,0.0017499265148998501,0.00237994625723423,1.0,0.4,0.2,41,1.6119465052640105,4.310644115048729
3,31,0.1514582106743375,0.314240943710162,0.2715245423919288,0.21107706298014467,0.1062447611525834,0.09753516289646205,0.00174362026936019,0.00217723887389264,1.0,0.4,0.2,44,1.5828515467426425,3.490591199605558
3,32,0.1511596487879492,0.3059061165596517,0.2544746021778765,0.18488488975955267,0.1278423078542606,0.09660544309692123,0.00671394749557442,0.0021520254639336997,1.0,0.4,0.2,45,1.5502027284332234,4.071820530566048
3,33,0.149500867297455,0.30341035328876564,0.25931300157686793,0.20531660086420625,0.14233975196596912,0.09660562218476063,0.007552958909206579,0.0021605571205625803,1.0,0.4,0.2,46,1.5868240899906794,3.752017443669097
3,34,0.15157027196724832,0.3020900659233577,0.25746996338540395,0.2181036647518993,0.13000323474011072,0.10179153705901704,0.0024567809138502103,0.00294867374896981,1.0,0.4,0.2,47,1.833097264620374,3.337279910939742
3,35,0.15242017265033445,0.30198457506113163,0.2572178014792042,0.21933387293277457,0.1120448996733978,0.09788258434766384,0.00606683868942535,0.02124403239087043,1.0,0.4,0.2,48,1.7608258496484748,3.3424449879549383
3,36,0.15242016897524768,0.30658388823718064,0.2699911158599192,0.2307619051939418,0.1045581800388289,0.09788258144666906,0.00606683810553316,0.02124402998967427,1.0,0.4,0.2,50,1.760825826530963,3.34244492410914
3,37,0.13949263154425834,0.2812532250471275,0.24277162375659644,0.22505420991742456,0.1922192851389842,0.09408184844621542,0.00182416979607768,0.00565015937597968,1.0,0.4,0.2,51,1.7284790631179037,3.3263311702657985
3,38,0.14243172487410222,0.2831378150434122,0.2444972508338033,0.23874567052367512,0.10328821172595726,0.09730990856234528,0.00185739703550118,0.00590597450581727,1.0,0.4,0.2,53,1.74600953053558,3.304923683693892
3,39,0.1430295094844068,0.2806031429072018,0.24149101431303444,0.2794326483637036,0.10688012890378429,0.0982772342523966,0.0035037555567141603,0.0059610513707144,1.0,0.4,0.2,57,1.961934853510361,3.2470929271767943
3,40,0.15496443332781956,0.2822648459267691,0.23412348426002,0.2909550612236794,0.12213400230493286,0.1116778641118018,0.0037198409970174997,0.00767269274453702,1.0,0.4,0.2,63,1.724317581008596,3.256555028821067
3,41,0.15226924083713647,0.2755066609477908,0.23426113170035237,0.31183671121562134,0.1467280356144756,0.11145093833275237,0.00386804511958594,0.00828319643584109,1.0,0.4,0.2,65,1.8211614833946976,3.07700205884505
3,42,0.15284935384977474,0.27917691345467816,0.2458828962954081,0.33684063358167393,0.11947705058307685,0.11268040697996398,0.00369833211820865,0.00767440747684252,1.0,0.4,0.2,68,1.8161645639280384,3.130920053312973
3,43,0.14739017503536325,0.26632607937037245,0.23194806730068224,0.35167646645937845,0.14006706288710324,0.10885569512593969,0.0038541199546898,0.0101946995925666,1.0,0.4,0.2,70,1.832190343984843,3.0566138526155835
3,44,0.14785494912331285,0.2695534668358054,0.2430813731133892,0.30293064703907463,0.12028779257917359,0.10984732122521071,0.0038317792694471603,0.01028554480019413,1.0,0.4,0.2,72,1.8334944292105944,3.0686508294360846
3,45,0.14725614639713422,0.26695874764250555,0.24019638358815384,0.3639853771829425,0.12816154698743726,0.10983699375314178,0.0038351811583967796,0.01020081705299468,1.0,0.4,0.2,73,1.8125371782862705,3.13415517507993
3,46,0.14206938483761325,0.2615473605786545,0.24976971677454235,0.4128221006410466,0.12244918980883447,0.10834330672427002,0.00374974771358672,0.0051150799110552,1.0,0.4,0.2,79,1.6862820324622558,3.517553692060864
3,47,0.14075718752925775,0.25773962493332886,0.2456032120153722,0.40289950818955156,0.12853222724326044,0.10753148661197998,0.00416207335514688,0.00518850888346471,1.0,0.4,0.2,80,1.7155945235255423,3.4961018964783497
3,48,0.13939949788364714,0.25311972007532346,0.24051560224434457,0.4096608406579515,0.13359517732858125,0.1070146157143466,0.00421945887276065,0.00525212486212304,1.0,0.4,0.2,81,1.719042928962507,3.5077418033437744
3,49,0.13914316736258467,0.2565413154689425,0.2519794281845836,0.42683853017909795,0.11644864824877693,0.10698164788709016,0.004226235808820139,0.00534518496334273,1.0,0.4,0.2,82,1.692117636612564,3.5848307435693343
3,50,0.13875458743339952,0.2549508855568422,0.250217214190035,0.4348415923309441,0.11842666054944773,0.10689147134593042,0.0043076081558293304,0.00528084715185863,1.0,0.4,0.2,83,1.677696545066959,3.579227074784968
3,51,0.13915667821351074,0.25524907951218584,0.2505006423621416,0.4352342508204023,0.11085663299483207,0.107187123947077,0.00465712254091812,0.005251079133475009,1.0,0.4,0.2,84,1.68457541347022,3.5609929550909447
3,52,0.13956275227321246,0.25938671058433016,0.26268848469558337,0.4624208503566621,0.1117873469654158,0.10774308332639078,0.0037161019848587695,0.00752612039970946,1.0,0.4,0.2,90,1.6562039753142257,3.646946946013625
3,53,0.13879676819119294,0.24850231928277858,0.25036075961791215,0.4911572507261028,0.1375913736342105,0.10955847610945069,0.0038366077980216,0.00764843258728494,1.0,0.4,0.2,93,1.715254811096794,4.228812557213271
4,0,0.9236535900224837,1.0347027442581007,1.027815004100262,0.2211146547315575,0.09565481560695516,0.09559539567105928,9.493716685976e-05,0.00010722534575984,1.0,0.4,0.2,1,13.040061715331635,29.46462435963484
4,1,0.6665627900114249,0.9279279650390614,0.9148086255528093,0.20863469662893183,0.4789885330413154,0.1114656059090984,0.00050394091603144,0.00046825780627921004,1.0,0.4,0.2,3,8.719929030288716,15.479649207675216
4,2,0.6475712768253736,0.9182870623720691,0.9037225229501133,0.21142379777238474,0.1885838092071975,0.11449810288661677,0.00070128577131766,0.00065162904301968,1.0,0.4,0.2,4,8.864707953398392,13.98618109273724
4,3,0.5437901182314283,0.8604746478563718,0.8350021881809431,0.22305822741384118,0.7091096531437672,0.1531243114400406,0.0007047035836377699,0.00109429977458185,1.0,0.4,0.2,5,7.336547791394227,14.665688848219276
4,4,0.8435688914252952,1.1584438858180803,1.1235901809453082,0.5405140337598018,0.5286236081154302,0.25783185292960364,0.02261255340194602,1.0,1.0,0.4,0.2,6,10.036117374119527,11.68619144704774
4,5,0.4079956556887724,0.7351659184115701,0.7031928219237836,0.14889055473029736,0.3579606684657259,0.08513672134773002,0.00116059197902339,0.00121273921177522,1.0,0.4,0.2,7,7.004100357851257,14.42964170386005
4,6,0.39614115800934446,0.7285509530473444,0.7035964822662608,0.1500537611643014,0.14391390624215594,0.08425604638281194,0.0009796081285229998,0.00102594285314766,1.0,0.4,0.2,8,6.767150701931115,14.701670699708504
4,7,0.37080376853261404,0.6963838678847296,0.65725282872866,0.15970949623096428,0.41373661886137497,0.10978888856195783,0.0008846883087844,0.00130723778854548,1.0,0.4,0.2,9,6.458990341571592,15.034469411214523
4,8,0.3359618170754243,0.6660399980639137,0.6347295830369531,0.1350950966992907,0.0982148409576295,0.07793333209500455,0.00106872998884367,0.0011439023454713,1.0,0.4,0.2,10,6.154605018130162,12.675364143828183
4,9,0.29421687776699373,0.6067131630949908,0.5598607630298933,0.12624034015569402,0.4629911444968435,0.0883878599004779,0.0009738101691050599,0.00142519728086912,1.0,0.4,0.2,11,6.123197808653483,12.161858920938997
4,10,0.27770793333305843,0.5824799226728806,0.5326950713973644,0.12634940631761016,0.1655202493154261,0.08992662944383326,0.00125862166968437,0.00174687331814864,1.0,0.4,0.2,13,5.845689935841233,12.255700738222172
4,11,0.2375230121611988,0.5326271563919551,0.47953341821323076,0.11028146088098627,0.15761738754920224,0.06944677363448701,0.0012404497940872,0.00132704423515989,1.0,0.4,0.2,15,6.694453673754633,8.637118384480454
4,12,0.22503167368124272,0.5109083095892745,0.46214839347572984,0.1166343267594891,0.1767153175689581,0.07708888665783481,0.00127267106455995,0.00138482815065772,1.0,0.4,0.2,17,5.740217640001071,7.635570500923073
4,13,0.20884354780236825,0.48377757611145006,0.43960609225026065,0.11612643552489017,0.1652226416293503,0.07708888665783481,0.00127267106455995,0.00138482815065772,1.0,0.4,0.2,19,6.103711844307528,8.328652912034617
4,14,0.20781612853838072,0.4544014138827853,0.39689407051282016,0.13232074946951577,0.1870403498622061,0.09786329137587396,0.0013865167988852101,0.0017890307906406999,1.0,0.4,0.2,22,3.9633155709457566,4.091712492800152
4,15,0.2025304979570517,0.4466312677116215,0.3959003299979114,0.1472183625629143,0.13357510480527612,0.09786329137587399,0.0013865167988852101,0.0017890307906406999,1.0,0.4,0.2,24,4.188416638951533,4.573266150086148
4,16,0.18263666276601875,0.4222814218751698,0.3706754693562536,0.1277094192609231,0.1267422802828415,0.08132092993543145,0.00135421793944621,0.00153218766395089,1.0,0.4,0.2,25,4.216912317771357,5.166547720298439
4,17,0.16383951130922675,0.3600251553647109,0.30050694293050706,0.1260495684080152,0.4932490455931201,0.08896016551659794,0.0014792434978122,0.0018970349214302198,1.0,0.4,0.2,26,3.685021756659819,5.859042303620728
4,18,0.16362801068698316,0.35922905746498396,0.3070006839436425,0.13593797215251238,0.11489684854110804,0.09141958446131238,0.00143148925899017,0.00184141280703198,1.0,0.4,0.2,28,3.6016553572436085,5.230248037897917
4,19,0.1501277516748987,0.3173139274374215,0.2603990212229872,0.12104713503943129,0.21172650545407254,0.09096467080454959,0.0014551774480356199,0.0018520719867266202,1.0,0.4,0.2,30,3.032246886256641,4.183840015900443
4,20,0.14092779713392897,0.3069186503921979,0.2572590913403199,0.13219226085757277,0.09428723921462215,0.08405429340771989,0.0015721818499525898,0.0018517439191524199,1.0,0.4,0.2,35,2.8869109660306376,4.070584654704694
4,21,0.15740429800051162,0.3280141695354283,0.2939768883378649,0.2550677648857696,0.10570008708383397,0.0939433655311446,0.01832397783989276,0.01050397302595751,1.0,0.4,0.2,51,2.5828722469914323,5.035575723904982
4,22,0.14819230528438807,0.3119927993793062,0.26943627669240305,0.23808613007707305,0.10366545735741194,0.09356552207512382,0.00244763717827525,0.00231425810294144,1.0,0.4,0.2,53,2.571427884314656,4.382177724446089
4,23,0.14501944559276791,0.3070464591461285,0.2642116921248133,0.24274663489368076,0.10672820120442865,0.09125687861621212,0.0020286779535598097,0.0022722375398561,1.0,0.4,0.2,54,2.5270418937712047,4.378355108796523
4,24,0.14481995298873146,0.306590871547944,0.26371594164853013,0.26208733097297665,0.09446430107661088,0.0911574879943829,0.00202456610465486,0.00227262828802533,1.0,0.4,0.2,55,2.538595495124879,4.355803209789902
4,25,0.14453093890167074,0.30987985276592567,0.27501951608571873,0.265686685659847,0.10062665435354182,0.09125687861621212,0.0020286779535598097,0.0022722375398561,1.0,0.4,0.2,56,2.52272507420944,4.494267520904748
4,26,0.14571656806515404,0.2931746022121098,0.26303293258084437,0.27435937770881197,0.18986213164384455,0.09236239275020476,0.018326241176223203,0.01051184261772261,1.0,0.4,0.2,58,2.473678418913985,4.363888381548771
4,27,0.1441487196526902,0.2947302499733167,0.2725397158903576,0.2846617737528571,0.10640655902783348,0.09128072156318556,0.018344367784595188,0.01053005179374037,1.0,0.4,0.2,60,2.566470741010149,4.488995769615725
4,28,0.14411637222913762,0.30839990581819476,0.3107171239867103,0.30864674779095314,0.1008480956889967,0.09128071992983128,0.018344367558458398,0.01053005259388021,1.0,0.4,0.2,66,2.5670830833116107,4.504147996907336
4,29,0.13977456272520458,0.2834764970156198,0.26774048420633323,0.30403571355509174,0.18700176813816222,0.09046617951625367,0.018597968819482922,0.01091537809294245,1.0,0.4,0.2,67,2.724439013189551,4.763184259678973
4,30,0.14029270772077143,0.2761886945575397,0.25180273562772326,0.37404473168575514,0.10363340515253695,0.09156561667150248,0.01915017019060676,0.011930567037428801,1.0,0.4,0.2,79,2.917302450486188,5.394779869239336
4,31,0.1398248644303893,0.2791279599995658,0.26273947434927053,0.3949025195977854,0.10601222271505581,0.09144912955753304,0.01916980435185893,0.01198299589607084,1.0,0.4,0.2,81,3.0202343272541987,5.530452960669432
4,32,0.14370760183569967,0.28498199260903634,0.2763795435593616,0.399231278188224,0.11609721559775146,0.09602795825221691,0.01965553117600281,0.01156525094540658,1.0,0.4,0.2,83,3.03893486308938,5.404833197245495
4,33,0.145380635146987,0.28653255565820185,0.2854097273087207,0.42252562317101566,0.12109873291874088,0.09797378272032183,0.02095817671087209,0.01471211075709478,1.0,0.4,0.2,86,2.799966722033354,5.496182914118684
4,34,0.14971378910333782,0.3123683422264688,0.35189687951032483,0.6516570677571274,0.11434855696636351,0.09997023304894789,0.025674324035905936,0.01918117013080249,1.0,0.4,0.2,127,2.845514260094045,5.497571631287926
4,35,0.14968184961345996,0.31682136803134137,0.3720096946228503,0.6841567919077943,0.12419342479698695,0.10016615793790591,0.027766799604388222,0.020744449063384122,1.0,0.4,0.2,131,2.9433020566157566,5.565868144626771
5,0,0.8766737129337432,1.0162567712400559,1.0072085686480832,0.21641308902766057,0.09632800331150027,0.09627090878843272,8.861105154716001e-05,0.00010825051224332999,1.0,0.4,0.2,1,16.636630383757815,29.46462435963484
5,1,0.6603762367267644,0.9167892838906097,0.8955274408264545,0.20188154956145132,0.4162620721643498,0.10482828985965686,0.00017923898556671,0.00021570816062430002,1.0,0.4,0.2,3,11.089581295997403,21.854475246009628
5,2,0.5099183897818869,0.8259928275284179,0.8008068282498341,0.19025575656857355,0.42514851006801907,0.11606408296314821,0.00084868886271472,0.0010213688330119699,1.0,0.4,0.2,5,7.661682809722552,16.5447371363478
5,3,0.4374945455973567,0.7624351385807395,0.7323678613266459,0.1614651964720238,0.22041749238857006,0.09575256909732235,0.00080532942110332,0.0008585573309665299,1.0,0.4,0.2,7,4.793465169343609,13.116422041986764
5,4,0.379933983538704,0.7073737994227095,0.6711837941621364,0.1519635402046193,0.2514172204840533,0.09481255623445703,0.00089640027329606,0.00098129162255933,1.0,0.4,0.2,9,4.770849052745682,10.64412161109064
5,5,0.3246390482090189,0.6458532270292804,0.603333366604673,0.137787666277886,0.2511905853952682,0.08924271669004111,0.0009904543662900699,0.00111541135747954,1.0,0.4,0.2,11,5.346862216118502,10.014513070760165
5,6,0.2913394277045758,0.6010084419027781,0.5530196780350234,0.1352044666301957,0.23280309746554684,0.09273311268022763,0.00108347809124397,0.0012393941026915402,1.0,0.4,0.2,13,3.9980954770622046,10.477765429357987
5,7,0.2878081825964802,0.5973713865569118,0.5493416249928899,0.13651757364353695,0.0922256917819553,0.08951386129004887,0.00100384846384256,0.00112033295958665,1.0,0.4,0.2,14,3.7613298979298606,10.683493037628732
5,8,0.2749462910131422,0.5748372267374708,0.523422888177899,0.1367877753357828,0.2700823735368281,0.09677573386364936,0.00123068842396321,0.0014411553445052802,1.0,0.4,0.2,15,4.084091896381677,11.216691172581095
5,9,0.2664740779786595,0.5614735764390182,0.5085456374234574,0.13799897854162635,0.17474460260465705,0.09690677211806883,0.0010304138675679701,0.00134308412859556,1.0,0.4,0.2,16,4.18368339462777,10.536977665193705
5,10,0.2500163187572239,0.5297637375045904,0.47263846704088236,0.13402246548166408,0.31697581744374276,0.10209161623437561,0.00143164851913765,0.00178530118963619,1.0,0.4,0.2,17,4.041548658225332,10.28784305644552
5,11,0.24676389901919543,0.5248502735934317,0.4673037441102106,0.1369717931838297,0.1233056839648993,0.10099025356230625,0.00128612052844814,0.0016555272730505901,1.0,0.4,0.2,18,3.89428953056234,10.415490922211344
5,12,0.23933972817438687,0.5142658920931614,0.45593306137838946,0.13448701437359728,0.13829232785430517,0.09749776140159104,0.00108765572024316,0.00138510751354844,1.0,0.4,0.2,19,3.738193624278845,10.250942439227227
5,13,0.22393075008943222,0.49366693015227964,0.4340822947009784,0.12804426537087737,0.1524971501261778,0.08780168373054342,0.0013535734223228501,0.00172660080341525,1.0,0.4,0.2,20,3.291261355593493,9.30657569273372
5,14,0.23569497187263894,0.4995817912104539,0.44577722150210985,0.1656654279025982,0.14169554468424367,0.11048608448284195,0.00090404629494666,0.0017044791085059,1.0,0.4,0.2,24,2.718605295137648,4.379260946718092
5,15,0.19845293644485312,0.432732477328822,0.3800867355769895,0.15214120140143017,0.28079354660247907,0.10071941534713443,0.00141829557675385,0.00267408693678717,1.0,0.4,0.2,26,2.5875533687001964,5.306459282414554
5,16,0.19403216096128081,0.43212895987854394,0.4021277747353469,0.17298455827952525,0.15195661138044403,0.10288134879644176,0.00150178506307924,0.00276470845375273,1.0,0.4,0.2,28,2.3029773975056744,4.603623556435061
5,17,0.18234519278932793,0.3981073603483733,0.34938013849856125,0.15950872322318788,0.16063964077782605,0.09946922369051889,0.00107395357993676,0.0017846449311745502,1.0,0.4,0.2,30,1.975764382579135,4.547527964947088
5,18,0.18843026530241871,0.3969895617657096,0.3396043577495492,0.17251487334171553,0.11468113516158203,0.10676856003846558,0.0017327197062592802,0.0027934021725069,1.0,0.4,0.2,34,2.043515115770134,4.680392713705544
5,19,0.18045584230368683,0.3831338882825692,0.33211516577460026,0.17557045439358704,0.150624485972421,0.10470709976621939,0.0011402899136582199,0.00198386954392361,1.0,0.4,0.2,36,2.01696609677738,4.160654813762584
5,20,0.17733485842857916,0.3725797152956068,0.3202907741705886,0.1795648968610514,0.17102591329509328,0.10508701938248932,0.0015947786715584202,0.0026126083481198,1.0,0.4,0.2,37,1.967852962332752,4.473723456585629
5,21,0.542375312948164,0.7410879479431445,0.7041773495882793,0.5818883501839636,0.48412838202794806,0.3737940603984851,0.01136005398790315,0.47900491417598196,1.0,0.4,0.2,42,1.9202962467848284,4.869415273817394
5,22,0.5845669201680233,0.796618557531468,0.798982138953989,0.6585846173654774,0.5612493946883563,0.3920442707169794,0.01281710466431748,0.6181278670634459,1.0,0.4,0.2,44,1.9992899343011,4.94386707724404
5,23,0.5802130379905277,0.8031636473826392,0.829575603679594,0.6850161492786889,0.5297730536801468,0.38976782507726726,0.012692310900979609,0.6144573837081705,1.0,0.4,0.2,46,1.9219094197014408,4.98769603659606
5,24,0.5793619446574924,0.8018949493153262,0.8282389501583772,0.6841792428887626,0.520537368641781,0.3893161141192017,0.012671305102794789,0.6134273793089297,1.0,0.4,0.2,47,1.8983233866373024,5.044615679283778
5,25,0.5705464215472016,0.7823698596653977,0.7921183252984783,0.6594976839459431,0.5217057508638243,0.3799755633566714,0.012931284047020361,0.6189256079294423,1.0,0.4,0.2,48,1.8873638897646392,4.529073746789321
5,26,0.8884931341067603,1.1098642441223168,1.1583236694709134,1.0537782569575769,0.8508562639839075,0.6272205079302097,0.013295354961090031,1.0,1.0,0.4,0.2,54,1.7730264001188254,4.382659475680914
5,27,0.8812375204289877,1.0976988024119445,1.1528343546073647,1.0667686864346848,0.8544851756232399,0.6236982136933127,0.01333166026792681,1.0,1.0,0.4,0.2,57,1.9321173099739253,4.11378922703166
5,28,0.8808749722995333,1.0904913287506763,1.137102289537685,1.0623504347412727,0.8473896156398772,0.6241573507778091,0.01341697347412445,1.0,1.0,0.4,0.2,58,1.8236185109456264,4.263621131396151
5,29,0.888622252201908,1.0958140711502595,1.1420479480488874,1.0741166852928559,0.8574008365952008,0.6328885789407425,0.013236731725731902,1.0,1.0,0.4,0.2,59,1.83746630693852,4.077686319280707
5,30,0.8901206139324833,1.0964819231599654,1.142587043325431,1.0796482198909407,0.8465577831250257,0.6346987282839577,0.01323108536263016,1.0,1.0,0.4,0.2,60,1.8225290439521564,4.086798884048248
5,31,0.881027309610577,1.0902938838769116,1.1443107231698002,1.0790776645811955,0.8449107877611253,0.6261812022948289,0.01336092457966224,1.0,1.0,0.4,0.2,61,1.781362961609022,4.040792879693454
5,32,0.8835211459952435,1.0925313077752818,1.1465086439419605,1.0891932870463876,0.8351155457656825,0.6288492304920218,0.01315958519986179,1.0,1.0,0.4,0.2,63,1.794421622207505,3.993525998386212
5,33,0.8590866824701191,1.054681673282607,1.0916608528752332,1.0570567653498821,0.8277908055732641,0.6063881891012844,0.01206290275926597,1.0,1.0,0.4,0.2,65,1.982818110416308,4.235567368634705
5,34,0.8768760806706597,1.0910176497707593,1.1681858771716531,1.123906949585252,0.8392577809415431,0.6250385265802787,0.013857507275180031,1.0,1.0,0.4,0.2,69,1.556597183567566,3.790094646118519
5,35,0.8773544460141285,1.0908518401053167,1.1679217225716152,1.124365844633716,0.833789401242716,0.6257107723588012,0.013936611564834219,1.0,1.0,0.4,0.2,71,1.6323564770401782,3.847903487589373
5,36,0.8489439421469818,1.0615144369373428,1.145918652172916,1.1297844024040224,0.8476099513830291,0.5991623736543753,0.01404407534813087,1.0,1.0,0.4,0.2,72,1.7116851834279971,4.314509316676707
6,0,0.8168861816925573,0.9965121337193815,0.9840508002478333,0.21840509918088072,0.10678653327953605,0.10672361445063176,9.131643205062e-05,0.00013196128042021,1.0,0.4,0.2,1,21.93838345927109,29.46462435963484
6,1,0.6047393593008327,0.888085507172242,0.8622374663668337,0.20238189100286685,0.45801742905198034,0.11669834639378658,0.00018091072982398998,0.00026715507130536996,1.0,0.4,0.2,3,16.18542845970604,21.854475246009628
6,2,0.48168687616052686,0.805468140815597,0.7763049598999207,0.19504374377858727,0.4240954267394712,0.1307790119578736,0.00071360859233853,0.00107097233668451,1.0,0.4,0.2,5,11.178500682216082,13.685207032308446
6,3,0.45042151256796037,0.7760888894807029,0.74536080607147,0.17933436933244326,0.19554344983663816,0.11535045364821847,0.00055737459790252,0.0008744882538721801,1.0,0.4,0.2,6,10.492117555132024,15.1242896315639
6,4,0.4015237187191268,0.7291130602615146,0.6933599633304919,0.16687562185381008,0.36953011082225423,0.11268824750485724,0.00079859663907451,0.0011651799351334899,1.0,0.4,0.2,7,8.513100696502745,15.13793180239509
6,5,0.39109531829641575,0.7182916888730646,0.6813699427640045,0.16755796655060334,0.17241017866284394,0.11228780992575045,0.00066923735445347,0.00102803137963999,1.0,0.4,0.2,8,8.068311947804734,13.377550140959206
6,6,0.3220735943727168,0.6434917516886023,0.6010919447491269,0.13031861223821445,0.3654799817150926,0.08582747339810363,0.0008873667301304599,0.0012818488224021298,1.0,0.4,0.2,9,7.770671992066681,13.10986860160062
6,7,0.310241562605139,0.6305967700410103,0.587550363706262,0.12589607156614915,0.11227983752133647,0.07881355105438685,0.0006460198050690701,0.0009689981869924,1.0,0.4,0.2,10,7.396562914477401,11.941417733645544
6,8,0.27545676168431255,0.5816194201233356,0.5323099935482738,0.11964500666630079,0.4052058675545908,0.0850439157080167,0.00098046471159108,0.00137995202853317,1.0,0.4,0.2,11,7.44231898766013,13.557832570252106
6,9,0.2600392025326717,0.5614655844251578,0.5105294821895281,0.1144534359618957,0.1630328858817688,0.07936403278141561,0.00085110542697004,0.0012428034730396702,1.0,0.4,0.2,12,6.791540269824382,12.08399834991688
6,10,0.26758350599782077,0.5665590778811125,0.5148483701133308,0.12743833812227365,0.13099277200355672,0.09105855263470139,0.0012386867668133798,0.0017366618871521502,1.0,0.4,0.2,13,5.913324096250499,11.80473375062202
6,11,0.24735872887011998,0.5372064097729384,0.48277508215921494,0.12023012980481491,0.22548365302497314,0.08605673822689999,0.0008306601938055499,0.00117767154916311,1.0,0.4,0.2,14,5.9219735175816455,11.392119560582074
6,12,0.241404693902504,0.5325761569228182,0.4854132759298059,0.1266135811437566,0.1084902471449152,0.0848706909107326,0.0007827641436127601,0.0011235413022717198,1.0,0.4,0.2,16,5.960835117795016,11.35716078234652
6,13,0.5043078239847174,0.7762662731427186,0.7242762790273245,0.41428811088248846,0.6185574230544981,0.17137189191859833,0.00111088973845898,1.0,1.0,0.4,0.2,17,5.069072430812469,8.140461881208294
6,14,0.7374553581726964,0.9886531195029102,0.9393333862495985,0.6659390548057932,0.768583336525754,0.427716628101527,0.00148179197345417,1.0,1.0,0.4,0.2,19,4.292221382587383,6.468702043777867
6,15,0.7332066052405273,0.9834092498783187,0.9411512167505469,0.6721821268713688,0.6561636523609642,0.427716628101527,0.00148179197345417,1.0,1.0,0.4,0.2,21,3.793399801506138,6.66990373359391
6,16,0.5182384691779474,0.7661414038639114,0.7234268421349206,0.46347886231555396,0.43836552627933595,0.2145682579533968,0.00128266410447479,1.0,1.0,0.4,0.2,22,3.78426348638678,6.772641047148882
6,17,0.528847656695716,0.7765606978501616,0.733808986340142,0.47770634833938647,0.42770101112027936,0.22534520136066055,0.00121072439856545,1.0,1.0,0.4,0.2,23,3.9530025723431073,6.479299371713674
6,18,0.5176938349744853,0.7691127416044892,0.7343589311059258,0.4725438467598547,0.4243136822146658,0.21482667738394232,0.0012836099708836602,1.0,1.0,0.4,0.2,24,3.8685139251939846,6.763651942774263
6,19,0.20026210284277415,0.43579991367121224,0.3833915622330723,0.140473095942966,0.16999272372387572,0.10181753921539649,0.00117326545075708,0.00250795133088088,1.0,0.4,0.2,25,2.992980501355502,5.809631532504607
6,20,0.19964281783914278,0.42949375285166236,0.3760069636904517,0.14691909213030044,0.1608313057167797,0.10510485890171295,0.00109040371367719,0.0024252191673346498,1.0,0.4,0.2,26,2.967516774051903,5.488160315955553
6,21,0.1822389471923553,0.40004589952834074,0.3443393717867133,0.12942436517627898,0.2089326397322868,0.09520055771036565,0.00151704929672257,0.00206846684143706,1.0,0.4,0.2,27,3.3209850687715585,4.638345181310686
6,22,0.18621775877313126,0.39837684220791,0.34164901341855436,0.1432478080836231,0.1560621986985608,0.10253280491856327,0.0012992888437461099,0.0026884510777840697,1.0,0.4,0.2,28,3.377453526428654,5.149469675534839
6,23,0.15614974874896437,0.3456520293409575,0.2923963764585659,0.11925014977552623,0.3271350582502888,0.08719398044067664,0.00099049548072649,0.0014204488696381,1.0,0.4,0.2,29,2.3823489054438687,5.002943106305414
6,24,0.15449314506221914,0.3348100172904539,0.28003161977673025,0.12426699006691745,0.1681286393425677,0.08975594906654874,0.00110992703839365,0.00153794668624958,1.0,0.4,0.2,30,2.334198466147897,4.572886936210127
6,25,0.15512837107607813,0.33537549237750724,0.2805855593631114,0.12839713558925953,0.09175773795912945,0.09042708795269108,0.00110324666045604,0.00152970354464226,1.0,0.4,0.2,31,2.33351712546498,4.428347123189214
6,26,0.15226132693434904,0.3318359855565457,0.28435867676088833,0.13913320016811195,0.1052965293779754,0.08989952007584913,0.00112080508165287,0.00155493363054382,1.0,0.4,0.2,34,2.296963537933748,4.524994366407137
6,27,0.15389320807484466,0.30988098866626484,0.25864676612408094,0.15183566330850784,0.19772645713250128,0.10093212174913405,0.00128063087081442,0.00252931786758482,1.0,0.4,0.2,36,2.371209370053658,5.114600660603999
6,28,0.15602089226051713,0.3191030879418518,0.2838853958072271,0.18584760230361666,0.12229882186845085,0.10383509420311884,0.0013689497020624099,0.00263023324457915,1.0,0.4,0.2,37,2.075652034507661,4.748735659548739
6,29,0.15395926961700893,0.31600047560795724,0.2880864476558635,0.1943975465365248,0.12682697483987093,0.10383509420311887,0.0013689497020624099,0.00263023324457915,1.0,0.4,0.2,39,2.2061959833619125,4.490304393759489
6,30,0.1542144858249705,0.3086628507655697,0.2721122478068305,0.2015904324082661,0.1300614027286094,0.10515788110783877,0.0014206764889015898,0.0026885242827432597,1.0,0.4,0.2,40,2.2838227942360003,4.696415742724025
6,31,0.1490766506676231,0.28967155382003207,0.23606120772625938,0.18234450594103951,0.12080604780395797,0.10159716152029337,0.00148882452815188,0.00287657116775004,1.0,0.4,0.2,42,3.162550351689223,5.635558991421904
6,32,0.1510756137188817,0.3129204392691986,0.2999141665407882,0.23302937869266613,0.10731076964392433,0.10428854786289814,0.00133512748038123,0.00276545612393418,1.0,0.4,0.2,49,2.040643906029787,4.586444423909276
6,33,0.4823908510470003,0.6176193720964512,0.5856425867161539,0.5522740507782872,0.5762708049213198,0.24101045945291463,0.00367657312779222,1.0,1.0,0.4,0.2,50,2.895163813386417,5.341062603175591
6,34,0.3412108196379927,0.46306270003052885,0.4216125753317036,0.41438360765442894,0.3701795177476065,0.15199408867188485,0.0031396396196803496,0.7538533862168069,1.0,0.4,0.2,51,3.033391653577481,5.430486125796373
6,35,0.153534949850513,0.26789680878667416,0.2253482908446501,0.24140055769658159,0.13724100449232143,0.10072619437775562,0.00546058254356069,0.07832510846908261,1.0,0.4,0.2,54,3.5479798988685256,5.794989054476328
6,36,0.2540639028928391,0.365387694612092,0.32990269010749196,0.3687346566419317,0.24958502941058316,0.17783881288216058,0.00359494393006946,0.21008706277704,1.0,0.4,0.2,56,3.586677289208022,5.51074978444932
6,37,0.1539694838345246,0.24962449769934592,0.2043714047513528,0.2674997143100051,0.20554285048162346,0.10600389600189215,0.005815176611238581,0.07953554029281956,1.0,0.4,0.2,57,3.466041580538468,5.564079341726158
6,38,0.15149773397463034,0.24913885638640135,0.21168612818966068,0.2767981845062453,0.14150453575564514,0.10432167708694204,0.00570268499719764,0.07927963583531544,1.0,0.4,0.2,58,3.7072326927645887,5.794863157110825
6,39,0.15295863005568033,0.29519469653508645,0.33928326329659564,0.4497410077383026,0.12465794425250713,0.09941499364763753,0.00237934180650219,0.11958727639763451,1.0,0.4,0.2,85,3.2676401261644163,5.143308480175422
6,40,0.1629184634145557,0.3007650807415956,0.3442290704333137,0.46806163611470614,0.15130346543429096,0.09921684327554718,0.0025571873919956597,0.17571268924548322,1.0,0.4,0.2,87,3.910994666334026,5.734024543100338
6,41,0.15099067131388166,0.2900539480988726,0.34121248882984323,0.5179358223135337,0.1283898685559342,0.1009390711359878,0.00212196837258106,0.11263931281829902,1.0,0.4,0.2,93,3.250865497843712,5.071108390722964
6,42,0.17720829562486928,0.31654808078022806,0.39032630287946307,0.6665152536940119,0.1582565144246461,0.099134299953531,0.0030626488338001403,0.26743708043862563,1.0,0.4,0.2,115,3.3129044024539325,6.308833711170363
6,43,0.18089209211645768,0.29476805628521263,0.357480209327665,0.6721827532192642,0.23594632018280234,0.10322834753462065,0.00324883696037421,0.2886533337098114,1.0,0.4,0.2,117,3.842243718874247,6.7136417077542205
6,44,0.1794761289359121,0.30776379485135696,0.4026252299741866,0.7175764065824838,0.18958331925317864,0.10473806920135245,0.00336054115624426,0.2780766890514223,1.0,0.4,0.2,118,3.6396419492124776,6.609727391610498
6,45,0.17909683332570195,0.30731099378052856,0.4021622476084505,0.764846882632195,0.16139102231337077,0.10470178204933492,0.00334848420663151,0.2764638899870736,1.0,0.4,0.2,127,3.628334363090432,6.600699310667014
6,46,0.18133894440905987,0.309178537390016,0.4039785973426645,0.7716830898665191,0.16627148806156167,0.10492644849188745,0.00329968919695364,0.2870466091921529,1.0,0.4,0.2,128,3.644404925027763,6.567936903519556
6,47,0.8584902309719011,1.0159622888937418,1.1751762746860135,1.709706832967307,0.8433219184382914,0.2423038662430995,1.0,1.0,1.0,0.4,0.2,177,99.25451496006224,103.9204812774428
6,48,0.7222273587365564,0.894834138500803,1.0863001978989784,1.669919136012273,0.7081245020761124,0.10670836816401683,1.0,1.0,1.0,0.4,0.2,193,66.22562836553656,133.71450881366195
6,49,0.7220179401225728,0.9027861265133021,1.1104594518318613,1.7067083680636876,0.7084994565860387,0.10670836806368751,1.0,1.0,1.0,0.4,0.2,197,65.97768919815357,133.228294935485
7,0,0.8990250129948656,1.029782270084467,1.0214199718351022,0.22556858552051093,0.10378358866663605,0.10371668731584549,9.019766567700999e-05,0.0001541114225988,1.0,0.4,0.2,1,15.512390819361212,29.46462435963484
7,1,0.6578578236077937,0.914532740078002,0.8932301602448253,0.1998814968158161,0.432870613959309,0.1029226711815451,0.00018082559969656,0.00026018678283149,1.0,0.4,0.2,3,11.136550655184791,21.854475246009628
7,2,0.5024611822403059,0.8193867668655838,0.7938357105074101,0.18596867597225358,0.429942469729695,0.1127387502178154,0.0007640865869628499,0.00094286392871675,1.0,0.4,0.2,5,8.174220283047006,13.385275942392338
7,3,0.48276205995368904,0.8022524250177804,0.7755932466216574,0.1795998289063062,0.1626509751885969,0.1055535653837345,0.0005505714521127899,0.0006547603401171099,1.0,0.4,0.2,6,7.367133765951158,15.213414543669346
7,4,0.417592868276249,0.744483841491305,0.7122736189283257,0.1596833497659699,0.37990797489139755,0.09670214020388383,0.00085555674480743,0.00107405259734683,1.0,0.4,0.2,7,8.258936396597127,12.051745253017906
7,5,0.39877804435302905,0.7264766227616273,0.6928546177248049,0.15474522235392899,0.16467520543472017,0.09132370459335457,0.00066285985996172,0.0007818521137289,1.0,0.4,0.2,8,5.883471346865916,13.46577931434142
7,6,0.3556218824443129,0.6807334676122762,0.6411099193127733,0.14988437367178145,0.4040671639057247,0.09846238817396699,0.00098881320458856,0.00127174689433114,1.0,0.4,0.2,9,8.207851785403237,12.530900071133996
7,7,0.32695440570355805,0.6515311045974423,0.6113054920504816,0.12888649931658114,0.10680931258582033,0.07475322676379151,0.00075433001780629,0.00091304078235897,1.0,0.4,0.2,10,5.4998137449660165,11.431499362592106
7,8,0.28432381098602466,0.5971023677247708,0.5503432021289274,0.1188890118209836,0.4110757137663922,0.07794671740553584,0.00103780296208545,0.00132434256682271,1.0,0.4,0.2,11,6.907910782028367,11.358740750965175
7,9,0.2750455934220103,0.5840383308144513,0.5357355526330563,0.12026664635664727,0.1586012528622761,0.07867181955968068,0.0008460171256391201,0.00106208027958139,1.0,0.4,0.2,12,5.588473883030527,12.171472699633584
7,10,0.2650941109432214,0.5628590576132734,0.5107608501422616,0.12621339089682496,0.2843171624315622,0.09091064339953749,0.00109461861998377,0.00140974141524749,1.0,0.4,0.2,13,6.563281818509392,10.16436173111016
7,11,0.2588211077521138,0.5531162406206435,0.49994497095821605,0.1281292239045146,0.14675164265674917,0.0907732492486034,0.00093385221598167,0.00118378578672383,1.0,0.4,0.2,14,5.155980010948429,10.855492580343656
7,12,0.2578781539431957,0.5507746208949998,0.4971974533441877,0.1345546476765993,0.10290987631583717,0.0919083715530585,0.00111046918542048,0.00140785663786764,1.0,0.4,0.2,16,5.217301813755755,10.363955397491452
7,13,0.24629843511524313,0.5264273524392779,0.46939870690956953,0.13216470441168454,0.2738906586131505,0.09792870513098352,0.00125787413582594,0.00199068560138166,1.0,0.4,0.2,17,5.964765630919226,9.369599927603591
7,14,0.24185799844987246,0.5195682702149488,0.4619252619567163,0.13753549687686628,0.12875080677723802,0.09660193707700007,0.00117954028309147,0.00166592416410638,1.0,0.4,0.2,18,5.940454406577769,9.343837585827233
7,15,0.2428161882186231,0.5189815180102759,0.46095050882347727,0.13729293989646044,0.12013935512333071,0.09919468106067827,0.00146569181052123,0.00236690413805474,1.0,0.4,0.2,19,4.587242342628413,9.470679235375236
7,16,0.22562224077979007,0.49335802985942384,0.43330151623207286,0.13310388289306746,0.19569142692661612,0.09169334318682429,0.00133241495024392,0.0016460094166789198,1.0,0.4,0.2,20,6.032709779476566,9.183249297531244
7,17,0.2251015691345027,0.4941832890851701,0.44154297977851437,0.13736964485871994,0.13438173179827884,0.09459598512902376,0.00125357059078127,0.0019483174619575098,1.0,0.4,0.2,21,4.635598940685025,9.68100507294366
7,18,0.2245706474312653,0.48800334127304146,0.42695618611184905,0.140459893529449,0.10750592267969869,0.09517569954175034,0.0011542472455430299,0.0016486779147467999,1.0,0.4,0.2,22,5.229015393606377,8.537465510144745
7,19,0.21612179461733813,0.46551809581779413,0.40861263338396425,0.14226725220265948,0.3102063002943574,0.10354650565716957,0.0013477399459830498,0.00240260544190967,1.0,0.4,0.2,23,4.858325719564355,7.291105038354605
7,20,0.2102369263772214,0.4548365207210243,0.39694694251720186,0.14427138787711238,0.12781380367958975,0.10141898296860119,0.0015564351761273,0.00276648397115888,1.0,0.4,0.2,25,3.784528603375104,7.223830240653026
7,21,0.20741610416240558,0.4502369999684448,0.39198858495207245,0.14794806279104716,0.11948167917830083,0.10005347332555067,0.00147501470723068,0.0026323654424903202,1.0,0.4,0.2,26,3.649614766315629,7.103752872580704
7,22,0.19972288977584024,0.43534478811342325,0.3829572245301391,0.14649281002533868,0.21994870066319142,0.10105792622750324,0.00144316703096835,0.0025726028443385797,1.0,0.4,0.2,27,3.897975786785299,7.100388729052503
7,23,0.18120140655545128,0.3993960615165072,0.34375982439515784,0.13389526088468595,0.26028604402921046,0.09418742320497818,0.0010499723051934401,0.00170933237942353,1.0,0.4,0.2,28,3.580700868619872,5.974019540829975
7,24,0.18189340445556235,0.39417006314187486,0.33746774128184887,0.1393986452535381,0.15350610150007646,0.09803663327837132,0.00143504849286941,0.00273466391261948,1.0,0.4,0.2,29,3.2166389737289807,6.331183053858124
7,25,0.16715422958396933,0.3657595827697607,0.3066577517374967,0.13253775784409375,0.21428756528369222,0.09091404632531924,0.0014438789184732501,0.00245049088291474,1.0,0.4,0.2,30,2.8959630412956288,4.788109944297096
7,26,0.16204564790485224,0.3514730445650973,0.29080408074048836,0.13797351187204313,0.17144533910806062,0.09052884784461668,0.00139896432674487,0.00237077493450066,1.0,0.4,0.2,31,2.700717346685626,4.813421143017534
7,27,0.15634826999610182,0.33909725322244827,0.2847190766746206,0.12950129323111775,0.18726376972719844,0.09028633222997227,0.00131433478207781,0.00220363218580528,1.0,0.4,0.2,32,2.7827743316221536,4.770520267732868
7,28,0.1504301909733733,0.316289332820871,0.25916801370409775,0.1276511924510667,0.23252545290188892,0.09186427724096564,0.0011900128091828599,0.0018973569244261,1.0,0.4,0.2,33,2.6359585840762096,4.795820861828313
7,29,0.14974064417529015,0.31323823162667314,0.25574008045936086,0.13049165902999663,0.11221763590678124,0.09215649227469452,0.00117814958944528,0.00188258752617485,1.0,0.4,0.2,34,2.636447762729273,4.830018080932591
7,30,0.15086360013747774,0.3111902303345197,0.253188340864271,0.13514367458723828,0.12109205496286074,0.094625782641411,0.00109672912054866,0.00174846899750629,1.0,0.4,0.2,35,2.4892874730273795,4.559832389489756
7,31,0.14412588109101473,0.3082410570837333,0.258284291538583,0.14503103376919782,0.09231411917674398,0.08825232953416914,0.00106419735403453,0.0016367872462924303,1.0,0.4,0.2,37,1.9283699953087177,4.21223263960567
7,32,0.1462947282132975,0.30896716854283723,0.25878064659391437,0.16493861891961223,0.10370283156078872,0.09092766735092336,0.00112883306887808,0.0019279697750058601,1.0,0.4,0.2,38,2.034554450185892,3.816009520552512
7,33,0.14415414052353764,0.3070350170798924,0.26433406111467267,0.16950047245402483,0.12614455578792294,0.09050725170673508,0.00110973800561884,0.00187451028803305,1.0,0.4,0.2,39,1.974782721563768,3.9262565284425817
7,34,0.1423980247869129,0.3075113786012114,0.27261417702417645,0.17830553591427437,0.09991777595627,0.08969724206907283,0.00107513991871407,0.00176300041048669,1.0,0.4,0.2,41,1.966598965246518,3.907069498107498
7,35,0.14139071779357523,0.31020269854129856,0.28333905151451716,0.1919012633810211,0.09220424670344925,0.08903523471751533,0.0010814360939432799,0.00173965147900119,1.0,0.4,0.2,44,1.9948224681498803,3.920656480360138
7,36,0.14144453298392867,0.2986483390013933,0.255061538723922,0.19277835345713504,0.10033741577734176,0.09005256262567196,0.00105515820153947,0.00152115556870032,1.0,0.4,0.2,46,3.288194874428489,4.816280687139181
7,37,0.14144453315061942,0.29864833897687165,0.25506153869940035,0.2005042013483888,0.0907789682104252,0.09005256260260272,0.0010551581995928302,0.0015211555653316402,1.0,0.4,0.2,47,3.2881948849700184,4.816280696734836
7,38,0.13902842792336367,0.28549213947585206,0.2327638327095754,0.1981550257783456,0.11669142744430644,0.08999279410533341,0.0011541373696873501,0.0016427700627651798,1.0,0.4,0.2,49,3.493968766189938,5.087980373878642
7,39,0.1374631021639874,0.2862271923441257,0.248808158158611,0.20339409765923502,0.1419657613873495,0.09038058277388356,0.00123283722007941,0.0031971276093129804,1.0,0.4,0.2,50,2.776975559146571,4.868476940569208
7,40,0.13463666979543593,0.2726955479700533,0.22617559212761773,0.20429032213539716,0.13802847987199066,0.08999279410533341,0.0011541373696873501,0.0016427700627651798,1.0,0.4,0.2,51,3.315587925619475,5.23277772071466
7,41,0.1361828269827378,0.2687706524352364,0.22891237227569233,0.21256261099437884,0.17273475350884102,0.09459090941933981,0.00143477108439517,0.00238783933200259,1.0,0.4,0.2,52,3.3650124135414274,5.528477274610706
7,42,0.13115905815787415,0.25642620793181203,0.21548042514540416,0.21112952056723852,0.148353436932708,0.09200432365570496,0.00130896477178507,0.00196633609927233,1.0,0.4,0.2,53,3.142122627615673,5.574634033279136
7,43,0.1330446073887733,0.2627783704086375,0.22998700653537446,0.22829184978987627,0.09535301268896428,0.09388394218267676,0.00132287724454781,0.00217490556581526,1.0,0.4,0.2,55,3.2836896277939807,5.280231878056206
7,44,0.12918220771112066,0.2558565398836613,0.2301118428194931,0.255089454665951,0.1076688380917763,0.09236388345804544,0.00133631974358528,0.0020238364380975,1.0,0.4,0.2,59,3.446105272934836,6.020293673856518
7,45,0.12272873052923995,0.23887202645831737,0.2115927982355708,0.28052705719282556,0.10294103240589396,0.08811819147621829,0.00345106127170009,0.00199656018391261,1.0,0.4,0.2,65,3.1503833532709966,4.599699842459237
7,46,0.11929928936819405,0.2268478147228122,0.19832938246325038,0.27639257075182244,0.1519847227593046,0.08666440210634498,0.0044816216404088,0.0019159368824634801,1.0,0.4,0.2,66,3.6576645480598176,5.1718086153321545
7,47,0.11955543898630128,0.22228980594743533,0.18556655773747543,0.26520253153968937,0.090713090196441,0.08696572636394453,0.00447038115455171,0.0020005721076840803,1.0,0.4,0.2,67,3.608269350070872,5.417519733177397
7,48,0.11943053673698942,0.2243828363599417,0.20300921849300912,0.2878373146713423,0.14178608560224726,0.08858772882104249,0.0048344878936719595,0.00181399174009422,1.0,0.4,0.2,68,3.5816441608754164,5.25835716662202
7,49,0.11776074964486916,0.22505062907745899,0.21152896040010677,0.2979748927402047,0.09527860863714661,0.08761488409973782,0.0045624761616957,0.0018154542080494902,1.0,0.4,0.2,71,3.5313444977564727,5.275454197573104
7,50,0.1279033127965968,0.2240898443286913,0.20899722961264913,0.41017806442168175,0.10745480717102641,0.08312426100181655,0.0053064936200593795,0.08748641260549248,1.0,0.4,0.2,88,4.206342204262076,5.368039955049204
7,51,1.1968510574418667,1.3125731849006441,1.3378646919012374,1.5002362547323325,1.197302975346186,0.9707533057792777,0.00445290258691864,1.0,1.0,0.4,0.2,89,4.313084243292841,4.33710037314394
7,52,1.2111150952701064,1.3171730829848192,1.3335813302082211,1.5142857103087652,1.2241560541415126,0.9862072982724716,0.00450430012190866,1.0,1.0,0.4,0.2,90,4.169130766907223,4.292848171774857
7,53,0.3050346348197162,0.4038072064774423,0.4192006866951013,0.616241457727297,0.3008679719646039,0.08198910490897515,0.00408355365199123,1.0,1.0,0.4,0.2,93,3.813167134838919,5.157335253141036
7,54,1.2097059803160102,1.311937868332322,1.3353473587233227,1.5429165147193296,1.1925777227082246,0.9859956146303521,0.00639439746864366,1.0,1.0,0.4,0.2,95,4.326318160981233,4.704880948082
7,55,1.201905875179186,1.2976236695407593,1.3201319363261195,1.5343413718218846,1.2051827816734142,0.9795812665321074,0.006581939466844421,1.0,1.0,0.4,0.2,97,4.350075077383461,4.63402818569371
7,56,1.1901476364081016,1.2794638378624905,1.293549499665355,1.509025619809456,1.1771852259793212,0.9682494299963814,0.006507786580819359,1.0,1.0,0.4,0.2,99,4.2902815191352905,4.5941643965283125
7,57,1.2218987833905488,1.3101457827271008,1.324084231813614,1.5581898836448165,1.2065925537675795,1.0,0.00709425443068927,1.0,1.0,0.4,0.2,101,4.383073583593331,5.326678351041398
7,58,1.220836217566524,1.3040726341908646,1.3173225985199697,1.5608853807107357,1.2379458666261751,1.0,0.00714178616441353,1.0,1.0,0.4,0.2,102,4.32117494782925,5.212486225820852
7,59,1.2205764151004797,1.3025601967786649,1.3156385578532033,1.5604663085566381,1.2072394852462536,1.0,0.00715912585960137,1.0,1.0,0.4,0.2,104,4.323206327800938,5.222374258400926
7,60,1.2204949975437998,1.3066635045301993,1.32785914217063,1.5738812389106158,1.2043180970113443,1.0,0.00717553913963037,1.0,1.0,0.4,0.2,106,4.323512680216255,5.189035529998108
7,61,0.9907652545499674,1.0897749875484022,1.135361812681545,1.4162599188830889,0.9740108754124681,0.7706997714415812,0.006607938435565131,1.0,1.0,0.4,0.2,116,4.04778223850537,5.469741794733328
7,62,0.9900985737593466,1.08872318828437,1.1342571837800752,1.420052409590712,0.9754440467076404,0.7701141804226407,0.00660831873210183,1.0,1.0,0.4,0.2,117,4.048882129451772,5.447082882527397
7,63,0.1233888240505327,0.21685903455854555,0.25414283340938576,0.5859132687804365,0.10747412462993253,0.08153325904927869,0.007987413757635401,0.10718992244216703,1.0,0.4,0.2,120,4.004327077566359,6.08504139990027
7,64,0.12332958224423507,0.22033276767395651,0.2656449618845304,0.5948848106009208,0.11004515897784978,0.08169542925176629,0.00799352698100288,0.10718866587215584,1.0,0.4,0.2,122,4.007841181505901,6.031494203485242
7,65,0.11146271476261706,0.21720545538789954,0.28634988029237735,0.8248371505682041,0.09624714540979726,0.08735293192738466,0.00968758354833712,0.02141595980801096,1.0,0.4,0.2,168,3.2104873958241047,4.58122717925133
8,0,0.947167893934009,1.0463958598647842,1.040332962905437,0.2275443755583329,0.10004856688141278,0.0999890745789399,9.42557364322e-05,0.00010895003950006,1.0,0.4,0.2,1,11.596956621550538,29.46462435963484
8,1,0.6947944285064616,0.9662394142839019,0.9515301649444722,0.2570494305416728,0.59280163497774,0.16361993039592793,0.0008032308924341199,0.00100658714885223,1.0,0.4,0.2,3,7.898478899685332,14.496418029080228
8,2,0.5411047723972083,0.8588277575360804,0.8329191087366526,0.22418672095056585,0.4412791280134578,0.15525678029963869,0.0008974866288663201,0.00111553718835229,1.0,0.4,0.2,5,7.681723038730017,13.612594812618312
8,3,0.43867968385127737,0.7657501093216346,0.7331693385513405,0.1807873048947473,0.29185562850161384,0.1211730211259617,0.00098809184282585,0.00118187001541595,1.0,0.4,0.2,7,7.240585014021814,12.435216076839174
8,4,0.4275576471784366,0.7546935894721231,0.7219883227648342,0.17441227754444036,0.11819953575897703,0.11152829666567114,0.00049326889185648,0.00061903018816538,1.0,0.4,0.2,8,7.046416955509608,12.449804871305188
8,5,0.3941538882299812,0.7210495496996373,0.6836442288873148,0.17183177432056018,0.3593821039082195,0.1191709676494314,0.00099076992766347,0.00115772004680631,1.0,0.4,0.2,9,7.73012042092307,14.427349627740568
8,6,0.3350914978365131,0.6546761725068667,0.6112016230111548,0.15269063802157337,0.26181530114716656,0.1063989486089139,0.00113988653627713,0.0013927488087925601,1.0,0.4,0.2,11,4.680972117346792,11.594417518517549
8,7,0.3281266681186707,0.6476428668241052,0.6041297745336391,0.15036865171099142,0.10241327484335867,0.09999380068700817,0.00068128204416104,0.00087529697094371,1.0,0.4,0.2,12,4.616636040693297,11.5532311090761
8,8,0.2901126900075031,0.5990742015161828,0.5508136191771603,0.13500198323512963,0.33587939674389605,0.09325119166436716,0.0009876873028985499,0.0011936859910668901,1.0,0.4,0.2,13,4.355737014012126,11.046853584778146
8,9,0.2909547278898409,0.5991525669068966,0.55060385619032,0.14160429954307327,0.11119961523421856,0.09592900941308548,0.0009100741780975801,0.00110093918968172,1.0,0.4,0.2,14,4.248670117295621,11.238878002232658
8,10,0.2678120207609436,0.5623638991921439,0.5093024356603157,0.13480366527733603,0.32969270274219714,0.09884703447187207,0.0012704545121951598,0.00152053610956709,1.0,0.4,0.2,15,4.765276499095108,11.132848727080027
8,11,0.2592903624313393,0.5517073608920039,0.4980190990644532,0.1330755242884578,0.12650640456143977,0.09388589469392664,0.0010475019502897902,0.00122683657485357,1.0,0.4,0.2,16,4.511781828460923,10.975062038344088
8,12,0.25940880091082275,0.5503045465718746,0.4961792732028145,0.13754603999206572,0.1192808295544874,0.09639886907215942,0.00096988882548882,0.0011340897734684,1.0,0.4,0.2,17,4.422759490118918,11.180213255591712
8,13,0.2560297623079307,0.5506476696250368,0.5044480289974752,0.143188543213982,0.10129210576893051,0.09432063237004196,0.00100932986254636,0.00116296488314496,1.0,0.4,0.2,19,4.475379995407544,11.127693152841006
8,14,0.22089149379006914,0.48025445453808996,0.4254579361431449,0.13468813445900082,0.31975128853199836,0.0996949264132557,0.0013827772760759,0.00196575860970339,1.0,0.4,0.2,21,3.219453188697353,3.9706619017539753
8,15,0.19971390126363545,0.4326126664713327,0.37241603078279084,0.1303120156521626,0.23841474185822265,0.09977371258127692,0.00148122172602083,0.00209760729740406,1.0,0.4,0.2,23,3.2332135724527107,4.949002287134322
8,16,0.1825883404957457,0.3926418962831605,0.3281833162764952,0.12990773749991952,0.17117868436585923,0.09741577388883751,0.00179633295487863,0.0019784441642023603,1.0,0.4,0.2,26,2.268348738521211,5.01421803651068
8,17,0.17471653841120854,0.3785827336872985,0.32039165028713434,0.12999685991966695,0.19350031057841954,0.09557301340283894,0.00184970835922127,0.00215835537686952,1.0,0.4,0.2,27,2.06647999750255,4.65191491623794
8,18,0.17146859012005053,0.36345743146191256,0.30322042238898517,0.13067109108839517,0.20397538469472426,0.09882621128841627,0.0014467210771712,0.00159907837654835,1.0,0.4,0.2,28,2.0205046111249687,4.823813868434464
8,19,0.1701685472066989,0.35961814257101465,0.29895030669381795,0.1329807373317187,0.12172453043480448,0.09884497537963516,0.00137931902165024,0.00150859768247334,1.0,0.4,0.2,29,1.9565778341472555,4.556530032697946
8,20,0.1624354756213766,0.3342841740011871,0.2706981605608767,0.12962379862559895,0.24869888730121895,0.09923719503761984,0.00148606785628554,0.0017796574923251598,1.0,0.4,0.2,30,2.3174351641481663,5.287670744940042
8,21,0.1698387667148366,0.3303070311528305,0.27232558604393486,0.14366824313175156,0.17992841970805035,0.11126935596652172,0.0036695373946109998,0.00805837656412718,1.0,0.4,0.2,32,2.20907678871416,4.467383342189422
8,22,0.16758863111720557,0.32906090050459147,0.2786857932588153,0.15125015984187395,0.12797473050164404,0.1100728975752158,0.0039922627750016,0.0092875744512787,1.0,0.4,0.2,34,2.2013233684308617,4.221668505013456
8,23,0.1683835472971609,0.3297551185680058,0.27936564767489086,0.1619875483819616,0.1148907078733016,0.11126935577779033,0.0036695373247661103,0.00805837672499593,1.0,0.4,0.2,35,2.070987841902786,4.287969251500527
8,24,0.17417763075185588,0.3243274697424017,0.2721845259264287,0.16492562917849735,0.21401495530527723,0.1211782703619819,0.00414521123403816,0.00800917120586828,1.0,0.4,0.2,36,2.236024297495527,3.8665541762099336
8,25,0.17028502441401122,0.3188199204223431,0.2664271540367343,0.16747757449931683,0.13390134704413625,0.11797603573746678,0.003941403115948721,0.00794460386461293,1.0,0.4,0.2,37,2.199764224124987,4.022828514014292
8,26,0.16846732717153,0.317835505605777,0.2730374036686706,0.169236290079599,0.15018004266550483,0.11713954313649722,0.00430789034089232,0.00911858708247261,1.0,0.4,0.2,38,2.156726428800686,3.776850648006689
8,27,0.15706408747577433,0.2998333741175296,0.24655273954479892,0.161457879685004,0.12598269343870477,0.10629206485291882,0.00399759092732045,0.01060661494779217,1.0,0.4,0.2,39,2.7809599901328275,3.633042959345374
8,28,0.16314810442350255,0.2919942803281518,0.23660157052340844,0.17437793967088,0.17474032882526738,0.11745778658588572,0.00409063374340605,0.00884748891882228,1.0,0.4,0.2,41,2.425675665636002,3.696308942778576
8,29,0.15889374318556068,0.28491486621498674,0.23658691587459094,0.1802368540158076,0.1472087932631147,0.11516592393121534,0.0044133018942486,0.010352502833606069,1.0,0.4,0.2,43,2.7739064485526588,3.257207906239828
8,30,0.15727388062731026,0.28271551457966715,0.23430121556709507,0.18538244216948171,0.12198570034008671,0.11376811093620501,0.00432107382437072,0.01034928000756264,1.0,0.4,0.2,44,2.7599696423598945,3.296806481894412
8,31,0.15450801886031107,0.2804428688305481,0.23959587275040908,0.18615262295482826,0.1465906655787879,0.11229724941565992,0.004234642764303119,0.01036306263285085,1.0,0.4,0.2,45,2.6595630501409646,3.2106298616608204
8,32,0.140875813860611,0.2706133979560474,0.2378225997121177,0.26465100350204,0.10322429805103299,0.10076862425901553,0.00251298320374648,0.00452045360855644,1.0,0.4,0.2,56,2.0449811431429823,3.552251511918743
8,33,0.14037483499580172,0.272948606708242,0.24807143421490757,0.2800203479825992,0.11599108432632674,0.10073079422148172,0.00259097245132258,0.00475558992550015,1.0,0.4,0.2,57,2.076532064650764,3.6080008535466894
8,34,0.14024380200449552,0.2744901064642692,0.25735582019242265,0.28768075647526,0.11446514485534345,0.10152280046929878,0.00257374549619965,0.00461713667150927,1.0,0.4,0.2,59,1.974593745809728,3.647282479960622
8,35,0.11614651123588762,0.2329820593954754,0.20580339733325548,0.28715510380671105,0.10695432306730973,0.07433499442035336,0.00837761593388861,0.027162158198905318,1.0,0.4,0.2,63,2.149375100080968,3.7066101230341753
8,36,0.13543049597331233,0.24744189426614863,0.21205662936549677,0.31842246040900984,0.10329347676482951,0.1003058557711691,0.00278761697466999,0.00522444713913603,1.0,0.4,0.2,65,2.016806655835178,3.642755031629736
8,37,0.13394090861005045,0.26207451763607953,0.2665668228865589,0.41092534604732434,0.10604902520611524,0.10065994736733681,0.00289434288334325,0.00534352900530728,1.0,0.4,0.2,81,2.175613515486928,3.642175939058114
8,38,0.11826484701547778,0.2359018373081063,0.22385948707160958,0.41407009829018854,0.09073430952850575,0.08462703966291316,0.0031739874620490298,0.00833617599952345,1.0,0.4,0.2,84,3.004629781057251,3.699751284366564
8,39,0.11845952314430935,0.23968918184838903,0.23567621786599988,0.4149900985586843,0.09540179058656001,0.08523816937574182,0.00294259722963677,0.00808054930382671,1.0,0.4,0.2,85,2.813014927383009,3.757770237889875
8,40,0.11821800712938196,0.24285481865502098,0.24684490330176342,0.4452568102081743,0.09683086226628254,0.08522567914599674,0.00301397631499493,0.00839958322136102,1.0,0.4,0.2,86,2.8454631519229427,3.719664987453376
8,41,0.11654583299904885,0.2376996921072427,0.24119139745952406,0.44757282917197944,0.11277686722873927,0.08457119108367014,0.0029459400949873897,0.00808895733551896,1.0,0.4,0.2,87,2.787582299280292,3.758336018850414
8,42,0.11673568616938886,0.22570092803247632,0.21993811775099767,0.44189548536741874,0.11706194532369268,0.0865177338183036,0.00332196326154314,0.008407670001943469,1.0,0.4,0.2,89,2.8548521441739947,3.470062642534567
8,43,0.11378633536124429,0.21768952955390977,0.21873673396345897,0.49152851441687906,0.09768098639873277,0.08591785637259718,0.0033603116378016196,0.00863518470226498,1.0,0.4,0.2,97,2.8943935820492626,3.45874575889672
8,44,0.113788345174573,0.22228479838570403,0.2315051881718247,0.5055472339782168,0.08901496798961823,0.08592124584744679,0.00336052125540545,0.00863547665670834,1.0,0.4,0.2,99,2.89471782725542,3.4587694381814003
8,45,0.11215473255829334,0.2227315942015075,0.23977240581534098,0.529961172283877,0.08997322001772683,0.08479390179561443,0.00342806917968752,0.00902406213660213,1.0,0.4,0.2,108,3.0454657796960887,3.650337129948352
8,46,0.1033799233428302,0.20406007869244516,0.2272543819396631,0.6795660586495599,0.08613061633927195,0.07837872977728659,0.0037617757723561102,0.01347847126048054,1.0,0.4,0.2,137,2.370306592847289,4.392476099716747
8,47,0.10331009561083002,0.20771390250065339,0.23896105109948257,0.7019361510694637,0.08373712046693789,0.07850298511435061,0.0037747353806537203,0.01346958645852446,1.0,0.4,0.2,143,2.380016700543544,4.357396646248056
8,48,0.10323195933538629,0.2033430780235179,0.23399698616932466,0.7322004771557855,0.09870529813595261,0.07935290785004129,0.00389203342441343,0.01337972802064186,1.0,0.4,0.2,145,2.4758242549956675,4.180733398016354
8,49,0.10105829994302261,0.20088897325576455,0.23150410493123566,0.7848000892878865,0.08167114420370462,0.07724920090154556,0.00391235891856077,0.01329883048997967,1.0,0.4,0.2,155,2.8093325804779354,4.150989108679172
8,50,0.09975089800883608,0.19761340730565286,0.22795729686767352,0.8283387953028679,0.08290308783817925,0.07624868755376624,0.00415053601507264,0.013449062163761669,1.0,0.4,0.2,161,2.720772324188054,4.207866323916225
8,51,0.09972182911283432,0.20205074370229642,0.24055036757526504,0.8539494713294644,0.08090985482452204,0.07624868755376626,0.00415053601507264,0.013449062163761669,1.0,0.4,0.2,164,2.7299887020215494,4.218891006263163
8,52,0.10742091594220649,0.2543568499205414,0.37440629362225614,1.0171338791434525,0.08920887952586198,0.08395533873228334,0.00637532809793728,0.01047382588249661,1.0,0.4,0.2,180,2.601086787702138,4.160168341123301
8,53,0.10747169236463347,0.25814393372190747,0.38624870328932914,1.043299562256762,0.09035002662096259,0.08419883944070419,0.00637666180161261,0.01044281636774435,1.0,0.4,0.2,184,2.62628611468404,4.13978833488655
8,54,0.10634900359577117,0.2553948357231849,0.3908199443464419,1.0580485294257882,0.1325594819800912,0.08434642916233961,0.00648307935566766,0.01052339361019458,1.0,0.4,0.2,185,2.600814436434126,4.053675161889298
8,55,0.10212034040535198,0.2364064246377885,0.36982350217089877,1.071128153771327,0.09920145333413986,0.08147342589270283,0.00896116077915205,0.013847105587357088,1.0,0.4,0.2,194,2.6630769797488267,4.557776449710154
9,0,0.8836324879136701,1.020826674043072,1.011968687576328,0.21977620320583496,0.09921423641920926,0.09915069501864494,9.086892550117e-05,0.00013596915181927,1.0,0.4,0.2,1,16.329259251134744,29.46462435963484
9,1,0.6260385032992954,0.9124214499232601,0.8950595072845011,0.22013475138927435,0.5588780197810638,0.13338836063572126,0.00062680330824146,0.0007993893540160699,1.0,0.4,0.2,3,12.255292496018258,14.480190806655749
9,2,0.5070832162546844,0.8262087024649204,0.7996924702108327,0.19893665192523033,0.36196218808813013,0.12804545455408528,0.00083482949812342,0.00108477422949257,1.0,0.4,0.2,5,9.045300030524142,12.923246772720546
9,3,0.4571861033483344,0.7766983927663116,0.7391504296129825,0.17496501192996639,0.181815565642587,0.10861275864998243,0.0005410535960053201,0.00072239985070553,1.0,0.4,0.2,7,8.894552256769988,14.842247244399427
9,4,0.4254753169700524,0.7518649836679039,0.720405923218392,0.1663452308186849,0.20443140384300712,0.09731867020343812,0.0010077679575413502,0.00135583010239203,1.0,0.4,0.2,8,5.737762871625508,14.607050766754236
9,5,0.4032909421851434,0.7263906921692861,0.6832926972004428,0.1665042152445048,0.28426673143495823,0.10735893353867221,0.0006310046955487799,0.00084255640353946,1.0,0.4,0.2,9,9.411111407021927,15.014314177326398
9,6,0.34063654727010995,0.6618846409054062,0.6147846014432106,0.1344980627165201,0.18083177587209193,0.07822369236607647,0.00071736971868422,0.00089375345912331,1.0,0.4,0.2,11,4.6629196968163775,13.380889710899057
9,7,0.33294149442397014,0.6528660912735214,0.6045312489349708,0.1380832700623621,0.1432287497858985,0.08017942159988695,0.00064109030637702,0.0008145263164258899,1.0,0.4,0.2,12,5.974677295714473,11.96090206940847
9,8,0.3620879873024419,0.681465749898988,0.6378766875823143,0.18871045716077914,0.30947597624846246,0.13449597324509477,0.00040798305824952,0.00139068145296539,1.0,0.4,0.2,13,6.088249729130073,9.74379102376242
9,9,0.3200492879596417,0.628963950863606,0.5806854038495128,0.17391466384904605,0.24345629978108838,0.12344666557852395,0.00049404831250002,0.0014489085013364,1.0,0.4,0.2,15,4.254955767782799,10.255442371567373
9,10,0.3213740039336134,0.6297683222060603,0.5812931761506236,0.18102788428493005,0.1364899551313275,0.12604166804173672,0.00041794552184093,0.0013428246127334602,1.0,0.4,0.2,16,4.053705814490913,10.433557248285512
9,11,0.32378913169526385,0.631532987894488,0.5828152081129541,0.1874293025988568,0.14275520337324796,0.1300006716209679,0.00033779784132951997,0.0012664916533004901,1.0,0.4,0.2,17,4.266099326372327,10.145092735902006
9,12,0.2761536222382151,0.575826276282155,0.5243352980272695,0.14939675651774,0.24078370313582723,0.09845830573550887,0.00112924027602229,0.0015704486108066198,1.0,0.4,0.2,18,3.539419725883645,9.514080750220051
9,13,0.36580280012592137,0.6637374103365965,0.6184900558985127,0.25168852464959307,0.2978499985725109,0.17306320452197219,0.00091038588161614,0.1309572294008359,1.0,0.4,0.2,19,3.4116485784094066,8.23645882361193
9,14,0.3334092966429992,0.6210653936705003,0.5729638643072889,0.23287927803395492,0.2550960321338353,0.15382659862372447,0.00171995038294223,0.138455924707997,1.0,0.4,0.2,21,2.6578869721066387,7.62720991908691
9,15,0.326438427603432,0.6108728405106523,0.5619321753281173,0.2337063606178572,0.22237440247590284,0.1512735582019292,0.00159053560438666,0.1376386333401104,1.0,0.4,0.2,22,2.745358481057212,7.61970094633261
9,16,0.26831192755638,0.5555316976862674,0.5142865281790748,0.18323581999431532,0.14891558228036772,0.11250103769886984,0.00156337627780746,0.053033526434388446,1.0,0.4,0.2,23,3.245917026450506,4.974775056763594
9,17,0.26572979426412985,0.5445999628282538,0.49424045513633236,0.18878532790077576,0.17414804207690734,0.11441407183209788,0.00147124387597082,0.05359450670033039,1.0,0.4,0.2,24,2.6809022418160984,6.072569996447672
9,18,0.29001979038341646,0.5497555541403857,0.49503974795871725,0.21913728583399505,0.3897350135000233,0.14141951024347046,0.00196962323783329,0.1361023742881055,1.0,0.4,0.2,25,2.9545331247661424,6.588047143220164
9,19,0.25796087888403463,0.5170073327378041,0.4693272466064876,0.19849174678568926,0.17132563708162063,0.13046988407103194,0.0017226086320769,0.05497306085352267,1.0,0.4,0.2,27,2.3300584910285926,4.7134634609075885
9,20,0.22558340865303012,0.4549864338373991,0.40873660688206215,0.19711429645797626,0.3069266897755033,0.12343449712191357,0.0018454315553766702,0.05519249277837205,1.0,0.4,0.2,29,1.5157671454156738,5.53919894290749
9,21,0.22422646706218646,0.456678288660118,0.4183145706909154,0.2123353849118161,0.13977942173338134,0.12339685829906866,0.00166199140961799,0.053949720582029834,1.0,0.4,0.2,32,1.4992814721759586,5.944441957153808
9,22,0.2254478971601758,0.45652226452663686,0.41790638468235547,0.2114588297519553,0.14967795096010533,0.12497068145168008,0.0019260157466264901,0.055930694954701585,1.0,0.4,0.2,33,1.5294742418436158,5.21372047837596
9,23,0.2252608860461797,0.4560350600654104,0.4173641070564318,0.21440002055797883,0.13972997070647292,0.12497068145168008,0.0019260157466264901,0.05593069495470154,1.0,0.4,0.2,34,1.5301884710742324,5.258710591281606
9,24,0.19914332657769393,0.40229673026008816,0.3661377564360647,0.20597404438370107,0.4173182727807673,0.1174259876011384,0.00184164607357091,0.05266458087010092,1.0,0.4,0.2,35,1.9909046660215928,4.7015974388921125
9,25,0.18936954821779758,0.3763050261086534,0.33003297541095145,0.20733418156940275,0.1738856155826043,0.11316382187173626,0.0018987322013637598,0.052696974594143034,1.0,0.4,0.2,37,2.1828017637602293,5.058412414521665
9,26,0.1859155882091634,0.3662396144364949,0.3263127000078382,0.2262266168283126,0.14928890068779713,0.11460372691187111,0.00181045530122912,0.053275288580607684,1.0,0.4,0.2,41,1.6957766342908978,5.187780806138237
9,27,0.18637803854750606,0.36955130294885713,0.3375163445282205,0.245295949069609,0.13078663670865318,0.11575064025218687,0.0018524843760859499,0.05350041709767507,1.0,0.4,0.2,45,1.712394078081261,5.195594109575805
9,28,0.18227604820851814,0.36052417939407716,0.32769981911167995,0.24157285422804736,0.1352158876955936,0.11315588094707921,0.00225035243485141,0.05547111041791847,1.0,0.4,0.2,49,1.814245673210797,4.281322035975712
9,29,0.20918239811938774,0.3792712109378837,0.34515410519291173,0.2800899179742079,0.18827315706951164,0.1447590843308355,0.00144214707038667,0.05000616410302405,1.0,0.4,0.2,51,1.3969354641031064,3.511088517788299
9,30,0.18963149648996014,0.35298440940554193,0.3103557340778446,0.26436279379936517,0.15407053260058234,0.12492294220683689,0.00226334599067493,0.054039357581851036,1.0,0.4,0.2,52,1.706710649792626,4.656166905472246
9,31,0.18159134836348892,0.3400393536947198,0.3041059672072081,0.2638248653316042,0.16980650033277475,0.12045239884215168,0.00217453286925324,0.05428075881615772,1.0,0.4,0.2,54,1.6735919408650255,4.6102609842924105
9,32,0.18356982051402937,0.33994267818794316,0.3036887582123587,0.2695678361695078,0.15129324533950123,0.12335342163659943,0.0020312784781130002,0.053761184263539305,1.0,0.4,0.2,55,1.5774419961694257,4.434387807529825
9,33,0.1841584674592594,0.3448184038402552,0.31669140088090675,0.28167321613155744,0.13786933500004955,0.12396327721482577,0.0021423592647905,0.053955497036954306,1.0,0.4,0.2,56,1.5202006968669552,4.696358880470642
9,34,0.18157568305600424,0.33795786345874174,0.30917251999079765,0.286832506555798,0.15145942221272618,0.12270396330512727,0.00227021425928782,0.0548224036963337,1.0,0.4,0.2,58,1.6323428183851356,4.300092913535449
9,35,0.17981910089771508,0.3324153647896965,0.30305114039354747,0.29286847388735476,0.16376820300192646,0.12238136817520662,0.00219354111107779,0.05448429392379335,1.0,0.4,0.2,59,1.5625857199491882,4.115870786601026
9,36,0.17606251144712348,0.32678642984961914,0.2971386276900727,0.29296726183440913,0.1381913885211037,0.11917890634706887,0.00226099326061154,0.054769451883039874,1.0,0.4,0.2,61,1.6227556209003005,3.9912540575273336
9,37,0.17751735023181117,0.3270894512461882,0.2972668213442053,0.2983100228342565,0.1418098909549132,0.12107621233562715,0.00221661852678812,0.05462365822444848,1.0,0.4,0.2,62,1.536409159659733,3.859151399259068
9,38,0.17936622676695077,0.33237837987069946,0.31055386071534485,0.319992205164364,0.14412871321874274,0.12339234274448241,0.00212401078733381,0.05445737541346039,1.0,0.4,0.2,63,1.6299029636894535,4.442892361725105
9,39,0.1711037577713235,0.3204920734709413,0.298121639160352,0.31156903419340803,0.15570197642263367,0.1163431921402833,0.00224685179093674,0.05418331108630163,1.0,0.4,0.2,64,1.5645383599116292,5.5608887536120335
9,40,0.19478360773759165,0.3528988839990348,0.3468055908812841,0.3513105727836631,0.15553953886531505,0.14142931298596778,0.00133058632031669,0.04977028269582942,1.0,0.4,0.2,65,2.0674729407618075,5.171603884726496
9,41,0.1622811661839964,0.2912167279740425,0.26580386539522427,0.3137986163888955,0.2771892995276303,0.11397288315387462,0.00227161561534525,0.05422708161280636,1.0,0.4,0.2,66,1.5050837102778187,5.796546927444576
9,42,0.165923074316426,0.29827451366418983,0.2808621201109696,0.32951089990594756,0.13415196978537663,0.11804779824053799,0.00219404606278619,0.05398844393374439,1.0,0.4,0.2,68,1.44980957816322,5.913855539969897
9,43,0.1597251981679639,0.2816037282485937,0.25515816536314695,0.3228918193065383,0.16903653409603459,0.11358955969976454,0.00222229611581378,0.053871882130080595,1.0,0.4,0.2,69,1.4556773619411214,5.668613877268117
9,44,0.1658054138666037,0.28319574353868887,0.25609741219954824,0.344818132873012,0.1437206471321351,0.1207308082662693,0.00235971391908224,0.054732587993151186,1.0,0.4,0.2,72,1.4839624980119897,4.493371012958343
9,45,0.16457309366407485,0.28502790603039513,0.2658810603555731,0.3560008178047937,0.1375021134024505,0.11993528953966257,0.0023572754974519198,0.05472514031077683,1.0,0.4,0.2,74,1.5500126303755069,4.480167360107588
9,46,0.1644722797190905,0.28286520011516575,0.2634200307281434,0.35983560217043487,0.1475044702355372,0.12042022159251091,0.00233940688138482,0.05471973853643388,1.0,0.4,0.2,75,1.5210909245058062,4.445141293906136
9,47,0.15862222475451135,0.2767405531380469,0.25725512671727696,0.3621721489284915,0.12874846694671718,0.11475072303008912,0.00223931182860179,0.05443593676948122,1.0,0.4,0.2,76,1.4729407581363068,4.590697319884985
9,48,0.15843300033363739,0.2796660896205902,0.2681394681713001,0.3745969318947109,0.13790724124989479,0.11500349071442759,0.0022615318683152402,0.054281070368365006,1.0,0.4,0.2,77,1.5069437632529603,4.558299386409427
9,49,0.15776895455345127,0.28083589751470334,0.2770868959743779,0.3864246591466797,0.13345478185811988,0.11506455409533825,0.0022373108421418703,0.054412362165054295,1.0,0.4,0.2,80,1.4600342985448116,4.653739970238647
9,50,0.18532193574304995,0.29966464594145187,0.2871493812371541,0.42203420615250736,0.18575598157853968,0.14415396393606744,0.0019996509410121098,0.05278697236672728,1.0,0.4,0.2,81,1.9349210422440668,4.670017987322638
9,51,0.1812579144616441,0.2947631256633818,0.2821276464474116,0.41335062249615684,0.1578756210977203,0.14083862384417212,0.00196973741166325,0.050237108844621584,1.0,0.4,0.2,82,1.8621726942817,4.604996969880146
9,52,0.18101765739422954,0.2981558137900307,0.2935565124861436,0.43044982947174776,0.15516785003096595,0.14085218909394245,0.00196940198615701,0.05023704230240407,1.0,0.4,0.2,84,1.863200424052256,4.547094001433715
9,53,0.18272859225454913,0.29367081694462316,0.2806695540097353,0.43593819983416005,0.16540099979960848,0.14291456719195977,0.0019484275000271798,0.05062212041475037,1.0,0.4,0.2,85,2.079617506697992,5.5339194748318405
9,54,0.18083563871450214,0.2943015007003905,0.2891782842819685,0.4469294711562302,0.1600168355136215,0.14166583411670136,0.00193581695051909,0.05014488298979887,1.0,0.4,0.2,87,2.073321120852209,5.56661030025437
9,55,0.17618259053438665,0.28352566129198825,0.2850570778719072,0.4543226768498609,0.1763478042552638,0.13953534545566793,0.00197327981709993,0.05107479955023444,1.0,0.4,0.2,90,1.988589902038096,5.309087914330589
9,56,0.17330572677615685,0.2789905001184261,0.28028820502830676,0.4813553879961714,0.1510533596784134,0.13606208400403588,0.0047373793629855,0.050578441140328334,1.0,0.4,0.2,94,2.000759195533597,5.231164697138522
9,57,0.1730546853565922,0.2776666045361988,0.2788134172582602,0.4852886696880371,0.15577088416934035,0.1360910332682727,0.00472256167009494,0.05052273626852479,1.0,0.4,0.2,95,2.0056218553440748,5.153574150268776
9,58,0.15424992726618325,0.2754519555534543,0.3090408532218107,0.5158309680268675,0.13157412145885367,0.11784127727238788,0.00334346166497735,0.05271226266992054,1.0,0.4,0.2,102,1.862054184348215,4.70400164430614
9,59,0.1548510211278918,0.2771318550258848,0.31840134222205324,0.52955050542789,0.1437343368111783,0.1192757338106436,0.00333711116877992,0.05279171654027952,1.0,0.4,0.2,104,1.804297205181308,4.7138497458890125
9,60,0.1535728500552808,0.2664214127552811,0.2913100812228442,0.500956176169492,0.13050160162114394,0.11800033039418545,0.00338995309744744,0.05295081127137733,1.0,0.4,0.2,107,1.8056018518572128,4.673056599007415
9,61,0.19298866011248955,0.2974361632916009,0.31361951191091647,0.575039629853383,0.18379790716080563,0.15702998560197523,0.00631404185948935,0.05353044977143342,1.0,0.4,0.2,109,1.6135054141596594,5.278829063118643
9,62,0.1925872132942745,0.29681602497018716,0.31296886684056685,0.5790001018587594,0.1714688086834735,0.15677031354144588,0.00621723196883996,0.05327169183685617,1.0,0.4,0.2,110,1.5255453515301307,5.080028249216924
9,63,0.19255451770380008,0.30124311477343696,0.32555059850405904,0.6068969377333675,0.1704075946193503,0.15677031354144588,0.00621723196883996,0.053271691836856185,1.0,0.4,0.2,112,1.5122332470998607,5.106565838102721
9,64,0.1907410603809898,0.30410394983856703,0.33659376643235833,0.6281204909872016,0.1681102575863103,0.15514581939981836,0.0061935069327113,0.052380045897942484,1.0,0.4,0.2,115,1.452452479381046,5.016343271640398
9,65,0.15659848330463486,0.2723646724787341,0.3202596393022583,0.5685434340031263,0.1831294056086805,0.12248251584763954,0.0046920153459255,0.055733980059690894,1.0,0.4,0.2,116,1.7996639309918545,5.684742336559124
9,66,0.14326690825039803,0.2523875615145957,0.2918245282606313,0.5976408691004441,0.12627858323548524,0.11128175882085978,0.00278810319073595,0.051217819223806305,1.0,0.4,0.2,120,2.027046849933217,8.521454273030615
9,67,0.19030190295823135,0.292065991863089,0.32294803301806924,0.6236080475953028,0.17996258139158888,0.1584635818468087,0.00352013282861798,0.05209078120126116,1.0,0.4,0.2,122,1.7703853336220694,5.263273116377972
9,68,0.15461982847495287,0.265143490304434,0.31985296134039987,0.6117057076615916,0.1711507844572506,0.12228336770444855,0.0049645677999113295,0.05723874794203217,1.0,0.4,0.2,123,1.6644423435964488,5.59908646261526
9,69,0.19074914915490568,0.294671102940073,0.3409313753916574,0.652939805847769,0.18628402442791406,0.15959525680172673,0.005084492222489851,0.05325070316621268,1.0,0.4,0.2,124,1.8753661722854296,5.416065904336268
9,70,0.13916903402082875,0.23691510796500562,0.2823286858198282,0.6239654538820291,0.16522995530584042,0.1101734217521145,0.00363761172990194,0.0519340870571298,1.0,0.4,0.2,125,1.9741540774522628,8.432921936596253
9,71,0.1499663203309507,0.2304237144904465,0.26593651585940403,0.6062461048298519,0.1793852995437513,0.12259320757444885,0.0042113235021866,0.05562798660795758,1.0,0.4,0.2,127,2.239525284293096,5.5483100526777935
9,72,0.1407679489392174,0.21234472122053893,0.24665807600017356,0.6133523980254246,0.14833380540983046,0.11524906419641516,0.00423772864524678,0.054975122445231075,1.0,0.4,0.2,130,2.042356419887456,5.237489753079132
9,73,0.14102970105268087,0.2294495127695567,0.3038063929231451,0.6913803561196954,0.13319407182481163,0.11572521791664421,0.00482798708734005,0.058537318813888836,1.0,0.4,0.2,141,1.8112337318491665,5.276945672804056
9,74,0.1420034920211821,0.23159509352593285,0.31366705330201194,0.7354015812910114,0.1356428217430131,0.11678349020949912,0.00617236967525315,0.05859571610055634,1.0,0.4,0.2,146,1.699564696900928,4.827146567690278
9,75,0.14816726685515075,0.23622608029860612,0.318093080467548,0.7899917561640059,0.13950590678918334,0.11849029032280856,0.01506869240934099,0.0644936427255535,1.0,0.4,0.2,151,1.707424612628116,7.752004822948409
9,76,0.14093574365299594,0.2353529599889963,0.33318862028407714,0.7973395083120305,0.13555117766257807,0.11544984747340788,0.006616715501362801,0.06303071624695852,1.0,0.4,0.2,155,2.158213317514428,7.317373432385298
9,77,0.14819402380482008,0.23227072855228356,0.32873130282657875,0.8474406216056406,0.15730123443440513,0.11912119308070956,0.01789427719829271,0.067549663193972,1.0,0.4,0.2,159,1.823738085892352,7.848495920657566
9,78,0.1434360189957423,0.22344324710347244,0.3193651115727046,0.8317563326225412,0.16318840146846444,0.11638040303518556,0.015867028895165412,0.06501333251443556,1.0,0.4,0.2,160,1.9273246367619543,8.445096152050771
9,79,0.14513870160171644,0.2174434127022698,0.312348801721461,0.852157241199109,0.1905429419041691,0.11792159034613423,0.017854824969488838,0.06830535130285358,1.0,0.4,0.2,161,1.9554804429574584,8.335557450712663
9,80,0.14513870175589658,0.22204287025219485,0.32512229928401315,0.8769883649404542,0.13872469795022416,0.11792159042670144,0.01785482603349961,0.06830535074595638,1.0,0.4,0.2,163,1.955480392013461,8.335557536146542
9,81,0.14512365888297007,0.20357880276608437,0.2739552280695322,0.7641675089486036,0.13906031203269936,0.117917337580187,0.017853942184790462,0.06829546247081698,1.0,0.4,0.2,164,1.9544947371972987,8.324837860870842
9,82,0.14414356990626614,0.19506139324281635,0.2644475568469927,0.7572338966477897,0.19739038255209573,0.11914698094970555,0.01634836651654267,0.06638816888781608,1.0,0.4,0.2,165,2.2122711304045666,7.4309530505915005
9,83,0.13150856180741297,0.20199054940352246,0.3193702022242502,0.9383782848943387,0.13085393464548775,0.11316274004497232,0.00670665505231101,0.058750534567055056,1.0,0.4,0.2,179,2.200783219330514,8.459286446811106
9,84,0.12881415159149842,0.1968879055290083,0.3139533722810714,0.9498257197119157,0.13061087013560724,0.11101673107982987,0.00664346669903781,0.05799471449037284,1.0,0.4,0.2,182,2.0163676270980018,8.448074030807105
9,85,0.12205587077129573,0.17278206016951053,0.28759582912483284,0.949759357480018,0.17848156620069025,0.10686470702570254,0.0066955981900176,0.05775051655571419,1.0,0.4,0.2,184,1.9566948842653464,7.9903139681163715
9,86,0.12226698811068451,0.16347835383359516,0.26948363735872255,0.9718238793215032,0.12739397271940175,0.10754239263468075,0.007112926059524941,0.058080449123699515,1.0,0.4,0.2,190,2.0048385404381674,8.12204717115681
9,87,0.12451840476247045,0.17393444700267371,0.29615978789299724,0.9851190187813252,0.13092904998757451,0.10988715300201275,0.007148835096631339,0.058241440946689885,1.0,0.4,0.2,191,2.10441040258218,8.262671516994825
9,88,0.12349155899533806,0.17264817622143847,0.2948400162558299,0.9951802143202508,0.12510727135572133,0.10908981232534624,0.00665693513798588,0.05825967907930263,1.0,0.4,0.2,192,2.1217951939341493,8.250778876832088
9,89,0.12419609538244479,0.16813222457598598,0.2820699391230966,0.9991888062738493,0.12623528922638455,0.10943209238083378,0.00744887757812962,0.05892225985179585,1.0,0.4,0.2,194,2.1642410471412488,8.34667813788849
10,0,0.9111674989969032,1.0298754187051171,1.0224198178546713,0.2198924934773063,0.09585323356714119,0.09579158688768777,9.154018532534e-05,0.00012515302661642,1.0,0.4,0.2,1,13.997412680909108,29.46462435963484
10,1,0.6687680719125798,0.916577540574328,0.8965417599861639,0.193863884206829,0.4145463257988159,0.09376573473936492,0.00018165130122179998,0.00021484510145552,1.0,0.4,0.2,3,9.621339928342708,21.854475246009628
10,2,0.5062503897430082,0.8204728178471936,0.7959638380074925,0.18041614961335273,0.4274567793187325,0.10446632991726393,0.00099088507435735,0.00117195309309191,1.0,0.4,0.2,5,7.462704573313102,16.215428523444054
10,3,0.36850266449086644,0.6964575529787693,0.6615367374607243,0.12894592215986317,0.3393617125191933,0.07260085558701741,0.0009508446870065799,0.0011934292649105,1.0,0.4,0.2,7,9.74805670524274,15.878159791686825
10,4,0.319541398669709,0.6435927881169494,0.6028450077077128,0.11993118976665888,0.22048847221848494,0.07123688892834228,0.00104271415050299,0.0013303419301406798,1.0,0.4,0.2,9,9.138908199926863,13.340699317957776
10,5,0.29458735054309304,0.6093006490678108,0.5633055237355732,0.12624084507692038,0.21776618029370587,0.08346672309938075,0.00091498677971734,0.00115461319298288,1.0,0.4,0.2,11,6.269019080965428,13.845422298380717
10,6,0.27276678141824934,0.5809559570684668,0.5322464428858111,0.1236980299998042,0.14979064295659075,0.07901577779702734,0.00112705659725389,0.0013616401476167401,1.0,0.4,0.2,13,6.501725679170798,12.004675763919831
10,7,0.2739995339764746,0.5758951153765045,0.5250480561848406,0.13612097002184134,0.20132657339721996,0.0929404462498126,0.0010053335646419402,0.0012599089061264,1.0,0.4,0.2,14,5.724809684494967,12.613525155486872
10,8,0.25168726068707337,0.5440996699040951,0.4902694230937783,0.12743712645147687,0.24260121796054232,0.08741778188318405,0.0012174033733145999,0.00146693585027664,1.0,0.4,0.2,15,6.003190555911086,10.479114132086432
10,9,0.2381937975784767,0.5248784643404476,0.47653064820352076,0.12896749073147265,0.15449394712635883,0.08741778188318405,0.0012174033733145999,0.00146693585027664,1.0,0.4,0.2,17,6.397041309924707,10.84466547492972
10,10,0.2380046398851592,0.5292098294965595,0.4890154612128377,0.13953834336363827,0.0886384004820126,0.08735386742669243,0.00118332455429534,0.00142587185912116,1.0,0.4,0.2,19,6.30565864646623,10.920452138175513
10,11,0.238031844879701,0.5292348291394686,0.4890398828423022,0.14497674053667148,0.08817086336528247,0.08737634131341865,0.00119514817229073,0.00144011897679605,1.0,0.4,0.2,20,6.336722868058226,10.893388687290958
10,12,0.2908039005152513,0.5495786085226865,0.49465464054733904,0.2169045849676691,0.5052187262182581,0.1696839161049956,0.00140740159737882,0.00422444869058818,1.0,0.4,0.2,21,4.762801353695893,4.205607831154588
10,13,0.29174992442594705,0.5547482243667172,0.5079173447204435,0.2271852517398115,0.17444515029472416,0.17099124645570454,0.0013764973390582801,0.00418811022889865,1.0,0.4,0.2,23,4.8414492460317815,4.304254454364219
10,14,0.25333133730445295,0.5014086975011928,0.45131390043742303,0.1914200587651581,0.23632092249685596,0.14666952693958818,0.0013680511345139199,0.0035325760960759995,1.0,0.4,0.2,25,5.329341336071407,6.634333833405565
10,15,0.2575853576250732,0.49430162101410324,0.44212821654444046,0.21622059419873546,0.2547462343774063,0.1577389623614662,0.001500351065826,0.00435911971903738,1.0,0.4,0.2,26,4.470862490471993,5.423774408775888
10,16,0.23920272651030125,0.4700160829930551,0.4240281673532481,0.19052466639199772,0.24928811346296756,0.14666952693958812,0.0013680511345139199,0.0035325760960759995,1.0,0.4,0.2,27,4.335794365790152,5.645824995134255
10,17,0.23918573319774286,0.46997271042649824,0.423979893228709,0.19649535771885854,0.14817231946750403,0.14666952693958818,0.0013680511345139199,0.0035325760960759995,1.0,0.4,0.2,28,4.3412422058342965,5.651232742179044
10,18,0.266089408501068,0.44793188800016076,0.39340441706307616,0.2357920690675453,0.41893297908928356,0.199768804169845,0.0015193830378694901,0.00516059531649496,1.0,0.4,0.2,30,3.223183475665545,5.440395406857751
10,19,0.17233034434995234,0.34699447073247697,0.2912871140240759,0.14643961444596768,0.17169479817694724,0.10972072646452544,0.001695303776011,0.00256985301221426,1.0,0.4,0.2,31,3.0191673883745085,4.550782293952845
10,20,0.20897773373075626,0.36407632396261497,0.3052475723858865,0.18632561138634487,0.3143275064193393,0.15407565371606696,0.00167086436504938,0.00435954422680871,1.0,0.4,0.2,32,2.150266475511847,3.972405560462696
10,21,0.21830071667242076,0.36076278689463526,0.2999684700867809,0.19902301798134062,0.2699151362925386,0.16824581312464346,0.00155439079693224,0.00415039226686144,1.0,0.4,0.2,33,2.643324392948372,4.37588565965045
10,22,0.22075156430400977,0.3655495859868133,0.31258301940323646,0.22515448449078768,0.1816425754909988,0.17155038161131594,0.00146593284204946,0.0040633416593952604,1.0,0.4,0.2,35,2.3524677860952763,4.347913734794833
10,23,0.22071386016942482,0.374605749811033,0.33797121592929624,0.21532769193714493,0.17377131340533897,0.17155038161131608,0.00146593284204945,0.00406334165939525,1.0,0.4,0.2,36,2.314356090453378,4.311335896023049
10,24,0.1549278875614682,0.2972640756308105,0.24391971090363676,0.1526556426495738,0.1264726392783859,0.10704545337449127,0.00145702997524518,0.00188860588642547,1.0,0.4,0.2,37,2.229761605796405,3.668442136619365
10,25,0.14883888592470673,0.27961723376326864,0.22451851422551758,0.14975125004612494,0.19527520811127358,0.10498151673764652,0.00138398804801429,0.0017465304022506699,1.0,0.4,0.2,38,2.447178367942916,3.882849758603255
10,26,0.14507662538610402,0.27127778011525977,0.215491669909887,0.14936556202707588,0.13867280283397326,0.10277022176078054,0.00132106359870563,0.0016492300736666,1.0,0.4,0.2,39,2.397693987973209,3.659578613293272
10,27,0.14466420612438038,0.2744231045796623,0.22665516302519167,0.1560533933992834,0.10752579674529147,0.10269822848504243,0.0013162706685592499,0.0016452693094474598,1.0,0.4,0.2,41,2.345800561106907,3.644630795328762
10,28,0.1522483683855744,0.27652034820809324,0.22044524343281266,0.18515587461421965,0.11485514033876572,0.1103152477411737,0.00159968868737277,0.00236547391376627,1.0,0.4,0.2,43,2.8662586987611145,3.648299489144781
10,29,0.14257061185795752,0.2536574440397838,0.1956288611401905,0.1783829862430728,0.2053780185660044,0.10497977052836024,0.00134756178857868,0.0016675209599776599,1.0,0.4,0.2,44,2.7163506615837183,3.7668710403344434
10,30,0.14468279886203064,0.2521369743487079,0.19357551381493168,0.19093446297568964,0.12262037968964859,0.10811371080511803,0.0014285598906323299,0.00181116704418847,1.0,0.4,0.2,46,2.8983468357475304,3.8123657419997694
10,31,0.14455173599106821,0.25156162111143715,0.1929351521777488,0.19456829879730284,0.11235861325871709,0.10811371080511803,0.0014285598906323299,0.00181116704418847,1.0,0.4,0.2,47,2.825904939902313,3.765632400238948
10,32,0.14225974401223054,0.2558323929058833,0.21316895754010484,0.20312715615789945,0.12716345702027318,0.10663686620502669,0.0013830993745472,0.00168933278305635,1.0,0.4,0.2,48,2.829203066148962,3.55110424068148
10,33,0.1388506018645931,0.2520267833978027,0.21681044471437436,0.2144015408815248,0.12408525683959072,0.1046270822217878,0.0014373835236795,0.0017695306620821101,1.0,0.4,0.2,50,2.8799008172720684,3.517598868759165
10,34,0.14233574079904537,0.2750147904005824,0.2801622496519355,0.28738760879071185,0.11175522239428787,0.10510764016075233,0.00281394432417389,0.01897919217543071,1.0,0.4,0.2,65,2.857078251670146,3.442890557481236
10,35,0.1417100899012171,0.27672316421146886,0.28971788991899533,0.3102541646774328,0.11831710838298815,0.10510764016075236,0.00281394432417389,0.01897919217543072,1.0,0.4,0.2,67,2.960362131721882,3.5033687931660737
10,36,0.14228545326124792,0.2801437878548583,0.30105930337174946,0.3214909794146438,0.12413350541039632,0.10457621579515472,0.0031460987532965904,0.02629119004863519,1.0,0.4,0.2,68,3.0777305619068454,3.768314201663667
10,37,0.13966514270791477,0.2747341867753211,0.29524947306472626,0.3197708078906677,0.12950954115288454,0.10481105717067644,0.0025216056299288197,0.01703088507259964,1.0,0.4,0.2,69,2.775592209977402,3.691070260952386
10,38,0.13909283983744467,0.2690264250081795,0.28129059066233114,0.3208347019887549,0.10977899977202261,0.10514587960115966,0.00238414760261604,0.013494000021577149,1.0,0.4,0.2,73,2.703604391093374,3.217761603540281
10,39,0.13494698804469293,0.2523991033075292,0.24784491516490173,0.33765296660889454,0.1295139535055803,0.10211866354808781,0.0023668999742407298,0.01232943957416196,1.0,0.4,0.2,74,2.918099052645528,4.054900490687673
10,40,0.1360513653540168,0.25226753878776614,0.2550553470594379,0.3463122935128195,0.12936156240979055,0.1020577655883655,0.00406007972196197,0.0224065064663053,1.0,0.4,0.2,76,3.0069903509125004,4.00010391625098
10,41,0.13264097455128743,0.24719357043604193,0.24974503872551088,0.3556339272253296,0.10919671564471252,0.10205294742006592,0.00440682249775623,0.00682511165235466,1.0,0.4,0.2,79,2.768174802933033,3.835690616468922
10,42,0.1346263572552967,0.24074481315107202,0.23457892072721787,0.35724656655466336,0.1358423932832899,0.10618131021101265,0.00241507266347303,0.00496434920819534,1.0,0.4,0.2,80,2.550486706193139,3.3085703090357588
10,43,0.13109954969934223,0.2511174284905017,0.2770123324873489,0.3777147973701426,0.13819961463687655,0.10283133291861586,0.00228819027238631,0.00995409466177165,1.0,0.4,0.2,81,2.935597415157966,3.789579082254199
10,44,0.13362247853345516,0.24498737310954857,0.26213863080452937,0.389240202815676,0.1237257376764956,0.10196640836478862,0.00365991790163225,0.02908467986302138,1.0,0.4,0.2,83,3.059869615964528,4.0785938099287
10,45,0.13150000686397526,0.24704138519235092,0.2723072614225013,0.39534791876203457,0.10873968497808192,0.10196364207072213,0.00460299096237771,0.01711135577344359,1.0,0.4,0.2,85,3.026403856432806,4.07354752973488
10,46,0.13121813265655266,0.24054370979231277,0.2574090074879707,0.3953889815078521,0.1188861323595059,0.10195912205648967,0.00498793387186531,0.01689990207615793,1.0,0.4,0.2,86,3.16070393421694,4.040375653411942
10,47,0.13224101246028744,0.2502800530335553,0.2834255479661512,0.4085691372129287,0.11194147028741024,0.10176198090397943,0.0033737120431134603,0.02681025568366268,1.0,0.4,0.2,87,2.8517716729839493,4.153539243029101
10,48,0.7291256403747325,0.8330243447101003,0.841599666839886,1.0107530186631548,0.706257114776319,0.13061857403986496,1.0,0.8741082324469185,1.0,0.4,0.2,90,3.136292045532676,3.2716294110772366
10,49,0.13669037374312706,0.26137505726987675,0.3105115773363294,0.4917067606159939,0.11578058335164514,0.09584673935324092,0.03974005683841444,0.00893713741168099,1.0,0.4,0.2,97,2.8689972557679257,3.591973900952686
10,50,0.13655519867712199,0.27409451286006203,0.34762139386264806,0.5271412347040257,0.11473775383001869,0.09691194095714409,0.03978340731156234,0.003962336357358339,1.0,0.4,0.2,103,2.79980576856485,3.5735849701738696
10,51,0.664447151219707,0.7687059532426803,0.7848628412071733,1.0386891268424017,0.6443537459571215,0.10346279999929212,1.0,0.6915165058385103,1.0,0.4,0.2,106,3.180549176460332,3.7289281226648
10,52,0.6681929311334598,0.7660188971343911,0.7812810856180115,1.05066803819438,0.6925610779956342,0.10299634170237719,1.0,0.7199997565331153,1.0,0.4,0.2,107,3.115159325621638,3.5750522545239405
10,53,0.4179738762525175,0.528625625618732,0.5758128020159385,0.8268236818192078,0.40786065761307366,0.19441413331008278,0.009041209648551731,1.0,1.0,0.4,0.2,111,3.137929916427405,3.4736662151617423
10,54,0.3610487270885576,0.4820337118061568,0.5532653367022757,0.8007568020763716,0.3540457344399167,0.12707875005200675,0.03697601769704742,1.0,1.0,0.4,0.2,113,2.866751936654003,3.608229553194325
10,55,0.13092222130784958,0.24889870729493885,0.3272596682008613,0.587993326288723,0.14000571348609026,0.09605447655275572,0.03810088982392494,0.01042408390270104,1.0,0.4,0.2,115,2.955712294664723,3.623942598509888
10,56,0.8150700269065925,0.9274680392772863,1.0050668640593343,1.337805729811725,0.8008524405314468,0.19869390661983488,1.0,1.0,1.0,0.4,0.2,133,2.818939114990904,3.575307760853534
10,57,0.8164228332182861,0.9287928217289725,1.0063877325361572,1.292480773121013,0.8000927197252745,0.20005265723044272,1.0,1.0,1.0,0.4,0.2,138,2.963559269764028,4.089134492184799
10,58,0.6559059831214916,0.7507654240636692,0.8033326475393328,1.2100236680649092,0.6531761298643811,0.1029478037360021,1.0,0.6867426774651619,1.0,0.4,0.2,140,2.737004703664493,3.582712587168075
10,59,0.6697275691708819,0.7644641080086039,0.8170146929354839,1.2284505603200793,0.6549965751204735,0.11026243383865564,1.0,0.7194026665010167,1.0,0.4,0.2,141,2.729935491699255,3.7084344623574697
10,60,0.7180466028240089,0.8169152690180674,0.8775763644489005,1.2867669277853173,0.705792735895044,0.10255675980476582,1.0,1.0,1.0,0.4,0.2,142,2.7230353280672333,3.697025908817741
10,61,0.7179899115792074,0.8349767596681246,0.9282961651364134,1.3544782909407875,0.7027719494119409,0.1025567346804731,1.0,1.0,1.0,0.4,0.2,151,2.8033717841800185,3.702708614159272
10,62,0.6871422532482891,0.807418701095165,0.9087342892133952,1.3430728039150588,0.6810418132241856,0.10252492290048591,1.0,0.8472434607252557,1.0,0.4,0.2,152,2.728719982445471,3.6971919690885393
10,63,0.6871289156512806,0.8066486381577397,0.9078614198994378,1.3578195477914838,0.6773594192701113,0.10258369382991347,1.0,0.8476453399326127,1.0,0.4,0.2,153,2.8176914198006173,3.779357679902344
10,64,0.8074809397845304,0.9193493146030396,1.011974368474147,1.426684543556019,0.8141475022500018,0.19307317508710828,1.0,1.0,1.0,0.4,0.2,154,2.9661914246611523,3.116453008988864
10,65,0.808858220383557,0.9194302700596517,1.0118798347808067,1.4325393009359726,0.8036490302665937,0.19470662980715886,1.0,1.0,1.0,0.4,0.2,155,2.921637621861437,3.1734450360602016
10,66,0.8141653335992141,0.9236399168326088,1.015941196204594,1.4423498783733897,0.8040119199481777,0.2002295249060261,1.0,1.0,1.0,0.4,0.2,157,3.010650966590472,3.2327642722630703
10,67,0.8086608185240309,0.9169900131851099,1.0091364550202269,1.4553102908271371,0.8028382347885932,0.19494915566595591,1.0,1.0,1.0,0.4,0.2,158,2.857110480274098,3.2201623990260115
10,68,0.8075560105701238,0.9000159842616762,0.9900305580102735,1.4577939846038384,0.9055138351728322,0.19684135100901018,1.0,1.0,1.0,0.4,0.2,159,2.6479375719026392,3.2989873138971784
10,69,0.8075441620558572,0.9045386621485032,1.002718769184945,1.4729479905114509,0.7970623152294689,0.19684135100901018,1.0,1.0,1.0,0.4,0.2,161,2.654541769167818,3.3061621398786185
10,70,0.8077446361510943,0.8997060644659145,0.9896539626617042,1.4846212119130948,0.7976133359795015,0.1971209612441189,1.0,1.0,1.0,0.4,0.2,167,2.6246890807763883,3.31658002171407
10,71,0.8071641801197693,0.9082314987333178,1.0145151801123762,1.4432418913244176,0.7966841131611353,0.19655745662487206,1.0,1.0,1.0,0.4,0.2,172,2.684894621307207,3.2971097183110047
10,72,0.7039183500121835,0.80701229403776,0.921125922098804,1.5107846419153554,0.6947147652573572,0.09378315592645411,1.0,1.0,1.0,0.4,0.2,191,2.942281520106728,3.40735151100767
10,73,0.7035803656445698,0.8093702036148016,0.9314046503925015,1.5266149929135626,0.7001768885227728,0.09378315592645411,1.0,1.0,1.0,0.4,0.2,193,2.7399725004114552,3.204435903893626
10,74,0.7875623594789796,0.9065380554958566,1.0605756327141027,1.6972177706024694,0.7963439807704442,0.17868709879388975,1.0,1.0,1.0,0.4,0.2,195,2.932100988987828,3.518059314299521
11,0,0.9904958361083795,1.058972531640275,1.0549513821403282,0.22711296508540926,0.09455656430360729,0.09450031934742899,8.434422091439e-05,0.00011253633906273,1.0,0.4,0.2,1,14.327498833159115,27.239312292100102
11,1,0.9434198603772614,1.0252768788788083,1.0203881387484028,0.20073182997550884,0.1127795504602744,0.06853256203134292,8.047776585855061e-06,1.388251098935e-05,1.0,0.4,0.2,2,12.751802092203397,29.5843128399992
11,2,0.6946989663521528,0.9391421300097994,0.9195604330220117,0.21353491979895975,0.8614484111456977,0.11230636145090422,0.00018590198589149,0.00023651790693928,1.0,0.4,0.2,3,9.064022140309977,21.854475246009628
11,3,0.5067871900183507,0.8245347907749297,0.7986449224786674,0.1932765180902154,0.4905965232936179,0.12084000247760071,0.0008493356072421301,0.00099642881376964,1.0,0.4,0.2,5,8.535596293274788,12.892990688873532
11,4,0.47564030170429905,0.7975149141361114,0.7696474802237822,0.18256166277211497,0.21309478341367363,0.11140749497325146,0.00070759486506031,0.00084405945771601,1.0,0.4,0.2,6,8.575889320397124,14.428900632701987
11,5,0.43952555081600597,0.7660695782221306,0.7344662826566306,0.17741425633325136,0.30375551610266105,0.11282539232626909,0.0009894852738312802,0.00126412203242743,1.0,0.4,0.2,7,5.674780824289593,14.6875269429243
11,6,0.4147455491243279,0.7421690569094281,0.7091281292585195,0.16673098966403352,0.1757259908135968,0.10190906731426408,0.0006021507224707199,0.0007302054269640601,1.0,0.4,0.2,8,5.591270607918593,13.740901140970454
11,7,0.35946055115037917,0.6863650864932277,0.6487999737383544,0.14241843906045407,0.3170537740111232,0.08589090519080472,0.00097352009172843,0.0012375581355519199,1.0,0.4,0.2,9,4.838269589845224,12.917190352052296
11,8,0.32930004143447966,0.6512626181934178,0.609148259299445,0.14347471423497105,0.20768239386975976,0.09098517738933508,0.00105764786513768,0.00137571638744502,1.0,0.4,0.2,11,4.278250022422148,12.616470960006207
11,9,0.3153894965529456,0.6296172762545195,0.5834573484150942,0.15516461678835036,0.20902212444267793,0.10516981560068869,0.00101265458500667,0.00132238514142768,1.0,0.4,0.2,13,3.4871087396078844,12.585974342171884
11,10,0.3107691986043269,0.6229478912013203,0.5759077472635,0.16200736115689623,0.15199163296210866,0.1062022888716407,0.00114487953895291,0.00149061125909143,1.0,0.4,0.2,14,3.5588311373761043,12.096021191338693
11,11,0.29986912666103466,0.6116418090226257,0.5708355997260851,0.15846022191193526,0.2072626309724831,0.10739857632861098,0.0012596050189335102,0.0016030389120965,1.0,0.4,0.2,15,3.324598203749216,10.52297967832857
11,12,0.2824010130334884,0.5868156919022381,0.5434984497857054,0.156569405116593,0.16975001151547664,0.10470328978017267,0.00137496309235833,0.00182001697326857,1.0,0.4,0.2,17,4.344120182099346,6.987577573920282
11,13,0.27912916311294955,0.5821191133544902,0.5383534521759579,0.16239871052768393,0.12770454403617282,0.10403839687320664,0.0012752543185510499,0.00169869185576057,1.0,0.4,0.2,18,4.192664041318031,7.247165734504563
11,14,0.23484096621619102,0.5133173922416583,0.4628202974161767,0.13178547820304928,0.44096111622907497,0.09474077444340104,0.00140249486242285,0.00177604541399507,1.0,0.4,0.2,19,3.542238013251493,4.086548647506101
11,15,0.22408073585999339,0.48550023126329295,0.4310632928599516,0.1377084855294235,0.20371879664792425,0.10172928453967008,0.00148972657985209,0.00189094034113037,1.0,0.4,0.2,21,3.0966353097190207,4.856288142664948
11,16,0.23159434917513397,0.4827589136534141,0.43344811815152756,0.1742969907513795,0.1438429485650194,0.12129011923251395,0.00149804904970451,0.00223036635278186,1.0,0.4,0.2,28,2.745529142852374,7.07489961746101
11,17,0.2178328406111332,0.4510020172464189,0.3981490426416312,0.17502235776630334,0.3024916076415642,0.12075600599118404,0.0016279638296539001,0.00258949606461874,1.0,0.4,0.2,29,2.632634268357472,5.761520964772702
11,18,0.20436693902352773,0.42244122936778505,0.37412738077317786,0.17478072727084937,0.21357987967166886,0.1199202083179279,0.00139883649989527,0.00226053548644994,1.0,0.4,0.2,31,2.46561422923317,5.899201937680972
11,19,0.19951805607457715,0.40971608475012716,0.36000518477947424,0.1773804676150183,0.15617659878382836,0.119377887499784,0.0016060336512639401,0.0027463513872917,1.0,0.4,0.2,33,2.4708156460767468,4.879239358983341
11,20,0.17922045031779613,0.3801626554854275,0.33623413413932435,0.18290015097909318,0.13196062073924392,0.10602108326398751,0.0022410850335584697,0.00331718006520964,1.0,0.4,0.2,38,2.242771217103809,4.435056069366198
11,21,0.1732329581976296,0.36716533882342867,0.3294637862221638,0.18826745762535474,0.15684812572064266,0.10573027859492437,0.00216309296201478,0.00310453612258082,1.0,0.4,0.2,40,2.129088652716866,4.544806810172956
11,22,0.16929615387149025,0.35286246930173293,0.3134606639946485,0.19180493571113355,0.15129065586580887,0.1064225466626946,0.00225612919488781,0.00317382586321146,1.0,0.4,0.2,42,2.053250043121104,4.408720355195891
11,23,0.16835476648929976,0.3496636389375617,0.30989585999427477,0.19459219384570325,0.12665964083298578,0.1064717536588378,0.0022198509987824003,0.00319721665882402,1.0,0.4,0.2,43,2.034164734425288,4.140182747247852
11,24,0.17320048415053524,0.3517764109022634,0.3264471076002168,0.2399987311256632,0.13171499298534323,0.11243789423518664,0.00945456214592027,0.007955507768481319,1.0,0.4,0.2,50,1.8233049767422564,4.359916536148417
11,25,0.16561983701598082,0.34273948992155545,0.3171799141228483,0.25090143575072144,0.12256106961058269,0.1097940461242484,0.00139007486170629,0.00231447841479051,1.0,0.4,0.2,51,1.5739095247900177,5.13661443599746
11,26,0.16810897682048284,0.34422367297185086,0.3185053250157111,0.2578872748039527,0.1177434935236665,0.10849319849371027,0.009127938934093239,0.00778387288106554,1.0,0.4,0.2,53,1.7329168327925055,4.420348732007733
11,27,0.17259963970106923,0.3429238284164085,0.3088435058298204,0.2698530374233827,0.12346625363621888,0.11664682296125342,0.0025626081195809303,0.00495930498122769,1.0,0.4,0.2,55,2.4694752815538843,3.574531974668968
11,28,0.1705981063324848,0.34283908285679787,0.3165114008824842,0.27932134513304663,0.12845284406949553,0.11570111958581845,0.00255369529592518,0.00493448664072489,1.0,0.4,0.2,57,2.491869247740552,3.6119384700143926
11,29,0.16640542295616287,0.33621264556246455,0.3095043496819984,0.271883890635827,0.1338239101369826,0.11275827359646733,0.0023161247430976,0.00383257910333099,1.0,0.4,0.2,58,1.7092316371422254,4.95908608399433
11,30,0.16640542232202302,0.33621264524470273,0.3095043493642366,0.2797355656920141,0.11445156804134628,0.11275827332289408,0.00231612469070843,0.00383257898716695,1.0,0.4,0.2,59,1.709231646517447,4.959086120893149
11,31,0.16533903646615392,0.3370798895529518,0.31813018865767334,0.29046021303215147,0.12498513015759623,0.11275616173288869,0.00225675797541221,0.0036846685067388704,1.0,0.4,0.2,61,1.5340236791771156,4.839698973956603
11,32,0.15801380804220239,0.3316221830682518,0.3204223681485284,0.30690288925145004,0.11241562695815065,0.10665716244715169,0.0018420384741009497,0.0034868335249924496,1.0,0.4,0.2,66,2.4442377511406126,4.081896105944484
11,33,0.1579074750153677,0.33582756737553027,0.33275727713850667,0.3224186764631409,0.11035724184099152,0.1066571623531031,0.00184203847480867,0.0034868335184378902,1.0,0.4,0.2,67,2.528239008742013,4.000001080472053
11,34,0.16602339962374207,0.3367401859277497,0.3250860537155217,0.33523130032089166,0.12820157339937055,0.11185321892001679,0.00639247313457546,0.014101828386479179,1.0,0.4,0.2,69,2.167039513138485,3.709284661183635
11,35,0.15889281836585686,0.3140609490570796,0.2925647541871908,0.3238312133431764,0.1978877638684223,0.11129038429450336,0.00351173374854786,0.00608037244799413,1.0,0.4,0.2,70,2.25614236943776,3.862323941014968
11,36,0.1568410374040104,0.3065023597472611,0.27669438167152577,0.3257936631414913,0.11568500156788063,0.10960994961475304,0.00365296404477468,0.00549904208571909,1.0,0.4,0.2,72,2.195824704509003,4.091194377069884
11,37,0.15622447338373976,0.32231371742253173,0.32490372843350906,0.36206704270046997,0.12741848141098153,0.11005283413112318,0.0027990400150240497,0.0052585673139045495,1.0,0.4,0.2,73,2.070993578585357,3.5540797964028084
11,38,0.1588108323054508,0.31491849342587336,0.3010418968872535,0.344137054481136,0.12112049400968039,0.11243703007686678,0.00357554374789659,0.00604142710464178,1.0,0.4,0.2,74,2.213645662863254,3.8877464741756462
11,39,0.15781240982512193,0.3111097925317371,0.2968094845389854,0.35121227790847714,0.12581279654988492,0.11239986766999917,0.00345714320015911,0.00617145076350874,1.0,0.4,0.2,76,2.1448996251632684,3.885702807976654
11,40,0.15695516056768338,0.31907220800119435,0.32106299198423754,0.3713036400178225,0.11574016552481789,0.11169955266974092,0.00349006351302902,0.0059501954779769,1.0,0.4,0.2,78,2.052116192614264,3.6326516622472944
11,41,0.15541423564280107,0.3030068474093564,0.2878509128465666,0.3906111522557845,0.13484044272638526,0.11110399546337121,0.00487589591330538,0.007158690615970501,1.0,0.4,0.2,80,1.89707356531616,4.344459962300963
11,42,0.15479409753725265,0.3105015841620267,0.31153188489977945,0.4413649731474071,0.115864540152347,0.11087076461780332,0.00483138262689842,0.00705577350371908,1.0,0.4,0.2,85,1.8918306932386963,4.385474266473328
11,43,0.15481309910623,0.31452089849774323,0.32363496090571775,0.4454720696587005,0.11917990355653893,0.1115166524615285,0.00545054065791692,0.00368207190658574,1.0,0.4,0.2,86,1.752777550553991,3.763875311884787
11,44,0.15956747947587183,0.3158470391593603,0.3244518382790473,0.41575038723847363,0.14607900378568128,0.11109945126482881,0.01403144986673505,0.017769642746154852,1.0,0.4,0.2,87,2.777461834954592,3.984018568456184
11,46,0.17743792319289567,0.34916071550434835,0.3750440748378745,0.4984649178974788,0.13919954634315443,0.12388170082401048,0.017403679412590762,0.026521706162229867,1.0,0.4,0.2,100,2.2746782513877104,3.6810196973597593
11,47,0.177032227960151,0.3559926786320342,0.3979309996943247,0.5418863318724528,0.13779065716412553,0.12401409285472469,0.01770641269290256,0.02639444787527152,1.0,0.4,0.2,106,2.2205499572725325,3.8316731138919335
11,48,0.17796661100853575,0.3651868341427058,0.4158465942144314,0.5706847160317834,0.1412823342163996,0.12390357476737499,0.01738006730555235,0.026351958453226732,1.0,0.4,0.2,109,2.482736143326863,3.852506772365254
11,49,0.1770011613238771,0.3658241582153645,0.42421030385719305,0.5695626810996456,0.14180304324281784,0.12390357476737499,0.01738006730555235,0.026351958453226743,1.0,0.4,0.2,110,2.387017004781312,3.913097066400865
11,50,0.17490398659075884,0.3559657336436935,0.398218564466811,0.5861637639290355,0.13454305795009797,0.12200368643589869,0.016623609276163482,0.02455918947164654,1.0,0.4,0.2,119,2.3988852591748566,4.000142582877317
11,51,0.17996076661730237,0.36297888403754813,0.4130109284291252,0.6082752718644178,0.14816203707483994,0.12787229175055898,0.017231485919385787,0.02353966845249738,1.0,0.4,0.2,121,2.618050995649984,3.629222206605334
11,52,0.17838033405688739,0.35562667642582657,0.4048007871439217,0.610683884031284,0.1877194295973791,0.12858654466444477,0.01586309383524995,0.02390777851638476,1.0,0.4,0.2,122,2.6965047685335257,3.5664962128130147
11,53,0.17778862434857484,0.35313890285834826,0.40203248690681065,0.6142796101053312,0.1554010302078109,0.12861910297749327,0.01587704229710628,0.02369168935791725,1.0,0.4,0.2,123,2.7740521448908813,3.8147921624947214
11,54,0.5655976534351783,0.7380019272086213,0.7939590238666941,1.0470398240386638,0.5650848919453645,0.12482735273961214,1.0,0.02486039101174252,1.0,0.4,0.2,126,2.7623500628410853,3.843520723479233
11,55,0.5714860740503461,0.7775239366363396,0.8759194519946358,1.040269149567818,0.5329044189523899,0.12724676776236413,1.0,0.02599889861407891,1.0,0.4,0.2,137,2.3911682820782394,3.929328148958304
12,0,0.8381454554753256,0.9988374919161205,0.9880660680011296,0.20997965880561176,0.09415762005749095,0.09409823561228804,9.22216157529e-05,0.00011247899450876999,1.0,0.4,0.2,1,19.38070553991819,29.46462435963484
12,1,0.6260253461092399,0.895925616038744,0.8725694634109586,0.1943716914458218,0.4235574341980127,0.10249102500576776,0.00018250500435706,0.00024356194985571,1.0,0.4,0.2,3,13.506297578176806,21.854475246009628
12,2,0.4908226426602428,0.8103289315784167,0.7837550250991304,0.18344593563797357,0.4039262277609416,0.1127259796497901,0.00075052739491092,0.00100161590838892,1.0,0.4,0.2,5,9.0214627658166,16.934003069699806
12,3,0.49082460994614735,0.8149677822707093,0.7965509089769943,0.18821515453255594,0.11429398867020776,0.11290038083227291,0.00077497606921288,0.0010342438727855801,1.0,0.4,0.2,6,8.952612996387288,16.840946671235933
12,4,0.4126977869713837,0.7402822038065121,0.7073883369348177,0.15986495945534307,0.4209487170289964,0.09841975110928224,0.00103202443594339,0.00137478306241836,1.0,0.4,0.2,7,6.849710107820935,14.584980576762684
12,5,0.3689818883762286,0.6921037189089578,0.64769336398402,0.14060042038909942,0.17019642424544143,0.0846773041289529,0.0006321095254752001,0.00088373917429876,1.0,0.4,0.2,9,7.866963669669878,15.750983224313613
12,6,0.3182853433371435,0.635354555701497,0.5848875438855929,0.12941321508670284,0.23576155168449336,0.08146856331405264,0.00072043277449219,0.00099550724659461,1.0,0.4,0.2,11,6.596386953207266,13.380889710899057
12,7,0.30259637825726404,0.6123806056963449,0.5581325406222739,0.13794652683528924,0.18878277362301008,0.09189241802356149,0.00081104620211886,0.00112475589998379,1.0,0.4,0.2,13,5.561736505471518,12.139459848954491
12,8,0.2961372311943749,0.6044981732093925,0.5496433256412037,0.13888468373865884,0.12070676660464089,0.08943331905525712,0.00073443724300119,0.00100948638086452,1.0,0.4,0.2,14,5.573625105307007,12.247238589404438
12,9,0.28691602436725294,0.5882183800367452,0.5306311120556291,0.14041330485516093,0.2373032278435077,0.0971019510971417,0.00108771104937759,0.00146219288351013,1.0,0.4,0.2,15,4.721102788125263,12.27411735028474
12,10,0.2806013732093931,0.5798385242470939,0.5215379953576359,0.14183514217447504,0.1319503740887612,0.09508685213972115,0.00101110209025992,0.00134692336439086,1.0,0.4,0.2,16,4.7352948564839545,12.39718994307954
12,11,0.26753788342164553,0.5624836257133572,0.5027535990459325,0.14108268434457213,0.1643327195443877,0.09041141196613112,0.0009498617576020101,0.0013244736125662799,1.0,0.4,0.2,17,3.7998127005430633,7.529586023011943
12,12,0.30172282785230997,0.5855877391437722,0.5295319570954116,0.19194803476923913,0.26365320102015666,0.1484994212714587,0.00064916524979576,0.00310883297509431,1.0,0.4,0.2,19,4.373739694517581,7.768452226672951
12,13,0.2495883204508795,0.5140919990469893,0.4461799575036547,0.15961767639453878,0.20897844799885074,0.11441979202407335,0.00073392280154994,0.0017810952888603598,1.0,0.4,0.2,21,3.2760709265751315,5.429144285245783
12,14,0.2195874942911609,0.4765102807666644,0.4211871173886879,0.14358008461824148,0.19731217447361074,0.10065640720379487,0.00129267685561286,0.00191324653923273,1.0,0.4,0.2,23,2.847093031801609,6.125062894609803
12,15,0.21596673930890226,0.47027198747760884,0.4143921991724904,0.1468967296279392,0.12862942654822906,0.09940028991039253,0.00121212950855316,0.00179458740201995,1.0,0.4,0.2,24,2.6669648941648108,5.905345716312434
12,16,0.20084912581234138,0.428588121825143,0.36010678701294613,0.13818764024443844,0.32812923393438104,0.10147323535599781,0.00121577602857754,0.00190065208402283,1.0,0.4,0.2,25,2.920422202550608,3.855707796426723
12,17,0.18127206798285314,0.38941988955541257,0.3172806184480567,0.1254031699818622,0.2819174234346858,0.09411586165509575,0.00206808111048744,0.00299441176564559,1.0,0.4,0.2,26,2.582916809917166,4.078260908997623
12,18,0.17885626915481834,0.3744255767608487,0.3000456850791179,0.13102499248719596,0.21461424982650268,0.09946042285629852,0.00128697023110092,0.0020022655584093,1.0,0.4,0.2,27,2.612097888007204,4.492129739339568
12,19,0.16664353664296183,0.3565706899271468,0.2885928474148928,0.12946498249630511,0.1387796857644986,0.09267133274315008,0.00131693142564397,0.0020242697181089902,1.0,0.4,0.2,29,2.297311222004494,4.480542624811001
12,20,0.16499262611661386,0.3461609738087124,0.27670037697693306,0.13180580264867098,0.17191355244596052,0.09544686271383546,0.00122106190237701,0.0018925397900000098,1.0,0.4,0.2,30,2.286274479223868,4.112435071500381
12,21,0.16216453748779014,0.34658633697669505,0.2850756701133409,0.1355155810620905,0.10544638469711212,0.09314675419864274,0.00138111017195379,0.00212627141070836,1.0,0.4,0.2,31,2.1321302500608765,4.387876251100816
12,22,0.16500239978611922,0.3370378078641177,0.2660612729265343,0.1421970620902424,0.1664752646614531,0.09972526383764374,0.00126513388302872,0.0018724452133477398,1.0,0.4,0.2,32,2.206445502791483,4.606027420462977
12,23,0.16418868003787881,0.33365108701795826,0.2622523954777766,0.1449027074091477,0.12248266139462918,0.10008727678701823,0.00124117285131677,0.00186269481329531,1.0,0.4,0.2,33,2.1910818385465207,4.615614190570092
12,24,0.15322381879286842,0.30574568701173116,0.2390630796222499,0.15149417568936097,0.2752383012927104,0.09798223469504527,0.00149644247343888,0.00235437059106157,1.0,0.4,0.2,34,2.210561261455909,4.168486153922431
12,25,0.14700516274059772,0.2979628020533114,0.23103399789014875,0.16282649796671808,0.09763355554807934,0.09223884151568315,0.00175021312856922,0.00254514863463367,1.0,0.4,0.2,37,2.197726585846861,4.056976693063502
12,26,0.1437906727432066,0.2903796259839375,0.22276638481310732,0.16317563838343271,0.12679977069789783,0.0908126404179037,0.0015884111116572799,0.00236501766399312,1.0,0.4,0.2,38,2.282236206615913,4.151552463377928
12,27,0.1490327010618423,0.2975039158502946,0.2376415143639662,0.19010208765876707,0.10538442787554748,0.09681902968833084,0.0016970603563932,0.0034704985557468004,1.0,0.4,0.2,41,2.007581902050428,4.213030522604418
12,28,0.1489594315962735,0.3018348561127954,0.2501161010193345,0.20854581165770691,0.09896473754342687,0.09681902968833084,0.0016970603563932,0.0034704985557468004,1.0,0.4,0.2,43,2.016502384232828,4.247772652736868
12,29,0.15604659151545205,0.291727040276087,0.22989470956705263,0.21911894109557664,0.20872031905157054,0.10807910898341237,0.0018783424185463498,0.0050837715062407,1.0,0.4,0.2,44,2.6827192242151296,3.963913490605897
12,30,0.1448146698497933,0.27597118164337797,0.21345023983583436,0.21148139981782724,0.13535624246801206,0.0986033337906704,0.00178033399884935,0.00434824824127982,1.0,0.4,0.2,45,2.418806395623027,3.8899598014232666
12,31,0.14405099782311143,0.27754649010443916,0.222857832628697,0.2296466141666066,0.10885615114263884,0.0986033337906704,0.00178033399884935,0.00434824824127982,1.0,0.4,0.2,47,2.445054053744904,4.032949723295848
12,32,0.14362056908311693,0.2905795671811329,0.2603626029709147,0.20262646598742132,0.10244776842630515,0.09833643630620667,0.0017304276218192802,0.00419558876997366,1.0,0.4,0.2,48,2.4388615011859485,4.08607789225703
12,33,0.13205013685004666,0.25803798623183866,0.20221993084988046,0.24441060102872744,0.10441911527477643,0.0890659020220303,0.00196054607793612,0.00410566100154331,1.0,0.4,0.2,52,2.508851743707446,3.863027173216257
12,34,0.13032788152138344,0.2481561452091371,0.18363226297544716,0.2425152012281884,0.1036479376346529,0.08850938008819834,0.00192303696120638,0.004080636012699141,1.0,0.4,0.2,54,2.5911304964148325,3.8956458414573936
12,35,0.13029155936622502,0.2664037840360904,0.2345592375093618,0.2308587068963296,0.09095961554032765,0.08850938008819835,0.00192303696120639,0.00408063601269915,1.0,0.4,0.2,55,2.5851817844076423,3.861899201428028
12,36,0.1489279033489125,0.29726919147452285,0.28971328616340614,0.3746617866770218,0.10979629239186009,0.10155438923609225,0.0021066686381476,0.03416063514724007,1.0,0.4,0.2,76,2.569897687447152,4.747301977068618
12,37,0.14717236307353423,0.2889072187339823,0.27287906199940015,0.3759997680523721,0.12330179071496908,0.10042038365342745,0.00210841938151426,0.0342056689982492,1.0,0.4,0.2,77,2.6448358548086603,4.621561888113918
12,38,0.14589991613820918,0.2907161727060669,0.2826370310389244,0.40517957250518477,0.11304009613982548,0.09964685604232226,0.0020833108807209897,0.03412704744717503,1.0,0.4,0.2,79,2.537962415246719,4.677469226187842
12,39,0.36943600795254744,0.5059350654515632,0.4891326747578097,0.623442977645428,0.3599868316257298,0.0993484661707299,0.5131058424364654,0.13697221691601721,1.0,0.4,0.2,80,2.5073487056900285,4.37414290135719
12,40,0.36926406063378364,0.5087337260709847,0.49986544841966185,0.6365250928966192,0.33842257819195176,0.09975400612792193,0.5129766277592102,0.1368147152904665,1.0,0.4,0.2,82,2.4046724582769605,4.356092360660508
12,41,0.3691032778924473,0.5123371059769618,0.5115198983620606,0.6496705498248528,0.33866228386138925,0.09984906238230115,0.5129717618349132,0.13680508869176783,1.0,0.4,0.2,83,2.4199574232651697,4.414487153438526
12,42,0.6344159349262122,0.7744498096513168,0.7731630235300333,0.9462245207804136,0.610637796505844,0.12153692028196761,1.0,0.38565096753735456,1.0,0.4,0.2,85,2.9101960356729166,4.3905020477253
12,43,0.6206452198353773,0.7638293645126577,0.7705046012447612,0.9412857472472383,0.5961295356888734,0.10873277305322009,1.0,0.38295554520348396,1.0,0.4,0.2,86,2.515770652479928,4.293819982875515
12,44,0.6240088492742742,0.7573180791947544,0.7550499534302587,0.9440291457444178,0.6294566240091425,0.11344026769044362,1.0,0.38389867591455273,1.0,0.4,0.2,87,2.9680977105153543,4.549001235382503
12,45,0.6194865931291393,0.7552961576905304,0.7608974115355375,0.9527489531621892,0.594049666690162,0.10956205731271462,1.0,0.38366482485524467,1.0,0.4,0.2,89,2.9306116085434963,4.579090563373224
12,46,0.6194865898574887,0.7598956111812559,0.7736708538468177,0.9750275430539203,0.5862950872355758,0.10956205379791599,1.0,0.3836648241072008,1.0,0.4,0.2,91,2.930611247867233,4.579090607743083
12,47,0.6367812153310208,0.7764125323728573,0.7900749995690459,0.9922640338553448,0.6095609054390261,0.12532505696587506,1.0,0.39242436484385096,1.0,0.4,0.2,92,3.0520697529974745,4.674175556164542
12,48,0.6315504723286985,0.7752517310669119,0.7970116753685237,1.0049830363114374,0.60263581389038,0.12200522417299686,1.0,0.383616245109147,1.0,0.4,0.2,93,2.959957458282957,4.794272934551783
12,49,0.5551861593207321,0.6997748587148054,0.7291721430756593,0.9801551660798796,0.5247686953300712,0.09599356657704912,1.0,0.13703690936745486,1.0,0.4,0.2,113,2.827465112844909,4.777073374282016
12,50,1.0035626917457712,1.1467275817261255,1.1759196026055672,1.4591186036381647,0.9774103582529667,0.5470831100128262,0.5627192939676132,1.0,1.0,0.4,0.2,115,2.8445421660475407,5.327550719678088
12,51,1.0069387788108783,1.1522990479094317,1.1893192137152733,1.4710634234266564,0.9850148578650952,0.5511622162577984,0.5626035103620195,1.0,1.0,0.4,0.2,117,2.762571811071523,5.339579110843681
12,52,0.551280621746552,0.6884066168854528,0.7242482659932941,1.0306288862347814,0.5377571247333175,0.09359254232585083,1.0,0.1457364646728962,1.0,0.4,0.2,121,3.071515921288998,4.674907265459591
12,53,0.5379998331502279,0.6781724233297661,0.7219671938640899,1.0216715810483166,0.521134060011434,0.0927205393444004,0.9699551046091344,0.14580351349876317,1.0,0.4,0.2,122,3.0568280048264707,4.5086229741860375
12,54,0.5504152832787347,0.6950917763491172,0.7470468772390159,1.048650551304631,0.5226506870810405,0.09313988996752245,1.0,0.14581826082902513,1.0,0.4,0.2,124,3.0742687726194595,4.55704629987334
12,55,0.5504140455914022,0.6950902004768915,0.7470452361349789,1.0531579395847774,0.5223047432966507,0.09313874355859268,1.0,0.14581821897694186,1.0,0.4,0.2,125,3.0742207868657605,4.556909197029362
12,56,0.5398184678131916,0.7018092462197119,0.7863065886467577,1.15066829518192,0.5124004270998104,0.09005972199764634,0.5548182775982591,1.0,1.0,0.4,0.2,144,3.491554944095986,4.377808658091201
12,57,0.541043997670178,0.7440834863999712,0.9020982699502869,1.1401009292068083,0.5141380874836896,0.08931325192430702,0.5599714941559433,1.0,1.0,0.4,0.2,147,3.6463684909931975,4.409554498353641
12,58,0.581934021261916,0.7524634643540545,0.8607372277537623,1.3866033476648456,0.5566266995562351,0.0903337810163746,1.0,0.32554654238995706,1.0,0.4,0.2,177,3.723046293351818,4.4356579051471945
12,59,0.5818440014571729,0.7567229573501973,0.8731353986973516,1.4123560721988124,0.5558665902826495,0.09023988448305598,1.0,0.32588056430780216,1.0,0.4,0.2,181,3.683788978099467,4.344675732748854
12,60,0.5813413740707816,0.7516105408158608,0.8598473427127444,1.3998474370728582,0.5549901936835355,0.0897803948550736,1.0,0.32567778312650597,1.0,0.4,0.2,182,3.680356800746938,4.346950657531626
12,61,0.5821320815032399,0.756673240871692,0.8730379151493853,1.4219228078994168,0.5581487892088883,0.09009550076108896,1.0,0.3284670849571939,1.0,0.4,0.2,183,3.7348715681670006,4.421076781453111
12,62,0.5810812530699917,0.7504839821453839,0.8585982847284794,1.4087426262323557,0.5587571613622396,0.08941648473638644,1.0,0.3272840057227723,1.0,0.4,0.2,184,3.772214545451372,4.37968774311598
12,63,0.5809836452621706,0.7498214786115855,0.8578560788493054,1.417830024233046,0.5569505299081937,0.0892567968863407,1.0,0.3283007910960427,1.0,0.4,0.2,186,3.836433453294286,4.470778175756946
12,64,0.5832169720337643,0.7700598486864711,0.9107352946840988,1.495781736376251,0.557483951555511,0.09202746403803827,1.0,0.3261044322735543,1.0,0.4,0.2,198,3.49757658488804,4.357796221121325
12,65,0.6099399405322825,0.7962196621443327,0.9368154908628297,1.545900601158665,0.5861364152471926,0.09688496088912255,1.0,0.4361328426701679,1.0,0.4,0.2,200,3.451134663746036,4.357618501678812
13,0,0.8309788186976355,1.0013929023985961,0.9897712208392592,0.21794640506167295,0.1042372584696817,0.10417400364512468,9.22216157529e-05,0.00013183089127929,1.0,0.4,0.2,1,20.682351368241115,29.46462435963484
13,1,0.6028113626453313,0.8832616565339051,0.8580025004349827,0.1938222803313033,0.4545083369934952,0.10666791136538645,0.00018250500435706,0.00024036292955230003,1.0,0.4,0.2,3,15.57354852072016,21.854475246009628
13,2,0.4500872418004252,0.7762488216691209,0.7452183667979471,0.17774282187506882,0.47433340066303786,0.11801893026581756,0.00085113492011357,0.00112096259257913,1.0,0.4,0.2,5,12.320205529195784,16.584006534983455
13,3,0.432666725406856,0.7591695513610908,0.7278341990999563,0.16631258714465116,0.1201374658090204,0.1039060604154964,0.00045634077995914004,0.00057176807661933,1.0,0.4,0.2,6,11.858529118795165,15.881381477986208
13,4,0.37216271213152835,0.6986087976095586,0.6601132682422849,0.1513558614581616,0.4724536425846409,0.1064431636319344,0.00085076576114942,0.0011070718640977,1.0,0.4,0.2,7,10.14502938689856,14.991669796938142
13,5,0.37226838498766934,0.6987135063530792,0.6602153214219769,0.15147783369240242,0.10727933323460453,0.10655185485385446,0.00088073158171192,0.0011465374800802,1.0,0.4,0.2,8,10.122991661404145,14.906559701379098
13,6,0.3032369157059676,0.6237203807645326,0.5806593341598345,0.11210237309378045,0.3043533229122537,0.07189726440681779,0.0009389197783370099,0.00123257177280098,1.0,0.4,0.2,9,8.044273784237653,12.97726351626888
13,7,0.30383153840968097,0.6243077199250324,0.581241813053754,0.11272031821166444,0.07340014036093363,0.07250418255927006,0.0009733045837377601,0.00127785728476447,1.0,0.4,0.2,10,8.023785923736469,12.879345260099754
13,8,0.2941237441685277,0.6165953488842926,0.5803834088880767,0.12324888529036598,0.13857432605669823,0.07189726440681779,0.0009389197783370099,0.00123257177280098,1.0,0.4,0.2,11,8.102279203401975,13.360398977802202
13,9,0.27041626107011363,0.5794702860672284,0.5311913063708653,0.11661390265528719,0.17424078212573368,0.07377836448431355,0.00102469689562187,0.00127833836088952,1.0,0.4,0.2,13,6.673607077886115,10.510009464035594
13,10,0.2636865318955157,0.5707816070801632,0.5217910460124653,0.11732231221790326,0.10795368101080742,0.0715262090695481,0.0008312217501194499,0.0009677853676626101,1.0,0.4,0.2,14,6.661626374363238,10.967194194322584
13,11,0.23073886020990317,0.5278195421068029,0.47544248420845736,0.09891582618796488,0.2332916421779626,0.058279388715146964,0.0011916951970445898,0.00151230551108406,1.0,0.4,0.2,15,4.640304110466179,10.248692150117384
13,12,0.2260458949598211,0.5203587439459465,0.4671617031156896,0.10173231659520439,0.10029757103908238,0.058122175139904766,0.00111507806669306,0.0014324884223182101,1.0,0.4,0.2,16,4.625448739441004,10.382258706148704
13,13,0.22001711953133785,0.5147495750335349,0.468582286668792,0.11028826963687931,0.11506764733387341,0.05801166133390031,0.00116433439194543,0.0014770259012202099,1.0,0.4,0.2,17,4.800266899184103,10.599552919767156
13,14,0.2167882726457022,0.5092656135007769,0.46246918177326657,0.11748864750978227,0.09091506784292358,0.058122175139904766,0.00111507806669306,0.0014324884223182101,1.0,0.4,0.2,18,4.76017748439369,10.697220147012631
13,15,0.2175329049055599,0.4975801516584963,0.44052226688029034,0.11033450745911645,0.17702938335379653,0.06938933542137389,0.00125068518328865,0.0017607687541158,1.0,0.4,0.2,19,3.942530764375574,9.616756673443204
13,16,0.22137674337087102,0.5012384405987158,0.4511522632991124,0.14418405308549426,0.09528042492448567,0.07916408702800423,0.00123618646569368,0.00141455054616779,1.0,0.4,0.2,23,5.580189457080867,8.939653037834988
13,17,0.1808943624566081,0.45056327761264403,0.3980632159371659,0.11827068056216036,0.17329667621919245,0.04980304720093839,0.00124742359904496,0.0016288620059004201,1.0,0.4,0.2,24,4.172308173570247,9.006211066453599
13,18,0.1808922821392956,0.43939079633865374,0.3844029198313294,0.12294918531263006,0.18847119612263297,0.06063042426739853,0.00132638844339198,0.00154953016481817,1.0,0.4,0.2,25,4.3703581106465,9.570456762327854
13,19,0.19912972052042388,0.4517793874277285,0.38834830965596506,0.13540401876939212,0.09457383448877885,0.07997034034465972,0.0013411928057325,0.0016627725052629002,1.0,0.4,0.2,26,4.595216851244768,7.858351170046291
13,20,0.17844646250254254,0.4387694036132578,0.39136557923288523,0.131048002339374,0.07755967786827565,0.06063042426739853,0.00132638844339198,0.00154953016481817,1.0,0.4,0.2,27,4.246658362918469,9.287154927722744
13,21,0.181471812290468,0.4281143699081328,0.3634174779910348,0.12945660426233882,0.11664485554833266,0.06744415888254907,0.0014313947834308,0.00179775212391328,1.0,0.4,0.2,28,3.1658828310549114,7.626215983137705
13,22,0.17759608710288521,0.42746046842196234,0.3706519331407797,0.14245094977840733,0.07292256621221983,0.06489947095195604,0.0011650290091788499,0.00142693470931069,1.0,0.4,0.2,30,4.351178127647731,8.546786751410245
13,23,0.15909977559799,0.39107878446305405,0.33799978411803483,0.14321008343467714,0.13949542202299506,0.06316900562645009,0.00129990150973664,0.00156822177799563,1.0,0.4,0.2,33,3.277583762941392,8.929053532994592
13,24,0.15986114498268408,0.38637218525606354,0.3322655529670877,0.14853801987806792,0.12076726401198858,0.06747454833234293,0.00142436284257482,0.0017246895358449198,1.0,0.4,0.2,34,3.0391132137315955,8.4071383949012
13,25,0.15417259811732661,0.3799952132258679,0.33308563293032234,0.16482154490551695,0.07850810049645514,0.06516706704134391,0.00138636227373045,0.0016832407154515699,1.0,0.4,0.2,38,2.989467478508544,8.660764537124896
13,26,0.15264491655919,0.37350196568345295,0.32568893312255953,0.17123228629835918,0.09058634476612755,0.0666908606258296,0.00135485663664512,0.00163609519838388,1.0,0.4,0.2,40,3.1036993324236635,8.31100162156115
13,27,0.13896287379821892,0.3481538297730101,0.29090208586911953,0.17575142466783697,0.0902612125286232,0.056990142306226045,0.00160441516960996,0.0018569104913573199,1.0,0.4,0.2,42,3.3225942676393614,7.611081652609954
13,28,0.14260770978758952,0.35529410377045106,0.306020677758682,0.19093595151932438,0.06728522823743897,0.06135577128022146,0.00145747267430407,0.00168861534853347,1.0,0.4,0.2,44,3.540277676653458,7.770054208246179
13,29,0.14201970210336173,0.35457707470219385,0.3052807841129988,0.18720111448055926,0.0629305673844648,0.06084697634659188,0.00144730190418617,0.00167840912569456,1.0,0.4,0.2,45,3.5335275085509195,7.597936775002254
13,30,0.14302217403914969,0.35123756041069093,0.3011785722073564,0.20698511757724614,0.10404613215422892,0.06419894532440387,0.00154377880215423,0.00177161503585665,1.0,0.4,0.2,46,3.498948714285171,7.899023477326316
13,31,0.1380276038027616,0.33494126226006754,0.28293532500752366,0.19870789048377996,0.11570561301797878,0.0651767326698505,0.0014550173425448899,0.0017279971644426,1.0,0.4,0.2,48,2.568880115710373,7.167821359176145
13,32,0.13197335056222312,0.32510785906926626,0.2798631290240167,0.20861500938026892,0.10023017208695888,0.06337084014295871,0.00128587495229672,0.00144268076593995,1.0,0.4,0.2,50,2.827777098280445,5.531919689348627
13,33,0.13115832295759514,0.3121795536248703,0.26493774421509864,0.2303131868094178,0.09433091000243032,0.06796264212376799,0.0014186720905204199,0.00194008277627385,1.0,0.4,0.2,54,2.6502529632300447,5.738945727165657
13,34,0.12422238084999176,0.3068339208441875,0.2672771582650962,0.2282745102131671,0.08823976957182263,0.061975734471883794,0.0018977266858219402,0.00283734162093327,1.0,0.4,0.2,55,2.7832218561802047,4.879511473937447
13,35,0.12245358570352805,0.3205822254522493,0.3132557783920798,0.21213899808605716,0.07068903920174646,0.06146105656495064,0.0018710438689271101,0.0028261658776779002,1.0,0.4,0.2,58,2.702581978466136,5.084027567199769
13,36,0.1252102518050446,0.3035180604079599,0.27814619876341756,0.29481969486802695,0.07714113663734476,0.06853778299868714,0.0020611220237866197,0.0028366350903157,1.0,0.4,0.2,70,2.5098288988519486,5.230187041402168
13,37,0.129625498534145,0.3104736192057422,0.2929505062033189,0.3123268012332414,0.0834461025422956,0.0739799894406636,0.0016668811528551702,0.0025889510892927,1.0,0.4,0.2,72,2.366416591937485,5.168022215813444
13,38,0.12962549839986082,0.30587416198175654,0.280177060158779,0.3239155730357023,0.0751646922755366,0.07397998936950015,0.00166688115001378,0.00258895110652929,1.0,0.4,0.2,74,2.3664165866938376,5.168022210748551
13,39,0.12305119380287098,0.2936242844623014,0.2595833584787096,0.338460312742342,0.07766440134945268,0.06760580114457723,0.0019727451233305703,0.0031030957667145297,1.0,0.4,0.2,75,2.838930232967245,6.147994584820546
13,40,0.1174530492029725,0.2785183608233487,0.2429910951713192,0.3288942193467979,0.10494723194986323,0.06574060384514267,0.00188155555463494,0.0028505854540197403,1.0,0.4,0.2,77,2.916532240970497,6.577532477127168
13,41,0.11379047891173417,0.2793961151077762,0.2520337873957001,0.347800345846742,0.06357869357307944,0.06216424371230288,0.00177144086310553,0.00275010486543873,1.0,0.4,0.2,80,2.793989666341771,6.164508363033573
13,42,0.11190912592969414,0.2735423256178886,0.24556526029305306,0.3687605134711331,0.06614312770824471,0.061789299465393556,0.00176068647842808,0.0025747237547855,1.0,0.4,0.2,90,2.833582244518193,5.421868966570107
13,43,0.11008405619798681,0.27540448316014915,0.262928398644467,0.4126605587365782,0.10640656151088673,0.06193355066916523,0.0018426545585249299,0.00249038310927644,1.0,0.4,0.2,91,3.5077908062633067,6.438378060869585
13,44,0.10953317823324314,0.2683907672235862,0.2474562293024442,0.3962699549970684,0.06687766948502907,0.06212587871782049,0.00162810224341493,0.0024670542656961,1.0,0.4,0.2,95,2.685140917652253,5.557656166711667
13,45,0.10930575458508622,0.26847942563506444,0.25506712455464703,0.4333419717670871,0.09774899553829981,0.06333022619088421,0.00176441586967203,0.00245864540405917,1.0,0.4,0.2,96,3.01371951961218,6.075016830820616
13,46,0.10439144316688755,0.2605422479314724,0.24667231175939192,0.28881618568775075,0.06530743804992707,0.05946799210698685,0.00172200320683355,0.00242121465605431,1.0,0.4,0.2,101,2.9922382354530934,5.729174183913065
13,47,0.1002819402898634,0.24956718253913832,0.24964280824552537,0.4820446998692758,0.07922369334099996,0.0592646864660854,0.0040575832788674595,0.004202283377252701,1.0,0.4,0.2,108,3.406952914416748,5.330444181834077
13,48,0.09994912265263997,0.24715352090406942,0.24692138723274967,0.48579179554915164,0.0777217974351741,0.05939989099807038,0.00423589247630002,0.00471667057436138,1.0,0.4,0.2,109,3.3540731524521736,5.1644583496868215
13,49,0.10006293462737031,0.24238786167114054,0.2339404359530974,0.3514493871368068,0.06293999328608234,0.05959909480482524,0.00423801012001844,0.00471505442426481,1.0,0.4,0.2,112,3.339590006859716,5.175832124339567
13,50,0.09837734693919922,0.24649918303748158,0.2538984730326387,0.5131254283751351,0.08713927480656346,0.05899697555663388,0.00425730358958112,0.00443016641796716,1.0,0.4,0.2,113,3.404141653932637,5.208240342223789
13,51,0.09601272309185918,0.24101527604720496,0.24795672121552662,0.525078933854821,0.06793468985649881,0.05745701964393866,0.00440524626066556,0.00467540957026648,1.0,0.4,0.2,116,3.552498617674696,5.085313795189748
13,52,0.09831627047863824,0.23354113923029157,0.22404965523812154,0.35765303993855907,0.06478967245596462,0.059987333528380246,0.004324427815680329,0.00456060023693731,1.0,0.4,0.2,118,3.3928531829471344,4.930603308643876
13,53,0.09748639049768058,0.24638540175404047,0.26139786338950854,0.5395315533860028,0.06276417952500248,0.059038996365883334,0.00445876055804744,0.00506806507716047,1.0,0.4,0.2,119,3.538562379974478,4.841074802486711
13,54,0.09960331837674442,0.24375356757252795,0.25056995117452135,0.5871436048523168,0.06428900163188388,0.061307181307625414,0.0042984103580327,0.00486218929484521,1.0,0.4,0.2,123,3.199756740933938,5.460959460044767
13,55,0.0990965091017784,0.24653232654845114,0.26133067036169993,0.5924455696351952,0.07363716707929983,0.06225540250956753,0.00246665898492712,0.003178047615948,1.0,0.4,0.2,124,3.3484959716941383,5.156919714189064
13,56,0.09666997815388305,0.2464196571451516,0.2690585583063096,0.6011426839429868,0.07912772978823235,0.06049242697798825,0.00248810114759327,0.0031536263223240304,1.0,0.4,0.2,125,3.329703315724409,5.143549431711416
13,57,0.09926044483432485,0.24841846029053014,0.2709710920510616,0.6079875737447232,0.06927639640397512,0.06332960481906612,0.00235343241993006,0.00304689360610857,1.0,0.4,0.2,126,3.2801366910714185,5.102714518708621
13,58,0.09821167531457002,0.24216547104947084,0.2564560048530876,0.6068945969351641,0.06849443671172968,0.062447306118849,0.00236780447389222,0.00305919716657036,1.0,0.4,0.2,127,3.327356459313405,5.00668161914895
13,59,0.09525576020110091,0.23861742861322674,0.2603282375998747,0.6016947173107714,0.1009487707615836,0.06088804777242286,0.00249145651625271,0.00322405017504818,1.0,0.4,0.2,128,2.783694885605486,4.788948175334042
13,60,0.09284745778152176,0.22206993648636658,0.23423200836357524,0.6592943618078712,0.06976863276253238,0.061394597596871436,0.00213485680383416,0.00248698108965591,1.0,0.4,0.2,138,3.4791113172801578,4.786644694959942
13,61,0.09308523053475527,0.22353307485628382,0.24338640310272874,0.6795096692628569,0.072300540753548,0.06253037754512146,0.00211404515158129,0.0025280470239018903,1.0,0.4,0.2,141,3.4244746205395824,4.58413434410523
13,62,0.08975834886936322,0.21717548770653952,0.23659650282370095,0.6978354718921923,0.07299774948920515,0.05997947192603951,0.00217218376091988,0.0025114189395154503,1.0,0.4,0.2,143,3.534108472912344,4.837110801696471
13,63,0.08968194594483042,0.21708850625011195,0.23650801027403667,0.7021439236767762,0.06131808062595202,0.059907220600975294,0.0021704851820209,0.0025078384797028097,1.0,0.4,0.2,144,3.5295800660055776,4.836517363062822
13,64,0.09113281679281487,0.21612573807521424,0.23520177797401512,0.6989824483262367,0.07196711992774428,0.06199100610328978,0.00216372445732199,0.00248513173165205,1.0,0.4,0.2,146,3.5958243271871173,4.659040566670559
13,65,0.09072204887403652,0.2129519007612645,0.2316357747300617,0.7290072291888959,0.06984238467390061,0.06226860792612452,0.00219380326363753,0.0025217178081116303,1.0,0.4,0.2,149,3.6110991417597615,4.794744513693296
13,66,0.08692028119037977,0.20001970129422444,0.2324748783396409,0.7440958147469029,0.09052546316996916,0.06301751161949391,0.0018842812614499702,0.00275157150063734,1.0,0.4,0.2,154,3.8318461123238414,4.309380253389241
13,67,0.0852475565165162,0.19054393692506494,0.21437892731385827,0.7509158925395226,0.07476201329119862,0.06212595262461075,0.00183519888033223,0.0026647238793321,1.0,0.4,0.2,156,3.732268658494455,4.483244183226814
13,68,0.08520520978689594,0.19314974050609127,0.2248876724696092,0.7772165843425803,0.06725387584570065,0.06238604272654872,0.0020187278912911803,0.00302588360540121,1.0,0.4,0.2,160,3.70951194454784,4.516771242656777
13,69,0.08441605205050001,0.18027930256902056,0.19526951072701906,0.7768709257079981,0.0670601808052549,0.0620044733773991,0.00256367838222584,0.00317211216136602,1.0,0.4,0.2,166,3.698629727025612,4.484852817789171
13,70,0.08345054671733254,0.18348443623931154,0.20658928770070217,0.797214774636464,0.06582344399690931,0.061302122316123475,0.0024309375835918903,0.00260535120696677,1.0,0.4,0.2,167,3.754663892238349,4.218340475269793
13,71,0.08365688217088788,0.18828476250163,0.21956281420714438,0.8018514231323064,0.06305193922320888,0.06172641046513285,0.00188666828852909,0.0026118856612394902,1.0,0.4,0.2,168,3.558580250535099,4.4063361366461455
13,72,0.08293187527961277,0.18855201657582324,0.2275056150425141,0.82208272304871,0.08849501497056507,0.061662353007058156,0.00224906511912197,0.00261163075544606,1.0,0.4,0.2,169,3.679503614620672,4.366472904751395
13,73,0.08269889465334927,0.1823991432380198,0.21299632345034505,0.800299820471163,0.07243083232928932,0.06111356784832226,0.00329963924169908,0.00354915056277076,1.0,0.4,0.2,170,3.538189936554204,4.074009896216941
13,74,0.08232986197081163,0.17848207660138296,0.20859059889676781,0.812778337897701,0.08845937455215593,0.06208265467184695,0.00232097917703854,0.00269601545198784,1.0,0.4,0.2,171,3.6843593190089465,4.162721252803195
13,75,0.08158146792521544,0.18692139383713247,0.23337656102483034,0.9401976545886666,0.06280908207156422,0.061271379038809436,0.0023174332508106,0.00302957677918495,1.0,0.4,0.2,187,3.7691248414628618,4.908335086994174
13,76,0.081612080312546,0.18603223693571938,0.23236101311954768,0.9401140062652082,0.06625731943919967,0.06149447576375061,0.0023332781682340797,0.00303153953411151,1.0,0.4,0.2,189,3.7737501162242566,4.903649272224891
13,77,0.08070030269802358,0.18231969429183764,0.22826396736287283,0.947944183667848,0.07252323261906929,0.06121230826209154,0.00228724403574582,0.00298388440737523,1.0,0.4,0.2,191,3.864994308026896,4.906769235856668
13,78,0.08059078889552115,0.18175082982483365,0.22763209938075327,0.9523235235295017,0.06592210197572211,0.061202649712238065,0.00228921109942044,0.00297050282233438,1.0,0.4,0.2,192,3.864252766933229,4.9133398627791856
14,0,1.0166978377996578,1.075439859255204,1.07203149533092,0.23967856225600265,0.10560190000604625,0.10554015622310631,8.801901613939e-05,0.00013268088242094,1.0,0.4,0.2,1,17.645932846271442,28.895647767692
14,1,0.8759891246337461,0.9994407410588761,0.9916322420734272,0.1934906631155691,0.29285354891095405,0.06853481503283496,7.391445276752201e-06,1.594004585626e-05,1.0,0.4,0.2,2,17.841252506096627,29.5843128399992
14,2,0.6276903486860015,0.8918049231929974,0.8693669126369553,0.18438958546373244,0.8361797467037172,0.090252710308078,0.00018369308230432,0.00020716681938585,1.0,0.4,0.2,3,12.456444733892438,21.854475246009628
14,3,0.4868042146276256,0.8062346820834707,0.7796261244995116,0.17956168765260827,0.42435717129674155,0.10896040961509837,0.00077563837873293,0.00083866925534044,1.0,0.4,0.2,5,9.065206090109593,13.336828549370548
14,4,0.41720052271347585,0.7387022390606202,0.6995168615675249,0.14741127222806533,0.19777647427608716,0.0851260636934666,0.00054480863135833,0.00062083682808403,1.0,0.4,0.2,7,8.290304104956485,14.340016285279605
14,5,0.3993257373111635,0.7264288895222548,0.6939699351847178,0.14728055968925952,0.15483475473646055,0.08073403533141423,0.00106589084804082,0.00122511312715419,1.0,0.4,0.2,8,6.672041546319314,14.54222079344506
14,6,0.35373823045503805,0.6768028631678316,0.6326271777609462,0.12379551404356072,0.248784269535064,0.06732907389574341,0.0006347597309018001,0.00073396810882184,1.0,0.4,0.2,9,8.5822632499514,13.238438010122303
14,7,0.29448791692373794,0.612087374260799,0.5619622122648229,0.10396891508907317,0.2071255957737494,0.055200522434109875,0.00072277874704119,0.0008666489912427799,1.0,0.4,0.2,11,7.088324828144232,12.092798541206731
14,8,0.25498889159208754,0.5656159086970259,0.5116861839645738,0.08916914816471289,0.14029649628601962,0.04233719217674996,0.00081119856857805,0.00098943313112405,1.0,0.4,0.2,13,5.412694716170219,12.139459848954491
14,9,0.2547497421734044,0.5641759187527646,0.5097278633447909,0.09598652690885284,0.07217736971468341,0.04553714694076459,0.00073251305856731,0.00088120245355137,1.0,0.4,0.2,14,5.602003874269586,11.992469884279274
14,10,0.23374066761224255,0.5364019946574298,0.479287905382614,0.08558989313278266,0.17738717557373027,0.041125724322290856,0.00108987719530928,0.00132032961584323,1.0,0.4,0.2,15,4.507633847113339,12.27411735028474
14,11,0.22940174549862294,0.5299132330086518,0.47203844439853054,0.08920546968427058,0.08066325548369656,0.04142083159405391,0.00101119168529854,0.00121209893827055,1.0,0.4,0.2,16,4.68520251347511,12.257632683932732
14,12,0.2517498698947781,0.5373098181904459,0.4747187498074362,0.12675959647121077,0.3336021633120732,0.0904450016498612,0.0010622818486785098,0.00165158874023126,1.0,0.4,0.2,17,5.225204881181133,5.04906175557224
14,13,0.23948060452830153,0.5169756652954086,0.45213606497767916,0.12633309764488587,0.14952390344742228,0.08994910654732997,0.00115070167021537,0.0017743728801125202,1.0,0.4,0.2,19,4.46010833590396,5.858448482054617
14,14,0.23332327812868953,0.5052123362327708,0.43896955758324463,0.1290537093106469,0.16243481541193266,0.0906570671959082,0.00107201616020463,0.0016661422025398402,1.0,0.4,0.2,20,4.433251083213589,5.530893263118732
14,15,0.22559733806402385,0.49495910483538424,0.43528593829393686,0.12731881417577243,0.1673256660531903,0.08994910654732997,0.00115070167021537,0.0017743728801125202,1.0,0.4,0.2,21,4.5353929352530615,6.38437472154539
14,16,0.22054830401131065,0.48449793531950464,0.42356867847713786,0.13053031323956468,0.15544831215618643,0.0906570671959082,0.00107201616020463,0.0016661422025398402,1.0,0.4,0.2,22,4.4731148055751175,6.010575817213626
14,17,0.2024567989075606,0.455488536177517,0.3921442793959748,0.12013547570184697,0.20688223288448696,0.08269386386841446,0.0016208270463616702,0.0021919649173976702,1.0,0.4,0.2,23,3.786991662323045,6.042938181190992
14,18,0.19886464277545127,0.44659691635113996,0.3821292424601447,0.12134690554871227,0.14209288702539452,0.08389856313340552,0.00137795997441408,0.0019019070644038,1.0,0.4,0.2,24,3.801070049018546,6.00214743475477
14,19,0.2008796712674195,0.4531384660277251,0.3968292687002857,0.14179397312314546,0.08774110770439418,0.08596836527035066,0.00137358873764945,0.00196830835406745,1.0,0.4,0.2,25,4.062557708651947,6.224210277790014
14,20,0.1904739168288212,0.42699646535653374,0.36023991663610555,0.12250709052905662,0.20132900674038004,0.08458422950746192,0.0013202830881179,0.00186302054694706,1.0,0.4,0.2,26,4.186504682517427,5.1905320957676135
14,21,0.18083973857024466,0.4178579344921795,0.3657075547986698,0.14041181487342863,0.1738938830603829,0.08145551755865076,0.00152391286879351,0.00248893546405235,1.0,0.4,0.2,27,3.118635704253081,6.1188141451931575
14,22,0.1839178671913058,0.40559758575921334,0.3505891700134126,0.14336798150355054,0.23944863685416318,0.09449314838178399,0.0015979192189775001,0.00231293664098958,1.0,0.4,0.2,28,2.7915925527618817,4.051035140754497
14,23,0.14685784572360153,0.3364752091410236,0.2758357207239348,0.1198654134627795,0.21961074541601552,0.07514213614495455,0.0016863390405143601,0.00243572078087084,1.0,0.4,0.2,30,2.400297692834376,4.802404594009298
14,24,0.14605856482856433,0.33541656776260953,0.2747292065806601,0.12554887851507376,0.0785282880940098,0.07448490421383593,0.0017256475330108601,0.0024688555632071197,1.0,0.4,0.2,31,2.357006964995428,4.816595340065811
14,25,0.144368067748914,0.3318933000871152,0.2783073783159378,0.1246104913026216,0.13101583222436364,0.07579529862616222,0.0018131010579985102,0.00258481796205911,1.0,0.4,0.2,32,2.1912815959128698,4.596717930671492
14,26,0.14412337798043087,0.31995508314472276,0.2644431199143301,0.1345391410142446,0.18032309549165182,0.08096199278218277,0.00172325883261488,0.00246353109771891,1.0,0.4,0.2,33,2.0797544162147537,4.227181308376031
14,27,0.1485877076063244,0.3120169773392094,0.25450786868466996,0.18232053317864141,0.10884632098334161,0.08845084351767636,0.0015394842274744501,0.014063340123099349,1.0,0.4,0.2,39,2.1747948189572504,3.50097318370592
14,28,0.1488672518584945,0.30653520992871947,0.24811284754849436,0.15752951529097753,0.11775332442702381,0.09222857498966083,0.00170036174701129,0.007850057894626051,1.0,0.4,0.2,41,1.8966288710834245,3.4141172370924924
14,29,0.1474967765240315,0.2986418908126503,0.23919505986704875,0.18129656598790364,0.14800162812291953,0.09339869872021368,0.00170510671629602,0.00785540581101231,1.0,0.4,0.2,42,2.211810302598018,3.1984900817397497
14,30,0.14492150790365024,0.29705909725292334,0.24522572695435527,0.20439843373661146,0.10865548798997593,0.09236069063572841,0.0016467213870499501,0.007055439366500239,1.0,0.4,0.2,44,2.311848054288385,3.299136977161901
14,31,0.1421716360865264,0.2923386398796212,0.2401997314292772,0.20921699097793553,0.10798431839505189,0.09039659502666134,0.0015686644837682897,0.006946123952520341,1.0,0.4,0.2,45,2.2379274226377244,3.4315755617327435
14,32,0.14550931011443632,0.29176032054847245,0.23901715551548375,0.19754197619726527,0.10746578311740403,0.08231620741656427,0.01586601595630977,0.04260431842753441,1.0,0.4,0.2,48,1.7324066988585909,4.004897324513148
14,33,0.164272575706022,0.31680523023351786,0.27996210599835386,0.265357626794356,0.12079388876445399,0.11478675351088174,0.0016135554827750298,0.00780943306492769,1.0,0.4,0.2,54,1.9842619903049907,3.982868105040315
14,34,0.14038975416747843,0.29047488774272995,0.2532573516896467,0.2569325556344123,0.11306298526153931,0.09287985311447353,0.00135227023585808,0.0027819905972501597,1.0,0.4,0.2,55,2.0289378720648017,4.183905339908444
14,35,0.13969182651000076,0.28772760892796345,0.2501976125849598,0.27234826706452564,0.09797827412706803,0.09302117302815618,0.0013243699804672301,0.00222313670775417,1.0,0.4,0.2,59,2.082060775486841,4.142736521238142
14,36,0.12705908951930955,0.26948955124685003,0.23859017473164817,0.27955719969275133,0.10448458436216888,0.08147703712307695,0.0015883771190968302,0.01351650908266908,1.0,0.4,0.2,63,1.9858293779485283,4.450846409040943
14,37,0.1302694880636842,0.2764375815040011,0.25358291768859575,0.29487540540374957,0.09160357129864821,0.08697845310985947,0.00125765485884558,0.00413744413978113,1.0,0.4,0.2,65,1.9579342838582,4.433934488357005
14,38,0.12571895316242473,0.267106621761717,0.23605085118593988,0.28622057034213605,0.08520791154964133,0.08046386406541062,0.00160130956186653,0.0135681381010573,1.0,0.4,0.2,66,2.0109111580161043,4.522396347609981
14,39,0.12573580360774783,0.2704720047934403,0.254889785795495,0.32300693858509616,0.09687285547015258,0.08166728341968085,0.00171591852412857,0.01684839168152057,1.0,0.4,0.2,70,1.9794216289644424,5.116836575790831
14,40,0.14442464941577482,0.27802107988768476,0.24580214384436563,0.34961777800247107,0.1079604512877711,0.10134324906176777,0.00143390245545814,0.01553797326371773,1.0,0.4,0.2,75,2.3089697235413738,4.236035171886931
14,41,0.12729923955331177,0.26399674597246,0.23972959367303848,0.3406071453076426,0.09970599212782547,0.08300167073624966,0.00176814730851602,0.023298658598680792,1.0,0.4,0.2,76,2.0886090139420643,5.163472354784604
14,42,0.15003591710197767,0.28754276551418784,0.27088883358025573,0.37595245142357464,0.14085922116835004,0.09903882253474976,0.0019654246952355197,0.062261598297039186,1.0,0.4,0.2,77,2.137749815708092,4.585953423571932
14,43,0.14639910881803428,0.27325493378013116,0.24753680801652084,0.36730267775968256,0.15584720976781902,0.0958593075962341,0.00184260120127935,0.06934986953823619,1.0,0.4,0.2,78,2.094356622534638,5.248526861806972
14,44,0.1454391943141596,0.2692726609954898,0.2431123933905947,0.3774778044862903,0.11790936076110373,0.09548370540835435,0.00195388674768235,0.07066072791479419,1.0,0.4,0.2,81,2.5382487233169537,4.966566628424982
14,45,0.14423400732238323,0.2661366437025376,0.23969454477523736,0.3893811166502814,0.11693551980006008,0.09487561590135302,0.00196042839067733,0.07047446038756158,1.0,0.4,0.2,83,2.5814974813641163,5.197492270224414
14,46,0.12339726794355328,0.25377358833015007,0.24357390930886907,0.39499976634703615,0.09047486862320946,0.08265808595743464,0.00146525658710289,0.029418490813741482,1.0,0.4,0.2,87,2.540479206599534,5.2915040580129045
14,47,0.14870476248225417,0.2775505747357419,0.26712831740919674,0.423539040785529,0.12622718973205582,0.08131655546067962,0.07469237319571385,0.01841146821357007,1.0,0.4,0.2,88,2.078554638315081,5.1142854350857885
14,48,0.30605424892702426,0.42988022495212813,0.4187299318446004,0.6286841777159045,0.2810781536010352,0.07300202397381847,0.00161676783268337,1.0,1.0,0.4,0.2,93,2.4813622510276603,3.5977700514079816
14,49,0.5108560809128884,0.6282286137694997,0.6161476274269603,0.846670430053891,0.5277744527375453,0.07818287771947417,1.0,0.01025128732316844,1.0,0.4,0.2,94,2.4969248331688774,4.531728880162727
14,50,0.17103979773191397,0.28706442815090705,0.27479046361264375,0.5239142352889804,0.14563259130765466,0.0871509473595127,0.0039682623140130996,0.26018728450956685,1.0,0.4,0.2,96,2.5850045971605384,3.780240404172946
14,51,0.16894308207642844,0.28374331185317797,0.271293659986087,0.5260110765627732,0.14798962326590653,0.085502343351057,0.0038246731414250503,0.2598849250475472,1.0,0.4,0.2,97,2.5061900391977656,4.245817165779639
14,52,0.30355378692455465,0.42096396794309354,0.41640377340766677,0.6570085430418308,0.28864262631853843,0.07298524585396976,0.00291102257467129,1.0,1.0,0.4,0.2,98,3.218976248339648,4.250919211110928
14,53,0.10626845940446461,0.22087378191001722,0.2159129494217902,0.48117951594637737,0.09802282103056324,0.07298512277852329,0.00259478298168613,0.01790456004012703,1.0,0.4,0.2,99,3.0948322897233043,4.072183109696043
14,54,0.1063570705889362,0.22529868007034098,0.22847450494939808,0.4952170667810896,0.07871518010766906,0.07303002288338623,0.00265794565432028,0.01834039605125202,1.0,0.4,0.2,101,3.0914008165427656,4.050928807390445
14,55,0.1164176166465062,0.22359545436060235,0.21005795552878473,0.4856793025296535,0.1070965191582895,0.08102095173461238,0.00268168343112607,0.03197440392951782,1.0,0.4,0.2,102,3.124127479648762,3.9845732894362
14,56,0.14467284577527767,0.2609900260227086,0.26379190893499704,0.5990781488236558,0.11679278352553664,0.08359967068639579,0.00253849393283693,0.16072866944644576,1.0,0.4,0.2,117,2.875493652553591,3.830509657027436
14,57,0.49299087728047186,0.6102576381066582,0.6282395637206879,0.9301903009020094,0.5266685154858873,0.08177210291608102,0.9501440982507869,0.02669004491588458,1.0,0.4,0.2,118,2.6300007472512505,5.504569405881735
14,58,0.47372717344930315,0.5955655600752272,0.6292439912678549,0.9435564533962457,0.45734714235390117,0.08230519567142662,0.898324989440422,0.037039715579019264,1.0,0.4,0.2,122,3.0868680360403378,5.530081848552483
14,59,0.46595566815256145,0.5870124884496486,0.6205811226010803,0.9447164234177172,0.44425084727412956,0.18648955532784167,0.13742869401812946,1.0,1.0,0.4,0.2,124,3.10742288791855,5.498327039540538
14,60,0.4822442407619205,0.6211704880231044,0.6873612361564565,1.026433527596057,0.4585096417439209,0.08231031514803466,0.4389182558912451,1.0,1.0,0.4,0.2,130,2.5743696748110088,5.500589646458579
14,61,0.10801832237602411,0.21713475282322048,0.2339707592504946,0.6284967464518451,0.08945653497299479,0.07606605821537894,0.004646921889089,0.03129872464825193,1.0,0.4,0.2,133,2.6486127831749617,4.859372948869944
14,62,0.11340276859682305,0.22165214504595385,0.2383667297425931,0.642643521247236,0.09287017728803697,0.08049854699683631,0.0052969642443305796,0.035794898639721864,1.0,0.4,0.2,135,2.746417398585111,5.259716339686706
14,63,0.09793372981730299,0.2025628190846808,0.21877156067633632,0.6291222476717966,0.08376184649338543,0.0669488704042531,0.00469802649214641,0.0316808774907429,1.0,0.4,0.2,138,2.610147388921117,4.970761404307366
14,64,0.10639655129525713,0.20989584414742057,0.22594701336682965,0.6616808792459321,0.08656760818046977,0.07617432064886191,0.00476165054758638,0.02906269608555983,1.0,0.4,0.2,141,2.795648300032885,4.916591023686261
14,65,0.09712538411172428,0.20190274653515589,0.22566560491230978,0.6763792162232292,0.08717778576964641,0.06688916581981574,0.00493157983889225,0.03264393352532114,1.0,0.4,0.2,143,2.8331455863706823,5.00030502118041
14,66,0.10597171832577841,0.218746088196621,0.25869005159108865,0.8432586056790409,0.08486699971549981,0.07480951915911858,0.008865427327147141,0.03078433226300271,1.0,0.4,0.2,167,2.677788365798094,4.847221938522969
14,67,0.10505313068104076,0.22689638263802248,0.28317049192904553,0.8982115662381754,0.08377724784203415,0.07480991041270117,0.008856473666527311,0.02635620771027571,1.0,0.4,0.2,173,2.675923994905052,4.847146850798894
14,68,0.10798109723411978,0.22867809464114452,0.2847931840428682,0.8982161858794676,0.0949201681968084,0.0748177702222325,0.016058413011929652,0.027860157463137258,1.0,0.4,0.2,174,2.687191051875564,4.851605546878695
14,69,0.10616075317253472,0.22467598441772718,0.28048862391377366,0.9127920476807282,0.100901259302788,0.07442573589630985,0.01473444249279553,0.02583724342882681,1.0,0.4,0.2,175,2.66256373831445,4.847406614201935
14,70,0.5197744876019998,0.6472864392239426,0.7194191300269623,1.3196915621744103,0.4994316574092123,0.07488641708827184,1.0,0.12129913982064715,1.0,0.4,0.2,180,2.766319062809833,4.822749991208469
14,71,0.3393972330372491,0.46688232077524855,0.5390114014611331,1.143967056499537,0.3189649449831563,0.07479536872150301,0.1099491832723198,1.0,1.0,0.4,0.2,181,2.746825532549733,4.814750962744063
15,0,1.0233546799717639,1.073955322103506,1.0710539754733555,0.23497524916721155,0.09963033749795996,0.09956888374048181,9.072177324538e-05,0.00012582524089998,1.0,0.4,0.2,1,18.89258611392145,30.857157751522813
15,1,0.893762257889328,1.0063702483036125,0.9993681571791666,0.19529608564684825,0.2774799127372563,0.06832872591477726,7.251700490566638e-06,1.07907665769e-05,1.0,0.4,0.2,2,16.484206256496275,29.5843128399992
15,2,0.6657694452188244,0.9209484247577215,0.8998926320957824,0.20474381481115858,0.8239598890000427,0.107169019389277,0.00017961718054251,0.00018894398067054,1.0,0.4,0.2,3,10.858805835791909,21.854475246009628
15,3,0.5113764653675167,0.8278020826152844,0.8025198357538299,0.19268759315752643,0.4354853558863232,0.11874240181851281,0.0008642722487018001,0.0009091504418428899,1.0,0.4,0.2,5,7.766343110659298,16.503890090667145
15,4,0.5110130117899226,0.8274687235331873,0.8021752054095602,0.1961271390662876,0.11961202159568617,0.11852805110966522,0.0008307317244921999,0.00087386829266987,1.0,0.4,0.2,6,7.755235888566465,16.60580657190084
15,5,0.4060179564541541,0.7334151917333528,0.7006411050354338,0.15222642537171532,0.4727721801011337,0.09066020414112877,0.00086374978648263,0.0008731493087355,1.0,0.4,0.2,7,6.373648292407509,14.924054116023346
15,6,0.3416850256138004,0.6674427909335732,0.6283018305820274,0.13354115760992905,0.24382041457934098,0.08095143126067403,0.00098030658633844,0.0010365413998999,1.0,0.4,0.2,9,5.808160199364522,12.8320499120706
15,7,0.2946734878022894,0.6094347057555346,0.5634942580580583,0.1260199607759536,0.2569877719048149,0.08305353820457391,0.0010710283595838199,0.00116236664079988,1.0,0.4,0.2,11,5.706065880974052,13.26363624889018
15,8,0.2821884229958522,0.5899174961736486,0.541117531065749,0.13321943248277088,0.16264993896025798,0.08880603801398286,0.00111935293118923,0.00123873702346874,1.0,0.4,0.2,13,5.67179387739749,11.50835555320836
15,9,0.2576948127809737,0.5557669002755197,0.5037125186474417,0.12777205315248455,0.16717542703334853,0.08339676408982835,0.0012086417026494901,0.00134976875807862,1.0,0.4,0.2,15,4.521930046040725,10.181308206139237
15,10,0.2520936995693955,0.546407475256889,0.4932276922802629,0.13075616071174917,0.14172039735483308,0.08404507706509193,0.00113304508044896,0.0012558031761253899,1.0,0.4,0.2,16,4.632529801649694,10.31628393130804
15,11,0.24861945912577907,0.5386962976992057,0.4843013725814822,0.13387285597581533,0.1495180480933301,0.08695152575606649,0.0012890207375382099,0.0016222630769612,1.0,0.4,0.2,17,4.555452312371196,8.184183300565481
15,12,0.2396786076243365,0.527362398529102,0.47229924225367786,0.13213247086419005,0.11655568323670776,0.08158698139081007,0.00120847339047851,0.00150642754524796,1.0,0.4,0.2,18,4.367560231522194,8.1622582539949
15,13,0.23049360605183652,0.5120545555533509,0.45538916451983286,0.12527563991774723,0.1617926437062757,0.08038854846808217,0.0013706585250687201,0.00152950233043427,1.0,0.4,0.2,19,4.969312204813824,9.777535208029269
15,14,0.20657083907779822,0.4689289738154895,0.4076323230715312,0.12040988658947659,0.19715321778173703,0.07818917262081923,0.0014599472965289698,0.00164053406504415,1.0,0.4,0.2,21,3.618906977193221,7.561929585916714
15,15,0.1998967039998313,0.459251968749469,0.4044463573712537,0.12584372769914703,0.12266929454189003,0.07887854388497283,0.0013399293211920399,0.00152238009594482,1.0,0.4,0.2,23,3.517919919085441,7.40601233916836
15,16,0.1980346106671279,0.4541835742943447,0.3986898167184354,0.1310431750529498,0.09824891424713576,0.07970621667854154,0.00165400429357935,0.0018539963231079498,1.0,0.4,0.2,25,3.615394336130399,6.988383019193839
15,17,0.1950738916994422,0.4492577360471449,0.393348857135958,0.13804869637184736,0.10054616074654517,0.07869469697374112,0.00126433270974616,0.00142841452624942,1.0,0.4,0.2,26,3.659610294665329,7.759444823477477
15,18,0.1914804532085054,0.44226662184847343,0.3928703958866504,0.15001324189381088,0.16756493124690017,0.08154749528365238,0.00168050098313322,0.0018992390821479601,1.0,0.4,0.2,27,3.62545357525264,6.631815569186496
15,19,0.1909021758596216,0.4374509490697498,0.38720781712036534,0.13823410394580762,0.12791458238559159,0.08420691158714963,0.0015146171478534602,0.00232721301806477,1.0,0.4,0.2,28,3.723650924942994,5.97343275112993
15,20,0.19078843019077998,0.43729132846370355,0.38703911343171904,0.1414403868540558,0.0856678211795977,0.08409829155797506,0.0015837638509611101,0.00234027135591268,1.0,0.4,0.2,29,3.739509289188778,6.058755876494232
15,21,0.2272971733288389,0.4583613762122312,0.3978113015275758,0.18394082208327525,0.23791216309838412,0.0873342682632104,0.00331599848984629,0.2050082135978096,1.0,0.4,0.2,30,2.873167860321939,7.149496011385549
15,22,0.1617843668456484,0.3811800952512557,0.3184324901064282,0.12406201784754663,0.1839425760079172,0.07079608946414137,0.0018048800112427199,0.00204668919409818,1.0,0.4,0.2,31,3.1868055938999804,6.222701609085953
15,23,0.15060533597519235,0.3464199588270333,0.28683811779471796,0.12305873893306075,0.33218913589300353,0.07579571170442673,0.00155329669959964,0.0023609226091949502,1.0,0.4,0.2,32,3.052030813482768,5.946000372405365
15,24,0.14759529708249244,0.3400245734156088,0.27986457231626716,0.12677376302383622,0.1050785532607223,0.07455127196597394,0.0014932556755344099,0.00230556323905099,1.0,0.4,0.2,33,3.156265491896567,6.355855979629354
15,25,0.14759244336891938,0.344615608713158,0.2926288037188719,0.1505256003143274,0.07563425483569024,0.07455127196597394,0.0014932556755344099,0.00230556323905099,1.0,0.4,0.2,35,3.134239967018236,6.234853639792846
15,26,0.1471542431560306,0.34355718133049057,0.29146484338588385,0.15674109988670282,0.08086347104198646,0.07439081809793345,0.00156555972485261,0.00233749849020441,1.0,0.4,0.2,36,3.126162878654186,6.247205689192158
15,27,0.1468896595881185,0.34716576267067106,0.3031241520802498,0.16026134404593317,0.08186305787537017,0.07451958617790504,0.00150410841961966,0.00231533441160066,1.0,0.4,0.2,37,3.1367629331626468,6.195165146337183
15,28,0.14699913181259433,0.3247076425943982,0.25467082367640387,0.1442945579968693,0.15505892514995107,0.0789169680749461,0.00177549041143472,0.00167139376602021,1.0,0.4,0.2,38,2.614947864150723,7.035742479447057
15,29,0.14074065266584407,0.311090452477706,0.23983743201426774,0.14182849606863257,0.1391218467531633,0.07424507404810707,0.00443174886325918,0.00543753905200171,1.0,0.4,0.2,39,2.688338634837053,6.512436199075914
15,30,0.13984034046703922,0.30822685593362537,0.23665156711396618,0.14442589195424205,0.09362238766313566,0.07616122666758271,0.0015877094683642598,0.0014864805564184,1.0,0.4,0.2,40,2.348072030832063,6.174030073778125
15,31,0.1425225242849867,0.3105618168492457,0.24635664316220102,0.1579994513883421,0.12287193637731372,0.08088366129518955,0.00174824477684867,0.0018053838595494102,1.0,0.4,0.2,41,2.6830066267026824,6.698079758525429
15,32,0.13781044477088034,0.29584986785501427,0.2300405858165151,0.15699298571626696,0.16316018869426882,0.08041753991979488,0.0016710481954147001,0.00170970373428742,1.0,0.4,0.2,42,2.670929589339616,6.013623370847398
15,33,0.13602959218749644,0.2985616560028544,0.24090798358982932,0.16612631516504245,0.08026407751556135,0.07873493317534144,0.00161048854844659,0.0016213791674625701,1.0,0.4,0.2,44,3.169955532173101,6.627599932844854
15,34,0.12500132750602425,0.27383900224186125,0.2140045064439672,0.15891271403067184,0.1891624368217775,0.07327939849040287,0.0016518149134995702,0.00169831887784275,1.0,0.4,0.2,45,2.8290952767471627,4.799794728066801
15,35,0.12648231138163984,0.27335942762190135,0.21324935626534897,0.1637028570742517,0.08633915291084768,0.07519479709583829,0.00165747434233799,0.00190066728143339,1.0,0.4,0.2,46,2.8164755680565765,5.680446693696684
15,36,0.11985349662180401,0.25834257374111613,0.20441121440744947,0.16428318952870755,0.17602469866274914,0.07327939849040288,0.0016518149134995702,0.00169831887784275,1.0,0.4,0.2,47,2.722237934752971,5.069557271265179
15,37,0.115498764185088,0.2488870027050914,0.20166253377190768,0.1707165548178525,0.11064377556479835,0.07214355198576053,0.00173662985987132,0.00185617884504693,1.0,0.4,0.2,49,2.5925024046618708,5.0532193034793655
15,38,0.11142421931634393,0.23671109818741337,0.19576828391196519,0.18849892404599036,0.12135846184396402,0.07212645430495648,0.0017126879622764099,0.0018435526004194802,1.0,0.4,0.2,51,2.4210405384220697,4.717450281508211
15,39,0.10816587177673907,0.2316523662509761,0.19794075467610894,0.19622045555031667,0.09589794264490752,0.070882995028863,0.00160871285820994,0.0016983325586894498,1.0,0.4,0.2,53,2.6082547926587347,4.599548031305514
15,40,0.10815902705501525,0.24082159351325902,0.223454704528713,0.23940408210962308,0.07190035053040641,0.07088299502886303,0.00160871285820994,0.0016983325586894498,1.0,0.4,0.2,58,2.608447146477518,4.591340432501767
15,41,0.10727332709516932,0.2285405933208606,0.19450353514364013,0.24241882306742243,0.07491839313293663,0.06912755500434568,0.00467625281181026,0.0031787536631085896,1.0,0.4,0.2,63,2.966028934166781,6.00945446977852
15,42,0.12281600939729269,0.23895311352305057,0.20416711445829427,0.29821350274645675,0.1013967616817128,0.0822794875332086,0.00666016178727961,0.01865177820690574,1.0,0.4,0.2,66,2.832477622642249,4.8927071267847335
15,43,0.11965805679402924,0.23839363108045641,0.2114907311994722,0.294808804125284,0.10092166246344277,0.07969785841639869,0.006869760059507871,0.01822024221772638,1.0,0.4,0.2,67,3.129128694228956,5.75851486402868
15,44,0.1188270535757871,0.23559004810876175,0.208400886837621,0.2938285878810422,0.10040968996179492,0.07947885403097872,0.006782022116845909,0.01813789533487414,1.0,0.4,0.2,68,3.1326546047532795,5.79241333295448
15,45,0.12298130083597525,0.2374266038412352,0.20990187659339032,0.3019521148430225,0.10772778549194095,0.08427268338948517,0.006618390075195569,0.018525122565427148,1.0,0.4,0.2,69,3.0198283376395323,5.401384739971132
15,46,0.1109566967637298,0.21955411428933225,0.19118550158477213,0.3019188562113272,0.09101981549101018,0.07773778765312958,0.00397303058768885,0.00446898534661598,1.0,0.4,0.2,73,2.844562632802343,5.597397225450974
15,47,0.11116754183641206,0.21918631915035855,0.1982505303086572,0.3687245082457924,0.0865146777924776,0.07895599052416988,0.00465571474838832,0.00497596738129668,1.0,0.4,0.2,81,2.700144819475618,5.549586409999977
15,48,0.10563953418335525,0.2220970296325776,0.2174006715402342,0.39798800909530224,0.07925668684873918,0.07391475679919471,0.0043768473888223195,0.0041063286225236206,1.0,0.4,0.2,83,2.81974096450506,5.794152280565701
15,49,0.11145755694028407,0.2048903594840302,0.17435962957655152,0.36742297497860194,0.10698608422627794,0.08176022348973506,0.00484260825182941,0.00496626621120815,1.0,0.4,0.2,86,2.760413727979663,5.43905351545272
15,50,0.10993882749546338,0.21177648397116627,0.1974815804740595,0.38385256182555716,0.08910135627014733,0.08033851834186764,0.00517863774058566,0.00481189076065406,1.0,0.4,0.2,87,2.6814859304002057,5.985745843705002
15,51,0.11112687380735466,0.20642460104091792,0.18368125121133996,0.38427835080367123,0.09902905021718303,0.08209560345756317,0.004866085828836729,0.00502674055137306,1.0,0.4,0.2,88,2.834172045064319,5.332641061057667
15,52,0.11174231873200219,0.20415294339763312,0.18100240753353136,0.38941797299541886,0.10713677578863788,0.08336223901000048,0.004928500569352999,0.00522900939240203,1.0,0.4,0.2,89,2.765800286254257,5.457146240203783
15,53,0.11048398750112666,0.2074174910980177,0.19243024501104733,0.405151340074333,0.08569009586800944,0.08210610650603069,0.00488336523454891,0.00540263390453591,1.0,0.4,0.2,90,2.7780617144492536,5.44685050116467
15,54,0.10592634836828635,0.2103587591064119,0.21148038032971608,0.44072678670427473,0.08252467201166483,0.0781686595931795,0.0051056323603051405,0.00394443042303265,1.0,0.4,0.2,98,2.6685222226268985,6.582685914117359
15,55,0.11110819897118455,0.21736537836211542,0.2338013108102955,0.5122849827547087,0.09274507423911653,0.08490443209451078,0.0051151440951028105,0.00502277406899034,1.0,0.4,0.2,109,3.2438051077586136,7.144422221992079
15,56,0.11110819906138553,0.22196483557178273,0.24657501280088073,0.5261431811769686,0.08795512387027891,0.08490443215546914,0.00511514408709396,0.00502277405288803,1.0,0.4,0.2,111,3.2438050958795994,7.144422242636906
15,57,0.11136366752285261,0.22299272070039167,0.2552430041982955,0.5530232253099303,0.0981785680636737,0.08353647529742028,0.0114318950798244,0.00499275219411984,1.0,0.4,0.2,114,3.1742013960234328,7.061584366921188
15,58,0.10688075303185787,0.20513273295804493,0.22045409354817577,0.5875925261984976,0.08928803441120889,0.07969577471665837,0.01128178031854055,0.006892521341642791,1.0,0.4,0.2,122,3.1423301895238085,4.690484324024189
15,59,0.10661473120117566,0.22941986171826934,0.3009022637373312,0.7010945562782968,0.09088549829433505,0.07944779345054566,0.01421960309301629,0.00949870439113344,1.0,0.4,0.2,136,3.157533270143149,4.724755014887727
15,60,0.10467934818023773,0.23173524498056436,0.3113437002904031,0.7327276157337853,0.08640263307045228,0.07775957212551105,0.01431006792103566,0.00846608366820089,1.0,0.4,0.2,138,2.8207864287949747,5.232200792353712
15,61,0.10493475478924659,0.22150708776745934,0.28459019775908756,0.7259436209518596,0.09473869750271499,0.07796050701687578,0.01453965433822286,0.009689753058729909,1.0,0.4,0.2,139,3.175739375896344,4.7344033229686
15,62,0.10487850247361961,0.22553303529629964,0.2967189227925235,0.7410009938088694,0.08758661745411299,0.07781848537666443,0.014936322392984942,0.00989085721955861,1.0,0.4,0.2,141,3.1716188317805702,4.743616309032763
15,63,0.10360210006998148,0.2332604529193696,0.3283097012858014,0.7589746884902371,0.1191184100630734,0.07842584693020324,0.014283373919136099,0.0069602445003152606,1.0,0.4,0.2,142,2.8945296466973214,5.959283582421168
15,64,0.10367807106943325,0.21937490727382677,0.28987973334302986,0.7764308708625611,0.08575623694200404,0.07982233559326243,0.01078659107586516,0.00752576605841186,1.0,0.4,0.2,152,3.1255476285357866,4.486098513530337
15,65,0.10407556327389775,0.23275532890587666,0.32767043345119407,0.8249928224157089,0.08684677475728733,0.08021675781446816,0.01160811465843657,0.006767998129548159,1.0,0.4,0.2,161,3.1578799332091645,4.680513697755863
15,66,0.10374864141536544,0.23074338153743595,0.325427799893897,0.825923112767656,0.098010757001509,0.08021279120942211,0.0116173399973667,0.00692290050881036,1.0,0.4,0.2,162,3.1303121175625424,4.65154007358975
15,67,0.10602534401579602,0.23248879754100302,0.32710035972993773,0.8407307463658454,0.09048644788393384,0.08230511969543172,0.01216496545049928,0.0073105876981003,1.0,0.4,0.2,164,2.876599035207566,5.3100375669381785
15,68,0.10478188251679488,0.23196742347726743,0.3342233502311878,0.850005808223721,0.11520940027750547,0.08184167205459081,0.01220146558002355,0.00739361195505704,1.0,0.4,0.2,165,2.846668160744952,5.277009251409021
16,0,0.9691166527643225,1.0518247101216087,1.0469231826689123,0.22560465361834378,0.09519994360006442,0.09514399027739184,8.948948471289001e-05,0.00010078764393712,1.0,0.4,0.2,1,15.989630306442388,27.239312292100102
16,1,0.921478958335608,1.0170386786904064,1.0112658415000086,0.19815286905344026,0.11236401026745063,0.0681199006868958,7.146368279231185e-06,8.923227797216812e-06,1.0,0.4,0.2,2,14.37652302552648,29.5843128399992
16,2,0.6792101507337522,0.9322002424161887,0.9115167187899735,0.21364239353964212,0.875939939740952,0.11511700858672799,0.00017802290600944,0.0002402268651797,1.0,0.4,0.2,3,10.44497439427732,21.854475246009628
16,3,0.6934322338547781,0.9506849400218819,0.9294634671041039,0.23556903615638775,0.1677180571100035,0.1381674845648419,0.0003756217309018,0.00081700870675035,1.0,0.4,0.2,4,14.363032713649767,25.943113328555167
16,4,0.4963134267839034,0.8176812370706875,0.790253340627887,0.19624512936671215,0.8595861358823506,0.12756111506432016,0.00085844548650284,0.0011583996283001199,1.0,0.4,0.2,5,9.574789347878252,16.49849011495382
16,5,0.4786145223154147,0.8006056512533976,0.7729441620478843,0.1843674472525663,0.12595802677050014,0.11282262476856716,0.00046566311753933,0.00059350965687162,1.0,0.4,0.2,6,8.859784832139558,15.75439457644688
16,6,0.41472812268711257,0.7429844886025149,0.7078331281042666,0.17695822313238196,0.5040766237325573,0.12115613885959768,0.0009479349712157401,0.00125918727223724,1.0,0.4,0.2,7,8.146815538764342,14.70515337264372
16,7,0.3232739870143594,0.6460244755241926,0.6041948677549535,0.12926551245466347,0.25396494088772453,0.08328093447530319,0.0009666809455876901,0.00128835068365703,1.0,0.4,0.2,9,7.37175758543646,12.855051993434754
16,8,0.2967864039194521,0.6148662649075625,0.5704141865315429,0.12198745471337309,0.14245558004631712,0.07527337488438521,0.00105584069209667,0.00139383167398952,1.0,0.4,0.2,11,5.565585231480671,12.55016120055308
16,9,0.2709647788127136,0.5808123900666854,0.5327285016296832,0.11566971751739376,0.26014242133386434,0.07335215231270145,0.00106022442453515,0.0014150564920193801,1.0,0.4,0.2,12,6.763561167092777,13.288136763449492
16,10,0.2572415827298854,0.560848387951972,0.5106621200478952,0.11334209232846836,0.10726794875192536,0.07204238448457823,0.00098694655636094,0.00131617420235711,1.0,0.4,0.2,15,7.096636623442382,14.137792049291669
16,11,0.24881661328063964,0.5445775434915474,0.48505163335150236,0.11440497240316705,0.13321361106126456,0.07067763614994585,0.00100099950666025,0.0013317329349624,1.0,0.4,0.2,16,5.2914225645279735,12.39718994307954
16,12,0.24557461665793093,0.5430937692671252,0.49093261690684636,0.12710274933026208,0.11122001809228027,0.0717073427396258,0.00107610630286992,0.0014216551926896,1.0,0.4,0.2,17,5.292799553537336,12.44948477448093
16,13,0.23819283062956872,0.5319392829083254,0.478639442307499,0.1286480040652471,0.129389701386602,0.07067763614994585,0.00100099950666025,0.0013317329349624,1.0,0.4,0.2,18,5.569752582086861,12.66888915706674
16,14,0.21746818427818476,0.4933879517923791,0.42825821326196395,0.10738678695652984,0.2572239659408568,0.06868538755992648,0.00149900468236612,0.00229481069988215,1.0,0.4,0.2,19,6.348066069100193,8.859792392050101
16,15,0.21046456569106772,0.4836931780240826,0.41788371164325655,0.10770512427988999,0.10057477851935764,0.06518828514874184,0.00127842741433413,0.00182346552528778,1.0,0.4,0.2,20,6.188240600986117,9.027075019065062
16,16,0.20930968497401517,0.46932490939243526,0.40035864808140675,0.11341711682165706,0.24029845942425876,0.07850921755589801,0.0015814402889851,0.00245215353910639,1.0,0.4,0.2,21,5.0121369684381465,6.6069781605142905
16,17,0.20099311581370707,0.4548112855313531,0.3844548313896933,0.11371233071437187,0.14814330203801826,0.07635416981828753,0.00150918559303107,0.0023163282847167297,1.0,0.4,0.2,22,5.124692982646119,6.955507605439919
16,18,0.1926205503250578,0.44223634765478914,0.3709638653162904,0.10993841122848168,0.11955798659528609,0.07206805053690817,0.00128860832499909,0.00184498311012236,1.0,0.4,0.2,23,4.970687029692398,7.128930969516851
16,19,0.18518960097629944,0.4304140610890199,0.35819827077605704,0.10709830549985738,0.1178723657586272,0.06874944563264004,0.00112769213262444,0.0013857297300539201,1.0,0.4,0.2,24,4.8301197306581685,7.264456436867486
16,20,0.18093234799039584,0.42435832086994574,0.3517664763543907,0.10640428103693464,0.08578590191927664,0.06615717494308566,0.0009412097649154399,0.00108083193918793,1.0,0.4,0.2,25,4.736822492212539,7.507515807681976
16,21,0.19284141592083606,0.43330254470538504,0.3599775432150218,0.1260138641761371,0.12674697885951014,0.08112400765037761,0.00167991683559632,0.00192715792280603,1.0,0.4,0.2,26,5.135850961343383,5.406976739158461
16,22,0.1849827167887307,0.41978300792046763,0.34531532245970276,0.12630266136142915,0.13659204893249338,0.07787262548402488,0.0014597865372082,0.0015886710744033201,1.0,0.4,0.2,27,5.0165233717309805,5.619421013494602
16,23,0.1747716390491161,0.3889186704096352,0.3104725019537136,0.12017560138251428,0.28510413627419273,0.08206516421860582,0.00169579530681752,0.0018680449903913901,1.0,0.4,0.2,28,4.628647183772896,5.31832547590164
16,24,0.15672827957480112,0.3750882181991639,0.3268236626348064,0.12371972723192969,0.19486028845824926,0.07246730373086768,0.00108370777368242,0.00120689345245514,1.0,0.4,0.2,29,4.439895362644748,6.537146118658866
16,25,0.16435796092933522,0.3648359475557035,0.2913227249809369,0.13543633843728,0.1199726407075658,0.08206516421860582,0.00169579530681752,0.0018680449903913901,1.0,0.4,0.2,30,4.695800150839275,5.875806707491062
16,26,0.15686111241240816,0.34970059503175666,0.2748453694774191,0.12213355219329142,0.14826080625464805,0.07895544073179325,0.00147716492277951,0.00155406382488265,1.0,0.4,0.2,31,4.600559419195761,6.029046840888331
16,27,0.14845427428632185,0.308356398351116,0.2354038625662162,0.12285995226123557,0.4094422167087615,0.08852127960964935,0.00147171620246677,0.00150226501336504,1.0,0.4,0.2,32,3.4539691680977933,4.576494989340773
16,28,0.13172647934006118,0.2795035976465785,0.21953316123886554,0.12297928459060262,0.1667635457911388,0.08048700256310821,0.00105876557401941,0.00118047506734415,1.0,0.4,0.2,34,3.2430932402921333,4.696477314995134
16,29,0.1319132380971208,0.28390675573428836,0.2320509584908995,0.13339302991851912,0.08299964533494279,0.08082072041828128,0.00105416078201781,0.00117423781918433,1.0,0.4,0.2,36,3.237745982008924,4.638814330696286
16,30,0.12991872443493668,0.2741734667728814,0.21365735631929128,0.12778245950844963,0.1054526227172551,0.07971244027288779,0.0015308899243755701,0.00160841098170381,1.0,0.4,0.2,37,3.1595601603841423,4.253926237846036
16,31,0.12920157355209902,0.2627859541291327,0.20063387850845626,0.13412813160034404,0.16714668095061322,0.08275648736129435,0.0016005337187253998,0.00169438337965791,1.0,0.4,0.2,38,2.7534716606115057,4.135643046473247
16,32,0.1243414711991921,0.25137919889152693,0.18823591610767573,0.12902625026904774,0.13156447686287137,0.08007697487735702,0.00164696468354399,0.00182283287110384,1.0,0.4,0.2,39,2.631901454006093,4.140258156314308
16,33,0.12329093072608956,0.2547146095149014,0.19971317136833136,0.13853030636016533,0.0817634407455925,0.07903605068278065,0.00174131322633009,0.0019432216742244,1.0,0.4,0.2,40,2.5856083239126773,3.988343516339961
16,34,0.12329419539207907,0.25443061079726126,0.19938588601324064,0.13852198681677266,0.08242751121221897,0.07914184051664833,0.0017312554048696399,0.00193036715993475,1.0,0.4,0.2,41,2.587759737218402,4.001757302324606
16,35,0.12421297397650753,0.2529405906867444,0.19753339998296449,0.1463550562108773,0.10041361524458227,0.08088880531474966,0.00168821322863211,0.00186884927338706,1.0,0.4,0.2,42,2.6156816684191297,3.796224610993282
16,36,0.12602729280423935,0.25269844015475873,0.21196050621489837,0.19188485317832865,0.1016183196533928,0.08561253458463898,0.00180661866414394,0.00509657176743752,1.0,0.4,0.2,48,2.8286806073261435,3.9279124487041135
16,37,0.12786143475829798,0.25794236089748446,0.2252024485154857,0.20108515116254697,0.09404545742803722,0.08769782843474253,0.00186196551136808,0.00557369957917048,1.0,0.4,0.2,50,2.7364144035544835,3.8784243956057054
16,38,0.12688116469446717,0.25661905664261453,0.2238283368424211,0.21167307582933265,0.09126883158574926,0.08686399775900892,0.0017874454041765,0.005520147854703171,1.0,0.4,0.2,51,2.678306176072965,3.936758551147981
16,39,0.12264166494319897,0.24079297795171636,0.20630025819344425,0.20669283713269013,0.17472559977773652,0.0862254491227191,0.00253939197513175,0.00338615313317776,1.0,0.4,0.2,52,2.962182425720333,3.951246831746965
16,40,0.12078964591458936,0.23737067096252812,0.21015513574189076,0.2315809408672887,0.11066722396775502,0.0861998168238511,0.00253905874505047,0.0030892514797650197,1.0,0.4,0.2,54,2.738752884603948,3.780180265100261
16,41,0.1179842255480865,0.22540411628757562,0.19686729988259807,0.24382563795542828,0.1549113525872297,0.08504995258166168,0.0030998313608440803,0.00634668396713441,1.0,0.4,0.2,55,3.327669135720174,4.985089023896007
16,42,0.11131285291155218,0.24275438233967137,0.255235173565255,0.3909303537353419,0.08061633982067253,0.07758299008871652,0.0050597206087977095,0.005016523405781461,1.0,0.4,0.2,90,3.5627262538921145,3.747774356359306
16,43,0.10934916918789639,0.24069170819355806,0.26067298807355455,0.40179461408731304,0.09321484198514915,0.07676669755513688,0.00451029058610926,0.00668833631625042,1.0,0.4,0.2,92,3.6541482344297327,3.642825451224227
16,44,0.10884324757516621,0.2371006738500745,0.2641610124377598,0.3958446252958755,0.13714930509732068,0.07679531530884179,0.00757133300733379,0.00792024824921965,1.0,0.4,0.2,93,3.79725702031619,4.653959391301062
16,45,0.10883038329730585,0.23166806146314023,0.25796109318013405,0.4037983910395907,0.10232112828215201,0.07772262171911987,0.007736829746945411,0.009742730544005759,1.0,0.4,0.2,95,3.950903397978105,4.346838866132203
16,46,0.10492932032182878,0.22960102149918954,0.26367801311078004,0.44311555403531483,0.08175888152297545,0.07501538102908453,0.00747740983873908,0.007722025315241091,1.0,0.4,0.2,104,3.872120483042412,3.998148788216332
16,47,0.10480214936645889,0.22903602742857948,0.2630512846811196,0.45235332376824144,0.08267393711579457,0.07501760340929929,0.0074708520873748106,0.00762774042101681,1.0,0.4,0.2,105,3.8681288839091192,3.9953995694987294
16,48,0.11295054678888856,0.2491808442722329,0.30746466170696907,0.5196591671857642,0.08921931583160136,0.0832064066023579,0.008212454396545681,0.00816118835233827,1.0,0.4,0.2,117,3.495894482537772,5.012609773121386
16,49,0.11524333692146206,0.23625440849849755,0.2848784572954258,0.5336790676790828,0.10808104839112397,0.08415746839424769,0.01630222805429657,0.01133316110546512,1.0,0.4,0.2,122,3.415604845092425,4.508076337981498
16,50,0.11503378521970423,0.23474754313655266,0.29072621795478504,0.5560870207434746,0.10452979477186962,0.08450556473932709,0.015433673127507869,0.0170514662609192,1.0,0.4,0.2,126,3.648630753361535,4.293076521766821
16,51,0.11401661341071201,0.2332000564975206,0.2966432658518016,0.6022193629797198,0.09750635939511959,0.08461515828244451,0.01631413049067221,0.015401742634953289,1.0,0.4,0.2,137,3.7909126640189807,4.330690463497102
16,52,0.11562872128373641,0.24395220524410174,0.32373487064715734,0.689165805596908,0.0958905756212076,0.08461818217602872,0.0174570779971544,0.02125430578450185,1.0,0.4,0.2,155,3.3596523216636616,6.04441270734635
16,53,0.11352460182387676,0.2295187148234604,0.3000642784894989,0.6832647802262188,0.14938414470563363,0.08473131904911683,0.018232115252441318,0.017005157008278652,1.0,0.4,0.2,156,3.514706575575885,5.815863965602121
16,54,0.11325333506062255,0.23027138366871497,0.30850110651611246,0.7389854635133599,0.0984124492705003,0.08471854467347249,0.018492138682452218,0.01899079643355043,1.0,0.4,0.2,166,3.5587497395431926,5.497875073029984
16,55,0.11289416277707894,0.23269230061532523,0.3188473961047898,0.7470738264933353,0.10227602925959897,0.08477654736144304,0.0185956365060393,0.01860634870162122,1.0,0.4,0.2,168,3.616489956625892,5.480628586919197
16,56,0.11290006309513391,0.2326437755573068,0.3187913692561008,0.7593272838572057,0.09629971489512236,0.08477067920769835,0.018570556936315617,0.01877237758693495,1.0,0.4,0.2,169,3.611313290939511,5.480431654941111
16,57,0.11104242881323997,0.23377779576820856,0.33542733804138775,0.7731606486295172,0.13855842709491176,0.08466562163848587,0.01856466737172947,0.01642364013294107,1.0,0.4,0.2,170,3.660633792932648,5.708262273600765
16,58,0.09841176253801427,0.23080610084926345,0.3564157494896028,0.9009634276137279,0.08463832666801345,0.0781740012803074,0.00953452104123633,0.0079628517511734,1.0,0.4,0.2,197,3.687066796316948,5.221864363625544
17,0,0.9580769164622007,0.9907091470777768,0.9973135168137419,0.14042203277314427,0.0,0.0,0.0,0.0,1.0,0.4,0.2,1,18.81097672977773,31.0799746379862
17,1,0.9043209054336253,1.0105340412646242,1.0039806590367142,0.19659239507256146,0.32262837497857993,0.06852221705376538,7.61427871996818e-06,9.85275214407365e-06,1.0,0.4,0.2,2,15.701902955668729,29.5843128399992
17,2,0.6520019476099699,0.9241001224309691,0.9092844978892741,0.21559058297882344,0.9607185156839894,0.12265142049768862,0.00045073830842901004,0.0005633754683775801,1.0,0.4,0.2,3,11.41841698840332,15.96524621119534
17,3,0.648041767008827,0.925345204056641,0.9096490843104994,0.22244062072869453,0.1768526901276384,0.1312628011989994,0.00110553421259414,0.00138180146479774,1.0,0.4,0.2,4,11.686391262898672,12.265694315859577
17,4,0.5089194566914257,0.8240218808086068,0.7991717621094857,0.18612856257739122,0.5782927209164815,0.11117104757167315,0.00073671266664767,0.00099680051967279,1.0,0.4,0.2,5,7.595317900170911,16.987770474019804
17,5,0.5016667733020279,0.8195750413718552,0.7935868661211449,0.19513924335080116,0.17529371896282953,0.11681910387060006,0.00071732087631721,0.0009153919158499601,1.0,0.4,0.2,6,8.601111192953091,13.647576265176564
17,6,0.40097044378873165,0.7286272312265546,0.693590367853902,0.16182005834250823,0.5676880109192316,0.10580832930518873,0.00090566124076126,0.0012300464672317202,1.0,0.4,0.2,7,7.9071128058277536,14.854453524434474
17,7,0.3200715612048883,0.6424782929211467,0.6007286740205646,0.12247891362008209,0.25075606415492,0.0790751693002708,0.0008944768124688101,0.00119138616020882,1.0,0.4,0.2,9,7.431849901154515,13.130445409594076
17,8,0.3199759159504823,0.6420605840338416,0.6000955343966783,0.1261134630266186,0.09213084149921753,0.08049498952793704,0.00099638029272683,0.0013292654809755901,1.0,0.4,0.2,10,7.418514993977197,12.827452511447788
17,9,0.3092080880945692,0.6249498785098555,0.5795116258200799,0.13917771672862403,0.2720693196121666,0.09404773669702304,0.00111145873567435,0.00146390232002794,1.0,0.4,0.2,11,9.527122411635414,14.628588398424512
17,10,0.25694206372627365,0.5570525737528966,0.5057041618054765,0.11372187972268066,0.22975881317359798,0.07835807308486104,0.00126323035009315,0.0016264459178350701,1.0,0.4,0.2,13,8.129090288369227,11.262558288430178
17,11,0.25115302727023886,0.5490557736380595,0.4970069491973313,0.12099770194648665,0.1131600928854147,0.07659684605897539,0.00120217783920599,0.0015631214034624,1.0,0.4,0.2,14,8.151823635140298,11.94754143177708
17,12,0.24177494048443166,0.5315547286330503,0.4771088144248903,0.11876134136530402,0.20326413289444595,0.08034014170819795,0.0011592084125026801,0.00149082775393416,1.0,0.4,0.2,15,6.152587115689413,10.6017882607499
17,13,0.2407217994255794,0.5154225093079189,0.4499313386660548,0.1317456171641046,0.13232335915880145,0.0941626235484905,0.00111533799261885,0.00184747383773153,1.0,0.4,0.2,19,4.693822922529772,5.656949939532808
17,14,0.2344763856493276,0.5036692475897188,0.43682628406424334,0.1342818493234679,0.16349150599244208,0.09442492613084918,0.00103150844264433,0.0017472385310764002,1.0,0.4,0.2,20,4.628703150186212,5.371529848286686
17,15,0.2242480151921853,0.4881969255150673,0.43440629418902205,0.1508858102515218,0.2650932972144594,0.09921618749506818,0.0006186464032085401,0.00109055250055321,1.0,0.4,0.2,21,4.205406574177087,7.78673477775763
17,16,0.2269216187204122,0.47813804403883836,0.4143968155640391,0.14519110550753742,0.2009984041801139,0.10930833821629546,0.00079956239347458,0.00156993667419057,1.0,0.4,0.2,22,3.62276277597976,5.02059357337267
17,17,0.2132273647716429,0.4689601308500376,0.4133781683430384,0.1345969520867569,0.09689678125139317,0.09537359881081317,0.00127275081288016,0.0020701173205244497,1.0,0.4,0.2,23,3.84065348654608,5.1543595011382175
17,18,0.20776229460344967,0.4525323396157287,0.3801947180024564,0.13298085726094555,0.11545951026331189,0.09181027704146652,0.001268074233952,0.0017856990778088299,1.0,0.4,0.2,24,3.92037200310712,4.28164631662202
17,19,0.208223169465543,0.44648402866058845,0.37282374606117563,0.13830282054204376,0.13118366391274625,0.09714852027369189,0.0015702146429278497,0.00277213567328406,1.0,0.4,0.2,26,3.4022286793770697,4.3415388427084896
17,20,0.20459296156646475,0.4321539984639824,0.36362439535698904,0.14826574227113898,0.2620125718194149,0.10540482519025969,0.00127382243539104,0.00209444329811865,1.0,0.4,0.2,27,2.648213248938504,5.026043687086578
17,21,0.2044045444881613,0.43348024617773345,0.37254954106374616,0.15188017749178034,0.13629938381352857,0.10721120515007121,0.00127818062520982,0.00214073899533976,1.0,0.4,0.2,28,2.4455677884138463,5.300564303565322
17,22,0.18992625360243212,0.39612669333606293,0.3162876517174588,0.13917268360713023,0.23389826006171519,0.1017696136156869,0.00127471492694438,0.0018585253741055098,1.0,0.4,0.2,29,2.551437385820036,4.301008201162708
17,23,0.18775902809444842,0.3809616167055585,0.29880009948433817,0.14175018457388738,0.16689984866284022,0.1068577482954137,0.00156125507161393,0.00278149112896004,1.0,0.4,0.2,31,2.059534946210603,4.361637211206791
17,24,0.18532477115884932,0.38140665882122843,0.30711788607822027,0.1630493118198294,0.11163686753460776,0.10537573889520344,0.00156438977906891,0.00274499407303896,1.0,0.4,0.2,34,2.12129724215981,4.414761737209644
17,25,0.1642338694804545,0.34471604733377365,0.28254993746282353,0.2114232736794922,0.11959355072823656,0.09720610119636011,0.0011517534784682801,0.0019374681845134,1.0,0.4,0.2,44,2.500076422106609,4.269888608622457
17,26,0.1642222788858813,0.3446810842793451,0.2825111107977906,0.22571351160476477,0.09810270370179315,0.09720537993542779,0.00115176059747616,0.001937489416555,1.0,0.4,0.2,48,2.4896009072521865,4.323875333410385
17,27,0.16178834521877605,0.34019743012223286,0.2776883144044651,0.22339061683069633,0.11386192547203938,0.09478444399536629,0.00141129254070772,0.00611258465927976,1.0,0.4,0.2,49,2.386873610513385,4.307990227530899
17,28,0.14708425112694756,0.34302261128683625,0.3204856684349568,0.2796178268256152,0.08943385100203666,0.08289851444667079,0.00198765456454509,0.0032675203092259104,1.0,0.4,0.2,58,3.1313132233079126,5.412230234545066
17,29,0.15034238885024523,0.3442361615124028,0.321365820234237,0.28699768708280843,0.10550394281242849,0.08704441429350886,0.00212780717337075,0.00307705236481625,1.0,0.4,0.2,59,2.98155215675124,5.341133869147159
17,30,0.1517047592968272,0.3556643043599738,0.35671064986445417,0.30764135196613046,0.10179798655303168,0.09019625627565855,0.0019308444508200399,0.00265616835601541,1.0,0.4,0.2,62,3.060017503590557,5.081971338511344
17,32,0.15229930031668235,0.3432261355944859,0.3273066503638824,0.2642286875373213,0.10745698075313735,0.08551932915605404,0.01205061109839514,0.01693111895654814,1.0,0.4,0.2,64,2.974952026326367,4.861174397894029
18,0,0.9119758484561621,1.0259287322293233,1.018826190540421,0.21370417177123005,0.08878161683485525,0.08872408548733204,8.950606464605e-05,0.00010864460832391002,1.0,0.4,0.2,1,13.402679904838816,29.46462435963484
18,1,0.6868007317096398,0.9466002949001936,0.9337303023542782,0.22572716021080685,0.4839214990815755,0.12790048693521297,0.00053510363908761,0.00056405220772264,1.0,0.4,0.2,3,8.084758227894184,15.227727233607752
18,2,0.5304103602736737,0.8439344847526125,0.8197846745070269,0.20161464260384782,0.41313272430271764,0.12483350473680199,0.00088963546178578,0.00095206020103035,1.0,0.4,0.2,5,7.203088117769863,12.64924660639246
18,3,0.44476518299560086,0.7701388674861295,0.7402290825049188,0.17072882731695552,0.2501850300520832,0.10197632798663343,0.0009416164890806499,0.0010202552320871601,1.0,0.4,0.2,7,6.214447003787475,11.498128891357904
18,4,0.37424861437756535,0.7023820951803675,0.6670194152714624,0.14443719873850594,0.22195366910791017,0.08240829205946203,0.00103508575307491,0.00116251998094264,1.0,0.4,0.2,9,5.474268176749481,13.302240806059404
18,5,0.3455802982189549,0.6763733348035829,0.6455864980036169,0.14392877382453265,0.17598137390020388,0.08366403640231375,0.0009917861201787699,0.00113750928114024,1.0,0.4,0.2,11,5.273426947661652,13.958049936045413
18,6,0.289348142488403,0.6098829601233988,0.5725809106451225,0.12649406102745755,0.24120796799681893,0.07476846294396625,0.00108550950277301,0.00126115425261194,1.0,0.4,0.2,13,4.084339900472168,11.593215376213111
18,7,0.2661871987513615,0.573603356183379,0.5312608313236665,0.1302100402605927,0.21187630696787355,0.08307956782460056,0.0010957383154212,0.00130425773789131,1.0,0.4,0.2,15,3.864205818867708,10.749201567568836
18,8,0.25735720742821555,0.5643195214758091,0.5285823341007467,0.13448292093495404,0.12295204528288425,0.08307956782460056,0.0010957383154212,0.00130425773789131,1.0,0.4,0.2,17,3.880154595645182,10.983488675708443
18,9,0.25196329801568007,0.5577913444030874,0.5217045948544408,0.13534661973051765,0.09816350048287897,0.07969315992155686,0.00102889209381212,0.00119654760694688,1.0,0.4,0.2,18,3.779077349333039,11.15033705792235
18,10,0.2533795966106946,0.5429178439771373,0.4951010277585112,0.14989551861752118,0.2911895182487432,0.10057818203807041,0.0013904598560372798,0.00201873763487355,1.0,0.4,0.2,19,2.618285553560257,4.08234671222027
18,11,0.2186088004295733,0.48918056714143543,0.43674192687787583,0.13435097272569144,0.20593956797522694,0.08767553517443806,0.00148392912003154,0.0021610023837290203,1.0,0.4,0.2,21,2.562042598225319,4.630424045526411
18,12,0.2186088004535346,0.48918056717242125,0.43674192690886166,0.14003231451491488,0.08870136713139394,0.08767553519804748,0.0014839291313509,0.00216100239797206,1.0,0.4,0.2,22,2.5620425948658867,4.630424038651779
18,13,0.21837234096939767,0.47735428439031335,0.4296661556072159,0.14285133519882706,0.2698124240069331,0.10152355614703908,0.0015642420271207598,0.00211271725032923,1.0,0.4,0.2,23,2.592697709966179,5.360920089227848
18,14,0.21364390250422413,0.46624091461298695,0.4172232654705211,0.14598953121067443,0.17099383590196052,0.10223420533180223,0.00148126469666575,0.00198525232406512,1.0,0.4,0.2,24,2.5763629754037387,5.062481442872445
18,15,0.2076625241939544,0.45816488882120504,0.40871929221320935,0.14394625290374344,0.12074906588298372,0.09802769685549134,0.00138944120957339,0.0017564558552773698,1.0,0.4,0.2,25,2.6221322413514314,5.5120771011976455
18,16,0.2056013769143527,0.45395510564649877,0.40407450402087086,0.14581480399703717,0.12075068782048183,0.09777454657678421,0.0012892106926436799,0.00142260973852258,1.0,0.4,0.2,26,2.571013123015897,5.983233461228682
18,17,0.18141308514624244,0.39830009205842176,0.3424266751863661,0.1377133579978782,0.40144022306364696,0.09492636579511632,0.00151982898349439,0.0020879915097300897,1.0,0.4,0.2,27,1.901695525299944,4.81641075008496
18,18,0.16357770244706954,0.35871562882392194,0.32121405665588953,0.21464888608432806,0.11789647000630488,0.09578806976711646,0.00175160450011294,0.00253863486725203,1.0,0.4,0.2,42,1.6346831281401613,3.8907038735283823
18,19,0.15556136400876464,0.35011538983324103,0.32731359275090793,0.22084690718053004,0.10853607457787211,0.09280493115022737,0.0013873559468906,0.00211683612232332,1.0,0.4,0.2,48,1.8126073302768,4.227297402007154
18,20,0.1582085496618921,0.35217726391813386,0.33674704021395185,0.22224536977736725,0.1348377007115725,0.09722762268703024,0.00161330368006239,0.00237433012311738,1.0,0.4,0.2,49,1.5241522305297457,3.850490327388576
18,21,0.14887232551472807,0.33129773161215353,0.31402387472221943,0.22118455513490215,0.18767865440735254,0.09280493115022734,0.0013873559468906,0.00211683612232332,1.0,0.4,0.2,50,1.530835505218899,3.698628461125213
18,22,0.1480149867701825,0.32847520445068207,0.31089083023506703,0.22438233288081483,0.10953139230965317,0.09269801751646424,0.00144311130176467,0.00216190385038159,1.0,0.4,0.2,51,1.6346134082032029,3.8467792744045983
18,23,0.14645462548307855,0.3295942811740705,0.3198818446814304,0.22983396085384744,0.10831184400210496,0.09188963313492804,0.0014324701793528899,0.0021992211517316298,1.0,0.4,0.2,52,1.5227510275829157,3.916221530755241
18,24,0.14646166487237322,0.3180831347756703,0.2916585652844843,0.21474590266409277,0.11236162446482936,0.09263274777806953,0.00169041092878171,0.00250919769683885,1.0,0.4,0.2,53,1.5104853671035898,4.685130511278251
18,25,0.1507540850008681,0.3249629958688025,0.3138563006335302,0.2493791660759375,0.11812030061247059,0.09954477400006152,0.00156088106385917,0.00220072624323131,1.0,0.4,0.2,56,1.8348744500441767,5.533326474866984
18,26,0.1517466761169546,0.32015493060446576,0.3006881549778062,0.25323379093163445,0.11151075022545578,0.10097287230625118,0.00157436059206215,0.00221803905855829,1.0,0.4,0.2,57,1.8169154380465016,5.440847152045491
18,27,0.14165454605257766,0.30034481110940725,0.27191424019764004,0.2526303965687786,0.1072693435214592,0.08968613556194961,0.009172150814711861,0.0023444159291162,1.0,0.4,0.2,60,1.762531608144315,4.025947159023854
18,28,0.13822111445474866,0.2975675658673039,0.276707739544788,0.26052419163654766,0.10712307608435122,0.08762619756382295,0.00920726688179863,0.00238729942950295,1.0,0.4,0.2,62,1.781775433844723,3.854578523423673
18,29,0.13840969378231285,0.2976788409914042,0.27680715630386804,0.260710670712257,0.09230330222948033,0.0878431095550405,0.009205189056428451,0.00238577682558926,1.0,0.4,0.2,64,1.7760827941930812,3.851157367830772
18,30,0.1380029282566604,0.3282212661360872,0.3643778369680783,0.32278456178195886,0.10173224936286233,0.08771038870163832,0.00956494723946948,0.00248004031827852,1.0,0.4,0.2,65,1.8193701489940024,3.8690907262244063
18,31,0.13921440149256456,0.33359468523575636,0.37785872786204766,0.34043772688748847,0.095095489960415,0.08900939959897859,0.0097303547578794,0.00247408704691826,1.0,0.4,0.2,67,1.7985803608106727,3.9355972779061226
18,32,0.13902768339465085,0.29987963930192413,0.29419865424033625,0.301393119334489,0.11058204968712149,0.09111571235279312,0.009184347350982471,0.00229420043110401,1.0,0.4,0.2,70,1.8407972555900287,3.930709275145652
18,33,0.1365670726771089,0.28643287409557505,0.2641344173760473,0.328931052691354,0.0967935499632242,0.08927194888149813,0.00915952256305509,0.00223648134612344,1.0,0.4,0.2,74,1.7845861665737324,3.731841789298089
18,34,0.13500050627228213,0.2873777666101705,0.2729390895133903,0.33157213097606536,0.10852271169621638,0.08845324677913566,0.00908336859100657,0.00211712166689388,1.0,0.4,0.2,75,1.77888205723296,3.583315024672199
18,35,0.13664824259526456,0.2884140410771907,0.2738832120611916,0.3460868280872143,0.09905403129622609,0.09025581407290591,0.00917091922139764,0.00217901530683309,1.0,0.4,0.2,76,1.812582556470788,3.75361674196887
18,36,0.5344677544101342,0.7031438236265956,0.7210860817364676,0.7518481442455632,0.49646127616491553,0.09134916569778638,1.0,0.006593406036925061,1.0,0.4,0.2,79,2.632977144940241,4.492459653559901
18,37,0.5398829547179774,0.7069420532970969,0.7246421755949528,0.7491791405121133,0.5109451409571071,0.09732276253435677,1.0,0.00643198033911239,1.0,0.4,0.2,80,2.8994739208549327,3.9313197156608464
18,38,0.5366817343496987,0.6963795457902789,0.705492952568886,0.7673288113871749,0.5173303192298867,0.09490229523637056,1.0,0.00697484502657004,1.0,0.4,0.2,81,2.676019407209586,3.963284752913253
18,39,0.5367927052202842,0.6994681645038102,0.7165140534964731,0.7712479284568755,0.503082676343697,0.09555109119151581,1.0,0.00686681760261684,1.0,0.4,0.2,83,2.690539730843367,4.082085835300709
18,40,0.5366721504282624,0.6989666428846912,0.7159560087121634,0.7711058919667357,0.4983680946662487,0.09555109119151581,1.0,0.00686681760261684,1.0,0.4,0.2,85,2.6960894728035565,4.117383841499187
18,41,0.12961847377624044,0.308545526516863,0.3579679280656564,0.38966379315112326,0.10401292436548398,0.08285971433314562,0.01714649125326575,0.00358412530608148,1.0,0.4,0.2,86,2.585941454900526,3.574550505681464
18,42,0.12977166640902218,0.2879699998858153,0.3043505040297051,0.35368137496827656,0.10892132449516384,0.08384271076930795,0.01689539100357679,0.00356887599751041,1.0,0.4,0.2,87,2.6774405517981337,3.515611424349788
18,43,0.14077966192682462,0.3215091033503123,0.37869102801375015,0.4305857675883478,0.10423045197773154,0.09474210045106388,0.01715187869007566,0.0043220167662415205,1.0,0.4,0.2,89,2.697354612967414,3.5032297759323505
18,44,0.12869455843003624,0.3014541039245532,0.349965225258272,0.3877824240017147,0.10398495735373527,0.08384492517329681,0.01709981885026211,0.0036090333822645,1.0,0.4,0.2,91,2.6799368801038224,3.3703277888175727
18,45,0.1289553684405012,0.2970968018968913,0.3374310724223093,0.4078579961081405,0.09172024833445915,0.08479277565586706,0.013777887843282469,0.006846535555693969,1.0,0.4,0.2,94,2.4376983351538155,4.411083836404085
18,46,0.12666074033449518,0.2852964113012618,0.31673369173018867,0.41977205046380706,0.12809864766550896,0.08401998780155022,0.01370574112221574,0.006841228920692879,1.0,0.4,0.2,95,2.4722733337382894,3.9095488997352015
18,47,0.12377734857375372,0.28238484006395054,0.3213221128722899,0.41654031834168476,0.12333871110014204,0.0824075213921316,0.01383266511095218,0.00692443967939751,1.0,0.4,0.2,96,2.6269947326716747,3.813695504961936
18,48,0.12391402105761672,0.2708752693407167,0.3006153200781109,0.3989270077063081,0.14360045695096582,0.084259022137941,0.01460867348731898,0.0068307831381707205,1.0,0.4,0.2,97,2.5622979672305064,3.5632785023719373
18,49,0.1222396019992965,0.27908993260071646,0.332787985731037,0.4360356633661503,0.10525662926829794,0.08368561438533015,0.014581214064338249,0.00680079652754869,1.0,0.4,0.2,99,2.621890610910303,3.752351535218589
18,50,0.11612039889863919,0.2557047674440212,0.29189731723584494,0.4434037423044163,0.09676499893422333,0.07973778046154659,0.014610744343663459,0.00675594910847888,1.0,0.4,0.2,105,2.756323028586795,3.993929314242792
18,51,0.11626419219344257,0.25972263281479513,0.30398577298091184,0.45657955737482814,0.08990934455869304,0.07998534909355311,0.01455552545289191,0.0073048826196771,1.0,0.4,0.2,107,2.578528090826518,3.996893920852005
18,52,0.1162576220777037,0.2642905781861352,0.31672410119473926,0.4697018471400574,0.08735919704023747,0.07998534909355311,0.01455552545289191,0.0073048826196771,1.0,0.4,0.2,109,2.576657340423986,3.9882883617882494
18,53,0.11137453736180017,0.25459422228765605,0.30634215638422446,0.4872943583437578,0.11858667423106717,0.0763697340695072,0.01468441814972125,0.006978923870922089,1.0,0.4,0.2,110,3.0510196831837977,3.631163170783667
18,54,0.11815252487702266,0.27924159563162887,0.3636108130144709,0.5350964164989976,0.09119282987965847,0.08290289620765262,0.01547588564294144,0.00730137735998908,1.0,0.4,0.2,116,2.8232812641688896,3.62053838432848
18,55,0.12009532956919855,0.25669282328629345,0.299979618678469,0.49614608773138935,0.0982811166421448,0.08565182057065548,0.014622602897915348,0.00688924117802831,1.0,0.4,0.2,118,2.66917087441344,3.6062074545809
18,56,0.11610240616845985,0.2715653778975691,0.35513750171069575,0.5463589696897283,0.11975436561858664,0.08229406310443851,0.01545843448480116,0.00726413060079979,1.0,0.4,0.2,119,2.811808783107152,3.729595398858197
18,57,0.11495691277400803,0.2741253963898485,0.36574537399656964,0.5681260606711943,0.0902923062986488,0.08127378300743457,0.01559818004349835,0.0074728891429892905,1.0,0.4,0.2,124,2.8864622727723983,3.855678812452497
18,58,0.11606334642359425,0.26099081011793546,0.3280261315393692,0.5738444244495774,0.0908613621329483,0.08303347622707473,0.014583660186403419,0.006786863478311251,1.0,0.4,0.2,129,2.6153259511215023,3.48965647225567
18,59,0.11822486101765883,0.28077171230048054,0.3803934776418577,0.6129570679027316,0.09537813158122527,0.085356006275771,0.01466634211664026,0.00678292718884463,1.0,0.4,0.2,131,2.6188956861577863,3.473249008751412
18,60,0.11876854863922646,0.26223645483403796,0.3290659372440557,0.5626010300716955,0.09573754384503468,0.08603507017611045,0.014694267295688429,0.00689273842909083,1.0,0.4,0.2,133,2.656863085098516,3.6339436485145673
18,61,0.11838998837319163,0.2798094824067251,0.3792724119979389,0.6037642589067955,0.09622864770812138,0.0857142980786901,0.01477594534729576,0.00699125786228925,1.0,0.4,0.2,134,2.7271167098065767,3.625086710259161
18,62,0.11697242284244636,0.259273845932163,0.3259386075899839,0.602432268118716,0.09266407257004053,0.084254808679586,0.01496474256273668,0.007727063142677989,1.0,0.4,0.2,140,2.66291364316372,3.584574438645094
18,63,0.11716126941911685,0.27928202783686457,0.38637070831113524,0.6444455824743273,0.11542977692270025,0.0847144022568039,0.015979996250338,0.00820302638218981,1.0,0.4,0.2,141,2.7639188531777377,3.6201541785942566
18,64,0.1183825857235894,0.2661276503227865,0.3486132607312493,0.6549866233809094,0.09548286608939402,0.08676489468775168,0.01475560531416592,0.007204219901263929,1.0,0.4,0.2,144,2.68623117596527,4.027622706343731
18,65,0.11621461315254054,0.2629375822033614,0.3452797873636689,0.6433286395272794,0.0994942901456926,0.0848555954814036,0.01473408012150236,0.00718578630331846,1.0,0.4,0.2,145,2.665013276191949,3.874716152212716
18,66,0.11542092692268502,0.2600730905010889,0.34212533910440607,0.6471015655415322,0.09928196673407173,0.084538682441301,0.01471820864255364,0.007312441443776491,1.0,0.4,0.2,147,2.658272015895308,3.935173592198156
18,67,0.11515412363203681,0.2594529781726159,0.34145576530191296,0.6748404359697374,0.09296507997737395,0.08437503776960731,0.01471520971782972,0.007222976695270269,1.0,0.4,0.2,149,2.649874161319877,3.940061478281498
18,68,0.11539596503016943,0.25950121236997925,0.3414768906488622,0.6750609246572888,0.09337337227178481,0.08465911946419405,0.01472141081788938,0.007229346250337771,1.0,0.4,0.2,150,2.63767652068642,3.913184182394847
18,69,0.11864557850646626,0.2809600145364854,0.3956056457045233,0.7310204147909528,0.0966275191913819,0.08766336555766858,0.01530275831331559,0.00751671579734797,1.0,0.4,0.2,151,2.7343045422255283,4.006474470283747
18,70,0.11863297657605316,0.24033208115598237,0.3041229196368251,0.6669720694436538,0.10037453872089698,0.09039553888724,0.015192044434583902,0.00902441942439917,1.0,0.4,0.2,195,2.7895490403030494,4.337854202340336
19,0,0.87245400203554,1.015235731158148,1.0059385746723337,0.21698543237208795,0.0975097000806514,0.097455199291104,8.543782328745999e-05,0.00010162830116209999,1.0,0.4,0.2,1,17.044296368434217,29.46462435963484
19,1,0.6146472014291156,0.9028378811588289,0.8851510550636092,0.21263575908348994,0.5495165753280117,0.12659007267391237,0.00079888020932786,0.00090424061291764,1.0,0.4,0.2,3,12.167025238906126,13.456186330137648
19,2,0.6039372494303877,0.8936475515360977,0.875615341480657,0.20885009837036317,0.13787424056737452,0.12079606231877907,0.00025780890467581,0.0002883529345456,1.0,0.4,0.2,4,12.22014721348268,15.31846695345954
19,3,0.4687138133243468,0.7906428385129267,0.7627635776097622,0.172065801325137,0.6079178469570667,0.10457824557796949,0.00081859783194232,0.00093148119756886,1.0,0.4,0.2,5,10.140199403169476,13.000339701134632
19,4,0.45982520033907115,0.7829088689357911,0.7542172094741904,0.16948048102326346,0.14507164414663956,0.10433189479696814,0.00034324672796327,0.00038998123570769996,1.0,0.4,0.2,6,10.002559340731995,14.444543728568208
19,5,0.3943094674571907,0.7216688315889911,0.688452303314581,0.14075534302603998,0.31398218314839316,0.08296204590329888,0.00061465200993126,0.00070624146140027,1.0,0.4,0.2,7,9.857616573992171,14.206130328364964
19,6,0.38267272108599537,0.7103294955954752,0.6756156495196992,0.14283873610690728,0.16158629614742476,0.08498060779648078,0.00043581972998911,0.00052706473564005,1.0,0.4,0.2,8,9.421804669176232,12.650990034878294
19,7,0.33150367764068006,0.6570796722848363,0.6179484762412942,0.12040326199390763,0.2962784981408938,0.07066138733868078,0.0007033669388035199,0.00079202321714834,1.0,0.4,0.2,9,7.415642692811764,11.933210851383146
19,8,0.32640205349734913,0.6511740793552431,0.6112593028757898,0.12368855673390614,0.11207562194727476,0.07179729910788887,0.00052453465886137,0.00061284649138811,1.0,0.4,0.2,10,7.088677763748811,10.635424849631129
19,9,0.2956951860809517,0.6057574710699708,0.5579208677182875,0.1298846807344045,0.5006282675970094,0.09602106631541646,0.00116462221503424,0.00164710291243729,1.0,0.4,0.2,11,7.430855245269636,7.678807364739242
19,10,0.3043140978289202,0.6116042092058439,0.5627189986049574,0.14691188908205433,0.1653848839522228,0.1111112989466011,0.00108757868731935,0.00198183638519936,1.0,0.4,0.2,12,8.335522226737858,7.017613116139023
19,11,0.26645941361683806,0.5506430277563115,0.49467319967800505,0.1319245957233929,0.4747988553969953,0.11265804565899458,0.00126516107639895,0.00255839556925728,1.0,0.4,0.2,13,7.358871276733322,5.675411746446224
19,12,0.21988555761059464,0.48653481047047625,0.42622586165669024,0.10309591003988132,0.19857174753627874,0.08710836149879139,0.0010538298806867601,0.00217797056449004,1.0,0.4,0.2,15,5.180388994157807,4.765469107706371
19,13,0.21034564130631297,0.4687715984703449,0.40660220782262535,0.10218323877343581,0.1814702086277666,0.0857208993882341,0.0012551896215304101,0.0022173522313189,1.0,0.4,0.2,16,5.568934833685273,4.798350164643637
19,14,0.19689772309646433,0.4379014640135269,0.3720464097432012,0.09544811904223623,0.2763060399796343,0.08726301253956703,0.00153467991109746,0.00267658022239794,1.0,0.4,0.2,17,4.7050214663184,4.977089733198164
19,15,0.19166108713630184,0.4242622710339909,0.35672968413191036,0.10073779821981926,0.17511407920530517,0.08854182850126611,0.0013922182425434,0.00259820249016064,1.0,0.4,0.2,18,4.712740778661996,4.625118797071535
19,16,0.20581311753610557,0.43824287924563876,0.370676573490864,0.12087171278198507,0.10475703584178608,0.10318524650914776,0.0008590151453314,0.00184122849575909,1.0,0.4,0.2,20,4.927796417297099,3.6266253931518566
19,17,0.16975616914004482,0.3621423664944946,0.2945835592923813,0.10995136868578315,0.30380378684568526,0.09442894275913656,0.00130223869672639,0.00258747939067117,1.0,0.4,0.2,22,4.446417254654946,3.687034565055532
19,18,0.16952645515321474,0.3614785908734108,0.2938455642086037,0.10975922546957512,0.09920629288658114,0.09434992550982765,0.00142812752703218,0.00269503068596009,1.0,0.4,0.2,23,4.429054997146383,3.6909892366971926
19,19,0.15386233163788576,0.33093927742455664,0.26079077797133554,0.10444123992764755,0.21574807939845728,0.08608304960509124,0.00139511390866683,0.00269441999430005,1.0,0.4,0.2,24,3.373143197477369,4.052016897636014
19,20,0.14683282820974922,0.3056377952311845,0.23250655074225082,0.09482792901719203,0.24029385152183588,0.08722955820386966,0.0013125362447601202,0.0026020606653840003,1.0,0.4,0.2,25,3.461995613857812,3.821685772948881
19,21,0.14587665052498527,0.30068322033977374,0.22691248519974233,0.09725331634892993,0.12157204253968805,0.08793829462405205,0.0013058205637121701,0.0025949733083584997,1.0,0.4,0.2,26,3.537204545124214,3.7437815290408105
19,22,0.1322199809114814,0.2570389490201944,0.1786024236280024,0.0866237837250973,0.32417857724288257,0.08552181642547531,0.00143040495116241,0.00264902659578517,1.0,0.4,0.2,27,3.589282822887827,3.1361221777731254
19,23,0.1309223497444712,0.25305193025707123,0.17420651781983376,0.09812648301239064,0.10713998259533304,0.08519439028055045,0.00136657119224107,0.00257133748790062,1.0,0.4,0.2,28,3.3440942754130663,3.233631989747984
19,24,0.13090188996919327,0.2565351829905748,0.18570060502952615,0.10428387372536864,0.09448845472288382,0.0854830794031572,0.00143104899644133,0.00264211341160919,1.0,0.4,0.2,29,3.5671463165727246,3.1479100768188464
19,25,0.1281619681124481,0.24801456687262086,0.1688235285379907,0.10503462825842402,0.0891942837886841,0.08317422520134335,0.00143432484544862,0.0026421774738986,1.0,0.4,0.2,31,3.609190319146741,3.263446480584264
19,26,0.12931165594785085,0.2567483162664693,0.19366521216232155,0.12312417914312099,0.09762299678533247,0.08487455508199436,0.00136447064491814,0.00258314707118302,1.0,0.4,0.2,32,3.251693819972876,3.300001319674592
19,27,0.1265618219057774,0.25152963449585153,0.1880745627468133,0.11312661944823471,0.09349650916285406,0.08293310798646716,0.00142332855511359,0.00253837488006586,1.0,0.4,0.2,34,2.8994144551038405,3.552646224037611
19,28,0.1270393146393594,0.24506302703487995,0.18056829734436164,0.12697421319113583,0.13972740463827457,0.08565048551302862,0.00141647016484878,0.00263375648891363,1.0,0.4,0.2,35,3.543373967171461,3.264343781512746
19,29,0.12703931469133947,0.24966248425548873,0.1933418457696702,0.13722910816934153,0.08674401291373657,0.08565048557838269,0.0014164701651001401,0.0026337564890193703,1.0,0.4,0.2,37,3.543373965197699,3.264343775482744
19,30,0.12457740572964089,0.24488499494524132,0.18821959923782447,0.13837360483868308,0.10258669126428618,0.08399986751467314,0.0013429021740551102,0.00239816941206123,1.0,0.4,0.2,38,3.618345007404544,3.350183679221051
19,31,0.1256410036387296,0.24410737788281783,0.18716868150164087,0.15358556346314636,0.10059314665766607,0.08552921058650731,0.00147097265820077,0.00270347163803563,1.0,0.4,0.2,39,3.9017250928223968,3.0617009792861687
19,32,0.11785880150502066,0.21767522800667438,0.15800030953906916,0.15976538745003352,0.10768452904540833,0.08330683442157871,0.0014717173188974401,0.00271836926077777,1.0,0.4,0.2,45,2.986977494397037,4.248756548612911
19,33,0.11706551480818456,0.21569780532754404,0.16335993959703973,0.16555782704637192,0.12793845640461202,0.08412416686858426,0.00149868975370918,0.00273058717423762,1.0,0.4,0.2,46,2.958651868761008,4.312680565996769
19,34,0.11163719594087576,0.22276776677640497,0.2022776885851746,0.2449183749565784,0.0838550565727613,0.08027938084560096,0.00152995610721606,0.00280220258289701,1.0,0.4,0.2,64,2.953137025167919,4.166138263384555
19,35,0.11254100598652585,0.22784915145917733,0.21547254816033856,0.2534646011923055,0.08555775992372446,0.0812892949336732,0.00155462615947503,0.00279037856641805,1.0,0.4,0.2,65,2.898870367384779,4.119169185648291
19,36,0.11202813542978202,0.22662475441843835,0.21414626790564265,0.25703856382068363,0.08733878289063832,0.08097478476109989,0.00152938700702885,0.00280202908810528,1.0,0.4,0.2,66,2.965324858983007,4.184099506217293
19,37,0.10821880232658095,0.2003022437545311,0.17710559063941755,0.2847221002582342,0.1153560505731208,0.08168214074147744,0.0015040427275396701,0.0032640604706263,1.0,0.4,0.2,70,3.0986745031810408,3.668226931404361
19,38,0.10816762439961705,0.19756375929715636,0.17398910159798148,0.30099313140589384,0.08835935708954176,0.08229041943671431,0.00150782111178617,0.00324674254696138,1.0,0.4,0.2,74,3.047851612656327,3.616303934165957
19,39,0.11003809299732611,0.21359101676396955,0.22211793352937362,0.4345609672585649,0.08760217906333975,0.08516109323798163,0.00153021650178716,0.0033115755664678602,1.0,0.4,0.2,100,3.160136640236193,3.856667916069655
19,40,0.10871402646219025,0.21577237113747258,0.23232038460115043,0.4417110372111286,0.08927191573727443,0.08410764203999388,0.00153234168554783,0.00325559168889277,1.0,0.4,0.2,102,3.1403800578220658,3.8229610895862143
19,41,0.1066663238891185,0.21201914743074438,0.22832890356056268,0.46620480014140364,0.08615217193722667,0.08247189067217378,0.00151436301601834,0.0032448439210796,1.0,0.4,0.2,107,3.1060955343393983,3.723321320746985
19,42,0.10611666602083651,0.21419126882627526,0.23841323539163484,0.48281366830941574,0.08695543495143258,0.08234401607107766,0.0015238491843617302,0.00331879638091971,1.0,0.4,0.2,111,3.10298198515122,3.7158870950745433
19,43,0.105827475379175,0.21338798819785754,0.23753804159269992,0.5215450981471897,0.08385392556917208,0.08217175652130002,0.00152420722421129,0.00333310246687884,1.0,0.4,0.2,120,3.0994199875413786,3.680138411911972
19,44,0.10583372079364224,0.22715823428011153,0.27582591239672655,0.5114130350427715,0.08354286327304071,0.0821858899986447,0.00152446023582994,0.0033329013129875496,1.0,0.4,0.2,123,3.094271998484337,3.6446402487528378
19,45,0.10585138107910676,0.21789744467785518,0.2502057855467819,0.5432664349778955,0.08406490626715885,0.08222261203920597,0.0015234178084051,0.0033325727093391003,1.0,0.4,0.2,124,3.099797167211921,3.716899060368229
19,46,0.10733199093761257,0.24644940714756353,0.32772897914322985,0.7084324731040319,0.08521431457877057,0.0838224668184646,0.00154368490088586,0.0033067156528981297,1.0,0.4,0.2,157,3.201629641331984,3.7102833458016846
19,47,0.10696467300800236,0.25829930232053344,0.36388108399675684,0.8640380948749012,0.0855313815493627,0.0838255485956179,0.00154398338274002,0.0032843466189547603,1.0,0.4,0.2,183,3.190050883817368,3.722513819574205
19,48,0.10664592892064227,0.26062938078061015,0.3741142724753283,0.8770213146200323,0.08983503506154214,0.08396133323853365,0.00155406045324802,0.0032318028089621696,1.0,0.4,0.2,186,3.166807924040337,3.7063921944793328
20,0,0.935156564407431,1.0410064925437295,1.03447868247696,0.22511423350328857,0.0987734173543675,0.09870639080231114,8.973998852415999e-05,0.00015565278323346,1.0,0.4,0.2,1,12.407259353859647,29.46462435963484
20,1,0.6900660605520738,0.9690154894296971,0.9530301117029616,0.2679521727799109,0.6275598024070232,0.17769201455011985,0.00073545949341391,0.0011257272544442699,1.0,0.4,0.2,3,9.389303220415176,14.815943616551111
20,2,0.664881215758571,0.9458725687323207,0.9295203751174385,0.250371392960725,0.17701257607513743,0.15801782878452222,0.00037826412550919,0.00072676653839181,1.0,0.4,0.2,4,9.940764635367865,13.89120100793445
20,3,0.5284235757655099,0.8479982456292798,0.8212478302149229,0.21871723604111587,0.6824954656474018,0.15187144589320484,0.0008251994819380799,0.00128138003767774,1.0,0.4,0.2,5,8.221537344451352,13.931455390481768
20,4,0.4334183003286688,0.7605761506499362,0.7278241143569762,0.17670382277962,0.2711096864585494,0.11751143819971606,0.00090993098077279,0.00135387937333801,1.0,0.4,0.2,7,6.990266547612957,12.66736024012091
20,5,0.36424589905941723,0.6907279555314247,0.6526866418837775,0.14710843019203568,0.22991267813942884,0.09447186475276072,0.0009067359719887201,0.00135075778812808,1.0,0.4,0.2,9,5.7504864566535145,14.903607990699612
20,6,0.30706511063374214,0.6253974857888567,0.5812482536762636,0.12771129060861452,0.2395019432688503,0.08313108915299347,0.00099515429377995,0.0014821584751976299,1.0,0.4,0.2,11,4.730173960553671,12.02139475254149
20,7,0.28584947191711835,0.5931430362562776,0.5442589825100944,0.13304312502502158,0.21414840133597046,0.09271622392692071,0.0010837807371569899,0.0016070078476606302,1.0,0.4,0.2,13,4.422909063416339,10.429240311273386
20,8,0.2813957789077811,0.5882527924090122,0.5392087733096261,0.13386330637904806,0.0981673312183966,0.08929271469054315,0.0010086902834150501,0.00150278882140605,1.0,0.4,0.2,14,4.239353289831024,10.636273288488642
20,9,0.2598299059816192,0.5537170797753161,0.5004585300165475,0.12741263880378878,0.30756224244132074,0.09180011580971724,0.0013530007027295,0.00207396619736104,1.0,0.4,0.2,15,5.076801614352183,10.516522863552463
20,10,0.25654682414220725,0.5479922108361377,0.49402390457421586,0.13114347398069126,0.12949413242438967,0.09252719774960086,0.00114153714877539,0.0016443513045753,1.0,0.4,0.2,16,4.737712143690182,10.356057078071766
20,11,0.24992524275011577,0.5387605852191667,0.4840553739679031,0.13278737689637157,0.1281649740668899,0.08978973041251084,0.00118014583442249,0.0017036696341933897,1.0,0.4,0.2,17,4.045361708782044,7.974958901080354
20,12,0.24289611841745573,0.528346691583515,0.4727034545781533,0.13209355214243274,0.11261998029005962,0.08757084147588463,0.00139466012802718,0.00180393536805703,1.0,0.4,0.2,19,3.95499607778814,7.525687630232179
20,13,0.22136415177417182,0.49988947965497127,0.4494598506143554,0.12963724576719965,0.15743775416676717,0.08076929962688359,0.00122526765880639,0.0018627624569011701,1.0,0.4,0.2,21,4.461201876035282,7.040772769135339
20,14,0.2007789565331721,0.45240546471568294,0.39596429774005587,0.12945630501832167,0.23998796364532068,0.086484501888521,0.00137810265698356,0.00154502541969584,1.0,0.4,0.2,23,3.7940998735121294,7.172903542017904
20,15,0.18375525625294298,0.40247232355759927,0.3395994834357919,0.12998325989331977,0.2582499807920338,0.09340319512703868,0.0014697155083096601,0.00168702099323811,1.0,0.4,0.2,25,3.3543280508699023,6.921188260586591
20,16,0.17839617721806125,0.3907366678529025,0.3266989480245598,0.1289205394801114,0.15228435470774104,0.09203474295600732,0.0013883897304707601,0.0015589324011490101,1.0,0.4,0.2,26,3.2714372089278623,6.840617372534581
20,17,0.17061233979744203,0.3818745474876414,0.3249902751012652,0.12799006504287877,0.14060037739256714,0.08747871581530739,0.00148208855481432,0.0020052923259842,1.0,0.4,0.2,27,3.1447818927398723,4.426168958400069
20,18,0.1563158746070076,0.33396175354490376,0.2713264202339185,0.1266960448904751,0.23799098685530082,0.09039346117514171,0.0015737014061404102,0.00214728789952647,1.0,0.4,0.2,29,2.80945821739278,4.593451926736499
20,19,0.14295089500655225,0.30019700374371633,0.24170784441991766,0.12410824926225111,0.19139771333874092,0.08778141622650487,0.00142432807943302,0.0019050655968780202,1.0,0.4,0.2,31,2.36740239835622,4.453237053775986
20,20,0.1382991912086404,0.28920458334013455,0.23717976327352575,0.12965062758692955,0.13184504673905204,0.08730714299698719,0.0014481311429614201,0.00191807174940779,1.0,0.4,0.2,33,2.395993732864157,4.22743668189602
20,21,0.13724415478388974,0.280507154157981,0.2198374934858483,0.13195696867245515,0.11238757505377198,0.08727403072622475,0.0016456740486812099,0.00203085371182558,1.0,0.4,0.2,34,2.781116787599472,4.092082382426053
20,22,0.13707356522668013,0.2885073706478978,0.24402795504590033,0.13871553785580212,0.09648713376974126,0.08753487243509314,0.00151619753583155,0.00197453084992249,1.0,0.4,0.2,35,2.552747345556748,4.274359288060272
20,23,0.1360618081874824,0.28521502279413335,0.2403845603491649,0.15887042382358238,0.09732276886785697,0.08729764864464304,0.00159204042722553,0.00207993742106539,1.0,0.4,0.2,37,2.6692121067801846,3.904888106964461
20,24,0.13442493683014053,0.27775349170543207,0.23203260706584528,0.14635340671813,0.1114818415578746,0.08772959473154915,0.0015990038498381698,0.00200660179708889,1.0,0.4,0.2,39,2.563363777056261,3.734423512267848
20,25,0.1332026947161291,0.2691225679993194,0.21480004270287947,0.15203125904691817,0.11038294830718895,0.08743028396156956,0.0016970403496482,0.0020610310970296,1.0,0.4,0.2,40,2.5703515339166927,3.67508850586552
20,26,0.1332419075217498,0.27791032757217793,0.2398687220294819,0.15578232249845214,0.09198798501612099,0.08768392400468034,0.00156699930046658,0.0019746168594292498,1.0,0.4,0.2,41,2.3752667369557883,3.816218414885237
20,27,0.13177506680190804,0.27516002043728455,0.23692406596992097,0.16144159341430642,0.09263041379283311,0.08665128535075714,0.0015861433068601102,0.0019491594100429599,1.0,0.4,0.2,43,2.694613730609779,4.248135796792332
20,28,0.14089508786219798,0.2833820983701118,0.2524913846228046,0.2494086236906932,0.10247350995285864,0.09751871073271831,0.00149595825367029,0.00257848534401352,1.0,0.4,0.2,54,2.800478725195452,4.314400992233846
20,29,0.1408570218095764,0.287827716248744,0.2650935931040678,0.2610051487640856,0.09951786410394234,0.0975187107251798,0.00149595824868155,0.00257848533517238,1.0,0.4,0.2,55,2.7905967196382053,4.32425696946714
20,30,0.1399670785063682,0.2841536724459472,0.2610021720546225,0.2757957216697271,0.10929199936747007,0.09750512209295242,0.00153163449707098,0.00267504339915302,1.0,0.4,0.2,57,2.825142209527062,4.308127870745213
20,31,0.14529960518180732,0.27893999634766575,0.24672767442914847,0.3013189962904123,0.12848615160430402,0.10418151979512535,0.00219939428793057,0.0041214186989098804,1.0,0.4,0.2,59,2.801490333764836,3.8411973511718647
20,32,0.14381168038938458,0.276586477602496,0.24424567557342763,0.29978367504130415,0.1112211354880289,0.1029099272412753,0.0021544156846046497,0.00448860428246586,1.0,0.4,0.2,60,2.82760900176722,3.87768919382092
20,33,0.14381252947791123,0.285726146513038,0.26972466841349396,0.27109504012582797,0.10491583784833633,0.10292727978212483,0.0021571996701613898,0.00449447027199519,1.0,0.4,0.2,62,2.821908159287372,3.8757061904284287
20,34,0.1437395692194248,0.2805637246542941,0.2563152934043753,0.3200738278812551,0.10847484682218965,0.10302720499495358,0.00214218550706053,0.00442649679156877,1.0,0.4,0.2,63,2.7828750388388936,3.912855254047161
20,35,0.13963068308027485,0.2647687620681921,0.22380387922552505,0.29552325010712993,0.12020707867079301,0.09975031170567232,0.0020864335479966302,0.0042388711124283695,1.0,0.4,0.2,64,3.1505374447204515,3.832636465963753
20,36,0.13892933969196364,0.2662311378348339,0.23308071171848263,0.3150747686392986,0.11064456599269398,0.09977458209976676,0.00211891277728114,0.00427990273490496,1.0,0.4,0.2,66,3.055233536599568,3.8220413541530553
20,37,0.13840589592106556,0.2596608115370488,0.2256219284916466,0.3348175098146776,0.12541182393710076,0.10121720266680304,0.00196429038504598,0.0038334334679427803,1.0,0.4,0.2,68,3.234888506006708,4.267645831855315
20,38,0.13648836749484974,0.25395864008895874,0.21936684378988172,0.336790338026136,0.13015804180846574,0.10037653724612912,0.00195993192084874,0.00400257291550361,1.0,0.4,0.2,69,3.30225879624061,3.81146991171698
20,39,0.13550772445117662,0.24015073137240117,0.19619075877121758,0.3267706170302261,0.16418265075490548,0.101744217596663,0.00194430353719467,0.00399015005050445,1.0,0.4,0.2,70,3.245126487864761,3.836864500015277
20,40,0.1354414080209059,0.24424624815677057,0.2083970816722248,0.34338503136541765,0.10659839334276434,0.1017793877760383,0.00197573829969127,0.004029188135589249,1.0,0.4,0.2,71,3.161422582750599,3.847591062011588
20,41,0.13510104361404388,0.23639334231856224,0.19194995026250788,0.3465802026105588,0.11454582767548335,0.10220678530601637,0.0020906439504379403,0.00398323818860981,1.0,0.4,0.2,73,3.542480702704073,3.546692650503706
20,42,0.1339157708629108,0.231035844789851,0.18599296312298996,0.3491385071345966,0.13434611826392845,0.10216681320848989,0.00206602077684231,0.00397090148318043,1.0,0.4,0.2,74,3.374165978744398,3.528186161275056
20,43,0.1341620426988069,0.2303000662501526,0.18511650259767054,0.35749551677919417,0.11147326876580778,0.1026702735069714,0.0020718684946635798,0.00399062462917123,1.0,0.4,0.2,75,3.40941361035337,3.538548058672286
20,44,0.13349448122162988,0.23322879090705087,0.19607563081035362,0.3614238534366935,0.1112159172342798,0.10223791268605409,0.0021264257410721,0.00404429420752349,1.0,0.4,0.2,76,3.198693454376406,3.549064218757548
20,45,0.13182795630267605,0.2186577533617206,0.17214689800957744,0.3665999749749902,0.16473534712402502,0.10282067249808499,0.00202345128360412,0.00384986349656264,1.0,0.4,0.2,77,3.429234703380861,3.4684782055761856
20,46,0.1317714513902011,0.21757468375668304,0.17091824486093632,0.3705428629115166,0.11203110042076904,0.10297731994894754,0.0021004224539676,0.00394181148165263,1.0,0.4,0.2,78,3.365668149044448,3.428394238380106
20,47,0.13177942295083586,0.2168968583820617,0.17014324130709316,0.370483007319543,0.10974323653159947,0.10318006764882359,0.00207600831700523,0.0038892381440477795,1.0,0.4,0.2,79,3.4689875889225217,3.4765328954699166
20,48,0.13183229765256244,0.21944580895496357,0.1805683937103912,0.37852680508973563,0.12055531279090068,0.1037288297415097,0.0021259659149960803,0.00396967758489617,1.0,0.4,0.2,80,3.43822078569538,3.511507175024461
20,49,0.1308098256296219,0.2169070636950443,0.17781533327719184,0.38145080358902983,0.11019296864144576,0.10308822173072654,0.00211706714185674,0.00397909870345803,1.0,0.4,0.2,82,3.478160185204515,3.4588368306001414
20,50,0.13185387929683445,0.21755293342592713,0.17840498537278565,0.3958101929544552,0.10874461220264171,0.10384183913630865,0.0022869105812367103,0.00558933236723281,1.0,0.4,0.2,83,3.3179206862306514,3.5603634088252614
20,51,0.13051164965357234,0.21929627164896356,0.1881087585678636,0.3943136523626,0.1157918989905389,0.10320773753199539,0.00220763357230475,0.00408782577673818,1.0,0.4,0.2,84,3.2259164850908992,3.462437473399717
20,52,0.1624344616155875,0.2588078376081842,0.2512695609691104,0.5231825803526994,0.1427970920918524,0.1361196484796856,0.0024046170634740597,0.00632888088710136,1.0,0.4,0.2,94,3.300126944462053,3.449559672779099
20,53,0.15380508901040868,0.2359315808194032,0.2113389473054347,0.4865850333677096,0.14891851119897617,0.12868066439643694,0.00242963466017085,0.0063338999071667,1.0,0.4,0.2,96,3.5074405835791667,3.658409326192145
20,54,0.15380508993877287,0.24513042567291918,0.23688591677031526,0.5315461793312628,0.13091945816440964,0.12868066509418444,0.0024296346909099,0.0063338999839337,1.0,0.4,0.2,98,3.5074405502699664,3.658409310176957
20,55,0.1580870266409471,0.24517603143358416,0.2363412770127676,0.5397362620220079,0.1662766864474142,0.13394578481129168,0.0024357420842738503,0.00634205033621219,1.0,0.4,0.2,99,3.422513693460248,3.57648831226188
20,56,0.13844427053718256,0.23541889557802567,0.2505631279282388,0.5481034676736879,0.12021092546494111,0.11558555635732382,0.00213334838751734,0.0050113376893760695,1.0,0.4,0.2,109,3.400394692088042,3.4449139125879893
20,57,0.13881702761606046,0.226298785950885,0.23259177058793065,0.5612343773235731,0.12754166168838857,0.11709760979761812,0.00205309641859508,0.00496661404517028,1.0,0.4,0.2,113,3.047672114037293,3.5757848960511467
20,58,0.13271533689152087,0.20370812666495913,0.19264924323174942,0.5506075841482384,0.13998197177011681,0.10170808218366319,0.00213480051371971,0.059203732282693045,1.0,0.4,0.2,115,3.79571382064202,6.019200788157162
20,59,0.12970753630622953,0.19025927599383455,0.18532115373570118,0.5688625218410216,0.2191934121783249,0.10182315552178234,0.00215226705205085,0.05920584026664903,1.0,0.4,0.2,116,3.580243990066181,5.9602754954346935
20,60,0.1350003748301306,0.1907934586859155,0.17765961594409563,0.5639330182694056,0.12039956799098607,0.107195867685779,0.0021110502707330303,0.05904879308113938,1.0,0.4,0.2,118,3.595117113348042,5.777411951200503
20,61,0.12941429208364938,0.18977877700133294,0.1848151569032735,0.5729293875415421,0.11446580722864869,0.10157751775709127,0.00213763788597485,0.05918546135792656,1.0,0.4,0.2,119,3.536131547690799,5.96558857704829
20,62,0.12897458600066805,0.18737497045489995,0.1821447207946504,0.576615181975722,0.12104540630872747,0.10152205269966681,0.00216036330343597,0.059195921910021265,1.0,0.4,0.2,121,3.731205264515988,5.898837993753429
20,63,0.12351329064740808,0.17688267110563138,0.17097166885951753,0.5558277825508493,0.12710070408313365,0.09703672352917973,0.00246355465557234,0.05867546196052238,1.0,0.4,0.2,123,4.136976184577786,4.682382878866509
20,64,0.12336848293108856,0.17575157565568442,0.16970750882723656,0.5936304287191433,0.11317615825955103,0.09687846182616726,0.00252624964470154,0.05957278169871087,1.0,0.4,0.2,125,4.206235173053854,5.752953847311353
20,65,0.1229768302357804,0.17292054112743385,0.1740983065658715,0.5922973881332908,0.13566457213531555,0.09786057599027602,0.00259590453907549,0.05950710162895686,1.0,0.4,0.2,127,3.913894400909135,5.89704860034253
20,66,0.1392015796806073,0.16623813169499138,0.1492360654165852,0.594431913831636,0.22242935430956204,0.09594975741291968,0.038595271085345724,0.09069062680621336,1.0,0.4,0.2,128,3.848494335943081,5.703716013109839
20,67,0.13785672762931292,0.15727535148107347,0.1392636806821519,0.6199216340880368,0.1548687958074396,0.0959423966766046,0.03855759091834215,0.09066052784140484,1.0,0.4,0.2,130,4.072798951009178,5.69002763301834
20,68,0.13724225417328945,0.1598917924607919,0.1498728428371054,0.6296522496940635,0.13836136911591282,0.09559062251952756,0.03854920347056185,0.090544315636836,1.0,0.4,0.2,131,3.955939711778987,5.841057573382333
20,69,0.13379207000571644,0.15591555232274487,0.1458269297279999,0.6394037948208401,0.12753501704418746,0.09203348118703872,0.03888433656365782,0.0908609552985472,1.0,0.4,0.2,133,4.057186374207447,5.62402448371903
20,70,0.13457013890189695,0.1475383821599886,0.15138051768032657,0.6627657542583553,0.17065893401690382,0.09609628844030564,0.0384939364799052,0.09040874816770936,1.0,0.4,0.2,136,4.102944456776129,5.87324468129352
20,71,0.13282174536725513,0.13864916807849784,0.1339845942826906,0.657192792228493,0.13246305018239501,0.09431506687387849,0.039446444735729516,0.0906807073593346,1.0,0.4,0.2,140,3.876223009927146,6.094228239160543
20,72,0.13427397102075642,0.14442502414292208,0.1478984949499755,0.6755220947249604,0.13156399740606803,0.09623460765350382,0.03848597522517936,0.09048258086237092,1.0,0.4,0.2,141,3.8223679826798618,5.562346136692366
20,73,0.1327228518938532,0.1340793646552294,0.12883051209823415,0.6849926090389493,0.14280205242583965,0.09486419924538604,0.03948681465444198,0.09085793495535656,1.0,0.4,0.2,143,3.7445610485499774,5.777699508217701
20,74,0.13204353920488426,0.13556229943184467,0.13816952969168236,0.6947191178500373,0.1447344753536229,0.09458293542402556,0.03948172866261631,0.09075912360413187,1.0,0.4,0.2,144,3.867143629882394,5.91389479100512
20,75,0.13142969274735766,0.14790429020936208,0.17492399455866242,0.7381942708574005,0.12884283016057746,0.09464277577112888,0.03841315240068964,0.09017423186821608,1.0,0.4,0.2,151,4.018448239955797,5.909844841089621
20,76,0.1336228640256408,0.14074801801616277,0.15139993289631976,0.7432155766078445,0.1312678255196072,0.0964969269481698,0.039018758673804735,0.09077432899618322,1.0,0.4,0.2,152,4.19867714359458,5.669010591398851
20,77,0.13452496127404123,0.13388501788032697,0.13595080598316414,0.7482377926026961,0.14214057811447406,0.09781080063265049,0.03915166219090394,0.09085546212659332,1.0,0.4,0.2,154,3.875037855931793,5.772082394421224
20,78,0.13496002184875808,0.13586303749609535,0.14570557600428938,0.7595199021555792,0.15278802735706826,0.09878273482765096,0.03900781568187785,0.0907548187147354,1.0,0.4,0.2,155,3.927113283047485,5.708242488056591
20,79,0.132157194320366,0.1324235929585737,0.14976099604639237,0.7715991832739216,0.14204791710080533,0.0969310956503438,0.03859196523984195,0.09070079852421886,1.0,0.4,0.2,158,4.049666471480411,5.819502345967802
20,80,0.13092121457190617,0.13397280996017852,0.15924942251603086,0.772038282061635,0.1415105584487178,0.0961259558484194,0.03842552024258261,0.09020216266213456,1.0,0.4,0.2,159,3.9782408268371983,5.927339992319389
20,81,0.13061532854902563,0.13529085071135216,0.16835674831265043,0.8052895461087489,0.13946790751839963,0.09622464441526232,0.03845039542054024,0.09027877802238035,1.0,0.4,0.2,161,3.997092004143876,5.951229418589773
20,82,0.13178546347566655,0.13350891221105715,0.16619356504505828,0.8013167585821976,0.15069155219617142,0.0974419655006904,0.038807667789323555,0.09143691609667264,1.0,0.4,0.2,162,4.098689307018836,6.002879208197166
20,83,0.12959568842518626,0.12934218568749262,0.1617718518110029,0.8357387612893661,0.13150765265388784,0.09592048715374228,0.03840659766049307,0.09029529734776551,1.0,0.4,0.2,168,4.058723405006695,5.90416037180089
21,0,0.8377468909496265,0.9955722816459046,0.9850347139043129,0.2052125872697563,0.08882287865033414,0.08876494220304769,9.516092013447999e-05,9.936039616335e-05,1.0,0.4,0.2,1,19.00815239584083,29.46462435963484
21,1,0.6192727659246104,0.8891951670207721,0.8658045457718231,0.18784298714161457,0.4237954835766536,0.09607306431772836,0.00018561658144634002,0.00019995519015998997,1.0,0.4,0.2,3,13.530988360637918,21.854475246009628
21,2,0.4830969350297471,0.8015693426793951,0.7753537767542049,0.1723828093170714,0.38171075360093054,0.10085376936146899,0.0007120593168284,0.00078540664503587,1.0,0.4,0.2,5,8.842409680429867,13.766610036475091
21,3,0.4128346710265896,0.740073778458531,0.707482652982677,0.15771453219318518,0.2590411629628632,0.09573590995402198,0.0007798750583418699,0.00085979272395478,1.0,0.4,0.2,7,9.296537568351953,14.966180266703171
21,4,1.4379511072042994,1.7607717053101852,1.719785665838216,1.188483332026041,1.1351215103339072,0.9177968473451023,0.01418837264408756,1.0,1.0,0.4,0.2,8,11.068745958294556,12.710549057835404
21,5,0.34731297972669306,0.6730576066681523,0.6339222447953584,0.13643717516212994,0.409288158677202,0.08658175969488109,0.0008592022472003,0.0009527417813120101,1.0,0.4,0.2,9,7.542635558918366,14.084357101100816
21,6,0.29330047767713957,0.6092451419374152,0.5581148839324112,0.10752123537395743,0.1587254079529846,0.06125745492245068,0.00072504195913541,0.00083651383708283,1.0,0.4,0.2,11,6.954420810060324,13.380889710899057
21,7,0.293932140954196,0.6098623693069904,0.55872567057129,0.11292688558486307,0.06269684246865052,0.06198817331857236,0.0006443635214331801,0.00071816238053742,1.0,0.4,0.2,12,7.15485101882206,13.872589195039
21,8,0.26561589257723517,0.5702524360811861,0.5139093133306428,0.10915314381697909,0.33417531835905484,0.06833073495476608,0.0008169800429285101,0.0009784382691828699,1.0,0.4,0.2,13,6.572478071692983,12.139459848954491
21,9,0.25833560047661336,0.5581071339026846,0.4999966353436916,0.11362654194749218,0.11740504894733171,0.07165157442480852,0.00110246280333198,0.00127651945767293,1.0,0.4,0.2,15,4.954982699892685,12.27411735028474
21,10,0.24746482966098723,0.5319271149962324,0.46910345050648544,0.12282321064965487,0.20797532537081329,0.08713371843942234,0.00105095648848573,0.00161145679508354,1.0,0.4,0.2,17,5.258695211983265,5.039035685055912
21,11,0.2403777521321678,0.524046589456432,0.46100500876567313,0.12189476694453469,0.09294569696149806,0.081262596767581,0.00096606361572288,0.00137654831287095,1.0,0.4,0.2,18,5.179897749738847,4.97368987234958
21,12,0.22429012121872405,0.49383572011737836,0.4271085410358245,0.11801026439895161,0.2732956508607749,0.08353018104991104,0.00114138123570421,0.00171098611256131,1.0,0.4,0.2,19,5.130240570986689,5.656949939532808
21,13,0.21808123036539373,0.4842143652043151,0.41667091156960917,0.11926950145616783,0.12325974325046758,0.08121305186778054,0.00105648836294135,0.00147607763034872,1.0,0.4,0.2,20,5.060844958148054,5.831279339074687
21,14,0.2160565211340127,0.476972868953442,0.40818532376367694,0.11994503306934289,0.15025232636822458,0.08462101814582382,0.00157041875452853,0.00224827083510844,1.0,0.4,0.2,21,3.9890726001318457,5.230182676540328
21,15,0.20946115327964215,0.4638456637215518,0.39359364017883663,0.12209781434192951,0.15976135562653787,0.08461029287942612,0.0013459948863004,0.0019138946372648802,1.0,0.4,0.2,22,4.012212652980608,5.171257921844285
21,16,0.2045913435982944,0.44402090961344354,0.37060799219871277,0.11925114416581682,0.25326555086793334,0.09271656083373711,0.00129490825529054,0.0022213428394488597,1.0,0.4,0.2,23,4.291773426868649,5.741113301534822
21,17,0.18948509439980352,0.4307542667225,0.3722010104751215,0.11838921664966333,0.12223590724431037,0.08358894882722327,0.0011616512458544601,0.0016528462618493,1.0,0.4,0.2,25,4.114287856285401,5.794430646879479
21,18,0.18958978393102494,0.4256980290091467,0.36612450883360476,0.12905003095841786,0.14042986274717123,0.08758962838025042,0.0010685276346547499,0.00170127837356772,1.0,0.4,0.2,26,4.0137400823327285,6.820439937846528
21,19,0.17364077262156788,0.37566067788189167,0.30241695016831616,0.1186880976548545,0.3720585430126313,0.09072738884545196,0.00131747278748007,0.00151186818702836,1.0,0.4,0.2,27,3.2475902608056515,5.406904427309523
21,20,0.170016036566809,0.35275194476327,0.2687710131394879,0.1197795432185567,0.22620257046585987,0.09477783699932027,0.0018221855547811202,0.00211395993285378,1.0,0.4,0.2,28,2.54015641986112,4.624618182542388
21,21,0.14949985938532676,0.29634117541078286,0.213866444081897,0.10432305053419771,0.4337950016299577,0.0929956970094804,0.00145000327972895,0.0017481958431078098,1.0,0.4,0.2,29,2.9242694858327467,4.416811628469443
21,22,0.1476995884635263,0.29259816081807644,0.20981566762804268,0.1091142328543068,0.10863871709317377,0.092047983643465,0.00135450444258201,0.00158223473998165,1.0,0.4,0.2,30,2.90589775065021,4.53345681982878
21,23,0.1436678012845698,0.2741675340534096,0.18913599697483627,0.10068385730624724,0.20897985811996067,0.09324839536024136,0.0015942077040025499,0.0024603050208343103,1.0,0.4,0.2,31,2.540171483390244,4.07799983131596
21,24,0.14011250405840733,0.2661176499197463,0.1803936653837233,0.10407222961386693,0.12779549906092352,0.09137989312780403,0.0015040309359809,0.00237106329790579,1.0,0.4,0.2,32,2.445124093346058,4.124009939072702
21,25,0.13769950522288602,0.25802040126486026,0.17142734555151357,0.10460408889632149,0.1363890557608557,0.09107065860237697,0.00134551289428732,0.00220538865850454,1.0,0.4,0.2,33,2.5399758188158583,4.205375536835531
21,26,0.13478089114382574,0.25142638966906933,0.1642754613460301,0.1149879438146375,0.10459089205508855,0.08929902870962277,0.00146176098698156,0.00254615035769652,1.0,0.4,0.2,35,2.610736910015369,4.328489001348031
21,27,0.13194248035203968,0.2432223970249189,0.15526074804136955,0.1151558168681905,0.1307886996552542,0.08831830884327023,0.00137218522179182,0.00247657671655567,1.0,0.4,0.2,36,2.5354476807568496,4.403010925151559
21,28,0.13088893087118614,0.24353204065541892,0.163259739762306,0.13510639153406964,0.10163906884431005,0.08831830884327023,0.00137218522179182,0.00247657671655567,1.0,0.4,0.2,38,2.432257932501795,4.523633956346528
21,29,0.3877139950234422,0.5229586164658655,0.49098473355344957,0.5236942140464991,0.3494461538100701,0.14698437111821747,0.0020216527505682097,1.0,1.0,0.4,0.2,61,2.5385360074839016,3.623193060641453
21,30,0.33593131866964676,0.46472461572043755,0.42430149788257315,0.4838589718619792,0.30010412244018914,0.095808307469407,0.00196708776048404,1.0,1.0,0.4,0.2,65,3.2315194434361976,3.802440362804677
21,31,0.3569460381868905,0.48366419226805546,0.4429332357809339,0.504759462949034,0.3339491909385474,0.11728339040062656,0.00243809547949706,1.0,1.0,0.4,0.2,66,3.128622843743189,3.6996949898093767
21,32,0.1596645811661768,0.2815524555336877,0.23261318941946357,0.3149236422841325,0.1227931918113402,0.10503527413331304,0.00242757441535831,0.07521335264790507,1.0,0.4,0.2,67,3.072124997673825,3.646032569483087
21,33,0.15411009127367087,0.2758869689234403,0.22693128308500837,0.30936166387947617,0.11636421854921346,0.09671437038597795,0.00242726355014041,0.08921779619112076,1.0,0.4,0.2,68,3.157778357089973,3.6917192522213935
21,34,0.33995696656127006,0.47083494204102,0.4382128867029912,0.512087842764952,0.30214543813773354,0.10042128649035001,0.00246207535734067,1.0,1.0,0.4,0.2,69,3.0619772982716382,3.67277077761062
21,35,0.41068806904289545,0.5262300935412907,0.47635454892522805,0.5647073591090377,0.3893954730881747,0.1728969124825448,0.00278815952347992,1.0,1.0,0.4,0.2,72,3.1678427175442216,5.158241788676955
21,36,0.14722842135760844,0.25785307492185494,0.20725670484186315,0.3086464213013358,0.1487555927012879,0.10179004478323994,0.0030127331372992302,0.04509332193105841,1.0,0.4,0.2,73,3.4380136642801946,5.124442772860959
21,37,0.3400658431877215,0.4727910431436654,0.46293398599556385,0.530937102741307,0.30606794500805506,0.1039087442538393,0.00301287419347257,1.0,1.0,0.4,0.2,80,2.9806014441861226,4.328843905608549
21,38,0.42097931108294917,0.5310864599024677,0.4879182895777769,0.6567357185896507,0.3935166282968455,0.18569322500548308,0.0038871384928337097,1.0,1.0,0.4,0.2,85,3.091623401801301,4.111492074084236
21,39,0.13246029115770616,0.2433617072415509,0.20781551831186787,0.4099179344282851,0.10237102831901351,0.09758980022532204,0.0033235051394371004,0.00445269400300294,1.0,0.4,0.2,96,3.3603914686909016,4.265436176115035
21,40,0.13252136273158704,0.23468509280146008,0.19036733206358877,0.40808705230636083,0.11623444831388136,0.0986527952791852,0.0034261165893533204,0.00498642947213482,1.0,0.4,0.2,98,3.3799316492916938,3.943457134517127
21,41,0.47710556514443303,0.6319600167519421,0.6853708423825018,1.0158121002387206,0.44671707609228306,0.24088096628073288,0.01352255905932731,1.0,1.0,0.4,0.2,141,2.636305479095654,4.679446061934522
21,42,0.42916239774354936,0.5908881221160709,0.6603128209512801,1.0207898981919883,0.400869524768125,0.1934083204375492,0.01392101589447459,1.0,1.0,0.4,0.2,150,2.677859233786208,4.6503219408765695
21,43,0.8873054389743771,1.0502337070854775,1.1273461000701526,1.50317541264159,0.8642231885348535,0.6523972051968207,0.01407374841682885,1.0,1.0,0.4,0.2,154,2.677187350192785,4.573984310713792
21,44,0.8484555941711689,1.0146389860989855,1.0997335572751317,1.4752185290414617,0.8293268176618485,0.6139965824691258,0.013837985211596172,1.0,1.0,0.4,0.2,155,2.624274837366876,4.429543331836862
21,45,0.8524028838996578,1.018398886842346,1.103466703406612,1.4836959285149784,0.824890996128735,0.6180895665686374,0.0135969123164845,1.0,1.0,0.4,0.2,156,2.697558397999454,4.493518406662197
21,46,0.9079452760426143,1.068175095751947,1.1449023853090559,1.5436783055063583,0.8878651080287738,0.6737384202377661,0.014095523257209929,1.0,1.0,0.4,0.2,157,2.714933737574786,4.604588537445069
21,47,1.233869806628754,1.3929188223878002,1.4694779652147132,1.8967760550303163,1.2070378399161688,1.0,0.01402247421649364,1.0,1.0,0.4,0.2,163,2.7411577709806205,4.43838689917414
21,48,0.6155630378396075,0.8110018518862965,0.952895796632141,1.509804984654005,0.5875206696989073,0.3831565659082026,0.01062768243328481,1.0,1.0,0.4,0.2,189,2.848161435644564,4.696640372694561
22,0,1.0872152090605465,1.0872152090605465,1.0872152090605465,0.22974634079091216,0.0872152090605464,0.08715676318305536,9.406331604806001e-05,0.00010410275535910999,1.0,0.4,0.2,1,13.135755127030176,30.857157751522813
22,1,0.9528805657020032,1.0287693148731176,1.0242707143144052,0.20173545926655928,0.297885792786669,0.06857252751367929,7.508946508632728e-06,1.741743435047e-05,1.0,0.4,0.2,2,12.040818016900207,29.5843128399992
22,2,0.7009514487629905,0.9417719294136636,0.9226644102715935,0.21313743934829013,0.8555398044278857,0.11074602040701682,0.00018290103033948,0.00021156752954074,1.0,0.4,0.2,3,8.473889678160754,21.854475246009628
22,3,0.5165185045415042,0.8326110979686163,0.8073766611236519,0.19716440675895835,0.4881440836158064,0.12306181975253341,0.0009391919509218,0.00108639366575609,1.0,0.4,0.2,5,7.8431831687606435,16.34740496630426
22,4,0.4740445321381017,0.7948797569781444,0.7674997324723911,0.17680228570331807,0.2143119231772836,0.10448907975678186,0.00067680602489557,0.00075705926561471,1.0,0.4,0.2,6,8.004330938637068,14.542008195360449
22,5,0.43208086409490765,0.7587109362346072,0.7268528769057135,0.16915195824167942,0.3366410467743137,0.10772390998721582,0.00102863533112037,0.0011733818729621399,1.0,0.4,0.2,7,6.051532002587634,14.596565502268806
22,6,0.38205282497351917,0.7096416084435246,0.6756143363794623,0.13778096297021608,0.18903922776453805,0.07803638591211219,0.0007245668608175,0.00085290200961863,1.0,0.4,0.2,8,7.680325357879513,13.259174152275037
22,7,0.33881448869504305,0.6651431006749493,0.6268904279808702,0.1228733537575576,0.2867802724737683,0.07068177429331392,0.00111515219742666,0.00131257619898759,1.0,0.4,0.2,9,5.628903815835451,12.570822934110842
22,8,0.31587602056862424,0.6400709899300451,0.59965136453469,0.11580492311429395,0.17599666259337077,0.06503761120479802,0.0007229349489181099,0.00083801554193246,1.0,0.4,0.2,10,5.609205707695364,11.54137727341566
22,9,0.3033742532180176,0.621875587348136,0.5778129937422554,0.12364036966528481,0.2652014161806629,0.07876599959434552,0.0012082773107715,0.0014378173657977901,1.0,0.4,0.2,11,5.825347668496504,12.242858701097616
22,10,0.27493495597638623,0.5884472358160385,0.5420209426529229,0.10973281641173815,0.18757717708044716,0.06653435434810698,0.00077213102869823,0.0009141187273028701,1.0,0.4,0.2,12,5.758759900219122,11.441994343475244
22,11,0.2735185914231114,0.5828301168316893,0.534703389307059,0.11790464207821666,0.16303530114903803,0.07575129707236693,0.00104867636021355,0.00142598060372312,1.0,0.4,0.2,13,4.077868749223788,10.64687438109678
22,12,0.25405754867327535,0.5591721856966806,0.5094898740923024,0.10886223725276563,0.14628109546681997,0.06601385788145855,0.0008661943447463001,0.00101822148266198,1.0,0.4,0.2,14,3.7463425814719313,11.222512418642626
22,13,0.25690380396996476,0.556654270447592,0.5051941614417659,0.12692723648713428,0.1700039008876531,0.07893044439696127,0.0012902669128784501,0.0016598228211055,1.0,0.4,0.2,15,3.810888084261844,9.210446536437075
22,14,0.25565519553851873,0.5544446178873196,0.5026798484783692,0.13176810987702536,0.09578292434142245,0.07946887892076891,0.00120653205396165,0.0015688474673710502,1.0,0.4,0.2,16,4.069888838349693,8.944782973386621
22,15,0.2559925504981949,0.551772898778169,0.4990794856051135,0.13608289034707302,0.13314942877706587,0.08478094254710675,0.00156760301996134,0.00201803500959065,1.0,0.4,0.2,17,2.96940726592573,9.019950291530076
22,16,0.25277395046289486,0.5462473797476916,0.4928671167681246,0.14026617868477997,0.12136753346353232,0.08538516714921576,0.00148386816104454,0.0019270596558562,1.0,0.4,0.2,18,3.2801303523739787,8.884792026802835
22,17,0.2536594756687282,0.5243889326184101,0.4650403208909258,0.14899657337541716,0.4215495316475217,0.11617008146002283,0.00164937479215304,0.00246062016448708,1.0,0.4,0.2,19,3.5789121313299805,7.436884757010219
22,18,0.2374465186354782,0.49804646737577424,0.4363604004047426,0.14619411857857514,0.17123735669001594,0.11045381402303248,0.0017434381082011101,0.00256472291984619,1.0,0.4,0.2,21,2.8513283446037883,6.984396446657211
22,19,0.2258275240031616,0.4821059897072521,0.41946478777092133,0.14213300714301055,0.15286290965241195,0.10316449632759717,0.0015323930272058,0.00199189457222086,1.0,0.4,0.2,22,2.5653446427568465,7.266091219671635
22,20,0.2036353949384535,0.4200436808831524,0.3494206517558753,0.12494952043388044,0.5196103565761911,0.11147291660428119,0.00173054261753759,0.0029111440239485897,1.0,0.4,0.2,23,2.917390727431633,3.863186479782157
22,21,0.2007280089904904,0.41700556445282083,0.3536844993088203,0.1319298691007894,0.1350593989074324,0.11144682053215475,0.0018863758437104,0.00313595420442345,1.0,0.4,0.2,25,2.9629170812218315,3.5185945588881795
22,22,0.19016945746470065,0.3994377731169531,0.3348462333955399,0.13170906639943522,0.17125743113821412,0.10548187145396817,0.00150899070433056,0.00208469253093565,1.0,0.4,0.2,26,2.8625849398939485,3.917737988158854
22,23,0.19475377557079987,0.407310122484131,0.35065785663474935,0.1395070721495335,0.1238263351907229,0.1107589147830031,0.00149496460118289,0.0024852632322318003,1.0,0.4,0.2,27,2.668574405822052,3.978820783256828
22,24,0.17192586590057335,0.34966916102452844,0.27963706532007593,0.13885194549902338,0.1712417991009581,0.10378759088137639,0.00159475631010868,0.0022690736114568,1.0,0.4,0.2,31,1.9060959446025407,4.088705996566102
22,25,0.16431638295048523,0.3357541368084764,0.2721009201661726,0.14179093622615968,0.14800188840798478,0.10114107321040659,0.00162182560472942,0.0023128845379837898,1.0,0.4,0.2,33,1.819147990212325,3.9656225978157424
22,26,0.1604976087332752,0.3312392075938249,0.2674722179983586,0.14475008262461275,0.10458540783538604,0.09772542972789912,0.00148502368533107,0.0021221196224181097,1.0,0.4,0.2,34,1.81798683374852,3.985205220898177
22,27,0.16106701783631305,0.3308127578403594,0.2743151322500308,0.14888187972556116,0.14773320202387416,0.10071916420513308,0.00145308848894298,0.00211967946798749,1.0,0.4,0.2,35,1.8300269285305213,3.7857947884664185
22,28,0.16068336773346817,0.33412100386359334,0.28565148876534435,0.16918780756015608,0.10543562502486024,0.10071916420513308,0.00145308848894298,0.00211967946798749,1.0,0.4,0.2,37,1.8309998576153048,3.873458253247482
22,29,0.15976978059744562,0.3224938843195826,0.2574329321253623,0.1826142965435404,0.10393476966164951,0.1005350546267332,0.00129731630339788,0.00197879230478596,1.0,0.4,0.2,42,1.9328509559202816,3.9454113995129214
22,30,0.15169293641022713,0.31518122262436343,0.25768150091015185,0.17817951067307386,0.12619455555034592,0.09406175980409273,0.00129227376325477,0.00191278775581552,1.0,0.4,0.2,43,1.858652898650387,3.8346034483126425
22,31,0.15172151588353983,0.30472992527520126,0.23812373132268153,0.1849163760039567,0.14492121376726624,0.09646451206651478,0.00121724083104079,0.00204330798033608,1.0,0.4,0.2,44,1.767962328207977,3.4323116813715324
22,32,0.15066563504765393,0.30492012621031334,0.24596046685663822,0.19509599491458066,0.1110721603779562,0.0966922838706483,0.00126674790259424,0.0021031392959910598,1.0,0.4,0.2,46,1.793873925487701,3.357750017733011
22,33,0.1459399683796769,0.2965818361044813,0.23705616076081445,0.19800662479010353,0.1232365339731569,0.09342157908783234,0.0012354609029152299,0.00186667109855394,1.0,0.4,0.2,47,1.7426225510699709,3.440851024000424
22,34,0.14899290314806346,0.30160325237028657,0.24984322378576101,0.20857706684747343,0.10865222576000187,0.09716561915893653,0.0016760549573124402,0.00244417363377558,1.0,0.4,0.2,49,1.826164447750218,3.737301361443818
22,35,0.14798573622091132,0.29892637986334925,0.24690739277888774,0.21500458536384937,0.11114723402901444,0.09680826571507728,0.0016269535850785802,0.0024083328774193,1.0,0.4,0.2,50,1.7694984973192418,3.795143512174081
22,36,0.14470155216333594,0.31094827441279116,0.2911475223464007,0.22191835520429537,0.10797826607188694,0.09463879338676584,0.00157514669586636,0.00263043144235425,1.0,0.4,0.2,52,1.719561643948125,3.6397298141932968
22,37,0.13677567142692934,0.29557542965848305,0.27463212574094076,0.23713276243443748,0.10994690033151165,0.08933251555942004,0.00161475605428594,0.00277338552369499,1.0,0.4,0.2,55,1.7960114111484389,3.98931590554846
22,38,0.14155916967098242,0.2891772544521131,0.25905920494489193,0.294135095370979,0.1012389226193729,0.09662177145420056,0.0014555512952566499,0.00192563063002717,1.0,0.4,0.2,69,2.176959798900614,4.427951900822746
22,39,0.1378923108253249,0.2841206819552914,0.25379159543817326,0.2984003006651602,0.09985928498689765,0.09335652289930768,0.00158381622684163,0.00205056656405186,1.0,0.4,0.2,71,1.9907792484776363,5.409737922072066
22,40,0.14564713254699937,0.2955425039584857,0.27324614377941564,0.31409799860405346,0.10979528662009867,0.10138296611003653,0.0016074366663936398,0.002240023145687,1.0,0.4,0.2,72,2.2088873405886456,4.467322954900829
22,41,0.13992758934473004,0.29081319504023256,0.27615029809787534,0.3126064633988463,0.1251152161399518,0.09683787367521378,0.00163351437152464,0.00218546961637963,1.0,0.4,0.2,73,2.2009809729613705,4.978415704901877
22,42,0.1411577923420224,0.2920106608735476,0.27734295815139093,0.3178785622536811,0.09941861847912441,0.09811432292811591,0.0015779501985372702,0.0021188946079357,1.0,0.4,0.2,74,2.172657387452572,4.760147396328813
22,43,0.13832675223410898,0.2822559353440949,0.2590659697739386,0.32302811798694786,0.11484976866737848,0.09599023023182071,0.00169595522887262,0.00213690007121334,1.0,0.4,0.2,75,2.047364463563794,4.808191675524186
22,44,0.1323488760107085,0.2634957269578395,0.2309134092494156,0.32875790258119103,0.1558277048978231,0.09258281808498672,0.00168739463658082,0.00228826710326783,1.0,0.4,0.2,76,2.066104821408387,4.339212810087899
22,45,0.1341299832308771,0.2661109300271268,0.24114630485461266,0.34306454002619036,0.11082544156304819,0.09554610846814188,0.0016522115986218298,0.00223729873034333,1.0,0.4,0.2,78,1.908576035561152,3.634083913989989
22,46,0.12724622912696934,0.2531159289444755,0.21975460205999842,0.3314230720351306,0.09590728943421617,0.08899207379580529,0.00175963667915905,0.00266987930940937,1.0,0.4,0.2,80,1.9986715743515973,4.775625363880403
22,47,0.1331500612205673,0.2537332670169638,0.21959608857341167,0.3410251240355192,0.13726025437777187,0.09643281718120897,0.0018237496739914102,0.00275001280259239,1.0,0.4,0.2,81,2.1110133341945625,3.749360481064293
22,48,0.12759179374184335,0.2463923894114823,0.21199463238464966,0.3393885301505687,0.10597204456139742,0.09130674638266084,0.00195263899750605,0.00294877588540107,1.0,0.4,0.2,82,2.011727893984028,4.501397418247318
22,49,0.12937080265014284,0.24246248435551257,0.20723389838309036,0.3447899925679236,0.13843557084331337,0.09483822177430637,0.00179141932153981,0.00272607226354622,1.0,0.4,0.2,83,2.167884482274641,4.106931120205546
22,50,0.1269066134949643,0.23601617192269508,0.20021100798644334,0.3632378061927375,0.10945242505416114,0.0935160185687794,0.00178970420951893,0.00262051752631565,1.0,0.4,0.2,85,2.1119315146428503,4.440170744095337
22,51,0.12651078986753453,0.239325437324674,0.2115651446313186,0.3800653032548783,0.09790188165641049,0.09338816244138329,0.00176015957455788,0.00258321177029614,1.0,0.4,0.2,87,2.0960540337927607,4.448185614212908
22,52,0.12759301215741972,0.2389336125943377,0.2109607833541463,0.37687656494841215,0.10693411963978317,0.09480680809138582,0.00187370836714953,0.00271062629385954,1.0,0.4,0.2,88,2.145785015898418,4.343256224520168
22,53,0.12551205900206147,0.23637310771840145,0.20833044284153002,0.38307071580715474,0.09783588849293202,0.09292344897492796,0.00175922599922789,0.00264082394752891,1.0,0.4,0.2,89,2.050534131324194,4.5884364144234455
22,54,0.12059614522659076,0.23330683667117094,0.2130434233429067,0.39116688197597216,0.09998354412738106,0.08875159462169817,0.00175883485154863,0.0026437314656725603,1.0,0.4,0.2,91,2.030109481891172,4.797644828812784
22,55,0.1310652368053915,0.24413017725488026,0.23143225189153785,0.4149327507884669,0.11711895200095714,0.1001856352799811,0.00183628873539942,0.0033679799060335803,1.0,0.4,0.2,93,2.494920758786352,5.756236302558232
22,56,0.13422950474193776,0.23070251439754993,0.21565033423188226,0.41649418274048877,0.16898821233626415,0.10750832355001116,0.00194203496314755,0.00356942460753081,1.0,0.4,0.2,95,3.0388296638162835,6.425233072483671
22,57,0.11688211345878478,0.20622429653720567,0.18264209492814473,0.4069880608924186,0.11041444169301455,0.09055905249289896,0.00211648524014461,0.004324405869991469,1.0,0.4,0.2,96,2.378537564426631,6.5667474469047225
22,58,0.1315434782646799,0.22123393211936657,0.20522976220471964,0.4296942927173105,0.12314672902104731,0.1065833098624013,0.00180066711826603,0.00325939624670466,1.0,0.4,0.2,98,2.4667755800514826,6.664462748795559
22,59,0.13031226921020583,0.21941035195716022,0.20332273252696384,0.4504755309478481,0.1083218158505274,0.10543857882957881,0.0018673960977307902,0.00342081717331994,1.0,0.4,0.2,101,2.910524081979416,6.563958596551992
22,60,0.1303497223153914,0.20337564521019266,0.16998140133462297,0.4478252504760163,0.15736348858895288,0.10705485544727704,0.00186023056900076,0.0035855231974447803,1.0,0.4,0.2,102,2.734025654814761,6.486358673322407
22,61,0.13529916918073406,0.22031534504765735,0.2111924564711379,0.4860134123978544,0.12023091667088878,0.11240746612241473,0.00187955608278375,0.00359081986078156,1.0,0.4,0.2,104,2.722397730428216,6.902835524382331
22,62,0.11188276865693339,0.17129256066886422,0.12847552065446186,0.41693133124387516,0.1429353383703897,0.09050868438053485,0.0020858657541666,0.0036999715517026404,1.0,0.4,0.2,105,2.3465381042677973,7.807240052337461
22,63,0.11186822344272605,0.17579874873744053,0.14114485565243576,0.4309989371623438,0.09236259569915596,0.0905009239045766,0.0021008641004134103,0.00372317950996237,1.0,0.4,0.2,107,2.3609556311066555,7.916743398707054
22,64,0.11179623880112466,0.17978416908243766,0.1532295688981805,0.44492803442601203,0.09404051842720708,0.0905283424706576,0.00212803996203834,0.00377134093608585,1.0,0.4,0.2,109,2.37339141780768,7.937881176969231
22,65,0.11361311601837576,0.1760247230276071,0.14116131063190454,0.4491632505532244,0.10103567084611055,0.09265352479737118,0.0020445674595821898,0.00347370133538581,1.0,0.4,0.2,110,2.362896356339815,7.702599125240257
22,66,0.1130912493279364,0.17920077214683958,0.15238725475404877,0.47120280120417063,0.09542556889305254,0.09232480069334335,0.00204698196476787,0.00349282020351674,1.0,0.4,0.2,114,2.352822878981324,7.6977845470930815
22,67,0.10953911025929282,0.16611655891081775,0.13045070878793003,0.46703549040561176,0.1259266325980233,0.0897707068714614,0.0020997389196540698,0.00374177539147449,1.0,0.4,0.2,115,2.244333392248302,8.269881397632613
22,68,0.11167253252624583,0.16331481420173583,0.12697296771979147,0.46662353051795086,0.12900808350000778,0.09303734995255328,0.00204543627616006,0.00342007257960899,1.0,0.4,0.2,116,2.419670859543679,7.763186056868502
22,69,0.11067987963601067,0.16318910602489153,0.1345117844128988,0.5300803967779479,0.0969214574223908,0.09280407920273316,0.0020483688889416903,0.00350215265965365,1.0,0.4,0.2,126,2.379231779986249,7.380487805961469
22,70,0.12811869211702126,0.18341195342096508,0.17021019156630846,0.5656722365695822,0.15756108809460226,0.10951346220896441,0.00242165624995571,0.01293763260725563,1.0,0.4,0.2,127,2.66571077103497,7.57833020351817
22,71,0.1257937803725272,0.17276147350326623,0.15088077070019415,0.5653183166302136,0.12434520388699383,0.10936781827718838,0.00213159399277687,0.006331243851787979,1.0,0.4,0.2,129,2.700639060402723,6.830413735893013
22,72,0.12054913807235565,0.17458678111527703,0.16876614969504347,0.604329392943561,0.11033309892117624,0.10183182536760169,0.0031424365541983398,0.017863058488519178,1.0,0.4,0.2,133,2.630251613598351,7.86758313713829
22,73,0.12253514149565606,0.17529578039456561,0.1693026473254134,0.6044773226746465,0.11329702509355616,0.10433492995519014,0.00296332625261853,0.01688446462848545,1.0,0.4,0.2,135,2.708472452046281,7.8126141394477235
22,74,0.12754249747974117,0.19565575776760027,0.2219481925543211,0.6550309868234301,0.12495923826615359,0.1123134714566157,0.00217371306308307,0.00655539410744934,1.0,0.4,0.2,137,2.6447045571378114,6.903590292749595
22,75,0.1177297703009506,0.1797383067345372,0.19765400276319992,0.6244156913761923,0.11529389586321681,0.10279835387377809,0.0021741608214777197,0.00650869362054593,1.0,0.4,0.2,138,2.4586043274032057,6.89606973354203
22,76,0.12000695909982943,0.17953843614325454,0.19712100871261468,0.6456962038821304,0.11620893501445859,0.10554672697303677,0.0021745945711510303,0.006507665726111759,1.0,0.4,0.2,140,2.489237750565324,6.8396524881015806
22,77,0.11892803393390676,0.18294058178827968,0.20868128082172985,0.6491088654648257,0.10706687875273153,0.10449612434211035,0.00217983259022838,0.0064675722217671,1.0,0.4,0.2,142,2.5541683042345413,6.836971718037658
22,78,0.13036435400432045,0.20286310601114485,0.24485614614609072,0.7013454330791183,0.1231185115442928,0.11623539250868131,0.0020424716145172597,0.00590125000021147,1.0,0.4,0.2,143,2.655471580873278,7.295963006268769
22,79,0.11992250376749125,0.1799082353794419,0.20510858470659712,0.6585360976184678,0.13107386324219247,0.10627803288865476,0.00215574631660748,0.0063551764048798,1.0,0.4,0.2,144,2.5786576223213,6.736653962702435
22,80,0.1211679542930842,0.17547154201873705,0.19235263277322573,0.6866791215689148,0.11357188424925412,0.107589506589825,0.00226920470034973,0.006807078332844769,1.0,0.4,0.2,146,2.8737842760244217,7.604241055237881
22,81,0.12007549210141273,0.17099338574005157,0.1874215282753519,0.6941032213211933,0.1209352130941683,0.10711029505506449,0.0022642291658248,0.00686387035673198,1.0,0.4,0.2,148,2.851864424515197,7.637729464963995
22,82,0.12041554584980282,0.1727265290354553,0.19690086072384966,0.7047017424437829,0.12119880274361296,0.1080197368312881,0.00228586665018049,0.006875907610440569,1.0,0.4,0.2,150,2.835682909524866,7.586251953609892
22,83,0.12427788255340688,0.18277711699866686,0.22289847210043756,0.7339104812770147,0.12493376339993585,0.11239581731624708,0.0022422519926845502,0.0070898167126211,1.0,0.4,0.2,152,2.89993741080003,7.730265536858887
22,84,0.12456916609387757,0.18753980920604196,0.23581811575493944,0.7493241292967877,0.11545937999947813,0.11271295079173249,0.00223379176562042,0.007091352215021151,1.0,0.4,0.2,154,2.881096222542772,7.723419618276703
22,85,0.1246030682354754,0.18626644578374346,0.23437085106403413,0.7617417051920127,0.1182457847159493,0.11300413007062633,0.00224303290393238,0.00694597971042199,1.0,0.4,0.2,157,2.9322447523338155,7.828173422894652
22,86,0.12294722302381107,0.18399110733624488,0.23201310599869965,0.7986283849690358,0.11427041550730146,0.11128833887663847,0.0022759344388314897,0.007728402885416171,1.0,0.4,0.2,165,2.741291908480603,6.388697232093149
22,87,0.12115664703577227,0.1793826953100021,0.22703044647578635,0.805713103630445,0.12198246768320954,0.11001335465496147,0.00228495890719581,0.00760304331085992,1.0,0.4,0.2,167,2.836623688878294,6.417320163307831
22,88,0.12048438540709085,0.17568339393896942,0.22292976233381925,0.8201408826970505,0.12253032494957537,0.1099071079063425,0.0022920619591160303,0.00738280536418687,1.0,0.4,0.2,169,2.8856431185839955,6.5336206289706205
23,0,0.878267078246277,1.0225728440532993,1.0131821517073971,0.22493597835173115,0.10567412011912378,0.10561094170090886,9.289287557707e-05,0.00013010633992044,1.0,0.4,0.2,1,17.22176175447424,29.46462435963484
23,1,0.6400562917611576,0.921600237997568,0.9052736429676764,0.22275740851738388,0.5196423348659823,0.13340701330516394,0.0006977100152875799,0.0006475586368343701,1.0,0.4,0.2,3,10.869575795077242,14.00824980326703
23,2,0.6399732075393152,0.9217194175500965,0.9053554217126016,0.22634135833281568,0.13616487242904393,0.1338397498863077,0.0007284181683843199,0.0006760594886543599,1.0,0.4,0.2,4,10.834856662450196,13.82375249156052
23,3,0.49555728706617175,0.8122168743118703,0.7869274022823564,0.17716013192467747,0.5581936536177544,0.10325601405796128,0.0007762298974135901,0.0009069520895007401,1.0,0.4,0.2,5,7.863936726879836,16.838739860911666
23,4,0.9642409098809366,1.2781354872329256,1.2437677731569676,0.6571191262265589,0.6269814969612227,0.3725269397034937,0.024352286066337138,1.0,1.0,0.4,0.2,6,9.637536126398569,11.68619144704774
23,5,0.4028428107131857,0.730118521131388,0.6977221698286954,0.14652950982378563,0.40182332982734786,0.08398533405565378,0.0008699532800078199,0.0010392651855276902,1.0,0.4,0.2,7,8.111075256238479,15.387919859457904
23,6,0.3798915652368039,0.70822517260692,0.6735375031295793,0.1433073278021023,0.2019532117661022,0.08253185017699263,0.00062280317550396,0.00071726558149346,1.0,0.4,0.2,8,8.50386943819053,15.521510921051464
23,7,0.2952473572462952,0.6171812407338025,0.5749135801644213,0.10320293320104239,0.4436712492694504,0.05837106910186325,0.00096356094763453,0.00100994700260437,1.0,0.4,0.2,9,9.891014640997804,13.472331276950552
23,8,0.2940689971702588,0.6150747833571767,0.5721205091403068,0.10983358531039598,0.09935394301846934,0.062471588664238895,0.00071652655809819,0.00084957867752041,1.0,0.4,0.2,10,8.944443403896997,13.376994094132218
23,9,0.2780824450286771,0.5937576898090088,0.5480960017110189,0.10676783472323162,0.2033842850774782,0.06497370737717097,0.00099071315989032,0.00100115554861196,1.0,0.4,0.2,11,9.46848095269425,10.362956965419938
23,10,0.27277244381930726,0.5873842641560861,0.5412597660970939,0.11082905343047929,0.08667448434244157,0.06268825163482458,0.00100039482258041,0.00101898756404448,1.0,0.4,0.2,12,9.45186389851381,10.835005081405042
23,11,0.2588964768841966,0.5645758911297912,0.5149494652069502,0.11032752122694665,0.25060472029027686,0.07079066019480477,0.00112582063894254,0.0011651783995550301,1.0,0.4,0.2,13,6.967066180646564,11.517193896970715
23,12,0.2320078905429651,0.530337760955819,0.4782516298465896,0.10257183856699492,0.12233474830625482,0.05836490230620524,0.00108849530395073,0.00101012409159284,1.0,0.4,0.2,15,9.29469708481732,6.818664309892174
23,13,0.23554827734909223,0.5322455829910644,0.4866391134621922,0.1262759975332013,0.1119105986039146,0.07055204731177402,0.00123795973665947,0.0012879689889655301,1.0,0.4,0.2,17,5.389946977459303,10.25799344572521
23,14,0.3881759477185836,0.678319374413291,0.6239698481522947,0.2762838507595706,0.2563985805218204,0.09035207702012968,0.00080993174628648,0.6816893680260816,1.0,0.4,0.2,18,5.171082335356301,9.758222499956702
23,15,0.20803872082012528,0.49114601836687116,0.4348430940809257,0.10208407349185046,0.15818761791050487,0.05632449520878761,0.00136443093336696,0.0012808119309122398,1.0,0.4,0.2,19,8.777218268218572,6.78589676903376
23,16,0.21504601951695132,0.5003957184453105,0.4517017875863131,0.11596403936642431,0.09371130108716863,0.058762827342145066,0.01446371741293398,0.011142778980681691,1.0,0.4,0.2,20,5.906379644333796,9.185113836014786
23,17,0.20633404238935815,0.47551658781811557,0.4157796622149339,0.11128195143458915,0.21913326356251284,0.07101010803769961,0.00143825930234522,0.0015015837253237198,1.0,0.4,0.2,21,6.472824684027861,5.929487134283431
23,18,0.2101577513756548,0.48255596985039706,0.4306895798836077,0.1240017306854408,0.09148055374807036,0.06863404143144251,0.01669516860895183,0.00849918173246722,1.0,0.4,0.2,22,4.2690619296097605,7.637590376509568
23,19,0.18466911700735042,0.4286775142907314,0.3634165633710737,0.10851334963341243,0.3413049100613476,0.07294661261774227,0.00153156509501878,0.0018548287587465799,1.0,0.4,0.2,23,4.744551097965146,6.812262595656223
23,20,0.17921756620682616,0.4216353798794376,0.36329587400381963,0.11715162610297858,0.10519393442522725,0.07227906615095336,0.00170680864072057,0.00205976457147795,1.0,0.4,0.2,25,4.880873086335151,6.202269920100991
23,21,0.17562576835789778,0.41536646677035205,0.3564753044130132,0.1138898238464117,0.10134356489140159,0.07116568575150793,0.00135516096105506,0.00139474694650071,1.0,0.4,0.2,26,4.6707947530953975,6.334971403808372
23,22,0.17164438867347523,0.4118074338403022,0.3602834280052885,0.12355377525567739,0.11115679110507276,0.07005900071904994,0.00149459434359052,0.0015655310733792,1.0,0.4,0.2,27,4.774768401556536,6.172299969192494
23,23,0.16939766361900166,0.40474397779982724,0.3523068619146752,0.12834592665452124,0.11720433391628207,0.07116568575150796,0.00135516096105506,0.00139474694650071,1.0,0.4,0.2,28,4.973896276380181,6.938372289780205
23,24,0.16693128906848986,0.39255977687280935,0.33097549491081013,0.12428852810676505,0.12261048498172672,0.06346444500342137,0.01802895311689621,0.01168849987771554,1.0,0.4,0.2,29,2.890085868955054,7.02389369672245
23,25,0.17859430230236872,0.4059154975045703,0.35928086438997925,0.14700606538496133,0.16084701611361632,0.07664469341483424,0.027141159690243312,0.0102222639500631,1.0,0.4,0.2,30,4.220612026637393,6.452886291759649
23,26,0.15744375785658563,0.3756729912661562,0.32004316596821253,0.1265883895364367,0.11300310220878183,0.06170912477016257,0.01788667333488697,0.011529939013300499,1.0,0.4,0.2,31,3.075342247722985,6.774126529061622
23,27,0.14213725119573486,0.31807889335529926,0.2625842622832054,0.12258068626664347,0.4899545091131461,0.06718982486623962,0.02717835423909224,0.01026754369869637,1.0,0.4,0.2,32,3.36416993282146,5.801943876594576
23,28,0.1322875046438004,0.2948675182652962,0.2297768685442721,0.11653566732378284,0.14731610551429167,0.06547585392379607,0.014101305492490552,0.014847393310006372,1.0,0.4,0.2,33,3.933234021151533,5.451039239406812
23,29,0.13047540001877073,0.28776316784534456,0.22928089431862364,0.12773210875661561,0.11573382632662757,0.07403366493944154,0.00233231437446162,0.0063540794343292005,1.0,0.4,0.2,35,3.431242885798047,4.897787854573975
23,30,0.12426961683427656,0.27863988566686015,0.21969864762748115,0.13979869982171955,0.078972824742956,0.06989637811385795,0.00188490466592848,0.00262296798938388,1.0,0.4,0.2,38,3.387824010581137,4.816820079707621
23,31,0.1235500327787196,0.2661854306578921,0.2054193291908955,0.14952024242826767,0.1214020632667271,0.06212669813238889,0.02565824911422333,0.01240012173716685,1.0,0.4,0.2,40,3.6250551953691232,5.292067718951865
23,32,0.12148235525118549,0.2646022544180978,0.21137823218277849,0.17264821820208473,0.09036457439620536,0.06145742789911139,0.02589298485586945,0.01232650708844297,1.0,0.4,0.2,42,3.2733452731346406,5.248798289906318
23,33,0.12560058763779303,0.2665238726691827,0.212963823695412,0.15548278282279082,0.09630696823301278,0.06780014413107989,0.02191307250999438,0.01304892961861714,1.0,0.4,0.2,43,2.8722218183919983,4.206006510327685
23,34,0.12401822458428424,0.26908095038840185,0.22362470943282906,0.16100552443619423,0.0795453277632377,0.06661528222421853,0.0221269343731578,0.01144163460620564,1.0,0.4,0.2,45,3.2486024428466966,4.589324971308006
23,35,0.11825059783806724,0.2638724559337299,0.2484221364018255,0.19136159362563085,0.21514941886814762,0.0663942511468796,0.02172517947053623,0.014365501388067201,1.0,0.4,0.2,46,3.2519322248636544,4.259793634616003
23,36,0.11690004451494025,0.24371721713581138,0.19551013115830693,0.18272441253270405,0.0777464136303414,0.0652460514903204,0.02186435453698121,0.01371258205878905,1.0,0.4,0.2,49,3.235444350999632,4.290115416005203
23,37,0.11547768865126234,0.23800776548769215,0.18916363303211886,0.18493415104641656,0.10913238152208185,0.06531041162708205,0.02189559954270531,0.01296899045612172,1.0,0.4,0.2,50,3.295332336578531,4.3765650697101
23,38,0.1162295330763359,0.24084225403994725,0.1997993450942037,0.21211579964825986,0.08455565369482908,0.06673243781123256,0.02184958586863505,0.01362481378663773,1.0,0.4,0.2,53,2.944846782535945,4.129036847569146
23,39,0.11697485888936783,0.2550806647894488,0.23851519705822452,0.20486125066403701,0.08013457335125525,0.06665958163367747,0.02408166373984156,0.013701464598859351,1.0,0.4,0.2,55,2.99647271708922,4.218017627015879
23,40,0.11866929030663602,0.24260305545465125,0.20146028882544811,0.21881721215115876,0.08365436496269618,0.06843621616849806,0.02412990056786784,0.01376726579956534,1.0,0.4,0.2,56,3.000176535609074,4.259615736393501
23,41,0.11708858173359342,0.24069890044268072,0.20700513629118672,0.24834335735780413,0.09308769022793989,0.06852221242591974,0.02244275419855116,0.016273775595432742,1.0,0.4,0.2,59,2.969158788119832,4.488413844358864
23,42,0.11514126826130913,0.24189788147061012,0.21616534416229627,0.2705591929828424,0.08464200440692757,0.0678671806924391,0.021701405586953982,0.0134494494682942,1.0,0.4,0.2,61,2.857519040376714,4.318739302673387
23,43,0.12004140561568963,0.23601923021878338,0.19370675830190454,0.24717010428635788,0.09648267089211537,0.07195468097177898,0.0237473750782047,0.01577353234671068,1.0,0.4,0.2,62,3.135923494983051,3.7152946738234967
23,44,0.12004140704635728,0.24981760358547084,0.2320273796866553,0.24327753515734094,0.08460847260797091,0.07195467939890418,0.02374737408502573,0.0157735517038849,1.0,0.4,0.2,63,3.135923545945768,3.715294656716099
23,45,0.12269088437502039,0.25356577100275635,0.24343888208937672,0.24945536806568389,0.11425243087433816,0.07563650603184965,0.023695632329089868,0.01581256092028259,1.0,0.4,0.2,64,3.443297953914068,4.153187830980654
23,46,0.11968348078383914,0.24541068160754556,0.22702918993850496,0.24263737977037833,0.08752941124574443,0.07164194502003282,0.02433437178348878,0.020287258877896112,1.0,0.4,0.2,66,3.1806357332165804,3.773304925477722
23,47,0.11076591451432498,0.2305605232975265,0.20381070709518864,0.3475810623902322,0.07735585678658922,0.0613922491355489,0.02923317975806079,0.019085087723527662,1.0,0.4,0.2,88,3.863503152780511,6.311164514707487
23,48,0.14838937479323294,0.2639375730815642,0.23657237767683853,0.41355013880338204,0.14692517748370307,0.10001107190616418,0.027536177902730618,0.023492126587469568,1.0,0.4,0.2,89,4.071299574958927,6.680831775685816
23,49,0.1473899004332709,0.2525597878316087,0.2161857863646609,0.3945375721212793,0.15903665482416074,0.1002726285303415,0.02928556316246922,0.02173219983581074,1.0,0.4,0.2,90,4.03610042069445,6.317666530917293
23,50,0.1449581809520726,0.25297998460724286,0.224529679540063,0.42716751923435947,0.12698670149787855,0.0982575266664735,0.029319997463037012,0.02192324686175428,1.0,0.4,0.2,91,3.9787947979604,6.319102373467921
23,51,0.14870682484100517,0.2549781748824572,0.22627489376773172,0.4090328263691591,0.1318396013803116,0.10253956914145901,0.02930987686121172,0.02171757761696671,1.0,0.4,0.2,92,3.72512796791718,6.214586689644424
23,52,0.1463934290275695,0.25531258492487435,0.23450558996866913,0.4376409821258931,0.1306230205517926,0.10063114189923421,0.029424694469312,0.02199549145975904,1.0,0.4,0.2,93,3.680550092729829,6.4283888071436985
23,53,0.1475221309308709,0.2538795435606383,0.23270640981916832,0.42087923479715855,0.13727194352887456,0.10253956914145901,0.02930987686121172,0.0217175776169461,1.0,0.4,0.2,94,3.8613195009537833,6.605924795025843
23,54,0.14663272428338625,0.24232695779583519,0.21963962742267135,0.448022515661631,0.12902976411093592,0.10664775785085204,0.024530329942536032,0.01997113253806502,1.0,0.4,0.2,103,3.4098650600115152,6.193817649107512
23,55,0.1341613780808714,0.2187970406388519,0.2020870182952445,0.45189864071192487,0.2237445592240002,0.10038786128249208,0.022771645889322,0.01134268305131575,1.0,0.4,0.2,104,3.866944176075773,6.944731001348235
23,56,0.1341613780808714,0.2187970406388519,0.2020870182952445,0.4687035859105264,0.11176509635261206,0.10038786128249208,0.022771645889322,0.01134268305131575,1.0,0.4,0.2,108,3.866944176075774,6.944731001348235
23,57,0.14126736719571437,0.22854652319280033,0.21973822777117935,0.5552302469476292,0.12025033346559612,0.10508070606901591,0.02760722775670927,0.01600664420537744,1.0,0.4,0.2,123,3.758137534678359,7.096224540927958
23,58,0.1353617344710899,0.2308562581209399,0.23825936802510417,0.5941734599084278,0.11464199175828282,0.10098964057325802,0.025444531679753142,0.01239292251218437,1.0,0.4,0.2,130,3.653907325596364,6.35671030038889
23,59,0.13991750452811022,0.22064566564302757,0.20339106996583833,0.6000716415340487,0.11985845168602838,0.10342137688567124,0.027838100225741708,0.019380957752353357,1.0,0.4,0.2,135,3.497840842048567,5.842881861224539
23,60,0.13886840890278032,0.21910372744614628,0.20931839776359082,0.6096626902013956,0.1542313824385968,0.10351756664488301,0.027901659174857218,0.019249245645170478,1.0,0.4,0.2,136,3.634883397395516,6.111382053031395
23,61,0.1359447852255138,0.22021176500109194,0.21852205452596488,0.6704192522273528,0.11601710683747017,0.10153135206519848,0.02768599429240256,0.015628215650176032,1.0,0.4,0.2,150,4.079231987492642,6.238562672894782
23,62,0.13646410534378914,0.22430151893854827,0.23064363145678154,0.6826146714249763,0.12372935460696954,0.10234369280099265,0.02720348126456438,0.01627450046437561,1.0,0.4,0.2,151,3.973103988853981,6.491789876429976
23,63,0.1364897420238654,0.22259569265713441,0.2286988302750374,0.7382896600456023,0.11799661382663505,0.10285082971399959,0.026646678720778923,0.01689798450857897,1.0,0.4,0.2,162,3.7546111816083343,5.953251092026399
23,64,0.13662155881947827,0.22721503804920357,0.24147684545920156,0.764188860860366,0.11720305152746358,0.10264488841412285,0.02656849141698025,0.01886672999673087,1.0,0.4,0.2,167,3.789726915795343,6.034243406804116
24,0,0.937467786941391,1.0389721435038894,1.0327511886423257,0.22112777166578504,0.09402315960802529,0.09396468137118605,9.199786247818e-05,0.00010839545923987,1.0,0.4,0.2,1,11.874301005031226,29.46462435963484
24,1,0.6854706038939036,0.9525558234267457,0.9385424533009137,0.23893454381869306,0.5511885748484071,0.14391290826568284,0.00059964746273975,0.0007384935826908799,1.0,0.4,0.2,3,7.882721849194119,15.596066159332915
24,2,0.6613890218207462,0.9332578582524017,0.9184794206440697,0.2277361170748362,0.17077756434183267,0.13153299859692744,0.00035351036929042,0.00049635772877093,1.0,0.4,0.2,4,8.067373394824378,14.104580996678315
24,3,0.5386211962240581,0.8510932647457083,0.8271885984588738,0.20369029471595937,0.5955633227892584,0.12992318486703539,0.00069164532521794,0.0008468890419307601,1.0,0.4,0.2,5,6.001397739301588,14.71018862275533
24,4,0.5026812897782673,0.8180613265881005,0.7931839008596908,0.18406964588513713,0.15646009149362436,0.10561193504731241,0.00054410273414545,0.00058334846723328,1.0,0.4,0.2,6,5.885579053993379,15.23776510175114
24,5,0.4327179855222562,0.7583360639707769,0.7278855965182524,0.1598406267987635,0.37996780754957593,0.09486078668572212,0.00109653966686411,0.00119568244980803,1.0,0.4,0.2,7,5.504899801243582,14.482204117338636
24,6,0.4092484942392952,0.7364397160001317,0.7042113322388343,0.15584075430425978,0.18047070173940336,0.08899468009782865,0.0006276723992192,0.0006507817621912899,1.0,0.4,0.2,8,4.937556305925666,13.5888011972302
24,7,0.3738777304040256,0.7006396937561843,0.6630144469077177,0.15437050617501896,0.37469331974308484,0.10081888809493378,0.00081043978991384,0.00095955117275019,1.0,0.4,0.2,9,5.771814019386902,11.11076611957936
24,8,0.3433943196019695,0.6683100110538256,0.6283826338746588,0.14093217933780297,0.20777113963589963,0.08893867588437537,0.00071489280405492,0.00076004559055131,1.0,0.4,0.2,10,5.338516313118137,11.554289787393904
24,9,0.31358524250324044,0.6304373290229912,0.5855433342362251,0.13749155794853846,0.347578251303846,0.09488228496734696,0.00089920385990558,0.00107132334603762,1.0,0.4,0.2,11,6.618622621005724,10.521931956578747
24,10,0.28082565803890897,0.5911192990254225,0.5433350092348354,0.12404025222989223,0.22985463443795523,0.08121955636274962,0.0008036568740466601,0.00087181776383875,1.0,0.4,0.2,12,6.338014329015894,11.203563400515272
24,11,0.28207949129054943,0.5844875117310403,0.5338966365681591,0.13525387065987132,0.24216778814725828,0.0993119845082738,0.0009499791647576101,0.00113698241399466,1.0,0.4,0.2,13,5.49122591363388,11.133792419934291
24,12,0.2807510008147469,0.582805137998849,0.5320964801132125,0.13901146194340175,0.10528380185457023,0.09872362172338264,0.0008707992971408399,0.00103771543567311,1.0,0.4,0.2,14,5.56001901819191,10.921312475273751
24,13,0.2447999363224664,0.5399600914514211,0.4870628746981175,0.11731398199120144,0.18790831745388367,0.07507536603803806,0.00117447278655032,0.0012872490388666099,1.0,0.4,0.2,15,6.251273432727338,10.544178703582384
24,14,0.26428451118238044,0.5560848327039691,0.5022185392918133,0.13858458694071152,0.14935737429244492,0.09977132445265192,0.0011467928845754001,0.00136290181339274,1.0,0.4,0.2,16,5.026773631456135,11.13765098966996
24,15,0.24626835018733556,0.5249909245973412,0.46760510775235126,0.13090817305464256,0.27996093495903723,0.09977916774254848,0.00108695118194245,0.00170309864068786,1.0,0.4,0.2,17,5.0479589096715,8.254963823000272
24,16,0.2439929107946996,0.5224265067107269,0.4649674967941238,0.13399136972102063,0.10236559886958721,0.09799098439375228,0.00088423199619072,0.0014627612782345798,1.0,0.4,0.2,18,4.851577946526968,7.475125080402178
24,17,0.19768243801780072,0.45316066904957397,0.39034431238393674,0.10257404355665317,0.3499028604996379,0.07594759056951031,0.00125473718716339,0.00165394255296735,1.0,0.4,0.2,19,5.548202124954503,7.520057959789218
24,18,0.19538577265912352,0.4471162267121653,0.38349164970145455,0.11032227202582798,0.11914468513178629,0.07718384662596228,0.00110517022191983,0.00131159910108901,1.0,0.4,0.2,20,5.27099184209424,7.738624484977451
24,19,0.1912323169548446,0.40695712773363263,0.33620700985390295,0.11283397517431788,0.4639401698911724,0.09966979432575096,0.00172335303682874,0.00213627516083402,1.0,0.4,0.2,21,3.140712324158496,3.588390861515859
24,20,0.18849134587933308,0.3962158557645306,0.323986583765194,0.11991679541696099,0.17971660243568474,0.10214035408068908,0.0015396422417064798,0.00188868795067123,1.0,0.4,0.2,22,3.699962636472119,5.367813317432116
24,21,0.17728171621856362,0.3806068703782053,0.30760012837552947,0.10974324861816831,0.13286127499213915,0.09323025925426057,0.00181244116692614,0.00224911824496148,1.0,0.4,0.2,23,2.3547693530818665,4.695272442640634
24,22,0.17025522184126768,0.36013685368477766,0.2847683963639622,0.11021049948424952,0.21521788111091586,0.09371173041224132,0.0017332612993093699,0.00214985126663992,1.0,0.4,0.2,24,2.336804903593032,4.2944514201211295
24,23,0.1490919465706725,0.32352597087666335,0.24553521304846485,0.08749677938595032,0.21513097509827503,0.08048749740626922,0.00139755878556091,0.00191874650214956,1.0,0.4,0.2,25,2.5517372551689066,4.2467193612207845
24,24,0.14082538613738177,0.3069842426680374,0.22762276860532862,0.0858737371836791,0.14701621525752628,0.07626222227015247,0.00117954876807508,0.00142040310035958,1.0,0.4,0.2,26,2.5298943736088733,4.43856053081408
24,25,0.13978533684506764,0.30830147707821487,0.23674852767023716,0.09434559541703268,0.086190270852086,0.07621923601599141,0.00117227619843061,0.00141224145401696,1.0,0.4,0.2,28,2.50872448679838,4.537080027434271
24,26,0.14027953480255367,0.30879682303007483,0.237242255177833,0.10127253093478954,0.07778255114931204,0.07667859171872218,0.00125402576707332,0.0015037884591667199,1.0,0.4,0.2,29,2.511473227863365,4.346387315907043
24,27,0.13737814881369276,0.3040825069590114,0.23966112303181142,0.11798056449805287,0.13035490182456094,0.07651033294096418,0.00135510490624713,0.00163249524330145,1.0,0.4,0.2,30,2.485292734710599,4.194565519179175
24,28,0.13438862457570347,0.2914606675498038,0.22549734067338886,0.10228703025950028,0.15694635888865652,0.07758417926308435,0.00129753215351498,0.00149397855752512,1.0,0.4,0.2,31,2.0795607721275866,4.045832298639677
24,29,0.13422869744254926,0.29120869246545233,0.2252302009811563,0.10544222021488811,0.07912596247769885,0.077537105637281,0.00118665323577502,0.00136217042111224,1.0,0.4,0.2,32,2.1333369714766834,4.32140252228707
24,30,0.13366844367636382,0.2849144602798287,0.2180308477216619,0.10821283186944923,0.12601588686084972,0.07914093894688726,0.00135610423866748,0.0015816810363008301,1.0,0.4,0.2,33,2.173567179613219,3.946955768959744
24,31,0.12911513318354348,0.27554958591769146,0.20791200045038344,0.11632849693323934,0.11574466245718372,0.07643009739765201,0.00138129911091461,0.0016201051169732299,1.0,0.4,0.2,34,2.178706610439907,4.249377320455212
24,32,0.1282876853789768,0.2742983805113543,0.2065943358323736,0.11907815509340414,0.08006923428846623,0.07583686727519542,0.00127177146723847,0.00148816137095767,1.0,0.4,0.2,35,2.185538075331476,4.4968193066321565
24,33,0.1276243413621155,0.27164159055284903,0.20362716147870466,0.12197373691589836,0.09256023585418527,0.0759314814898402,0.00126531264440602,0.00148116060234878,1.0,0.4,0.2,36,2.23111310362778,4.390474116140798
24,34,0.12749748364605712,0.27600450849355157,0.216147698052199,0.1283797611524195,0.07740654359705743,0.07583686727519542,0.00127177146723847,0.00148816137095767,1.0,0.4,0.2,37,2.1862660258717583,4.589501753658452
24,35,0.15115148285880387,0.31267422746390916,0.27721798816088883,0.20248103764674247,0.10162411068761192,0.08706993678200152,0.0039581448165331,0.059688020748485594,1.0,0.4,0.2,43,3.285509714375616,4.901387352520216
24,36,0.14837806794054614,0.3135936447265136,0.28616995753962177,0.24957803492731412,0.09889436489047244,0.08459439538569688,0.0040544932834384,0.05973237698276081,1.0,0.4,0.2,53,3.104441576839115,4.60614462583099
24,37,0.14975904586103356,0.3253269182464543,0.32189323147677407,0.2898379912771091,0.1278332656969605,0.0872632109421521,0.004023732022299839,0.05967535490727436,1.0,0.4,0.2,54,3.196026134760442,4.566297309812186
24,38,0.1487041030301954,0.31454629912294907,0.30215041403891013,0.2892507907745783,0.1216966129726262,0.08805324862179818,0.00402007750637261,0.059697016114283866,1.0,0.4,0.2,56,3.3891527668175185,4.533856963085132
24,39,0.15069522775726443,0.30566234995638897,0.284135633470012,0.2751976544943193,0.13016666568199906,0.09217156738857755,0.00421625268049746,0.059625886306143905,1.0,0.4,0.2,58,2.301022933724904,3.967943972239619
24,40,0.14497676505841783,0.29609288836096587,0.2814645781192837,0.2691500933762564,0.13540620882910348,0.0868192828976157,0.00460511502973647,0.07120371799721115,1.0,0.4,0.2,60,2.5228752829404004,3.7480317360761872
24,41,0.14744726604499722,0.2971498697260342,0.2823094894774122,0.28369043049839454,0.11125348417055825,0.08968107054515621,0.00424617723285885,0.07228372245581895,1.0,0.4,0.2,62,2.8322781402769808,4.108832812024947
24,42,0.14149252230555265,0.2814021411502086,0.25761216411475546,0.28530621889383456,0.14105732200944435,0.0851946261603137,0.00463121512794653,0.07251831747964019,1.0,0.4,0.2,63,2.314790921075057,3.951880928697809
24,43,0.14136599446808198,0.27463320192524504,0.24985846753017038,0.29300505322739717,0.1285975779116649,0.08716069925779582,0.004594187362924921,0.07249340617928614,1.0,0.4,0.2,65,2.285144298927214,3.834185435468095
24,44,0.13999993801125238,0.2821693134697559,0.27369759052478604,0.29983995554480464,0.10349364229721059,0.08693865966794108,0.00434337956262502,0.06778823887995657,1.0,0.4,0.2,67,2.324301722418056,3.6182910405774393
24,45,0.1383049777038615,0.26892856838086104,0.2512626356342026,0.28963730683366445,0.1285281205739777,0.08612055872434601,0.004977143990538,0.07254382625839907,1.0,0.4,0.2,69,2.3706687097265564,3.971678428412869
24,46,0.1366613276296392,0.2626368468229206,0.24429211269968107,0.3039125774829846,0.11962882681784062,0.085834346067541,0.00497929839618851,0.07254677346060108,1.0,0.4,0.2,71,2.357792380528532,3.9741071571109385
24,47,0.13659078669236796,0.26194941226411506,0.2435148878118805,0.3077404535918119,0.10699668235985868,0.08594189956373446,0.0049776782959908795,0.07254527741532671,1.0,0.4,0.2,72,2.341704788424441,4.059210420325539
24,48,0.13553637765820475,0.25376038475085644,0.22678311924818986,0.3107511222139918,0.12092873196947222,0.0856109735994041,0.0049837032898444895,0.07255279268784988,1.0,0.4,0.2,73,2.385220743452774,4.060512836321537
24,49,0.13372566647782277,0.2549964989440211,0.24347730084166502,0.32480505787865255,0.14739027536532465,0.08519142616463037,0.0057822186487326305,0.07262571919229628,1.0,0.4,0.2,74,2.436226633240885,4.035710963843849
24,50,0.13117312896291797,0.24901594615591138,0.23700312417463448,0.3303697877896833,0.1255727240250586,0.08458618607381875,0.00558135017725031,0.06798876936372324,1.0,0.4,0.2,75,2.4147085992435025,4.0102928831398685
24,51,0.13505635483128517,0.24961268228050149,0.23712836278555832,0.3423702564702687,0.11720151355089228,0.08915753000497526,0.00589765138538414,0.06834687643571001,1.0,0.4,0.2,77,2.4212328934484924,3.801304863955126
24,52,0.13408000591697788,0.24572601166150276,0.24034395152794813,0.3532498632969976,0.12439597694600038,0.08974740387380374,0.00461178439616913,0.07296102952186709,1.0,0.4,0.2,80,2.393104286720828,3.8410581518151385
24,53,0.13944679528859477,0.25528110849083957,0.2580147403365393,0.39682521551392347,0.11202897434525273,0.09344623031326685,0.00489733598986982,0.08125950278641456,1.0,0.4,0.2,88,2.230275650676494,3.887293591171054
24,54,0.13920976939331597,0.2532800960132956,0.25576318360036693,0.40066922615378275,0.12464313901403037,0.09366351895551772,0.00490005605197692,0.08124712528651881,1.0,0.4,0.2,89,2.380154782881258,3.732572118302686
24,55,0.13812920327553513,0.2536699175471874,0.26388362590449255,0.43843139797756053,0.12288646666536725,0.0957316771566892,0.00441417626227239,0.07044687844180629,1.0,0.4,0.2,91,2.061891486099777,3.811284275781968
24,56,0.13591771403118452,0.24805569287935064,0.2577887644979815,0.4445621448503804,0.12247630830899346,0.09436482647518815,0.00442633039437694,0.07045334702029873,1.0,0.4,0.2,93,2.068018968743532,3.757707833748432
24,57,0.13495775937031781,0.24559890472390014,0.2551211457565522,0.44779276969647175,0.12039506697896304,0.0937520479636664,0.00433363301170662,0.07075397178697368,1.0,0.4,0.2,94,2.1616200251038804,3.944121844159139
24,58,0.13503678861061763,0.2538629899673164,0.27959047223421457,0.49182836654547674,0.11141918022266303,0.09437913750593405,0.00436203481561578,0.06920256467853388,1.0,0.4,0.2,99,2.091224390480779,3.822809374503805
24,59,0.1364343711485873,0.2428437372994343,0.25177101210031966,0.47053537331894435,0.12366884774412346,0.09562105092120332,0.006790186053250789,0.06904112602930074,1.0,0.4,0.2,101,2.5772815647949874,4.229101636886704
24,60,0.13287381551876581,0.2482100348562723,0.27344725397389125,0.4985454761201427,0.10913652158496827,0.09238742311097126,0.00612113623307795,0.06907286339923108,1.0,0.4,0.2,105,2.4194087781104283,4.234319416417787
24,61,0.13197457577463179,0.23940709550709804,0.25600750180342186,0.48843406501670333,0.13213693693381068,0.09242448108250312,0.00594251856837269,0.06870654825886634,1.0,0.4,0.2,106,2.6000092361751186,4.13142801628272
24,62,0.13150966716083498,0.22697644084557533,0.24191141895140425,0.5135866014302471,0.13916721892021452,0.0947591351895623,0.00591432316581194,0.06862484179400687,1.0,0.4,0.2,109,2.568806230553868,4.059478151921511
24,63,0.13245037135665289,0.23250641376196735,0.25561401492628866,0.5507672042716651,0.11180890398606835,0.09569699445435877,0.00591459876501833,0.06864652608099392,1.0,0.4,0.2,112,2.560533509689127,4.103295160970223
24,64,0.13201606447131775,0.2349406553001187,0.2659830383481635,0.5685731805577178,0.12389845135166538,0.0956284108812276,0.00596627163819686,0.06864840056269447,1.0,0.4,0.2,113,2.526497686866759,3.989445398270691
24,65,0.12388808764687564,0.2228397909794979,0.25333374946746773,0.549959907577623,0.11847679249111943,0.08848998180513643,0.00518393402460298,0.06966848219513093,1.0,0.4,0.2,115,2.355638206923776,3.446257563163824
24,66,0.12461855499939642,0.22167983875375583,0.25945574790683884,0.5409456923073586,0.12937606977354543,0.0905752270573236,0.00521429665599925,0.06986334483431009,1.0,0.4,0.2,117,2.404273510379228,3.67877413371392
24,67,0.18894018217681663,0.317161387130481,0.412013532746793,0.6701291247395595,0.1719044772024101,0.09857156065642808,0.00630155326414686,0.3504243308701425,1.0,0.4,0.2,127,2.6979050564578024,4.10578166460024
24,68,0.12947522011003648,0.22282702286137446,0.26009484788220133,0.6044297719917466,0.11848042757862054,0.09599903846249834,0.00616993867254396,0.06904440582963849,1.0,0.4,0.2,130,2.855947327016912,3.60834477842226
24,69,0.12733859527865612,0.22528141564928264,0.2707222840102144,0.650122475891159,0.11020331261418109,0.09379303542900565,0.006342914211815311,0.06905473196013628,1.0,0.4,0.2,131,2.6712919154454267,3.714527188416095
24,70,0.12930274861740576,0.22175595177105323,0.25890090342167116,0.6131583695533898,0.1184907508615643,0.09601532872055027,0.0061687296203317,0.06904527353038194,1.0,0.4,0.2,132,2.8359998083803184,3.626007476502099
24,71,0.14694061262473473,0.23875062173091205,0.2758076871922666,0.6307120828502599,0.13454307383650624,0.11187141375855802,0.00617442842522901,0.07861489144772535,1.0,0.4,0.2,133,2.5175250974813945,3.966838418928328
24,72,0.14609371703494092,0.23759899125647485,0.27461442650479084,0.6388429631198569,0.13140270853672958,0.11108193972330871,0.00618395106731111,0.07862664349262635,1.0,0.4,0.2,134,2.5532464549471667,3.9461763497319193
24,73,0.12306076525957768,0.22017981725168745,0.27305457715796044,0.6820999817973298,0.11944989201007847,0.0897213958210627,0.00818720378577328,0.06996606266020886,1.0,0.4,0.2,136,2.7473745865562265,3.3746920128643705
24,74,0.12376439074120651,0.22086614946151012,0.2812873030545949,0.6875903126141136,0.12463142900314578,0.09145045838948286,0.008116921415053099,0.06967132705530617,1.0,0.4,0.2,138,2.7568273553636304,3.2880550680487426
24,75,0.1276526647223249,0.21471243359907308,0.2586709101406029,0.661040837596779,0.1156054392182787,0.09631376535678726,0.00615175744007608,0.06957335063724929,1.0,0.4,0.2,140,2.7366657792218105,3.5464333495571765
24,76,0.14524306501187717,0.22654882979188348,0.26217677565421454,0.6875675198407403,0.13849042514650847,0.11212332050894609,0.006557568765569589,0.07882054773864397,1.0,0.4,0.2,141,2.6779992842905163,3.593795663075944
24,77,0.14410632163873777,0.21728757034509646,0.25181726500069535,0.6749403961183966,0.15895681358988037,0.11261806485117812,0.00642884249878691,0.07888859047866958,1.0,0.4,0.2,143,2.7318619223449763,3.617072608090005
24,78,0.14375746762565308,0.22126951138445522,0.2639370937554421,0.689460563784344,0.1315933726648979,0.11231929792348952,0.006431418367948501,0.0788919512052472,1.0,0.4,0.2,145,2.717308777410659,3.630087577441031
24,79,0.14271833470369755,0.2171769149133445,0.25943336507294573,0.7578885439443976,0.13283473781330354,0.11168953800764606,0.00667539631921296,0.0792785685323953,1.0,0.4,0.2,153,2.864027706401693,3.5416365855401115
24,80,0.13821180028971142,0.21138530850337844,0.2610260970620933,0.7831178507183802,0.1348659663780617,0.10827606421251106,0.00667388673004064,0.07934189145881695,1.0,0.4,0.2,158,2.595771313230652,4.110211535860159
24,81,0.1387675806990898,0.21554205664617299,0.2732231823402602,0.8034787720183963,0.12982678698636194,0.10870762713026412,0.006782887307142429,0.08066923651755131,1.0,0.4,0.2,161,2.58893609098806,4.08446018971114
24,82,0.13966711672463886,0.21254251247652658,0.2697022720966938,0.813180877751786,0.14245633295592036,0.11065326134815316,0.00668187751218717,0.079213533913447,1.0,0.4,0.2,163,2.582461601272116,4.125286894422698
24,83,0.5364953879354661,0.6113214771389793,0.6763019087856201,1.2612074705588006,0.5284776973318562,0.11063355484777844,1.0,0.0792116957773272,1.0,0.4,0.2,172,2.630392307304852,4.107656605931741
24,84,0.5346922996167673,0.6047618833262425,0.6615472261781552,1.266918834446702,0.5257685076836127,0.10885499161584682,1.0,0.07923023298319068,1.0,0.4,0.2,173,2.637760448223994,4.097366265388194
24,85,0.5357032338217204,0.61108616377138,0.6837023434568491,1.2849609222313119,0.5395907596064863,0.11056271425717197,1.0,0.07920976118532304,1.0,0.4,0.2,175,2.659791410033032,4.179306505556975
24,86,0.4023945317306965,0.4818655604577182,0.5625877058111324,1.1638903450158484,0.3949185832869318,0.19055953856007962,0.00656684751895671,1.0,1.0,0.4,0.2,177,2.741472518189516,4.234064501805214
24,87,0.7987241440111208,0.8847995420713632,0.9815252670166106,1.628411702986677,0.79172835350438,0.1899713907771832,1.0,1.0,1.0,0.4,0.2,187,2.768840910039524,4.339455492928042
24,88,0.797265283029523,0.8831881843718503,0.9798937234160956,1.6413877550501905,0.7890550749357232,0.18853913791562044,1.0,1.0,1.0,0.4,0.2,189,2.815047658330258,4.329013420771197
24,89,0.7998976734843222,0.8841809129797196,0.9806687769488571,1.6373329070060396,0.8025427507887937,0.19145668207428143,1.0,1.0,1.0,0.4,0.2,190,2.9658588586218286,4.251872522131749
24,90,0.7985115198188479,0.8805756048834641,0.9767695231717193,1.6420330555204428,0.8054432706654324,0.1904535174249996,1.0,1.0,1.0,0.4,0.2,191,2.8798277313915914,4.180872876172567
24,91,0.7980000223637633,0.876469740968798,0.9721882906990065,1.650593863507819,0.802672515069208,0.1905550030127912,1.0,1.0,1.0,0.4,0.2,193,2.8246157580599927,4.239126927063996
25,0,1.0236129959360711,1.0683047865734139,1.0657559582436962,0.2270727820429097,0.09086034591880528,0.09080667014205296,8.651043417612e-05,9.535801540937e-05,1.0,0.4,0.2,1,17.491147031353158,29.989688128597244
25,1,0.8967587577582112,1.0069446473317922,1.0001083933506576,0.19480503288700773,0.2860001187547263,0.0674346408947422,7.602109699423106e-06,1.70722336888e-05,1.0,0.4,0.2,2,16.190673546267874,29.5843128399992
25,2,0.7269003269706228,1.015363134560818,0.9975830995923808,0.3257289728312252,1.2148837790265608,0.2399600858509689,0.00065959890858188,0.0010836090907693102,1.0,0.4,0.2,3,11.601867864528828,15.22675929275664
25,3,0.6913119974819197,0.98170603634759,0.9635318660776058,0.29780833018677716,0.2303611906031296,0.20998071713008631,0.00035325657771688,0.00074580423962248,1.0,0.4,0.2,4,11.728364271351367,14.118754074058243
25,4,0.5801226416115902,0.8990174428043098,0.8725870745202424,0.26769828279838437,0.6214957614306343,0.20014512614947438,0.0006930005390442,0.00111271081146919,1.0,0.4,0.2,5,8.184736820051063,14.726808637926435
25,5,0.5560300923553106,0.8751736693637615,0.8486278972981559,0.24807595121499074,0.1837058904651636,0.17754235698076948,0.00035762416482469,0.00068489518237236,1.0,0.4,0.2,6,8.227303776499507,14.364547581722908
25,6,0.48070883051609853,0.8083259216438068,0.7741061759040644,0.2338005843223138,0.5700540623113881,0.17832870667131434,0.00077802710677057,0.00121973991893107,1.0,0.4,0.2,7,7.787915934993984,13.278033113637486
25,7,0.40147883733219725,0.7260690987095633,0.6859942536649486,0.1953993526194032,0.29766914889434887,0.14782583623491918,0.0008707538056975699,0.0013334960977971501,1.0,0.4,0.2,9,7.037112359922021,15.073118922121608
25,8,0.32986165784641974,0.6476115381443182,0.6031634563259665,0.15182553203844995,0.2201451784713699,0.10800819019522805,0.00096297503845869,0.0014521863157076801,1.0,0.4,0.2,11,4.930541310973925,12.203213880231626
25,9,0.2825173628881103,0.5946023212891844,0.5538536408866676,0.13488524368366436,0.2059745081716877,0.0899331094984677,0.00108891787529505,0.00153231133548765,1.0,0.4,0.2,13,8.916017981320776,7.007090440575482
25,10,0.26965479630105554,0.581235716669197,0.5403530774125155,0.12235944722351638,0.08418943139508699,0.07804037100970221,0.000728565463925,0.0008112695982259201,1.0,0.4,0.2,14,9.353242114839787,7.012168585209482
25,11,0.24208820667210235,0.5332436991989253,0.48602818259173575,0.12089015580500952,0.41008592587525294,0.08575024910621286,0.00116698958495207,0.0016341817666455799,1.0,0.4,0.2,15,6.669999161179997,5.071431871557321
25,12,0.22954692994370235,0.5188595378641594,0.4712040535886117,0.11426780404585796,0.09640962334159582,0.07560016164491133,0.0005552970525491299,0.00114800487603745,1.0,0.4,0.2,16,6.806227352820187,5.603366054509056
25,13,0.2598932885271264,0.5176821708956315,0.46254595950269206,0.16191084681042692,0.5223717408047891,0.14012059016345876,0.00122587377398068,0.00232003715191837,1.0,0.4,0.2,17,5.428697190001434,4.689546920842605
25,14,0.22791789005838547,0.4707090921848889,0.41246047074459846,0.14318525404312235,0.2009622514936953,0.1206284071152374,0.00131860047290767,0.00243379333078444,1.0,0.4,0.2,19,4.099561418132256,5.871546381101801
25,15,0.17262246572068346,0.4081825777479793,0.34850251309858854,0.09845883016479716,0.10827997815313205,0.07126906189805093,0.00064308430660349,0.00128836681007009,1.0,0.4,0.2,21,4.246027293711912,5.258220133704292
25,16,0.15410384626977347,0.3488726071082612,0.28172833498293764,0.08998732052027299,0.4589860124621013,0.0778456091809608,0.00080412756009121,0.0018024504128144301,1.0,0.4,0.2,22,3.896424174486112,5.996810925465169
25,17,0.15460945672259768,0.35381029230201344,0.29481125196746194,0.10872139198964201,0.07985977883629905,0.07846106811986606,0.00078517580559933,0.00173432177311524,1.0,0.4,0.2,24,3.934633230457449,6.143206038290339
25,18,0.15006919584269357,0.34506264359599614,0.28534023205160863,0.1080735829914482,0.11365435344928326,0.07616368696613317,0.00071872523169291,0.0016266640142988801,1.0,0.4,0.2,25,4.081203255763904,6.674725835610611
25,19,0.14979606960199665,0.33546340097611627,0.28156850846920156,0.11472262846358823,0.20294823303315668,0.08272086454425828,0.00072378579580536,0.00165900912836973,1.0,0.4,0.2,26,4.43993136268495,5.346766202124327
25,20,0.14130948884730515,0.29956294520692145,0.2337880591239987,0.11904522223431716,0.11632163533187359,0.083721325733852,0.00171183075483456,0.00215339827861293,1.0,0.4,0.2,32,2.9247722447942315,5.342537382698092
25,21,0.13572124302952904,0.27532586758270383,0.21409395461393274,0.1233409064169351,0.1806748844711104,0.0870533570100239,0.00165492745626698,0.00208358988594041,1.0,0.4,0.2,34,3.165505898537941,4.671138917244251
25,22,0.13562434191914097,0.2789288057456799,0.225733069033365,0.14409487014669556,0.09011415367451071,0.08729712013993902,0.00161537884945681,0.00206501777310437,1.0,0.4,0.2,38,3.1335360878012817,4.807632114804237
25,23,0.13248557635790686,0.2740762970630411,0.2206182865350726,0.14091195641656198,0.09919460417019578,0.08482114685594352,0.00152460072999789,0.00196956768009962,1.0,0.4,0.2,39,3.0159534483015946,4.741614360676852
25,24,0.13312303905699394,0.2733253267227267,0.21965531885340578,0.1486619815200805,0.0977594523486332,0.08590225753739814,0.0016148050888987998,0.00201105411260766,1.0,0.4,0.2,40,3.0833304579521346,4.508661391342543
25,25,0.13660136342874024,0.28514982244533926,0.2476979355994838,0.20311737969159546,0.09183118156394945,0.0899232918436094,0.00117529438332807,0.00166599251640097,1.0,0.4,0.2,46,3.084958963580468,4.292669405418834
25,26,0.1377658354018595,0.27676989069626334,0.23039298503563577,0.18922396109169423,0.13187440885309937,0.09275772023867472,0.00123223463814327,0.0017074398017864,1.0,0.4,0.2,47,3.3895843806929795,4.757419529283439
25,27,0.13673982982052507,0.27932192386077764,0.240964404815045,0.19919678632096785,0.09685726556514582,0.0920873498295846,0.00121942556335755,0.00168704022327582,1.0,0.4,0.2,49,3.283058072005934,4.884453196253801
25,28,0.1363643323467516,0.2833419523358486,0.2531277873650066,0.20993418738787523,0.09338430467785122,0.09177711410558648,0.0012263292938294,0.00168809980327143,1.0,0.4,0.2,51,3.304767572387345,4.835673020457591
25,29,0.13631682045946003,0.28775290024539624,0.2656914482268421,0.23643103582431466,0.09314786663536972,0.09177711410558645,0.0012263292938294,0.00168809980327143,1.0,0.4,0.2,53,3.304649613153428,4.733307489406402
25,30,0.13737306905828284,0.28292067218426836,0.2524901689930894,0.23340431540029438,0.09743240230027247,0.09294094923629212,0.0018357898968942299,0.00211434150830606,1.0,0.4,0.2,56,3.520916043604836,4.813817659006723
25,31,0.13474662169730223,0.2936658126689342,0.28769354740750963,0.2503299896045049,0.09482703483118347,0.09047602635103252,0.0017921902129619,0.00209325365430663,1.0,0.4,0.2,57,3.359002018452004,4.9192838283656455
25,32,0.14998357528877765,0.29090680998352014,0.2672677482484819,0.2658089613659165,0.13212840554830482,0.10820250150576524,0.0019760468203712097,0.00363794848814735,1.0,0.4,0.2,60,3.445949368750438,4.162044841166531
25,33,0.1475371560493073,0.28372402845958267,0.2593809168789841,0.26747090606657753,0.12671512557059797,0.10722798946311285,0.00203693223345473,0.00362377235093223,1.0,0.4,0.2,62,3.5727820997601105,4.358278254239455
25,34,0.14705243830428433,0.2725542160873251,0.24663780677848263,0.27428653931842095,0.15160201579433247,0.11008289348832687,0.00193417007223677,0.0033186840098157,1.0,0.4,0.2,64,4.106327679454603,3.3544469348860138
25,35,0.13332472633420442,0.2413763091225936,0.21293023511647677,0.25912921798473754,0.16721094714774062,0.10132795327173978,0.0017964998720211602,0.0034130470844328602,1.0,0.4,0.2,66,3.637493669008317,3.074261733637943
25,36,0.13252374903925834,0.24309485358953262,0.22252434560233234,0.2659970971308522,0.11008775703668897,0.10108757731790766,0.00179590141865169,0.0034138748142636803,1.0,0.4,0.2,68,3.633884822995252,3.0489975578527364
25,37,0.13225939984277638,0.24690578164117105,0.23443433451821752,0.30217769023006685,0.10427943468708892,0.10096367145285567,0.00179575117481512,0.00341453465875528,1.0,0.4,0.2,70,3.634355444848216,3.0380089720452528
25,38,0.12612488027664617,0.21953444745273099,0.18900039314013156,0.27459127050748666,0.18676058859363426,0.09798129264177292,0.00180752586027563,0.00329820576388333,1.0,0.4,0.2,71,3.9135538297214265,2.837234100273542
25,39,0.12272818719803706,0.21819999192890843,0.19548121594886786,0.29962082157894815,0.10574701624491935,0.09515786524743526,0.00182098608111165,0.00359476226616639,1.0,0.4,0.2,73,3.743421982331328,3.056321204780607
25,40,0.12570970579276947,0.21360724034587286,0.18982222191186943,0.3059162750938809,0.12862386456995217,0.10002388144193171,0.0018368858348600601,0.0034476682343375503,1.0,0.4,0.2,75,4.035325457938949,3.2810047176381394
25,41,0.12267694371453355,0.2100396829053039,0.1861793665976399,0.32275942606982844,0.0993274889622476,0.0971317705126129,0.0018109637499758898,0.00345452816520311,1.0,0.4,0.2,80,3.855490681616271,3.0764053198506867
25,42,0.12216002802738911,0.21195509404846022,0.19596557596006084,0.34715419275906606,0.10624567456849997,0.09713177051261293,0.0018109637499758898,0.00345452816520311,1.0,0.4,0.2,82,3.8410848280871934,3.061971914342916
25,43,0.12215371381972898,0.22112130467079216,0.22147617392425412,0.3693137871881308,0.09859429091617436,0.09713177164377071,0.00181096380989734,0.0034545283513210496,1.0,0.4,0.2,86,3.840666525771594,3.061551821922377
25,44,0.12105962641755412,0.2219038514818949,0.23005223601405203,0.3679208306465604,0.10779934816977728,0.096682055672457,0.0018105032282921998,0.0034610873542759804,1.0,0.4,0.2,88,3.849723167655156,3.074063786541857
25,45,0.14210239563232657,0.23367120173012537,0.22546054957761438,0.4144614494163464,0.11935705042445306,0.11738447999221399,0.00217717228826877,0.0045269963103002405,1.0,0.4,0.2,91,3.5701444634085595,3.195351851831743
25,46,0.14076579447053708,0.22656523349933308,0.21001744892693228,0.39911320062453576,0.12223795387281795,0.11622037067441611,0.00220979285545121,0.004966576514531839,1.0,0.4,0.2,93,3.924856071418081,3.2186810333526763
25,47,0.13993957383528055,0.2297505366872563,0.22129479259588047,0.40652368804217276,0.11950113667399938,0.11565535617872472,0.00215238185883804,0.00446411812588001,1.0,0.4,0.2,95,3.726496175302706,3.257995925569348
25,48,0.13838512275906467,0.22742745283860913,0.21886436082940147,0.4098955544089837,0.12155511980594318,0.1141741461141245,0.0022780450439092,0.00475264869133617,1.0,0.4,0.2,96,3.725706371632649,2.9729601248776585
25,49,0.1390972968550072,0.2261674461570578,0.21733002461611517,0.41367213670050734,0.13113693659292763,0.11545538635775403,0.00214859478107193,0.00444261501238197,1.0,0.4,0.2,97,3.7352363080168174,3.172305031875376
25,50,0.1387648962475151,0.2238227023718499,0.21470537841645654,0.4308273646475407,0.12211229137751052,0.11551470711307421,0.00223036780211614,0.0046444914876522195,1.0,0.4,0.2,100,3.5567953647573662,3.0293889520320008
25,51,0.1031159195226046,0.20545080822453998,0.23641160048284335,0.4713973034876783,0.09641557925659025,0.08162565913926467,0.00206628461496867,0.00262096209429133,1.0,0.4,0.2,103,3.576246954371637,16.679601992662658
25,52,0.1024977890378465,0.20330408061768623,0.23405391017076105,0.484237203504995,0.08628665781689392,0.08134297915625285,0.00208089067383763,0.00261380829297505,1.0,0.4,0.2,106,3.615635011756668,16.554088672387454
25,53,0.10244600008499849,0.20636818747306135,0.24508748387215815,0.4975091070218989,0.09339955250761768,0.08159286654417579,0.0021336748658805998,0.00263660110533354,1.0,0.4,0.2,107,4.267729594955338,34.90430116171913
25,54,0.10122807342751843,0.19645121511319655,0.22643200706650007,0.49578569867225986,0.11141647585770639,0.08130129768524043,0.0020769813390359,0.00258895870179545,1.0,0.4,0.2,108,3.575979018147061,16.52224029735688
25,55,0.09606533313041567,0.19116281138382252,0.2286694015698072,0.4942686042106125,0.08951699871340743,0.07691038029816952,0.00203800775261762,0.00386422803222308,1.0,0.4,0.2,111,3.80028004226656,15.334378500692658
25,56,0.09485889212788662,0.18353522764916647,0.2277132148790168,0.5238813045573729,0.09871624140219139,0.0779635229270315,0.00208341994673071,0.00386585896119098,1.0,0.4,0.2,115,4.0321174346823145,15.272581799950512
25,57,0.09487670785309406,0.1878762986593807,0.240190872246555,0.5378447503713589,0.080602665577853,0.07801866771298038,0.00211063215935965,0.0039042894685463203,1.0,0.4,0.2,117,3.814901495939783,15.650762716389435
25,58,0.09559350589502681,0.16514424476433887,0.17652712422741756,0.438616142712195,0.08201072691163785,0.07870125274961719,0.00207147536996886,0.00460767540926324,1.0,0.4,0.2,119,4.02210242389574,16.69172370996507
25,59,1.2131917483095271,1.30477897183337,1.3795611843522484,1.7377483597903254,1.2517320504960998,1.0,0.0023236676491266003,1.0,1.0,0.4,0.2,121,3.8059458693596944,21.673013973698296
25,60,1.2131755235369537,1.3045073900652335,1.3792553428703067,1.7760037002628404,1.2012112513912272,1.0,0.00240373314353047,1.0,1.0,0.4,0.2,128,3.838041878206473,21.63018771194346
25,61,1.2131363685599557,1.30426150108617,1.3789816101399122,1.785460552892645,1.201433270360136,1.0,0.00240345538876151,1.0,1.0,0.4,0.2,131,3.836782067099396,21.63187978110385
25,62,1.2131646943285905,1.3087390326997166,1.3916131188949303,1.8142501746639743,1.2015325640996328,1.0,0.00254517544210606,1.0,1.0,0.4,0.2,133,3.876540803562485,21.76664055906116
25,63,1.212992398549804,1.30354445636406,1.3781875285534717,1.8092557359095505,1.2038199264828446,1.0,0.00231363791372267,1.0,1.0,0.4,0.2,134,3.852067636574252,21.775582657420987
25,64,1.212920418439681,1.307655134947266,1.3904164465009206,1.799371496944868,1.20378409567771,1.0,0.00232970454873365,1.0,1.0,0.4,0.2,135,3.877021849674382,21.707687031743266
25,65,1.2127933234775758,1.3068642131546993,1.3895362884523943,1.8088715420946992,1.2054703272467806,1.0,0.00232346565267289,1.0,1.0,0.4,0.2,136,3.779810541796716,21.633010882555112
25,66,0.09110879162414975,0.15734241740435834,0.21361690743101058,0.6651198773103626,0.1136739547466891,0.07746062766422014,0.00889959555108778,0.00390769232041584,1.0,0.4,0.2,139,3.966068292184333,14.466521592665918
25,67,0.09105271223020157,0.16005522923010707,0.22426046743048084,0.6888707982833082,0.08827075604434995,0.07750896272937806,0.00889115137071461,0.00501561998648786,1.0,0.4,0.2,141,4.128430518803299,19.12780414828792
25,68,0.08977598497608828,0.1534637601384613,0.2245301243223321,0.7002114882591346,0.10480191850910221,0.07807760107436254,0.00890700485658048,0.0042842745982096305,1.0,0.4,0.2,144,4.052286579560328,14.59215373236405
25,69,0.0885737677655239,0.14960219296820626,0.2203175202263233,0.7025391125377342,0.09068366943638251,0.0772820405548226,0.00891507760469574,0.00446484303645134,1.0,0.4,0.2,146,4.205744201380884,18.43927548582831
25,70,0.08863413098157183,0.1495097056152159,0.22020499642602723,0.7033439291524137,0.08285426766531051,0.07725744884824157,0.0089148898653423,0.00501740445480235,1.0,0.4,0.2,147,4.206401725433446,18.433150298716384
25,71,0.08881933616968178,0.14019889395409726,0.20207539996029475,0.7365991630773983,0.11568105922721572,0.07823329847710393,0.00894985285302081,0.00503628944174489,1.0,0.4,0.2,148,4.2675083792482,18.32464705093185
25,72,0.08880102326615433,0.1446680228631199,0.21470386998614596,0.7515204224974211,0.08319577689507905,0.07823329847710393,0.00894985285302081,0.00503628944174489,1.0,0.4,0.2,150,4.260393630761456,18.25726935729509
25,73,0.09015061412518756,0.15944909987024444,0.2539588325939816,0.7815448383027235,0.08453876333680331,0.07586721368514883,0.01854678988552681,0.0047216588533778,1.0,0.4,0.2,158,3.4432539660191006,19.56061055872065
25,74,0.09643637511042352,0.15543650177079488,0.2410243179655969,0.7812577704944296,0.12955301604451167,0.08198879038970294,0.02169321045170885,0.00384611156658363,1.0,0.4,0.2,159,3.288455949858944,15.628730670764728
25,75,0.0902894905790895,0.14839552166710865,0.24143867371928926,0.7989828665504198,0.12278588627195278,0.07792265064091754,0.01857434820297883,0.0040132827505363,1.0,0.4,0.2,160,3.2213788602460296,15.93245896057216
25,76,0.08724724896764915,0.1416653950884624,0.24180230308850317,0.7897474309679993,0.13946698193134915,0.07611671032420027,0.01858033176954577,0.00418380762442829,1.0,0.4,0.2,161,3.487886924911575,15.992442797373569
25,77,0.08691062603239041,0.13503458750562614,0.22677732053299032,0.7786281952142912,0.09552271296888595,0.07603934400064563,0.01857731065348863,0.00416787857838611,1.0,0.4,0.2,162,3.519875860293326,16.16666463578356
25,78,0.08800387105250913,0.13720045614660115,0.23665922995572541,0.8096516191053847,0.09759413312076205,0.07765317307010776,0.01858859253328568,0.00417051442599791,1.0,0.4,0.2,164,3.445121157224576,16.218382739068314
25,79,0.08884074887049839,0.14680690299220253,0.26255792150930324,0.9694680112222906,0.08692047895447134,0.07745799955777255,0.0207489861070523,0.00533296725328503,1.0,0.4,0.2,194,4.040382405573699,19.22855202071396
26,0,0.9490574682067482,1.0423117287020636,1.0366589995001252,0.2208468926327327,0.09233475546434075,0.09227657657350892,9.177410920346e-05,0.00010734623575228,1.0,0.4,0.2,1,10.872150436835756,29.46462435963484
26,1,0.7041763190758382,0.9334307484340011,0.915772477805189,0.19557423124086082,0.3956963538823592,0.0895830748449294,0.00018154067968452999,0.00019698203505631,1.0,0.4,0.2,3,6.632981786255085,21.854475246009628
26,2,0.5219099441079915,0.8308601820100957,0.8081064735375844,0.17962697744148082,0.43821044608238896,0.09939613784050813,0.0009011328817857499,0.00097778078840938,1.0,0.4,0.2,5,5.561446412444058,16.427233980448577
26,3,0.5220293034946561,0.8309813754177343,0.8082270773754803,0.18345336562461192,0.10010495605945412,0.0995077172306389,0.00092422165763786,0.00100283343260026,1.0,0.4,0.2,6,5.622632535520009,16.36728346462787
26,4,0.41893615579309335,0.7447956959398427,0.7139204600957344,0.15149728567036588,0.499811300307657,0.08516578322497857,0.0009540172172167801,0.00105008698239811,1.0,0.4,0.2,7,5.078122430915718,14.729304638628092
26,5,0.360962979946583,0.6883189571357154,0.6517230539867581,0.138193999809525,0.22574090171203456,0.07925494889203794,0.00105045674148009,0.00114801890383284,1.0,0.4,0.2,9,5.376937114250396,15.558668383136672
26,6,0.3117905541483254,0.6323257447135796,0.5893356204181178,0.1301149255638306,0.2436464986885307,0.0797785247825707,0.00114467450250041,0.00130233277656004,1.0,0.4,0.2,11,4.25780911457448,13.125355094973818
26,7,0.30553970132121877,0.6223268534096302,0.5773809116844133,0.14013116191974925,0.13744623133617992,0.08726420284467973,0.0008451261503777599,0.00101738025348413,1.0,0.4,0.2,13,4.879409394530133,13.557872218968026
26,8,0.26874142656464645,0.5701068754194799,0.5191583830471223,0.13504496565373172,0.2416967166831998,0.08793384048809649,0.00122534861516299,0.00139704881341381,1.0,0.4,0.2,15,4.03533042950593,10.174896399705242
26,9,0.2671052668559125,0.5675949694365798,0.51636422130459,0.13641814412743636,0.10300452333144916,0.08804510704044458,0.00102605566468486,0.0011714922993919601,1.0,0.4,0.2,16,4.004220942804748,10.588428045520743
26,10,0.2646848388984905,0.5684007474372826,0.5249138053946479,0.1522404489472434,0.11037495084047906,0.08793384048809649,0.00122534861516299,0.00139704881341381,1.0,0.4,0.2,17,3.700540202554908,10.277873679260647
26,11,0.2338749676840097,0.514822356028005,0.4579689725786301,0.12926067021442894,0.21873176598418081,0.0847862620046829,0.00142333387435879,0.0015897670432528902,1.0,0.4,0.2,19,4.143891634264852,6.940966999634868
26,12,0.23323210197918912,0.5136809876171783,0.4567060891258805,0.13147081150029033,0.09154060870088306,0.08483892645482374,0.0012188231719868201,0.00140668203192105,1.0,0.4,0.2,20,4.074469980310872,7.243720476852378
26,13,0.22766567670539167,0.5079254161239944,0.4579469599873768,0.14634008356987388,0.144544492054353,0.0847862620046829,0.00142333387435879,0.0015897670432528902,1.0,0.4,0.2,21,3.913404045938908,7.073424981531895
26,14,0.22679298192776498,0.5063096827465305,0.456148838434411,0.14330217382843202,0.09495708632091111,0.0847862620046829,0.00142333387435879,0.0015897670432528902,1.0,0.4,0.2,22,3.8223316604339743,7.222618398200798
26,15,0.1868223180865189,0.4275681431161123,0.368910601600964,0.12786547205890544,0.5152204438207578,0.08110927541897907,0.00145416934622025,0.00214792974049508,1.0,0.4,0.2,23,3.5686410954984966,4.950947176117125
26,16,0.18396735906901038,0.42627844254562364,0.375194553021397,0.1351868613302538,0.09685289042869816,0.08058690623773167,0.00138296195947659,0.00203016975505582,1.0,0.4,0.2,25,3.3953247161639224,5.081384491701182
26,17,0.19199964474234318,0.4072691775976942,0.3364350379671191,0.15750171929137247,0.27525819544375374,0.097688786169208,0.00514958557968484,0.010464543015557989,1.0,0.4,0.2,26,2.9891173853427526,5.525586464780052
26,18,1.2856893559221996,1.4893681645903734,1.42378052522066,1.2636120814526905,1.279902472831421,1.0,0.01312234649596861,1.0,1.0,0.4,0.2,28,2.726031104514856,4.824234202121208
26,19,0.6882102677762116,0.8990951582395988,0.8495050384099522,0.6970475460311658,0.6111026080782387,0.4244497150752826,0.00821182589273305,0.9057238187299321,1.0,0.4,0.2,36,2.682276198335152,4.960926024525296
26,20,0.680115203528058,0.8845109759297152,0.8264152689531868,0.69648362014668,0.610284966467695,0.4174054329642371,0.00820670556574072,0.905704123719409,1.0,0.4,0.2,38,2.659178398749382,4.989587376652176
26,21,0.15483050243317154,0.34945410595759024,0.3044588302037043,0.19472170272330042,0.25195962529054455,0.08530098997968122,0.00152299411823837,0.0020113815069477798,1.0,0.4,0.2,39,3.0471013710782007,4.586130336949186
26,22,0.15494111667083585,0.3407549085545213,0.28688420757913335,0.19885196095915206,0.10625373200692234,0.0873798968174824,0.0015631834120095,0.00207371633018088,1.0,0.4,0.2,41,3.355912017552609,4.874015229325657
26,23,0.15156455539830332,0.3367035092105163,0.2901357102650788,0.21433876292780246,0.10227344651892972,0.08672880183657564,0.00112338345801628,0.00149854352248454,1.0,0.4,0.2,44,2.719804006459896,4.565418569052337
26,24,0.14730188521413834,0.3254318558791722,0.27029452824161015,0.21764532743114276,0.1045124359444405,0.08309747427846843,0.00165087520812173,0.00273702970515799,1.0,0.4,0.2,45,3.3338123875479013,5.037797877662553
26,25,0.1473267520603058,0.3287292831346321,0.28897669522307606,0.2178738823804373,0.13599694774403565,0.08620775980737573,0.00107942802635786,0.0014539078825569801,1.0,0.4,0.2,46,2.3365910892387127,4.235219099312127
26,26,0.14670357869134829,0.3322103315336112,0.3005517543024367,0.2211696664457006,0.08856069685555822,0.08578169682378695,0.001098441459751,0.0014969469098897801,1.0,0.4,0.2,48,2.404075338512341,4.328955966408134
26,27,0.14426412472023997,0.32208547006155114,0.28919307672587397,0.2303303813480604,0.11875301291971968,0.08648213782605921,0.0011970963509811401,0.00175623648897377,1.0,0.4,0.2,50,2.4737756220530884,3.821857316710063
26,28,0.14286429496336503,0.31771547982447845,0.28435086975303714,0.24032011537106748,0.11120131906976641,0.0863923837184493,0.0010982576275902702,0.0014533274364571301,1.0,0.4,0.2,51,2.3038119654300373,3.743636202847003
26,29,0.14181929446292543,0.3144343639593472,0.2807152249245278,0.25123041281480907,0.10510906584410712,0.0859071609515229,0.00154736456759152,0.00226205963683834,1.0,0.4,0.2,52,2.424657165280915,3.6690433247826384
26,30,0.14104308168504387,0.3078358444527281,0.2732013212941392,0.2583055670698817,0.11178085246399336,0.08767549861654791,0.00115449473777783,0.0017163320234319002,1.0,0.4,0.2,54,2.2663775345564967,3.678977148205359
26,31,0.1455615773513654,0.31870803521577806,0.2999771125913436,0.2946951461282672,0.09861963743186146,0.09327044269423083,0.00117140485226334,0.00174201841414455,1.0,0.4,0.2,59,2.2214425885393427,3.715111204042955
26,32,0.14623302995885326,0.3230309116728392,0.31232654301677726,0.2910601475093385,0.1026492219969956,0.0937467002834866,0.00177942460891016,0.0032964471278241502,1.0,0.4,0.2,60,2.502588355710539,3.459628427984768
26,33,0.14589308977599022,0.3263520225766103,0.3236757000086306,0.3067943901827753,0.09884834453473207,0.09377707907689438,0.00175170398996763,0.00326502062282129,1.0,0.4,0.2,62,2.492441068172392,3.486216754266088
26,34,0.1416754818110819,0.3162901495611046,0.3127095077076098,0.32238500325899805,0.1161181159394334,0.08771681199484,0.00977125181297411,0.00723084251194419,1.0,0.4,0.2,64,2.63493830495156,4.986787696870309
26,35,0.14042175147765704,0.31646739915401667,0.320573742145107,0.33317526126686586,0.1053729340049426,0.08760735065126718,0.00974627510267139,0.007267194753480399,1.0,0.4,0.2,66,2.6602655601773377,4.900971991452776
26,36,0.14007882432146293,0.31787840294096686,0.32972323099308437,0.34492841687471215,0.10472418630513412,0.08779133539168152,0.01062320107737513,0.00792106423442814,1.0,0.4,0.2,68,2.682154039878537,4.812562584305852
26,37,0.15210735538919873,0.33820608072405745,0.3662617484726267,0.4567150068044704,0.1064149377116016,0.09152609851461524,0.023863372396425837,0.02448814632473511,1.0,0.4,0.2,84,2.7312152284097952,4.207944249318759
26,38,0.15069654171142866,0.3327689120217308,0.36021209970799273,0.45960658394374543,0.13717412975040774,0.09160041565212747,0.02376924369140857,0.024220863151175102,1.0,0.4,0.2,85,2.66724886284104,4.490444813490626
26,39,0.15017289321345811,0.3389838688649034,0.38240252485845966,0.5074044170759394,0.10943308024928966,0.09196110928813722,0.023103264206574457,0.025317458290132662,1.0,0.4,0.2,91,2.6257924892556206,4.40631111122801
26,40,0.15034011531138977,0.3387941633297461,0.3821588369536832,0.5166529025948758,0.10918438335537421,0.09228707128634424,0.02297980263065088,0.02537364040018304,1.0,0.4,0.2,92,2.609284234797767,4.395244087050901
26,41,0.14472508405316414,0.3372754416765747,0.3887372323892522,0.5292242421652384,0.10216352471535771,0.087332903923363,0.02222464422840079,0.02447159410293736,1.0,0.4,0.2,96,2.679067150621823,4.529926923943801
26,42,0.14556248268418212,0.3347710372464544,0.3932145301266113,0.5430632680851346,0.11971630072626697,0.08882612487025233,0.02370912413414809,0.03127770301849467,1.0,0.4,0.2,100,2.1320901805297194,3.9489170900320856
26,43,0.1452552952723678,0.33839810545640775,0.4049164379507271,0.5564977734956553,0.10698600517227631,0.08872761687532879,0.02369680508606792,0.03132142598603162,1.0,0.4,0.2,102,2.1314052667200247,3.823025038396396
26,44,0.1451764927326049,0.3426729000016829,0.4173285958734592,0.5701964901712306,0.10540169771297293,0.08872761687532879,0.02369680508606792,0.03132142598603162,1.0,0.4,0.2,104,2.1740456964607686,3.658138059841392
26,45,0.14411388392322524,0.35027778204796267,0.4412018498214688,0.6619508898935025,0.10387397270675947,0.08997681798218901,0.02151200513589436,0.025004670091982612,1.0,0.4,0.2,118,2.06370079552344,3.762793402559979
26,46,0.134547196830428,0.32721979236060633,0.40865077832533664,0.6324537067183925,0.13038160929519466,0.08345605233833443,0.021179213939942022,0.02434664565186822,1.0,0.4,0.2,120,2.4201899211894293,3.896686221619591
26,47,0.14300474656973397,0.3490355791228487,0.45492367838117587,0.6980735871568291,0.10704552060883432,0.09171434569127192,0.02170280327667255,0.02496903559842971,1.0,0.4,0.2,122,2.1102459817176378,3.5502781102716767
26,48,0.1383740967211317,0.32941797937418865,0.41810701679048234,0.6977987908680698,0.12420133128781154,0.08844467290599645,0.02161145637333734,0.02706219503988331,1.0,0.4,0.2,124,2.0973744711019475,3.442086859818572
26,49,0.13837409662282846,0.33401743649964094,0.4308804627364889,0.7121439429509205,0.10250176067361393,0.08844467290259926,0.02161145630137502,0.0270621950523904,1.0,0.4,0.2,126,2.09737446910287,3.442086856466656
26,50,0.1377234054359115,0.3317503642911366,0.4283768507112799,0.716140955300077,0.11437361935346674,0.08834867270480168,0.02165304731344632,0.026594829237315286,1.0,0.4,0.2,127,2.067192647600808,3.418667278153828
26,51,0.13694940799865166,0.329412288863639,0.4258101501386767,0.7575704063512174,0.10331002434535339,0.08794770392400564,0.02170819156328136,0.02691365846235518,1.0,0.4,0.2,136,2.321012407771057,3.621261428770548
26,52,0.136377753633327,0.33198502592516155,0.43634462930845375,0.7663423709691536,0.10727667012414432,0.08781289968668259,0.02169419528551703,0.02687489931758143,1.0,0.4,0.2,138,2.336374063448719,3.71376526762593
26,53,0.13464876599326794,0.3483849119542068,0.48540164870236424,0.8804543781965194,0.10029751078471802,0.08494572791903107,0.02268671878515462,0.030970549950672548,1.0,0.4,0.2,161,2.371355847520639,3.557361464114153
26,54,0.13405401203258888,0.34708458701429895,0.48399863132636767,0.8786743568410521,0.10244886408820607,0.08466744275497551,0.02293401564431882,0.02991391135910133,1.0,0.4,0.2,163,2.544899570751755,3.62893752918842
26,55,0.1331195590762693,0.34362189958923256,0.4801682609929872,0.8965801344242565,0.11837722884653894,0.084360086958479,0.02266708588544139,0.030939334300165933,1.0,0.4,0.2,164,2.362710340706561,3.554090364434452
26,56,0.13443590215377607,0.3447995333812686,0.4888335581369976,0.9249488523444214,0.1139578267919441,0.08684370660913529,0.023492063868196487,0.03013138171329489,1.0,0.4,0.2,167,2.9813630644526863,3.922369793088013
27,0,0.8850748532715573,1.019747256159111,1.0110860289324373,0.2174439031713842,0.0963935994797849,0.09632788575863692,9.177410920346e-05,0.00014502038733301,1.0,0.4,0.2,1,16.007513303367293,29.46462435963484
27,1,0.6785270868511946,0.9342336828721438,0.9130843262706393,0.2186166236113388,0.4397645075585084,0.12126917650653102,0.00018222977051532,0.00024997043196454,1.0,0.4,0.2,3,10.96113094036163,21.854475246009628
27,2,0.5425919215715037,0.8546461223849617,0.8309418006705637,0.20947889258468924,0.4058376445788329,0.1317520581424905,0.00058987594839522,0.00080915179341375,1.0,0.4,0.2,5,7.829339072668532,17.69341769061309
27,3,0.531825356749023,0.8469488852113081,0.8221664965355526,0.20864928525803286,0.18909192748573142,0.13347897324415675,0.0007610434220116701,0.0010439477172476401,1.0,0.4,0.2,6,7.4511112092340595,16.888924112857065
27,4,0.4239318182540819,0.7505481004840706,0.7190475138612924,0.16125130775789975,0.43999987553056746,0.09643185478343343,0.00091019048165956,0.00123941847415564,1.0,0.4,0.2,7,5.475464159748465,14.827783952389192
27,5,0.4218096093473381,0.7485022115738885,0.7168918724960244,0.15739438153527888,0.10151324064305024,0.09540021438686624,0.0008461160942523799,0.0011515255779908401,1.0,0.4,0.2,8,5.570931021054411,15.00326118080733
27,6,0.36269885679224917,0.689511570380029,0.6516063046932279,0.14506199524698302,0.41367959036836194,0.09205743557313775,0.00093608406656072,0.00126275903205526,1.0,0.4,0.2,9,5.077641467742267,12.975674729127885
27,7,0.31863633740380093,0.6384350252825727,0.5948688027751026,0.13708381838693717,0.23662698915942387,0.09097445956394712,0.00109214262353076,0.00146428109307053,1.0,0.4,0.2,11,4.510129510879798,13.230400561620444
27,8,0.30908906989188834,0.6209453731625907,0.5737229484002958,0.15030456590678434,0.19940719842560486,0.10577875587596557,0.00118024436543928,0.0015952014205816499,1.0,0.4,0.2,13,3.701563461151836,11.96424589052508
27,9,0.300183458470646,0.6105439326044687,0.5627381596938834,0.1483040987132231,0.1307983893086747,0.1005912845199776,0.00110614173491292,0.00147813230791652,1.0,0.4,0.2,14,3.6570661827111497,12.092976570671093
27,10,0.27869243904887653,0.5817172796184409,0.5313332260832133,0.13710869957256697,0.22496901031386154,0.09447656627387142,0.00127938499466058,0.00165866584859552,1.0,0.4,0.2,15,3.619190126586221,10.926319644526895
27,11,0.2834391588364152,0.5759617926819073,0.5154924564878869,0.1574341606072444,0.13551602815292874,0.11022547719758487,0.00124355127424606,0.00177090540633997,1.0,0.4,0.2,19,3.301960795190904,11.095832886260595
27,12,0.27750289989333177,0.5682872659940787,0.5072919255788421,0.15865760946278007,0.13479283128985603,0.10725848534251421,0.00116944864371969,0.0016538362936748398,1.0,0.4,0.2,20,3.3199597368423444,11.407631324919745
27,13,0.27221816807086596,0.5617368861087777,0.5003595396014765,0.16048194083524567,0.12450525873838258,0.10416502550581863,0.00109562838818506,0.0014181410895965601,1.0,0.4,0.2,21,3.2089059796487573,11.378329835427255
27,14,0.2557751312786639,0.5329549341592769,0.46817844800239844,0.15630228358345957,0.27907083975287106,0.10534954535608614,0.0012475243108844001,0.0016851375496809502,1.0,0.4,0.2,22,3.235801371145861,10.539035084476266
27,15,0.24367644122419746,0.5207512247277449,0.46295082575296076,0.15573508443112638,0.13049966629659748,0.09926732320927732,0.0010558559329902101,0.00146811645315252,1.0,0.4,0.2,24,3.368739853973409,9.277089695443763
27,16,0.2629835840275033,0.5437840137333196,0.5009921830302521,0.19648249248108102,0.1939598897659072,0.09387350727583407,0.0032354425168629,0.15252323739024704,1.0,0.4,0.2,25,2.5409388063092564,8.008300634496884
27,17,0.4380311095431756,0.7165354344650026,0.6731971378449193,0.385681697946758,0.3125453953197528,0.1017836007041987,0.00369030694264825,1.0,1.0,0.4,0.2,28,2.5924935758310426,7.745642831709058
27,18,0.40595036337734325,0.6744180344787687,0.6287831349802301,0.35883927812106087,0.39856151795559647,0.09599622137042221,0.00312419520064606,0.9211023592929882,1.0,0.4,0.2,29,2.8593364151118266,8.050279375866115
27,19,0.21493162153055836,0.4688663667100588,0.4201229554436668,0.17942542992736596,0.2619157562865652,0.08764421692766836,0.00209588091625785,0.07469943107696121,1.0,0.4,0.2,30,2.7241692930880794,5.794584154236167
27,20,0.2277258142817871,0.48163643598981326,0.4328875856155826,0.19572315467099163,0.11654066283003373,0.08709242047440811,0.00249562022286433,0.14074790042703084,1.0,0.4,0.2,31,2.847789045973464,4.841465376785532
27,21,0.19069177248299174,0.4068404521010582,0.3581782923266718,0.18879202528688482,0.190915087833871,0.10713872839668337,0.00185155569461275,0.0026663988192785998,1.0,0.4,0.2,36,2.137525775386849,6.137268591622817
27,22,0.1883322458630354,0.4038411256917891,0.3624270177297536,0.19756501716533156,0.13253285857747826,0.1075564946166743,0.00210233633205699,0.00305302212498177,1.0,0.4,0.2,38,2.078804620059236,5.524267163933982
27,23,0.18800961911460914,0.40636077200676746,0.3728128852094432,0.18976918182131483,0.12532869164174268,0.10810093663856953,0.0022516628600991,0.0032624776151975697,1.0,0.4,0.2,39,2.09308227977872,5.2824623104043145
27,24,0.18670235968870985,0.4038191910486307,0.3700575274556958,0.20684260664816378,0.11971588242305738,0.10755873225377235,0.00209198026323199,0.00304410965184078,1.0,0.4,0.2,40,2.116809760924789,5.600159014735347
27,25,0.16212817399382526,0.3710715022482309,0.34328800463216286,0.2504312010623823,0.09969868214493832,0.09006394641848947,0.0017201779258273799,0.00168327009869042,1.0,0.4,0.2,53,1.842440720262487,4.943343886071589
27,26,0.15883928103557168,0.36765838011142254,0.34725293541216323,0.2549520483715381,0.1306958296923308,0.08898143649237727,0.0018651221753105602,0.00196534865068375,1.0,0.4,0.2,54,1.8245189080294697,4.652453797511891
27,27,0.15906046650647618,0.3676143447009142,0.3471644697214263,0.2631628422547312,0.09273674158459956,0.08938770111397472,0.0017693508676207398,0.00187259667283178,1.0,0.4,0.2,55,1.7856250384927703,4.823231880288585
27,28,0.1590434159140137,0.37216144597797907,0.3598796591216464,0.2666445018774221,0.09077137336096579,0.08938770111701654,0.00176935086780628,0.0018725966734759898,1.0,0.4,0.2,56,1.8034221743437524,4.848915345626648
27,29,0.1602490628897307,0.3678157878723576,0.34720061412722814,0.27637473486515257,0.09619587484840032,0.09057280635849208,0.0025898524469325002,0.002625560996026,1.0,0.4,0.2,58,1.7852459162590877,4.989006512996792
27,30,0.15749402700444345,0.3724844550325905,0.3679210466078328,0.2850096304354923,0.1053287417560452,0.0892212371895615,0.00164225771947965,0.00173808733909587,1.0,0.4,0.2,59,1.7050632470806104,5.046391558268079
27,31,0.36011036408328145,0.5780367182719799,0.5887847103426271,0.5275874313302741,0.304563300790317,0.23831700920834967,0.00169483634735,0.2837981820016525,1.0,0.4,0.2,65,1.9800879488498344,4.92407091846753
27,32,0.36017191798665427,0.5792039375986144,0.5975530786233032,0.5440703309084035,0.30712524036941835,0.2399644612184833,0.00167130054093115,0.283793788462892,1.0,0.4,0.2,68,1.948884278429894,4.9569819351814015
27,33,0.15355403102673615,0.37478647530561904,0.4009185035920869,0.3973855292713889,0.09432860082151424,0.09094188659169632,0.00143972724414781,0.0015921282845876201,1.0,0.4,0.2,76,1.7617133543261294,4.930397525680637
27,34,0.14831474204542774,0.35903477264768185,0.38347293528351295,0.3918836264426135,0.1342479724699313,0.08995058122112622,0.00197568607898324,0.00166573845979759,1.0,0.4,0.2,78,1.672941499956214,5.526252393387584
27,35,0.14500120054691598,0.35068247415462694,0.37431980181217095,0.4144487808458383,0.10341435513793114,0.08867133682025707,0.0019955957079675303,0.00169561452499798,1.0,0.4,0.2,81,1.6403036062843566,5.3680245165456455
27,36,0.1431205387425005,0.35296863689832364,0.39216106892674646,0.4470571833750043,0.10002398580116915,0.08876446034136079,0.0019520295923577998,0.0018497082449329498,1.0,0.4,0.2,85,1.6285978304131934,5.1680564715259285
27,37,0.14876570718335846,0.35210216257342736,0.39027753453240216,0.46168456275361874,0.11100835097682002,0.09687281004720408,0.00198922687316447,0.0018995295109272702,1.0,0.4,0.2,89,1.981870394981816,5.342646506865661
27,38,0.14903944410475486,0.3367987091571656,0.3651080539965719,0.4667256282358641,0.14544032478766497,0.10114610964668909,0.00203813312866496,0.00178063886713065,1.0,0.4,0.2,91,2.065011929986253,5.36617322786282
27,39,0.14886457598628433,0.3407491099204443,0.3771600481580795,0.47960116836345645,0.10415584850714817,0.10113726888864567,0.0020401320337106498,0.0017821851630404901,1.0,0.4,0.2,93,2.042832077224491,5.307440629605699
27,40,0.14776763121303294,0.34288847225409524,0.3872652862272379,0.5006602973316812,0.10699761011339308,0.10052916780905423,0.0020240433965148597,0.0017629931744660699,1.0,0.4,0.2,95,2.0371847822464493,5.316047906993935
27,41,0.14584976040028108,0.3310272800031553,0.35894249780260445,0.4855439635705133,0.10581242946998314,0.09887581510024965,0.0020052921111959497,0.00177564761647146,1.0,0.4,0.2,96,1.99252643319848,5.238621712056698
27,42,0.1458497604002811,0.33562673715828834,0.37171609735451006,0.4987187110160528,0.1000331201634181,0.09887581510024965,0.0020052921111959497,0.00177564761647146,1.0,0.4,0.2,98,1.99252643319848,5.238621712056698
27,43,0.14562757286909245,0.33979154244212867,0.3840225573583463,0.4023135241844551,0.1015343925295148,0.09872986669651553,0.00200167211499014,0.0017714369710797502,1.0,0.4,0.2,99,1.9879805074714203,5.228072149775542
27,45,0.13400361428004962,0.3156287622859919,0.34300409114089314,0.5637570134536595,0.09256865589405817,0.08585327277425472,0.00277090016503367,0.012253504500310281,1.0,0.4,0.2,113,2.276766196727125,4.955938771841904
27,47,0.13239633550401964,0.314475850522362,0.3493986877995618,0.6219863349282422,0.09467508524559069,0.08569501440795664,0.00295995567844742,0.01163485953822132,1.0,0.4,0.2,118,2.28534863602023,5.231984206991541
27,48,0.13241420050994823,0.30833349099494567,0.3348470754134605,0.6304617601074849,0.09373826945367483,0.08623973709746563,0.00295830977287155,0.01160207288867866,1.0,0.4,0.2,121,2.194605906010912,5.3295510736339216
27,49,0.13641204487290434,0.3369565425554183,0.41955480286326724,0.6541875808109819,0.15399073637080693,0.09023660290130248,0.00331086364827268,0.02320817908234541,1.0,0.4,0.2,122,1.8327365587078368,4.234713398768157
27,50,0.13536809194805535,0.33986539651687153,0.4305414954962145,0.6766955421491754,0.09781865419327461,0.0910473406466884,0.00320407971630937,0.01517685309911026,1.0,0.4,0.2,124,1.8158364630354928,4.249252746940557
27,51,0.13656884647822212,0.3409380059412967,0.4315950816524895,0.6873479418718567,0.0969306820516479,0.09063110588172872,0.0033275111053657604,0.02321885340143662,1.0,0.4,0.2,127,1.854830851259896,4.217090395863995
27,52,0.13228209800852186,0.3320631905373384,0.42203910574861964,0.6875686962610975,0.12848419182829882,0.08785016755448002,0.00324360426942397,0.02305700451801761,1.0,0.4,0.2,128,1.7808298557861346,3.780281890316469
27,53,0.12814451876793145,0.3303326774656814,0.42815846019363735,0.779366501289917,0.0917989966663248,0.08534968700140139,0.00330247579058428,0.01813353475099076,1.0,0.4,0.2,139,2.134774044261773,4.114574176844996
27,54,0.13094459995504013,0.32928371196674167,0.4265421988036101,0.7818107349395447,0.12323948027678848,0.09067821520345258,0.00327068970797425,0.0114137922258172,1.0,0.4,0.2,140,2.227921481032418,4.607482807739327
27,55,0.1330219134786445,0.3309094855445242,0.42810193841821353,0.7888268287918916,0.09979723672684467,0.09224179706424038,0.0031916368251784103,0.014805942979448011,1.0,0.4,0.2,141,2.111358586624108,4.175283396578036
27,56,0.12900230563898663,0.3221861395276434,0.4186892860376814,0.7941950269602326,0.12899731173490234,0.08957173468440846,0.0032399318366993597,0.01494058654672123,1.0,0.4,0.2,142,2.154509080747658,3.910000289025157
27,57,0.11707263098066768,0.3317522964562277,0.4689064271094059,0.8410333387207035,0.08338616085499537,0.07815433162077444,0.00300640015312167,0.0150476682371723,1.0,0.4,0.2,153,2.29439745969536,4.893393758527633
27,58,0.13193900012252854,0.32789904476789394,0.43981518515275764,0.8687400855731018,0.11079523863864815,0.0913654593500164,0.00956434091411733,0.01727389695207261,1.0,0.4,0.2,156,2.1292475835219675,4.2423108872114765
27,59,0.12689699944079474,0.3148922579007815,0.4256575156038039,0.8588851692952247,0.11537905550588198,0.08875255993533157,0.0092728431433713,0.0168102171122465,1.0,0.4,0.2,159,1.9543630612049867,3.8889580171707774
27,60,0.1260687422812298,0.3044869579692354,0.4138806093049847,0.886947447234471,0.12085722689101665,0.09106495621295571,0.009079858150137201,0.014289295408982999,1.0,0.4,0.2,162,1.8198641835996563,4.056234615436114
27,61,0.12638086737385673,0.301097243673799,0.4099642582715598,0.8869136750139304,0.11225066196116865,0.09246451408178942,0.00882341947987029,0.01415909186271123,1.0,0.4,0.2,164,1.986365574118972,4.480742921105707
27,62,0.12531463960825145,0.3037855862727858,0.42070687061006895,0.9052831166540871,0.10408367914836453,0.09157276686069545,0.00906247905647763,0.0138899063120685,1.0,0.4,0.2,165,1.8410398617929544,4.1347818302161325
27,63,0.12783635951359298,0.29826587357987666,0.4065253294912001,0.92211022362577,0.1096613990238735,0.09482748573048164,0.00910682409219933,0.01450454697559771,1.0,0.4,0.2,168,2.072149320756296,4.221087710940971
27,64,0.12248500090522893,0.3009303785584289,0.425370837914188,1.0016971316409156,0.09716718115684744,0.08892529557885151,0.009681694805116759,0.0175909078938365,1.0,0.4,0.2,178,1.9771118981370428,3.8104057031189376
27,65,0.12248932397362829,0.30464700815477885,0.4371362089700008,1.0065485796430342,0.10292866522036832,0.08958459851824314,0.00919325379180386,0.01640082518416542,1.0,0.4,0.2,179,1.9181681655377056,3.874352628495006
27,66,0.12111216394475084,0.2989325173337228,0.4308105617460302,1.0096626666504671,0.12738323691930994,0.08929048327127169,0.00916792242124634,0.016387983827845808,1.0,0.4,0.2,180,1.908930988358137,3.9219691555277567
27,67,0.1251121871465814,0.2844282665666444,0.39865520096770934,1.015315316925606,0.11906756906577844,0.09618683807422675,0.00949956395956611,0.012373685114416059,1.0,0.4,0.2,184,2.3015929655269773,4.109406533653756
27,68,0.12383840089217517,0.2906453726498063,0.4209824608516579,1.0577657138849905,0.10310276528152436,0.0952673532001708,0.009615554098460249,0.012362673712205039,1.0,0.4,0.2,192,2.384266397374524,4.087644774908831
28,0,0.8790140772532952,0.9628531512976889,0.9663098058747971,0.13261249576279985,0.0,0.0,0.0,0.0,1.0,0.4,0.2,1,24.74554070167961,31.29129517649718
28,1,0.8161328160422696,0.9746231317923716,0.9640347343312571,0.18638357245426518,0.3677660222316884,0.06831820581949208,7.567697124572992e-06,1.2519110117359999e-05,1.0,0.4,0.2,2,22.342454431784024,29.5843128399992
28,2,0.7030553183704719,0.9996449396198497,0.9801209995133109,0.3211162531926824,1.112119515172506,0.2396799997302217,0.00061648739595967,0.00113894355531856,1.0,0.4,0.2,3,13.681371817773202,15.507648337983357
28,3,0.5126869306394071,0.8379166608491065,0.807594842778717,0.23137977508225688,0.4491870048269426,0.1734432750207994,0.00070870901171258,0.00127011439261333,1.0,0.4,0.2,5,11.192661607230104,14.621915604119682
28,4,0.42234714628113995,0.7489620686714856,0.7111104715793584,0.19756721988448606,0.3435724334718777,0.15109953102706897,0.0007538815018636399,0.00129281086749626,1.0,0.4,0.2,7,10.184191333304176,13.41026356977574
28,5,0.3651156898797958,0.6871194021352488,0.6451015500957649,0.16882682748134648,0.232876800367301,0.12603389305849086,0.00088888263396028,0.00148370641815815,1.0,0.4,0.2,9,8.103264266786383,15.006968816097798
28,6,0.36490721954919497,0.6865072800444048,0.6442285670208805,0.17407617210593457,0.14167858879478268,0.12781584578868185,0.00076436347539842,0.00130522827025444,1.0,0.4,0.2,10,8.482063682094553,14.651217029410086
28,7,0.33359184365390654,0.6475501849309849,0.6013219523660039,0.16143438652257264,0.325703523030947,0.12356537757484828,0.0011253522302377,0.00180295930631032,1.0,0.4,0.2,11,8.687093213967405,15.338262055706812
28,8,0.32917333020730694,0.6420864502082732,0.5954080769250697,0.16334181455203464,0.14584539796700813,0.12223727375110649,0.00090726074400988,0.00147517186242201,1.0,0.4,0.2,12,8.356926070821231,15.187593696786678
28,9,0.28649866893844267,0.5882405869714072,0.5374286379905361,0.1386501121279878,0.3163190769281026,0.10476220196234749,0.00121107048524031,0.0019173926813387699,1.0,0.4,0.2,13,6.254478408943996,12.410848263439204
28,10,0.2834771194812063,0.5839853341109588,0.5327699867458726,0.14169912985808228,0.12550375896515958,0.10422892642920838,0.00099297899901249,0.0015896052374504601,1.0,0.4,0.2,14,5.915641945286486,12.256139030806814
28,11,0.2503770541539881,0.5358474570187856,0.48022170905919515,0.12461724637699452,0.32065412943793525,0.09490845526699966,0.00130168391286699,0.00203434422876634,1.0,0.4,0.2,15,5.814679982784786,10.844607325856948
28,12,0.24659114209056002,0.5301441466922479,0.47400725772848845,0.12710445346060337,0.12070658325015383,0.09388061691055756,0.0010835924266391701,0.00170655678487804,1.0,0.4,0.2,16,5.44823098112339,10.685637762218786
28,13,0.2293895935924164,0.494354656870087,0.4336576295118123,0.1190496574774207,0.33166859918758057,0.09823730017865152,0.00119916406062727,0.0025140084168563297,1.0,0.4,0.2,17,4.688709304327804,4.420164090094003
28,14,0.20038306337709053,0.46047115765597635,0.39867073806271014,0.10277586446096497,0.13134564600715135,0.07416531885523517,0.00127438695363576,0.00212888523394405,1.0,0.4,0.2,18,4.624185557018863,4.413136047833676
28,15,0.21112269994006508,0.4540563647532162,0.38859474969148133,0.12277379945720387,0.1944147811455061,0.09987525458082394,0.00151928545700004,0.00301268299691244,1.0,0.4,0.2,20,3.996631742167208,3.641358842438151
28,16,0.19563585860287808,0.4303369359040555,0.36321835560176524,0.11825528523491234,0.17645999807822474,0.09099077149216625,0.00135061107761266,0.00248897686361844,1.0,0.4,0.2,21,3.967296070840969,3.654078140540792
28,17,0.21201567849841269,0.44346640165195134,0.37569775387371984,0.1330800781114038,0.14477761961261307,0.10935037800826956,0.0016744754835505099,0.00445188968105853,1.0,0.4,0.2,22,2.3540227083719008,3.977592462636656
28,18,0.1848407309397438,0.4209837565762388,0.36869994236649567,0.14011399649322404,0.09768922986867645,0.08095945407692683,0.00289620895328112,0.02376030057614202,1.0,0.4,0.2,26,3.374935520120637,4.137887788864105
28,19,0.19405649015358814,0.43067435980181507,0.3930847345831308,0.15812725973104422,0.18633481602164248,0.10077602160696839,0.00136508377984631,0.00337708203845992,1.0,0.4,0.2,27,2.4790842686419765,3.634768128723648
28,20,0.1820250462341906,0.4137768226043368,0.3679638255348139,0.14871784465827162,0.09261872574678681,0.08410297643463649,0.00308594566075043,0.0239942523266663,1.0,0.4,0.2,28,3.022539449960506,3.70795914903368
28,21,0.1786625754499247,0.4003541927967175,0.34535647526652624,0.14990576453142795,0.14177240397676005,0.08416423427428359,0.0031324458259976103,0.02419565419848383,1.0,0.4,0.2,29,2.948711343652644,3.7636246773554793
28,22,0.16951052307659464,0.37948915585014187,0.32973985924372323,0.14922911623275772,0.23981562412505106,0.08456605892463794,0.00321356830414866,0.024152784760474468,1.0,0.4,0.2,30,2.359457696938537,4.252013793203591
28,23,0.15909301183277988,0.36886401813359093,0.3338314447975326,0.14344703879659984,0.16845465706485854,0.08413193651375543,0.00139540054843312,0.0030253190079077602,1.0,0.4,0.2,31,2.6507658030109,5.709564908052085
28,24,0.1552578045180094,0.3090900749850438,0.25006453031061904,0.13174866060571566,0.49205565896339676,0.0943117593400902,0.00335554418715805,0.03358766504853068,1.0,0.4,0.2,32,1.9740430940050624,4.171587860386745
28,25,0.15380180514460828,0.32092606423580977,0.2863435375521174,0.18585468450884207,0.10178550718439143,0.09307451226801776,0.0033458945255916404,0.03349250144986532,1.0,0.4,0.2,38,1.992678403180317,4.372582133078595
28,26,0.15153324998377693,0.3157829388883458,0.2807510022648267,0.1951612726886786,0.11139515199373463,0.09187578842675112,0.0033971000411195896,0.03354752680379563,1.0,0.4,0.2,40,1.831513972270986,3.934646850440565
28,27,0.1468823828076556,0.28572072646192354,0.23931763678563062,0.203817449254676,0.12995547810621969,0.09458833402044427,0.0036323058553258403,0.033657289025605344,1.0,0.4,0.2,46,2.216379785213026,4.289198607207237
28,28,0.15865429614277576,0.3131000870826094,0.306452732945884,0.2711095095917346,0.12110057909821854,0.10784055113535469,0.00513792147071423,0.03562076267112892,1.0,0.4,0.2,60,2.133060847940644,4.478669001512452
28,29,0.1581843249417416,0.2986741985349659,0.26748096469983507,0.24671678949239229,0.11719599679460922,0.1074324334749757,0.0051356825505840505,0.03557009736733186,1.0,0.4,0.2,62,2.116931106686593,4.48790367515794
28,30,0.12563284345707146,0.255529399928634,0.2227621103352001,0.28133788961534606,0.10734036026837486,0.0774506641981191,0.00730520346723397,0.03506642565885509,1.0,0.4,0.2,66,2.282075722994777,3.985913924278597
28,31,0.12346833702809368,0.2494048384228231,0.2160532634622386,0.27056981680232983,0.10132461723154114,0.07838192074752287,0.0036882641922331696,0.0328742112508422,1.0,0.4,0.2,68,2.2818518671624606,4.319623288386317
28,32,0.1179872127588496,0.23126964129528674,0.18856380035196335,0.24492155571599689,0.1033949125338927,0.07536802172361656,0.0034696497370343797,0.03292266518895504,1.0,0.4,0.2,71,2.1630542557622743,3.5291964529157256
28,33,0.1206491382972735,0.23603586418681555,0.2011406122366819,0.2594529246511715,0.09598419027790302,0.07667908364484374,0.007211420781924891,0.03579777558847028,1.0,0.4,0.2,73,2.178877378860225,3.4846514622202065
28,34,0.12048052519610591,0.22997122240493517,0.1867135144169049,0.2589149275365057,0.09653290536632889,0.07684855671266565,0.0072116123086372495,0.03596314671315309,1.0,0.4,0.2,74,2.165620968658762,3.4894955540727146
28,35,0.12598420082493827,0.2374762278441607,0.2020157179175483,0.27246377173742303,0.11236795173269896,0.08201166103760822,0.008266523946961719,0.039238715783904185,1.0,0.4,0.2,75,2.1760589559335943,3.4125354813663424
28,36,0.11742232044337425,0.2234683478227135,0.179710820473492,0.2555994654204296,0.08695414108806615,0.07477623182608682,0.00731664829218164,0.03571156244354609,1.0,0.4,0.2,78,2.501357877647687,3.042532120637822
28,37,0.12468907863741438,0.2321540257109313,0.1961107216925176,0.3032921054572311,0.09770498535203029,0.08387572127436585,0.0054705868710148795,0.03468665509691443,1.0,0.4,0.2,83,2.1395804277911177,3.93077590853497
28,38,0.1243654024240221,0.2173641417517062,0.1792502539891065,0.31785369215105497,0.12289076071602424,0.08736694249293345,0.00536265401711271,0.03511382173106224,1.0,0.4,0.2,87,2.2207267193325264,4.458372626573963
28,39,0.11878529664564522,0.22333526107230445,0.21694736588973643,0.36124357760076625,0.09976780766311999,0.08348586347553036,0.0055137347053686005,0.03501919163662184,1.0,0.4,0.2,94,2.230522900323771,3.1320091108205017
28,40,0.11874990789175373,0.21401541636443389,0.19126722360272214,0.35784641080067897,0.09298980422155499,0.08347086955760709,0.00551395622387274,0.035023854157782267,1.0,0.4,0.2,96,2.2305558004056354,3.1310182612454955
28,41,0.11762153054098137,0.21071809679384335,0.187663530234374,0.3565035798360186,0.09993779842839846,0.08266894725326382,0.005867473878461,0.03539516320932739,1.0,0.4,0.2,98,2.2488693117955685,3.126129574611734
28,42,0.11637621355725139,0.2314601286154765,0.24913329571238219,0.45353789629617935,0.09171505943484481,0.08188703808238959,0.00585240497524469,0.034371461180540894,1.0,0.4,0.2,110,2.094930224133455,4.336617707576127
28,43,0.1204683653825013,0.2302755020855719,0.24720296104440126,0.512674964335674,0.11598802096956873,0.08701659236208437,0.00358942516601201,0.04032124930018433,1.0,0.4,0.2,112,2.5381764238512505,4.800406719816542
28,44,0.11681729778301497,0.22818657178967344,0.25286825265270707,0.5263396136711387,0.11379439928519064,0.08560737489215547,0.00350167945977184,0.0326735431546955,1.0,0.4,0.2,113,2.3827843981916788,5.345028816539071
29,0,0.8735996896051863,1.0183684143639586,1.0089077575568346,0.22115336339875843,0.10208953914795528,0.10202843179119203,9.244536902763e-05,0.00012064604576098999,1.0,0.4,0.2,1,17.303485609098654,29.46462435963484
29,1,0.6467827481601885,0.9094553606087079,0.8872453352637701,0.2005881728798467,0.4309871593991069,0.10588085770824221,0.00018290103033948,0.00022730650825482,1.0,0.4,0.2,3,12.195263774475269,21.854475246009628
29,2,0.5194982110673961,0.835972395324546,0.81062811105758,0.2012441676791745,0.41637855850594246,0.1274985883684841,0.00076753510267635,0.0009166756382876799,1.0,0.4,0.2,5,8.000381860619092,13.36926308019295
29,3,0.49212235569676044,0.8114206739192087,0.7848541131709338,0.18817856421405016,0.17658090824883155,0.11389327950212728,0.00055197571993231,0.00069598836217589,1.0,0.4,0.2,6,7.273661511970021,15.189757772833277
29,4,0.4118309316905217,0.7388749029627435,0.7065105373002248,0.15506468058205267,0.3885483507699667,0.09253487313609596,0.00073847062592289,0.0009201685312449,1.0,0.4,0.2,7,6.559654252583568,15.388288429621593
29,5,0.3985550848803688,0.7263094519814978,0.6922664505080347,0.15725601351013044,0.1812946583100635,0.09488834457585707,0.00063666111425269,0.00080364294602365,1.0,0.4,0.2,8,6.179405029261195,13.551013497629414
29,6,0.34684547448090153,0.6734195245052815,0.6354686989352124,0.13191748518289534,0.2754344250522901,0.07631480603022131,0.00104309161992783,0.00131799533603532,1.0,0.4,0.2,9,5.172886292645127,12.703253807849324
29,7,0.29724047460788944,0.61738409002867,0.5742161438837756,0.11629000242461246,0.20007053509355863,0.06638784711842478,0.00113330937103726,0.00143619291899443,1.0,0.4,0.2,11,5.021690064896146,12.387062058312036
29,8,0.27187846707729213,0.5785659070951322,0.5230351300553253,0.11228886589023422,0.17675348359770107,0.06944852374853483,0.0008079386692092501,0.00103184759251699,1.0,0.4,0.2,13,6.184713627455161,12.139459848954491
29,9,0.2709340099365155,0.5774749257108001,0.5218849889485944,0.11653412651137371,0.07242718421413866,0.06893720630264054,0.00072729663109183,0.00091120239928268,1.0,0.4,0.2,14,6.146904081040662,11.992469884279274
29,10,0.25605279899683825,0.5594077073379121,0.5091299505612132,0.11710014347852989,0.21794731387131097,0.07148492308870581,0.0008917980947182101,0.00114128853254309,1.0,0.4,0.2,15,5.41904807412229,11.999079229952851
29,11,0.25474755064533317,0.5564719585723789,0.5056491569718669,0.12578495579656154,0.10172244809530498,0.07332179529424096,0.00096767552277907,0.0012403125480708,1.0,0.4,0.2,16,5.046729889596439,12.04270095304937
29,12,0.24731302329686902,0.5497062723402834,0.5058001413781966,0.12242835855926713,0.1378197029182587,0.07297823201033207,0.00113398495387702,0.00144370804731695,1.0,0.4,0.2,17,4.684501526363017,10.669965043368354
29,13,0.21573313333488253,0.49803525661779147,0.4415694892955309,0.10946142531613065,0.1771697482733896,0.06479067947565047,0.00104599140426434,0.00123926371532913,1.0,0.4,0.2,19,4.246029459088973,10.66629947401546
29,14,0.21993246653347218,0.5019169713987424,0.4453683003723787,0.12252286747182851,0.07429244326598701,0.0693794598850349,0.00101000434400515,0.00144011956412531,1.0,0.4,0.2,20,4.27048734763985,10.645894528588938
29,15,0.21298183352897684,0.4937928841391995,0.44394466278262196,0.11673004954671204,0.14580325839728503,0.06953606768427353,0.00131695785511884,0.0016365965656316502,1.0,0.4,0.2,21,4.270338827786275,7.30119361123116
29,16,0.2083751818424041,0.48721296584935847,0.4368809633656003,0.118900112920496,0.0926486988853737,0.06727635779366391,0.0012577806274002902,0.0015559546098999901,1.0,0.4,0.2,22,4.0544185603672185,7.470230654432678
29,17,0.18533928439558767,0.4364400319040494,0.37988926853299537,0.11132405038256415,0.38915538505992003,0.071337177447759,0.0015206428818425699,0.00202039308392428,1.0,0.4,0.2,23,3.0904080623627035,6.896141019084841
29,18,0.18092327914955314,0.4275705056584158,0.37010213693766114,0.11430762163497783,0.09498818083816526,0.07033017945977219,0.00183621555890378,0.002678381853365,1.0,0.4,0.2,25,3.140643266337956,6.767726605216406
29,19,0.17896437075763308,0.4240558502265395,0.3662706803368801,0.11549641434372035,0.08706321063418992,0.06975687444932753,0.00160762724977689,0.0024455846698681,1.0,0.4,0.2,26,3.1220115488469,6.867588237349591
29,20,0.4653476214430276,0.7036393364663429,0.6372368823713956,0.4185925121820541,0.3815470502870748,0.15788211549975423,0.00278122678092665,1.0,1.0,0.4,0.2,27,3.1555063051588736,7.001745309602185
29,21,0.5276912256466733,0.7527874128513794,0.6838010714079945,0.47823326018677365,0.5627183513614784,0.2299751315446516,0.00258258689246836,1.0,1.0,0.4,0.2,28,2.689307664712594,6.427057673506861
29,22,0.4265467261480622,0.6330199542805901,0.5605789021088494,0.3898349128378009,0.5179200106927588,0.14062450405004281,0.0029699195077600702,1.0,1.0,0.4,0.2,29,2.409802168910294,4.396315758557991
29,23,0.20565092942313187,0.4127812732377378,0.34780723692740867,0.19320981759211764,0.13044107264785035,0.07397564797604865,0.00207113241786844,0.2421390663053387,1.0,0.4,0.2,34,2.5800595330867115,4.804412684568014
29,24,0.42428956690604147,0.6208662510381338,0.5540351798817966,0.4197733629254106,0.44239796963871986,0.14662442527642933,0.00281333902538606,1.0,1.0,0.4,0.2,35,2.3107025456905674,4.547901757321747
29,25,0.4069748925998652,0.5888059884645767,0.5268603950273264,0.40407522167941134,0.5082137430037142,0.13895054868556883,0.00310691340145684,1.0,1.0,0.4,0.2,36,1.837891861496481,4.336499122535287
29,26,0.40493666475334583,0.5763021129808825,0.5126340876248583,0.40916491932287163,0.4307680751919112,0.14172052714380837,0.0030262713633394103,1.0,1.0,0.4,0.2,37,1.6725995739152597,4.078728996603886
29,27,0.14205820303192487,0.3153125822816753,0.27425081597141193,0.18671334830311428,0.0948319751975067,0.08372568001791977,0.00183735040880102,0.00319189790489805,1.0,0.4,0.2,47,2.098226256998166,4.245350001611962
29,28,0.14201909629435,0.31977658789400115,0.28687355248512264,0.19768475650895248,0.08548588356316784,0.08372568001791977,0.00183735040880102,0.00319189790489804,1.0,0.4,0.2,49,2.0995004307708003,4.24202592095384
29,29,0.13604181959123604,0.29806559989116027,0.24777830121872443,0.17330596133830803,0.09495502818845641,0.08061678314834077,0.00142893857002846,0.00283160465349198,1.0,0.4,0.2,53,1.9009958110045568,4.09868498427317
29,30,0.1267653522939132,0.2960722058427497,0.26183209460831874,0.23994124165716674,0.07513586778569091,0.0656375268842789,0.00783531415847185,0.02227486623680499,1.0,0.4,0.2,61,1.785291742652984,5.86581996395925
29,31,0.13032838217402334,0.3000649328170728,0.27334554733012956,0.2593618764474298,0.09505211299076136,0.07213920909648006,0.008108193309189719,0.01509366848398866,1.0,0.4,0.2,63,1.837474463272924,5.809286529378074
29,32,0.12752423276732816,0.2993016395522405,0.28035754539730373,0.2685889362079429,0.08673038524861075,0.07079092733739417,0.00742201699357114,0.014037469449018899,1.0,0.4,0.2,65,1.871806439741945,5.858684680988472
29,33,0.1278768498351898,0.29941927216139685,0.28043869706672403,0.27699471997184394,0.07887089800800268,0.07062520835988614,0.0073272803573729796,0.017260697310838673,1.0,0.4,0.2,66,1.8364080702057204,5.988032632765395
29,34,0.12058210284361197,0.2936991825497953,0.2824230177692947,0.2696725626823793,0.09483072139286511,0.06559200134267433,0.00621495010371852,0.013831785372851449,1.0,0.4,0.2,67,1.920975895479028,5.545677838288375
29,35,0.11956022668705094,0.29548470880228145,0.2921059531773781,0.27670187463488144,0.07750757036891083,0.06523044524170507,0.00637927246435709,0.01348313846279465,1.0,0.4,0.2,69,1.9334247626000456,5.5318043131726
29,36,0.11891306961449367,0.2967309941542045,0.3011094462789122,0.28820668286297424,0.08144192345631217,0.06531260855267551,0.006688005512601861,0.01413567218992155,1.0,0.4,0.2,71,1.8580464987313183,5.387607489474693
29,37,0.14585300365524134,0.3309027810920545,0.3587985371629348,0.45935867741831776,0.10236209064157414,0.0904882866717447,0.01585226388533522,0.016257986593163527,1.0,0.4,0.2,94,1.8927822418624067,4.714052417033436
29,38,0.13895342669979813,0.3326666921728964,0.37682907867139637,0.4876453602468387,0.09382816385374532,0.08373598167081155,0.01666038590219991,0.014835613748733458,1.0,0.4,0.2,99,1.896351667602192,4.720203037070349
29,39,0.17448362364823708,0.3907581709846535,0.4757245047585344,0.6138350621032856,0.12933302588896137,0.11949550630409016,0.005068413326542421,0.0376289710142894,1.0,0.4,0.2,113,1.867544780944293,4.976735031585944
29,40,0.1762324205848893,0.39614187552931596,0.48913585323883396,0.6432491226451793,0.1336216613067208,0.1216877167486817,0.00967759859972951,0.027858422818039554,1.0,0.4,0.2,116,2.1301568944741853,5.400615849979088
29,41,0.18016442361085686,0.3872257940028271,0.48577331462880313,0.6555841301724733,0.20759173135914064,0.1345143007430213,0.00484951331097601,0.021749798837159502,1.0,0.4,0.2,118,2.125538493337592,5.008494492674394
29,42,0.17981134640165033,0.38590174012989337,0.48430515693131726,0.6692963671683029,0.1480990381976818,0.13348767326755342,0.00514075068407674,0.02605694193754295,1.0,0.4,0.2,119,2.122048857071141,5.026360957363858
29,43,0.16427321264902378,0.37869476085559445,0.49331753068421524,0.6723223074769245,0.1276742861034005,0.11966426474013421,0.00505458430183901,0.01901002514298005,1.0,0.4,0.2,122,2.1473961527768908,5.008334000149777
29,44,0.16202263976694875,0.3599243707583431,0.44962235623797103,0.6982588360136448,0.13092230561699916,0.11283867591926593,0.010226097241856861,0.03575128992668347,1.0,0.4,0.2,125,2.3012263659906376,5.393802482472308
29,45,0.12804335922572754,0.3346091284485425,0.44057624220433256,0.6547681635330627,0.09398098018117354,0.08118725787538844,0.009900540984243809,0.025583780458266668,1.0,0.4,0.2,126,2.295361121869916,5.092765014974162
29,46,0.16182786532201543,0.36026996033482533,0.45754391317040854,0.7072631154608466,0.1516408520744308,0.11285553517281861,0.01119508753131931,0.03892676628695731,1.0,0.4,0.2,127,2.335853235962095,4.927904235093575
29,47,0.1628239438137998,0.35649846564375526,0.45307349643356615,0.7027561296049938,0.13949347021159456,0.11287851626370729,0.01177151514115187,0.04972975140203259,1.0,0.4,0.2,130,2.1430464173142645,5.53340738333703
30,0,0.8941405501234148,0.9683632919862235,0.9724426161821368,0.13415729486586142,0.0,0.0,0.0,0.0,1.0,0.4,0.2,1,23.779070935152745,31.787767645164948
30,1,0.8395550510728221,0.9847161124215095,0.9752403199137953,0.18940024066198635,0.34339776293700275,0.06856530952957061,7.2517004905666365e-06,1.046172782243e-05,1.0,0.4,0.2,2,20.59329336396532,29.5843128399992
30,2,0.6775825479073757,0.9693042761608889,0.9508522405632492,0.28394955116607395,1.0740088584670744,0.19977268730591718,0.00079170692178841,0.0011954619897929,1.0,0.4,0.2,3,11.931823484360583,14.585460375552138
30,3,0.5180128408592377,0.8414973530750153,0.8125361219641142,0.22629573049970209,0.43336736994474356,0.16501446619292265,0.00072277358959993,0.00108584156753038,1.0,0.4,0.2,5,10.103891964858567,14.537544591742984
30,4,0.42993054058815683,0.7575843776461431,0.7225908397189025,0.1879876280885411,0.28873800399198807,0.1344261632971781,0.00080377062277444,0.00121371541940622,1.0,0.4,0.2,7,8.288371709175744,13.12955468562719
30,5,0.3719845742020334,0.696671410698279,0.6566807327356841,0.16546848503382677,0.24566398999229835,0.11767793245712783,0.00089493793506018,0.00131304379807525,1.0,0.4,0.2,9,6.93048094700741,14.954403378266925
30,6,0.3758988901667309,0.7005809625658174,0.6605867091715271,0.17360043179001466,0.12241981847756586,0.121669206892392,0.0008138224416541299,0.00122667724035183,1.0,0.4,0.2,10,7.070206885481834,14.4127793861737
30,7,0.3283686783118411,0.6437929644197424,0.5982222912207026,0.15516010303688205,0.39906168850798385,0.11412261274564961,0.00098380309889037,0.00141836667093969,1.0,0.4,0.2,11,5.465382211554537,12.076004212497743
30,8,0.2983493001462703,0.6070159239518553,0.5651610322736299,0.1512051065224133,0.2265004822165802,0.11208786933400301,0.00114478330372989,0.0016521035697201502,1.0,0.4,0.2,13,5.430258733094619,11.908439708657395
30,9,0.2977403419503186,0.6015510670887682,0.5514339866257801,0.15227304011546697,0.11728697625417718,0.11208299392587621,0.00104019627766992,0.00145797618403134,1.0,0.4,0.2,14,5.479315191206942,12.014145993823991
30,10,0.2754647305937085,0.5751336953090275,0.5304008178365313,0.14551842508127472,0.24867394647445687,0.10563566936122011,0.0012059087844370699,0.00172731960511857,1.0,0.4,0.2,15,4.15160734888007,10.412034376289604
30,11,0.2727829079247774,0.5692315883004156,0.5235535358660578,0.1504903138389233,0.1571018217344846,0.108147888240929,0.00113081015946127,0.00162742853199335,1.0,0.4,0.2,16,4.273074645357592,10.625385390638854
30,12,0.26055991680554846,0.5484274456366579,0.5003893244079015,0.14745380017171816,0.22930682118896725,0.10812281358419873,0.0012731179361918,0.00186797966130004,1.0,0.4,0.2,17,5.148048033995535,8.995198300433756
30,13,0.23610973696992837,0.495975045270336,0.44128751800570964,0.1435302537288104,0.2848701767930384,0.11446907679454901,0.00145721459297909,0.0017261686209692699,1.0,0.4,0.2,19,4.892352913627544,9.656424655120652
30,14,0.1948942019589066,0.4339089528391272,0.3748956321946093,0.12410031191143803,0.16538809808215646,0.0906153134195408,0.0014808311743754999,0.00201312744947991,1.0,0.4,0.2,22,3.4181589399289423,7.037419185208172
30,15,0.19690146296969216,0.42911031804080635,0.36877998773659965,0.1280655805031201,0.1647925924762655,0.09722189873431432,0.0017401060805613499,0.00274071333730621,1.0,0.4,0.2,23,2.893065638703235,5.9352468101824005
30,16,0.1873217933836676,0.4090531069011071,0.3467370758455776,0.12666910269185072,0.19729998026883752,0.09486371482192853,0.00159928743234934,0.00238964738373027,1.0,0.4,0.2,24,2.7485922039816213,5.94235585663196
30,17,0.18432506037072913,0.4019532715632411,0.33887917524617345,0.12759929907081025,0.13418239626551426,0.09452373145003362,0.00152418880737354,0.00228975631060505,1.0,0.4,0.2,25,2.9492305985848573,6.186837758873384
30,18,0.18072493631343264,0.3954400269176009,0.3318309126675962,0.12770320587966358,0.12122811870798586,0.09291894429420856,0.00135128695894804,0.00176290329782367,1.0,0.4,0.2,26,2.801105938117522,6.366608837689692
30,19,0.17791842864937563,0.39537514112920097,0.33960343406045024,0.13137760464055126,0.1092117433084721,0.0911117880670002,0.00144874502959844,0.00217961781928588,1.0,0.4,0.2,27,2.788907020106427,6.151725833517471
30,20,0.16929696103627798,0.35877472359490686,0.29810071370895425,0.13594385355470992,0.22448444790309985,0.09745241471809953,0.0018754649386205201,0.0035315137183555096,1.0,0.4,0.2,29,2.477839073130535,4.40143372031091
30,21,0.16522254636984016,0.35059078348778927,0.2966462701359412,0.1421883747850578,0.13502499290512426,0.09745241471809953,0.0018754649386205201,0.0035315137183555096,1.0,0.4,0.2,31,2.4026654774484504,4.007372544474666
30,22,0.16024596770162333,0.3357316929663287,0.28016339484894964,0.14418619269384494,0.18118749513967597,0.09700848675778272,0.0017995825190576398,0.00345363097822136,1.0,0.4,0.2,32,2.1513557088829165,3.719111619818594
30,23,0.15955288423664712,0.3384860513329862,0.2909043903821203,0.14703021718993542,0.10779854759944722,0.09701862061236369,0.0015628746797521,0.0029429040543273,1.0,0.4,0.2,33,2.170716058016798,4.21063203590074
30,24,0.15205422788178594,0.3160336099241107,0.26605580466971634,0.1464052827966127,0.21911327323477414,0.09566593552240744,0.00170786819609656,0.00317690055027715,1.0,0.4,0.2,34,2.0780104451950825,3.806937700682777
30,25,0.15096059690249278,0.3186718059411394,0.27673101671170436,0.16282334528425083,0.09856723584430004,0.09490772977874508,0.0017226815129462903,0.0032006471550052604,1.0,0.4,0.2,37,2.1036791475297303,3.7183892137666814
30,26,0.14870301405948677,0.31663448110233555,0.2821784114821377,0.17405013763780983,0.1308372260991892,0.0945665125612572,0.00148487574814087,0.00269819204232664,1.0,0.4,0.2,38,2.040213774214964,4.115548495188151
30,27,0.13910256986914696,0.2913006072128523,0.24693899249587056,0.21354206099891598,0.0983107525708892,0.0890709702630905,0.0016030586663921698,0.00287582880430607,1.0,0.4,0.2,49,2.8806914712481686,6.420733236474486
30,28,0.15062265781367046,0.2978389825360809,0.25271195518746864,0.23270654336667462,0.14261228536678783,0.10057880310276639,0.00258691562095978,0.00992687121130523,1.0,0.4,0.2,50,2.823874696817438,6.4234116838231134
30,29,0.1336286760928995,0.28080053826728363,0.24313903467692027,0.2194179708514845,0.12435472741040275,0.08698676753023743,0.0016329959802910202,0.00296030793108625,1.0,0.4,0.2,51,2.62474017222411,5.5638624532419065
30,30,0.15195501115955956,0.29329898699087836,0.24727669287643322,0.24929291969374148,0.11649678479568815,0.10363780932075486,0.00278677249218039,0.01114716308446364,1.0,0.4,0.2,52,3.025237941927978,6.268088998725086
30,31,0.14606766510439978,0.28809397667100517,0.24965259110627253,0.26280747984085345,0.11754670237554571,0.0997542341904702,0.00259674894047472,0.0081708712673027,1.0,0.4,0.2,54,2.942313249960485,6.273771684167105
30,32,0.1642368590783871,0.31979849047734393,0.3058395575030347,0.31264888109437505,0.12102232409177804,0.11832809472657069,0.00183947805052453,0.0081045339312984,1.0,0.4,0.2,60,2.3833919116028173,4.925845003149199
30,33,0.16180257811525692,0.31167666025921775,0.29686206439034973,0.31781094843964736,0.16374641609935303,0.11782284755951491,0.00175291560657296,0.00805134431404104,1.0,0.4,0.2,61,2.573154821301654,5.231368120858072
30,34,0.13275463208977328,0.2697563224736527,0.2380443170191407,0.2689141912947036,0.12027663459696233,0.09100875262843004,0.00183630489695332,0.0026527021777688698,1.0,0.4,0.2,62,2.3385883054651613,5.228492451333668
30,35,0.17436372970423727,0.32158435837969224,0.31386179597464825,0.3467631146187513,0.14180687871198008,0.12737095508827395,0.00251615194541235,0.033204150094260546,1.0,0.4,0.2,66,2.572802497894675,4.943638164759491
30,36,0.13170812743461277,0.2800213394900496,0.2799531883587546,0.33670434930480597,0.10228749479543899,0.09191292083108275,0.00214319260032675,0.00342549653290644,1.0,0.4,0.2,69,2.420837312659464,4.6185462950314
30,37,0.12849078668676187,0.27231067408501575,0.27157974742703855,0.34171329205178375,0.10850032152529103,0.0900601752710328,0.00215585672656445,0.00343547716251799,1.0,0.4,0.2,71,2.4974137878324725,4.666089160644503
30,38,0.1296673260979669,0.26793950111537573,0.2588949787674821,0.35133320142866004,0.09544840688000479,0.09168759115727676,0.0020151223674348203,0.0028945089859938,1.0,0.4,0.2,74,2.631658744927181,5.17141633232468
30,39,0.1305100198045775,0.2640289603844845,0.24678755162534444,0.35643296055920376,0.09512237515007854,0.0925311021561615,0.00207431118333932,0.00300465771198417,1.0,0.4,0.2,75,2.6535746735942967,5.017677458732647
30,40,0.1310595175768374,0.2676687571175773,0.25838011471857214,0.36111755981497723,0.10625090656240707,0.09354257581256524,0.0020591264002840703,0.00298099547055966,1.0,0.4,0.2,76,2.619558304193327,4.960107715067391
30,41,0.1278954875999067,0.2706185227796664,0.2772263465746041,0.35349079096287006,0.11571013079892584,0.08927669186191438,0.00204707125969436,0.01307034120328566,1.0,0.4,0.2,77,2.4183162861999548,4.785932187459862
30,42,0.18051926565973558,0.3130325096765247,0.31064881003109385,0.4099277220662742,0.16779166726787387,0.09003160720751538,0.00207474801588656,0.28047740408114313,1.0,0.4,0.2,79,2.4523959040946006,4.8789791743226685
30,43,0.12597358457825555,0.25947476692173504,0.26474150760496845,0.3678863987744557,0.10677693548891773,0.08998493904917061,0.00207180524071451,0.01309705562240448,1.0,0.4,0.2,81,2.449068641521188,4.882266890495719
30,44,0.12587726580463304,0.2572413583573938,0.26219905151678113,0.37612551698299224,0.10971179204199161,0.08874996527580259,0.0020604408922551597,0.0218004961518567,1.0,0.4,0.2,82,2.265792561670878,4.7738611833984805
30,45,0.12727061482195415,0.25632875025788926,0.2609540152231165,0.39008005432659115,0.10443842316649954,0.09076105795278108,0.0020901217893084,0.02183491385287667,1.0,0.4,0.2,84,2.355772371936273,4.808494836778957
30,46,0.7952807606809438,0.9184126076924396,0.9146729080427436,1.0622284349448476,0.7740628774374022,0.5990551886151537,0.0023110563807178497,0.821786789284689,1.0,0.4,0.2,85,2.360710290230361,5.054859328386227
30,47,0.3313012192148238,0.4511591589363703,0.4469496082802028,0.6100970692406815,0.31321171979237017,0.10040590074076308,0.00209170928297496,1.0,1.0,0.4,0.2,87,2.3717056206330045,4.951590951837024
30,48,0.12671983133666576,0.2499091054479366,0.25369178714232643,0.41877150606339447,0.10163137599989609,0.0888996222221382,0.00232444062442391,0.03585668884545658,1.0,0.4,0.2,89,2.552651408394136,4.945545850733573
30,49,0.1608435236770704,0.2879188032406981,0.29977358640261714,0.46620862129641977,0.13391629348175865,0.0888539567104164,0.00234848307098517,0.2076057594713617,1.0,0.4,0.2,91,2.5420393216829527,4.903478531050176
30,50,0.4230672264163823,0.5368667286177613,0.5393112833272955,0.728107588103085,0.4588031103748039,0.19496396432304383,0.0020891680374563503,1.0,1.0,0.4,0.2,92,2.8126279680669555,5.162348615921143
30,51,0.12513256148496238,0.24223573304677495,0.26019451828858137,0.4691793884642104,0.1418706103873162,0.09768163946424406,0.00284660662480834,0.00265037400258466,1.0,0.4,0.2,93,2.231238054401397,6.071898279275399
30,52,0.12465586031519703,0.24199970237933813,0.2675188329187259,0.4907931212162898,0.11037086338334937,0.09831569361710334,0.00273134483522767,0.0026873620193657,1.0,0.4,0.2,96,2.1575609190092013,5.989266339820266
30,53,0.11984912962603333,0.22542268378282754,0.2417632810822277,0.4941367338471427,0.14806276565281784,0.09497419515975009,0.00328529036586973,0.0028455094367901097,1.0,0.4,0.2,97,2.532399926009639,6.014331783998882
30,54,0.11905070289499325,0.22696285126585253,0.25116199042266674,0.4752097090119513,0.11266582783262896,0.09470699798196168,0.003289614880756,0.00283211777334408,1.0,0.4,0.2,98,2.527928094903481,5.868453854146704
30,55,0.11902983993497891,0.22649999219350284,0.25063753983900044,0.4796079363248912,0.0998109288295919,0.09480997369696773,0.00326203464547717,0.00278327705696717,1.0,0.4,0.2,99,2.5488224489053866,5.905558673724016
30,56,0.11792423311960396,0.22165291056896239,0.2452700755845912,0.5004206938467622,0.10969515722846421,0.09457333647898472,0.0032272814133717798,0.0028287274085305103,1.0,0.4,0.2,101,2.4893485212727144,5.934421648326068
30,57,0.11822300636281466,0.2147387408673666,0.23735711600197318,0.540619161468235,0.11108300468719871,0.09650134143426532,0.0032508665431489002,0.00276438153590806,1.0,0.4,0.2,105,2.7400561144557187,6.103861572417404
30,58,0.11225215053562168,0.2099127317085884,0.24022874943980096,0.6613412020597762,0.0940123645501203,0.09171425475113933,0.0021574244422875198,0.00283717165171531,1.0,0.4,0.2,133,3.1279101071822426,5.91662748568587
30,59,0.11157501608001787,0.20319805809872446,0.23268479100739667,0.6752700198280852,0.11489723601061146,0.09224348741079617,0.00233048289345231,0.00296485507320188,1.0,0.4,0.2,135,3.304722868509825,5.638579279911829
30,60,0.1133458032862454,0.20365309856275532,0.23295961498541123,0.6768762075571805,0.10502191739604955,0.09425224713946628,0.0023620757690561702,0.00310997577364483,1.0,0.4,0.2,136,3.253196246174737,5.498281868153917
30,61,0.11121290966893888,0.19878292789753538,0.2277150481976382,0.6833245091139749,0.11332859912039182,0.09272086855693552,0.0023376130422334803,0.0030272255739744298,1.0,0.4,0.2,137,3.337185185666548,5.626467999449263
30,62,0.11086151893739486,0.19723301023799356,0.226001399835913,0.6917600774427101,0.09834723787108104,0.09270434146045532,0.00220098325646956,0.00288018987037448,1.0,0.4,0.2,139,3.010866667010199,5.402405436120503
30,63,0.11097544516121643,0.20082738189307142,0.23761708206350532,0.707212531841527,0.09839904607940987,0.09304741006256262,0.002188225256361,0.00292101969569979,1.0,0.4,0.2,141,3.084151082946808,5.437390921528154
30,64,0.1102609341946668,0.19209510447499048,0.2202453040583016,0.7150576184787872,0.1063466555864288,0.09296645135456284,0.0021418938566498498,0.0033531856383089303,1.0,0.4,0.2,143,3.084966113777859,5.483551795528072
30,65,0.10731501299650076,0.18246826424550802,0.20215868264144504,0.7097166446401221,0.10723767507369522,0.09057480690044192,0.0022374991377337302,0.00262343747617632,1.0,0.4,0.2,144,2.63040155741876,4.799388542307356
30,66,0.1076076282097058,0.1777446218647739,0.20430991555358163,0.728836744002588,0.1160177773333914,0.09265550861839597,0.00236484345030823,0.0028331315205693897,1.0,0.4,0.2,147,2.9695639297151164,5.480149932403408
30,67,0.10328806182730127,0.17250277218200813,0.20649855042823226,0.7642102702107707,0.10985636641157243,0.08944725143099111,0.00233097335290847,0.00263911922158243,1.0,0.4,0.2,149,3.258897452851908,5.8269955295954645
30,68,0.10369323900451335,0.17706758876894435,0.21917833730543065,0.7940862582361075,0.09290263858875727,0.08992332429643143,0.00224638662016238,0.00287041412014337,1.0,0.4,0.2,151,3.2597296591190488,5.690953993789264
30,69,0.10358025659200107,0.17187562942854792,0.20574786958579203,0.7781232362807677,0.09465709767359162,0.08990125301087737,0.00233756124166124,0.00268670917073545,1.0,0.4,0.2,152,3.160856957922713,5.989680883414451
30,70,0.10232013445602206,0.16876658756513502,0.20239058230560486,0.7698672701058737,0.09467977909179982,0.08905499191371018,0.00224571943468821,0.00254069670720537,1.0,0.4,0.2,155,3.000842309953988,5.303700635756115
30,71,0.10143470888915364,0.15595145462586774,0.18042007302175278,0.7717060135820214,0.11593935499349192,0.08937795584057937,0.00253467127759424,0.0026870775970442,1.0,0.4,0.2,157,3.406739355562045,6.779537011615568
30,72,0.10157734437549364,0.15186210029195377,0.18332866965231526,0.7732995232481567,0.15260147353517528,0.09104680456773684,0.00264369325179728,0.00272219786415849,1.0,0.4,0.2,158,3.467207347764942,6.232707468883943
30,73,0.10022816251707932,0.14435661880614217,0.1674423909302207,0.7867930347360034,0.09508344332734366,0.09002253067994476,0.00252504988659003,0.00269546607328373,1.0,0.4,0.2,161,3.323647119719622,6.611738950568361
30,74,0.09981696163632957,0.17835803564943134,0.26652041005037813,0.7547276156766992,0.10767862899327697,0.09004013607632654,0.00248671738847411,0.00269388750940813,1.0,0.4,0.2,162,3.29715055451024,6.561546904893202
30,75,0.1005077806464184,0.15598130091321097,0.20326408170473131,0.86801318054143,0.09233593769490596,0.0908063904387795,0.0024103509091329,0.0025300730531927903,1.0,0.4,0.2,170,3.390916792438215,6.407374616415735
30,76,0.1014230704343876,0.14991350551365676,0.18870661519027307,0.8610424149399125,0.10968856700226931,0.09210797076105588,0.00246025841698054,0.00254480689951701,1.0,0.4,0.2,171,3.4982190110884788,6.5725927232353705
30,77,0.09983920484289956,0.15424901913834763,0.2089567991377081,0.8922375348915773,0.1146704857660863,0.0910536594707025,0.00246151171460314,0.0026772830646761498,1.0,0.4,0.2,172,3.301610449625672,6.114029836699038
30,78,0.09921414258615838,0.14206645991634118,0.18011484655455948,0.8670318460108422,0.10820939641274592,0.09081183326966984,0.0024978041699216602,0.00266709630377651,1.0,0.4,0.2,173,3.156325636715493,6.438613911436457
30,79,0.09912432829611743,0.14185749296486877,0.17989010560757607,0.8714701216186241,0.09307518378627835,0.09074147867182988,0.0024964832921188203,0.00267183045262181,1.0,0.4,0.2,174,3.179632066295875,6.441580052714361
30,80,0.10002716448636928,0.13609898216577263,0.17325494174112238,0.8712949562692021,0.11661927494612892,0.09273250183572315,0.00250107722143438,0.00270710154250814,1.0,0.4,0.2,176,3.3476049263480925,6.427222911820428
