Run,Equation_Index,Hybrid_MSE_Train,Hybrid_AIC_Train,Hybrid_BIC_Train,Hybrid_MDL_Train,Hybrid_PSM_Train,Extrapolation_Divergence,Sensitivity_Interpolation,Sensitivity_Extrapolation,Lambda1,Lambda2,Lambda3,Complexity,MSE_Test_Interpolation,MSE_Test_Extrapolation
1,0,0.8372598687164453,0.9486567526907619,0.9417337553353287,0.13528239988769905,0.009920853863098603,0.09757868222658594,8.861105154716001e-05,0.00013727376188964,0.1,0.6,0.8,1,13.089856425920146,29.46462435963484
1,1,0.5617514959516837,0.827313325397914,0.8135360987310372,0.11218713904789283,0.39995332641836406,0.1557382141956265,0.0008563261527664799,0.00110040812941802,0.1,0.6,0.8,3,6.892321886701513,14.276639369627066
1,2,0.4182904086525524,0.7314129520079357,0.7073547321913041,0.08850179131101671,0.27452779668099153,0.11339002594220635,0.00043748261150294,0.00055855510617742,0.1,0.6,0.8,5,6.719644286110709,16.46563854205786
1,3,0.4074604014168955,0.7228721264410661,0.6979945429973704,0.08888356280433383,0.0526972255130137,0.10380001368906189,0.00026493942579056,0.00027435538241641,0.1,0.6,0.8,6,5.971136928207853,15.332833167123203
1,4,0.35062499927374013,0.675840565373052,0.6456460697306966,0.07570539974413004,0.2813909629302831,0.10252984042705596,0.0003197271093918,0.00041645192398015,0.1,0.6,0.8,7,6.454015167677085,15.016053914465123
1,5,0.350205172775138,0.6755211184651884,0.6453058613918269,0.08209243682076876,0.012091043814556203,0.10122903153660183,0.00032174305679509997,0.00040737714833258997,0.1,0.6,0.8,8,4.665617321569218,14.681124910992857
1,6,0.31505116237511027,0.642657304092774,0.6088883563562487,0.0745304257711483,0.18974977251660796,0.08956574450197843,0.00017627010589146998,0.00020522414629180002,0.1,0.6,0.8,9,4.58424092106464,11.59332880730974
1,7,0.285574767356892,0.6127631585859017,0.5756607641363695,0.07022411169070336,0.1791058586989049,0.08402897597757193,0.0002623613188887,0.00033859425114585,0.1,0.6,0.8,10,4.727096961082463,12.65492177522426
1,8,0.2737408766248512,0.5952236448778525,0.5483880517320632,0.06615370552743301,0.08893682180002548,0.09465487890225435,0.000142800394523,0.00017204344260654,0.1,0.6,0.8,11,4.504053104038573,13.380889710899057
1,9,0.23108802585894,0.5490690271869187,0.5046654524369044,0.061531209669746935,0.15635167954747198,0.09431783734224289,0.00020228390701102,0.00024338915557918,0.1,0.6,0.8,13,3.679845970546298,11.80882354995702
1,10,0.19550468486527972,0.499990953717577,0.45002691234712516,0.05571604989992192,0.15205626037273454,0.09582524475514752,0.00018636406114101,0.00022747086359358,0.1,0.6,0.8,15,3.6446842274705857,10.4457528141161
1,11,0.1872351833453368,0.491718608667317,0.4484755092253689,0.06021029127887168,0.045916935096149636,0.09573857766279924,0.00018375961069171,0.00022432185149824,0.1,0.6,0.8,17,3.826793397795948,10.885958459678807
1,12,0.180083229265615,0.4762482567260069,0.4236718624674986,0.06044460487361965,0.0683254194307514,0.08887672483292638,0.00024345903091350002,0.00027251767707105,0.1,0.6,0.8,18,3.552239324762595,7.428283940322431
1,13,0.16555027254865895,0.44717754133779436,0.38358158419748856,0.057046370129658915,0.08248952318669026,0.09651914150283533,0.00019280310096529,0.00024195019229562,0.1,0.6,0.8,20,3.847001797011548,9.54078295323976
1,14,0.1440744941298037,0.4174541500767588,0.3658178344277552,0.07561736760816992,0.12171400069181049,0.09524079340017624,0.00023352673184268,0.00026120430975648003,0.1,0.6,0.8,22,4.063094923041829,7.896751754657279
1,15,0.14313642710102026,0.41541281271758074,0.36351795969461315,0.06665186136641556,0.023303365531445137,0.09789753652568009,0.00021369217725718,0.00025329083941938,0.1,0.6,0.8,23,3.880179439669651,8.01640706266584
1,16,0.14296877466646613,0.41968388921277194,0.37592564814316465,0.0692457067552638,0.012037886403902182,0.09791372798455704,0.00021483504061232,0.00025506133135404,0.1,0.6,0.8,24,3.898173275017335,8.042270442988439
1,17,0.1426599434515282,0.41911211244299523,0.3752925688687942,0.08783006004261568,0.011657253941873398,0.09651889108190176,0.00028350672477519,0.00034132620971017997,0.1,0.6,0.8,26,3.5082505103591743,9.415724039235696
1,18,0.1299463797919702,0.3929401399948218,0.3461080498183313,0.0913231784610672,0.16416316989281665,0.10180414212330591,0.00028020402324573,0.00029259447797404,0.1,0.6,0.8,27,3.712263873771877,7.99624039378768
1,19,0.12503518819310666,0.387697739558093,0.34798969244255573,0.08118218154404656,0.06354006183411262,0.09612984744996902,0.00027942823992022,0.00031370731258696996,0.1,0.6,0.8,28,3.6926766499075794,8.270085022765517
1,20,0.11029359897317038,0.3517714981237504,0.30045672010927116,0.07923068919815261,0.09891068676310794,0.0871812654328808,0.00026437295544474,0.00025801883713575996,0.1,0.6,0.8,30,3.230469356316984,7.5538373189807535
1,21,0.09392334613147789,0.31422776404532626,0.2663134799594341,0.09839330082966759,0.039028970573724314,0.08709601225706129,0.00030167861915648996,0.00036429787006714997,0.1,0.6,0.8,38,2.627058946473026,5.193526983530653
1,22,0.0924625497228386,0.31452828562617,0.27427935462243536,0.107974452989209,0.022303030623393515,0.08927464326625163,0.00029385496342612,0.00035172268753751,0.1,0.6,0.8,40,2.6344347769799805,4.767959192257015
1,23,0.08696123204267087,0.30008422651207695,0.25825394357201964,0.11069242711121763,0.08952623126096078,0.08484241439699639,0.0002884862021154,0.00034655126550921,0.1,0.6,0.8,41,2.381405857179218,4.813190745738976
1,24,0.08542821815700287,0.3077595588572023,0.2896529233947774,0.16903168410952527,0.014975798423843667,0.0943272952107032,0.0002494793005744,0.00037022422361513,0.1,0.6,0.8,49,2.367184624885653,5.476973277932091
1,25,0.07531067179054125,0.2739274045672182,0.24441369165221316,0.16431019266726543,0.17399612734334666,0.08829680038329003,0.00023732419574638,0.00035534830623491,0.1,0.6,0.8,50,2.4962125596578826,4.741040343297204
1,26,0.07318418964118602,0.27161696271930397,0.2494883206374357,0.17387590910159878,0.029438315371025748,0.08910355218419734,0.00023347953455092,0.00034769036058483,0.1,0.6,0.8,52,2.481109951483433,4.891780412097967
1,27,0.07198215183117011,0.26790533531771543,0.24536539504758523,0.17677205304922997,0.03025836699886722,0.08839441964250637,0.00023401274309844,0.00034613087421486,0.1,0.6,0.8,53,2.5482266712434254,4.6411422500175865
1,28,0.07242919573703185,0.262596999921923,0.23169417258725344,0.1696815165260842,0.01986069124727125,0.09720192926802942,0.00022525397725482,0.00045410867001428,0.1,0.6,0.8,54,2.759996141592307,4.744592938397721
1,29,0.07161654719780701,0.27089364993145093,0.25632503854440536,0.1955825962405956,0.00975096239244845,0.09032085247526143,0.00022941330619324001,0.00033681684202296,0.1,0.6,0.8,56,2.49706878194218,5.353201094155955
1,30,0.0715479890459254,0.26850798827015604,0.2535624952961261,0.20037472549043442,0.019995390352254658,0.09879419886940516,0.00027541885463148996,0.00042988680881923,0.1,0.6,0.8,58,2.877951231506179,5.551683530681658
1,31,0.06520368093634608,0.2436613778600965,0.2183132023992234,0.19815643548076373,0.1234906043023497,0.09369595036237945,0.00026727773428253,0.00041677611774434996,0.1,0.6,0.8,59,2.8699314271433005,5.9893273945044125
1,32,0.06498468154246931,0.243381600249114,0.2180240733446196,0.19808571183388632,0.01011956386126745,0.09224243836888268,0.00024868548236904,0.00036682005205553004,0.1,0.6,0.8,60,2.8139138757139976,6.234806530901827
1,33,0.05669253905550503,0.21533099165562886,0.18689320794336722,0.20161058139520466,0.1658967880340957,0.08433402090866206,0.00023719196386132,0.00037477786676339003,0.1,0.6,0.8,61,3.02793648882702,5.806231574565619
1,34,0.05554677932839039,0.24295903653619977,0.27121471360874577,0.43731181564937577,0.009577185715145584,0.08502921979777282,0.00030200300744243,0.00033585879262808,0.1,0.6,0.8,104,3.1403113033547485,7.078077206323661
1,35,0.05323727187976084,0.23411417935533074,0.26137587644917587,0.4489537264364492,0.03421517411450881,0.08517117227636359,0.00026404775822587,0.00028559568009445003,0.1,0.6,0.8,106,3.373579616850154,7.082228823054459
1,36,0.05352174610496054,0.24351975718317836,0.2871179442982787,0.4863772378277351,0.009306431948878232,0.08772569386460696,0.00029401628815793997,0.00033021589851321,0.1,0.6,0.8,112,2.9238390020606446,7.044888372749534
1,37,0.05161648937541464,0.2367367991954707,0.27959851814256703,0.48509738417776893,0.046495669190372874,0.0845809897561125,0.00033395128533065,0.00036034601681848,0.1,0.6,0.8,113,3.366868293296837,7.021486146787641
1,38,0.048117029774604546,0.2223915636387734,0.26363257449359295,0.5078904099520667,0.05027001837277905,0.08477622454000434,0.00033047370971182996,0.00033652610693393,0.1,0.6,0.8,115,3.363858811695135,7.413102752164208
1,39,0.0485384841548899,0.2266585055097171,0.27596168673591953,0.5226053914328976,0.015314703723422179,0.09179484729179296,0.00031147965536037,0.00029563730794869,0.1,0.6,0.8,116,3.379798068395775,7.065540051105257
1,40,0.048384464484249864,0.22595251433037772,0.2751736588726439,0.5269311940472945,0.013821896485868993,0.09184867530597228,0.00031850200166649997,0.00030773095010183996,0.1,0.6,0.8,117,3.266631110898093,7.136071742926869
1,41,0.04801882916585625,0.22439105425158382,0.27343570636541215,0.5219798780341021,0.018549339104352587,0.09185771907421764,0.00031895139234818,0.00030804611397397,0.1,0.6,0.8,118,3.274143603291616,6.93481093613362
1,42,0.047941044802851975,0.22872628208618445,0.2859174442362539,0.5544066438913144,0.01099473587075369,0.09179484721699047,0.0003114796554214,0.0002956373087403,0.1,0.6,0.8,119,3.372350626702615,6.901477469880719
1,43,0.049343134858551095,0.20764836438878997,0.23154076634666376,0.5151021828257522,0.01993170432819473,0.09274838725524263,0.00049497226742786,0.00335303517820527,0.1,0.6,0.8,123,3.2288884355293064,6.137743649650901
1,44,0.05647612233428244,0.22303180135533565,0.26313263683332677,0.5678620799262887,0.0220456814360235,0.09129819330066499,0.0029955929945625,0.010933328965867909,0.1,0.6,0.8,126,3.328413482168646,6.442729618361394
1,45,0.056938787258541755,0.22798390364421067,0.2762426921756398,0.5788047868252794,0.02099177905626424,0.0946775320849758,0.00426311667011978,0.01018003975199566,0.1,0.6,0.8,127,3.3314287535310583,6.46739453028088
1,46,0.05648598106380929,0.22624779739737894,0.2743180584299899,0.5782696888235179,0.02971471332949935,0.09394612454126475,0.00426862853126081,0.01018310011318366,0.1,0.6,0.8,128,3.315168673745676,6.514712592329953
1,47,0.05582102828895888,0.22062167844970312,0.2604647395341249,0.575950066088951,0.022251902084742082,0.09047248312598394,0.00329182877080227,0.01065391470855037,0.1,0.6,0.8,129,3.1702966374865404,6.3673199233383215
1,48,0.045302080126915625,0.2144585882361688,0.26244000769839626,0.5831671590674772,0.010020679163915774,0.0873573514951799,0.00023910892256201002,0.00027601551028739004,0.1,0.6,0.8,131,3.213143025135268,7.220308707387182
1,49,0.0471862412524155,0.20592138950587033,0.23737532169550585,0.6046033804683352,0.013172394159283892,0.09188124295640429,0.00220184455076453,0.0010477411048770099,0.1,0.6,0.8,136,3.2045506495048244,6.797802320408979
1,50,0.04569746560795229,0.2059885644129372,0.2451714254351416,0.6316387492208834,0.02209940035052993,0.08480908867441025,0.0021783485766885,0.0012083598720310999,0.1,0.6,0.8,138,3.405814145692254,6.768189026444627
1,51,0.045212273666592855,0.2015670143531949,0.24017633941593072,0.6416133778355665,0.040642684467905095,0.09113687660799283,0.00224609712617463,0.0011839279846834702,0.1,0.6,0.8,139,2.9142494801417413,6.895359264024465
1,52,0.044430153705203444,0.2042276402297669,0.25084306087633057,0.6407448538837283,0.019523504672183438,0.08806308747541972,0.00221161482558877,0.00102959931513085,0.1,0.6,0.8,140,2.9789796723317474,6.766438578934634
1,53,0.04430435362128965,0.2037265738537305,0.2502873969648963,0.6558151883541372,0.013716061652424732,0.08786547798239797,0.00221213766790255,0.00103026458332284,0.1,0.6,0.8,141,2.963925024547488,6.672962371847732
1,54,0.04259890699643584,0.19762240307549522,0.2510575457508688,0.5244860077499919,0.07799548077759033,0.0879259878413424,0.00249695408422128,0.0018081208927859399,0.1,0.6,0.8,142,3.345523754515208,7.00993879745841
1,55,0.04175942799811306,0.20842650602691978,0.28607428687843167,0.7013671680653256,0.013059097806135221,0.09430996003689184,0.0017491656407904398,0.00125143971092077,0.1,0.6,0.8,152,3.394146804450976,6.942523132490615
1,56,0.0391858175540153,0.1964612021694704,0.25773318392987027,0.8521755448368598,0.009245775619304772,0.07940765624908294,0.00126175324429703,0.00032770647898489,0.1,0.6,0.8,170,3.2373113035351864,6.707212881581091
1,57,0.0404565435709481,0.20100831998792487,0.2702647622750167,0.8606363710937214,0.016519187938026945,0.09089989835703728,0.00170198494531085,0.00059341035641195,0.1,0.6,0.8,171,3.047722160958206,6.985758553333455
1,58,0.039345319425613194,0.1959326898324201,0.2646223638776102,0.8826226842769199,0.020177827424626676,0.08874939734255158,0.00226939613616473,0.00036149804542098,0.1,0.6,0.8,174,2.8639486621617527,6.682602735838602
1,59,0.038860307326569504,0.2132542769796408,0.3145559134304015,1.008008074102075,0.01039743318340671,0.08765672066150607,0.0015683275207882899,0.00061147843322404,0.1,0.6,0.8,195,2.8104686199952864,6.646772554198771
2,0,0.8673151832938498,0.9603995965589357,0.9547566060689647,0.13886651423888619,0.010336018552392197,0.10173320939439785,8.792394336514e-05,0.00013742905866666002,0.1,0.6,0.8,1,21.73034360222208,28.895647767692
2,1,0.780116200527357,0.923877396755567,0.9144989772946949,0.12792833746296683,0.1973678101979321,0.0685751386722694,7.545453570267952e-06,1.0338059721000001e-05,0.1,0.6,0.8,2,20.42263599209333,29.5843128399992
2,2,0.4950116509771259,0.7855220556389861,0.7673521428539148,0.09839249313707435,0.8792718094094731,0.1294491884453261,0.0007345466780239301,0.0008299192732569899,0.1,0.6,0.8,3,12.704018825639118,13.828726050692763
2,3,0.37438764358651994,0.6967366160385908,0.6686898194484875,0.07923558905995123,0.26491241676146543,0.12047926936865458,0.00039031399095075,0.00048359078662425,0.1,0.6,0.8,5,10.086453929360736,16.765719489150523
2,4,0.30004294975490525,0.6279663743400744,0.5925012480713198,0.06392255150822614,0.1987736442274589,0.09117945007136016,0.00027247777220254,0.00033018806342435,0.1,0.6,0.8,7,8.272135843632332,15.05576012606247
2,5,0.2589401423498324,0.5835485385115913,0.5434210611640536,0.05591777774575819,0.12455342290713073,0.06033412828190997,0.00022142032497983002,0.00027590378755709,0.1,0.6,0.8,9,6.4774618985351,13.092693501450462
2,6,0.22936744622991123,0.5478292846864402,0.5037174005337506,0.05275568831824268,0.10743086466393835,0.056125465909752835,0.00019539141112585,0.00024577627804001003,0.1,0.6,0.8,11,5.39697313534022,12.802735136614098
2,7,0.20744645423073008,0.5250757338361596,0.4929334321715895,0.06107393332655841,0.12442399315153789,0.12234524253413767,0.00023834378826279,0.00043119052954143004,0.1,0.6,0.8,13,6.542159678292957,6.316236919963333
2,8,0.15584006892020602,0.4443214433475695,0.4034066104444147,0.044280958615696975,0.233261806844307,0.09185248828435502,0.00020799016649176001,0.00036196182810448,0.1,0.6,0.8,15,5.208062203470777,4.992569848226962
2,9,0.14131286908966606,0.41778635448197954,0.37394817821922904,0.04473741753167149,0.08361114652201802,0.08562044578752401,0.00018802464741258,0.00032367966759902,0.1,0.6,0.8,17,4.217654168550851,6.444089449022743
2,10,0.13079783981697585,0.40125045293679734,0.3632137330535273,0.04730121229939316,0.06870071422419026,0.08412722864387326,0.00019427685510837,0.00033193525193012,0.1,0.6,0.8,19,3.722303966485248,6.319557706432972
2,11,0.1022850259284422,0.3344329191444195,0.28869342067641174,0.032946329257654866,0.4028126507109344,0.0930700712611934,0.00046577293641014,0.0006937019868097401,0.1,0.6,0.8,20,4.371212102823602,3.849761882117241
2,12,0.09167238527968068,0.3092646880135069,0.2682203248148031,0.034271295764008884,0.09981271454835991,0.10414781473392942,0.00038653201038482,0.0006417807976704201,0.1,0.6,0.8,22,3.61417438766466,3.3710408853864022
2,13,0.0767173199209519,0.26784431040868356,0.2222663635928428,0.03087210381479129,0.12541244175236946,0.09212076314834444,0.00033680989794522,0.00055686281630308,0.1,0.6,0.8,24,2.961048119714977,4.6847435183030175
2,14,0.07242596108560055,0.2532524793563439,0.20597901129326843,0.03276095674731023,0.09668783648742947,0.09651896416160813,0.00032150512242531,0.0005339033843878599,0.1,0.6,0.8,25,2.961960658310288,4.514137985623968
2,15,0.06560521092300806,0.23487822473325873,0.19318445883408367,0.04320808326657818,0.07638201183650405,0.0961367996086102,0.00033428260224918,0.00055383448081137,0.1,0.6,0.8,27,2.8466009697000687,3.7659394986206975
2,16,0.061765057050156044,0.21655616006729084,0.16513558583829635,0.02612786219424293,0.08941768051876924,0.09624998397098128,0.0003365859576802,0.00055949897438709,0.1,0.6,0.8,28,2.5996623070174785,3.827553831088155
2,17,0.06192965636679573,0.2165441459504448,0.16509611192721066,0.03359829175102794,0.011207718616221118,0.09871727994084274,0.00033740067171904997,0.0005399610848341901,0.1,0.6,0.8,30,2.6236021067963264,3.7660541152394975
2,18,0.05857690885761208,0.20983816157517285,0.1653323150369108,0.04353176303388494,0.04150220665503133,0.09465249240711857,0.00033033339341943,0.00054873773673865,0.1,0.6,0.8,32,2.662415885816936,3.699841287458448
2,19,0.058356451471571,0.20933034188877428,0.16478034003726746,0.049402103492870136,0.012237241668837138,0.09289235743382648,0.00034243489885023,0.00061407343265815,0.1,0.6,0.8,33,2.745102634738623,3.5276927885663887
2,20,0.05491362109797367,0.20112020945418688,0.16331192336284747,0.07500179354829967,0.01897542164947638,0.0936250125388226,0.00026308704072227,0.00041214366000509,0.1,0.6,0.8,41,2.853889052334385,3.7527686310985935
2,21,0.053500609379433024,0.21072151032793437,0.1970132578540247,0.12536340010698177,0.012470409029175684,0.08840085981616339,0.00027301462047446,0.00048296568219028,0.1,0.6,0.8,48,2.9306129039549647,3.705876814923799
2,22,0.05183645369192376,0.20344062377481273,0.18140173577066457,0.21264153272208178,0.00861556930928042,0.07031516784010361,0.0005197593206404799,0.0009369972739721901,0.1,0.6,0.8,64,3.004900737828958,6.589603980359204
2,23,0.04655140824306051,0.1789974637985963,0.14660784436857763,0.2106833929795167,0.11804642610579424,0.067092702380707,0.00042282324587237,0.00068632072911178,0.1,0.6,0.8,65,3.500071536702236,5.854366588770028
2,24,0.04506401021516838,0.1719860647048435,0.13877964555592784,0.21708812787527895,0.04936249193747612,0.06961198580564346,0.00040478299464751996,0.0006554148006763601,0.1,0.6,0.8,66,3.543275391823472,6.855158183966077
2,25,0.04418921709115541,0.1713544513924218,0.1456817269689799,0.22408742245302668,0.04080876886218354,0.07239009096827638,0.00045240175243261,0.00081725900742437,0.1,0.6,0.8,67,3.44756317502936,6.999419475150799
2,26,0.0414925283955315,0.1633949576908817,0.14445820025079883,0.2331387906140741,0.044985580649280175,0.07407413699884809,0.00045488058735687,0.0008144804387008899,0.1,0.6,0.8,69,3.415616708416178,6.981943431098717
2,27,0.040299953129125245,0.15772248504466144,0.13813755105644415,0.21086216181452028,0.015003094732782425,0.0748727893667723,0.0004502411183738,0.00079752123176631,0.1,0.6,0.8,74,3.201261826031119,5.829840378551811
2,28,0.03987994064115682,0.15743748954998024,0.14538370702477052,0.34991455698918145,0.01076123830655667,0.06499222545069551,0.0009565450835115599,0.0026592934816765503,0.1,0.6,0.8,95,3.143394057513707,6.030874578320774
2,29,0.037664850043968516,0.1655514179549209,0.17752229521318502,0.3966032446135019,0.012146752314560092,0.06449888110347932,0.0005730501816128099,0.00140732690076547,0.1,0.6,0.8,101,3.207325620898847,6.211029638549062
2,30,0.03643840107483473,0.15581607101598977,0.15905416450924514,0.39945377013194305,0.03620556725999364,0.06413548641018424,0.00047558010545944,0.00128579275000258,0.1,0.6,0.8,102,3.1367988514584497,6.479594125643781
2,31,0.0354455485836057,0.1551180170703359,0.1659174170204422,0.41134155734389083,0.013056538958135125,0.06557111881298973,0.00040565084623441996,0.0013140357479671,0.1,0.6,0.8,108,3.119688773927304,6.050983727033112
2,32,0.035350432566414715,0.1640521838090528,0.191175704272841,0.4294270931502347,0.00820982131930261,0.06341770952353556,0.00045241414491451,0.0014837216721585301,0.1,0.6,0.8,111,3.214930263127211,5.775492303182396
2,33,0.03384789199032996,0.15692800279939656,0.1832553396441192,0.4636962807536299,0.01583923229035934,0.0641545745411489,0.00040007821699516,0.00133314770788211,0.1,0.6,0.8,116,3.216697492643742,5.834623045962762
2,34,0.03323538898526146,0.15424587181451682,0.1878080652352521,0.49846472430987004,0.02072108309706652,0.059779728679808394,0.00100334578509399,0.00271498165135101,0.1,0.6,0.8,120,3.5082113510895674,5.970143419371766
2,35,0.030453707342833078,0.14460121258921566,0.17720267917186208,0.5163961955188422,0.011690163806522094,0.06294348079592517,0.00043483030506584,0.00131731902618339,0.1,0.6,0.8,132,3.6161913912627006,6.34284075212659
2,36,0.03065479485517786,0.152138212381973,0.20082798136713523,0.5445279691392414,0.02149312224950866,0.06517809366231188,0.00053377407446394,0.0017604380721266103,0.1,0.6,0.8,133,3.2709312609781254,5.728073014491796
2,37,0.029952320098120846,0.1456874252530454,0.18604318226641536,0.5391859355419003,0.015965107489623983,0.06481121772780181,0.00043434497389534005,0.00133661292998206,0.1,0.6,0.8,134,3.4278111954303423,5.751370112807443
2,38,0.02804596385150435,0.14009441256568878,0.18747464725798263,0.5600865511578118,0.06639500589583382,0.06459694366205956,0.00044394339147980997,0.00133182647438211,0.1,0.6,0.8,135,3.4571311634665185,6.311958750770798
2,39,0.027652352447296507,0.13252942421638111,0.17138034264764096,0.5230044236866929,0.01701939256633351,0.0660219801960504,0.00045426010579866004,0.00136819285277977,0.1,0.6,0.8,137,3.546666505728388,6.359459666995993
2,40,0.026062853213522065,0.12823715265326435,0.17425737676043324,0.5286114930574731,0.025042845935001175,0.06446271616987108,0.00048965295652472,0.00153532595124962,0.1,0.6,0.8,140,3.3807772673031424,6.02964889031102
3,0,0.9555768668137777,0.9911510631622347,0.9891436679001142,0.14647060355362063,0.00891514699958107,0.08778581206603546,9.031977727618e-05,0.00010296740826477,0.1,0.6,0.8,1,14.961640076473866,28.895647767692
3,1,0.8693306056134228,0.9590138270736153,0.9536066885524365,0.13777751285520767,0.18027607290224393,0.06850582989372875,7.895862779124421e-06,1.034122417076e-05,0.1,0.6,0.8,2,13.68875858866604,29.5843128399992
3,2,0.5228524163965624,0.8065562201799408,0.7897019777163463,0.11102596126137691,1.0234408094298044,0.21855880905259423,0.0008557660831484401,0.00133933609332008,0.1,0.6,0.8,3,10.309447036400792,14.29096871035034
3,3,0.412279440075653,0.7273260789978926,0.7024961197759237,0.08581592724243718,0.2180681626897931,0.1407969666342121,0.00038779460373253,0.00059761674565983,0.1,0.6,0.8,5,6.591866314079854,14.214902074581236
3,4,0.3386765200182696,0.6650159532045137,0.6335301637391578,0.07307980817225063,0.18101808414013149,0.1086784775408077,0.00028805247555166,0.00042485987779683997,0.1,0.6,0.8,7,5.908334833801098,12.880663183771752
3,5,0.28431613353154417,0.6111377631970458,0.5736088010837843,0.06425514457168033,0.16500289469855264,0.10552964155069103,0.00023947514687923003,0.0003549526141679,0.1,0.6,0.8,9,5.439737501367577,14.759330919084857
3,6,0.230916506449126,0.5486821553120712,0.5042421656819458,0.05284524257502331,0.18582631876958897,0.0931424877273834,0.00020965020824031998,0.00030456517514888,0.1,0.6,0.8,11,4.912291479322701,11.865572166081549
3,7,0.20679254473983436,0.515693695153048,0.46741014419682675,0.05176639328535489,0.10866479789123065,0.10380783741442734,0.00018375768726341,0.00027018138248655,0.1,0.6,0.8,13,4.147836228151353,10.406249093736363
3,8,0.20315006422264267,0.510659683419327,0.46185542119073975,0.0547394504767437,0.03682917857676107,0.099689753244913,0.00017706693314745002,0.00025817134483933,0.1,0.6,0.8,14,4.191206832961695,10.465996867971883
3,9,0.18959130280418848,0.49004240574349084,0.43880449353618534,0.05087901269592669,0.13537225227164926,0.10758600804778215,0.00023206649779417,0.00037946231447968,0.1,0.6,0.8,15,3.616239386923449,9.805892078791375
3,10,0.1849180843079585,0.4826891958127054,0.4306044973529768,0.05384987136165745,0.05443435496225472,0.10937334045283595,0.00020449207038294,0.00035119708101052,0.1,0.6,0.8,16,3.6002799402285777,9.785424340973762
3,11,0.17224916479402366,0.4668835187374266,0.42068841470082985,0.05417053899399734,0.1275497610031459,0.1081004926600762,0.00020615106275750998,0.00027242470318682,0.1,0.6,0.8,17,3.678339555289246,7.697232194688054
3,12,0.169156275201256,0.46210400756460746,0.4154376537296644,0.05761720638782327,0.03457147057874939,0.10226460945331872,0.00019346969998451,0.00025103928132925,0.1,0.6,0.8,18,3.586699250443253,7.978287667538775
3,13,0.14371041230076828,0.4136273923101265,0.3540834672039972,0.04220455869374281,0.24814073352948998,0.07917473543308765,0.00024496680253083996,0.00028033377146521,0.1,0.6,0.8,19,3.1106672422611785,6.9817580194912665
3,14,0.1403793812928313,0.40724299920175316,0.34698264484182,0.045932040334977144,0.0447528704877083,0.07898841361186693,0.00023109385143918002,0.00025797894728469,0.1,0.6,0.8,20,3.189703838545508,6.713747080973197
3,15,0.13175031465785994,0.39118154679754097,0.3363993243346828,0.04862151344686303,0.14881529845390695,0.1091830767305855,0.0003006976715142,0.00042938486742363,0.1,0.6,0.8,21,2.933367769292089,4.804842780412551
3,16,0.1244708609306348,0.37463587334305554,0.31068027601946224,0.04303248201047473,0.05923406651759483,0.07949181036762192,0.00024849392534608,0.00029875821265212,0.1,0.6,0.8,22,2.8552210761526315,6.118887747860314
3,17,0.10757244222259131,0.33639165080931355,0.27541142230074944,0.04229195287249258,0.27654364731658215,0.11039702698871656,0.00026420749783314003,0.00037559493619355,0.1,0.6,0.8,23,2.189674730212498,6.160350652227969
3,18,0.10340189419033935,0.3261768120149641,0.26405634453684074,0.04522690941770009,0.06950473290057457,0.10935243923660665,0.00025232696884052,0.00035966568377849,0.1,0.6,0.8,24,2.2039079841476243,5.692321563313717
3,19,0.09724281059260445,0.31163211296111687,0.24793184262005535,0.04130791751993394,0.09415548428385852,0.10323908670287704,0.00029727498915206997,0.00038460440446511,0.1,0.6,0.8,25,1.710768755383691,5.082954987834793
3,20,0.0892632077429156,0.28925338543481355,0.22300004249104646,0.04126981265678866,0.13991544884757254,0.1056502266268324,0.00027227995395623,0.00036984454703793,0.1,0.6,0.8,26,1.6575911174005886,5.169813764586188
3,21,0.08731197378319565,0.2832141351373576,0.21625371271123414,0.043036881405668484,0.04687261597003366,0.1081017162655015,0.00024268687152679,0.00036027052224767,0.1,0.6,0.8,27,1.6471718341248225,5.095460233614741
3,22,0.08452812114906491,0.27993165236811623,0.2202793374042002,0.046810012236340036,0.053962773418532596,0.1056502266268324,0.00027227995395623,0.00036984454703793,0.1,0.6,0.8,28,1.74519507316661,4.719754787426999
3,23,0.08100785884355066,0.26477619515891254,0.19574336165352688,0.050129752823561455,0.07376622993900094,0.10722203038639996,0.0002477750356597,0.0003410055844885,0.1,0.6,0.8,29,2.0678271908275367,5.082898025420631
3,24,0.07899058652674075,0.26352000910137996,0.2020278312510276,0.05232543428353041,0.026477537860148847,0.1045487088563712,0.00026076156507779,0.00035409056018376,0.1,0.6,0.8,31,1.7121390603296065,4.275314787285945
3,25,0.0740002158403824,0.25376327669097337,0.19147797621599033,0.0544286363804228,0.0486006546842918,0.07704828323275673,0.00028277719794997,0.00035321302956025,0.1,0.6,0.8,32,1.5782884295549673,4.447827654430273
3,26,0.07176254835861834,0.2454082214195274,0.18954092826521438,0.05576830318652255,0.10023679032822948,0.1028715037417075,0.00026952119793247,0.00036554735161081,0.1,0.6,0.8,33,1.5184541956990043,4.039082190833533
3,27,0.07015072419726275,0.24051528289933602,0.18411747618450555,0.07861693890302324,0.02406478831159898,0.10096870014335817,0.00026955379878565997,0.00035600674891261,0.1,0.6,0.8,35,1.456519007036439,4.2060338116796405
3,28,0.06944127276371147,0.2379034132819264,0.18119953167673106,0.0815296466734243,0.02624707216116575,0.10196991856282252,0.00026647806707562,0.00035522688745997,0.1,0.6,0.8,36,1.4557769395559166,4.255316053764492
3,29,0.0664956447659715,0.22804690977796727,0.17023915371906503,0.09660002928906186,0.03868397941122334,0.1007412964946646,0.00028387432022841,0.0003845406530034,0.1,0.6,0.8,38,1.511203933427563,4.519033460729562
3,30,0.0647551786214115,0.22578529168394162,0.17534170630195775,0.10149962966499973,0.024633646266572117,0.1043588408660984,0.00025004161172098,0.00034004135365616,0.1,0.6,0.8,41,1.6119465052640105,4.310644115048729
3,31,0.06300845295056819,0.2257911859863926,0.1830747846681594,0.12262730525637534,0.01779500342881406,0.09753516289646205,0.00029066806371443,0.00036297990917558,0.1,0.6,0.8,44,1.5828515467426425,3.490591199605558
3,32,0.062062690761270946,0.21680915853297347,0.16537764415119827,0.0957879317328744,0.03874534982758233,0.09660544309692123,0.0011281553875475401,0.00035878952379853003,0.1,0.6,0.8,45,1.5502027284332234,4.071820530566048
3,33,0.060146685663815785,0.21405617165512641,0.1699588199432287,0.11596241923056706,0.05298557033232991,0.09660562218476063,0.0012600099111675501,0.00036020921717498,0.1,0.6,0.8,46,1.5868240899906794,3.752017443669097
3,34,0.05902468744206527,0.20954448139817464,0.1649243788602209,0.12555808022671625,0.037457650214927654,0.10179153705901704,0.00040965384342423004,0.0004918170465147401,0.1,0.6,0.8,47,1.833097264620374,3.337279910939742
3,35,0.06124626559683517,0.21081066800763232,0.16604389442570489,0.12815996587927528,0.0208709926198985,0.09788258434766384,0.00103272254553495,0.00372040910752678,0.1,0.6,0.8,48,1.7608258496484748,3.3424449879549383
3,36,0.06124626497259523,0.21540998423452823,0.17881721185726673,0.13958800119128936,0.01338427603617647,0.09788258144666906,0.0010327224447166101,0.00372040884083485,0.1,0.6,0.8,50,1.760825826530963,3.34244492410914
3,37,0.055883711416504604,0.19764430491937374,0.15916270362884272,0.14144528978967083,0.10861036501123046,0.09408184844621542,0.0002606587829054,0.00346005999715491,0.1,0.6,0.8,51,1.7284790631179037,3.3263311702657985
3,38,0.056177694921031716,0.19688378509034163,0.15824322088073278,0.1524916405706046,0.017034181772886743,0.09730990856234528,0.00026540400398716,0.0038622488325148396,0.1,0.6,0.8,53,1.74600953053558,3.304923683693892
3,39,0.05298505569111016,0.19055868911390517,0.15144656051973782,0.18938819457040693,0.01683567511048768,0.0982772342523966,0.00050255602670495,0.00087154489333237,0.1,0.6,0.8,57,1.961934853510361,3.2470929271767943
3,40,0.052716901443322944,0.18001731404227245,0.13187595237552338,0.1887075293391828,0.019886470420436238,0.1116778641118018,0.0005432052346287699,0.00119887202882767,0.1,0.6,0.8,63,1.724317581008596,3.256555028821067
3,41,0.0501293781065297,0.1733667982171841,0.13212126896974563,0.2096968484850146,0.044588172883868814,0.11145093833275237,0.00056517861625839,0.0012884149176474,0.1,0.6,0.8,65,1.8211614833946976,3.07700205884505
3,42,0.04970618848757288,0.17603374809247627,0.14273973093320624,0.23369746821947207,0.016333885220875016,0.11268040697996398,0.00054015225883347,0.00119915488389703,0.1,0.6,0.8,68,1.8161645639280384,3.130920053312973
3,43,0.047312184159948256,0.16624808849495745,0.13187007642526724,0.2515984755839635,0.03998907201168824,0.10885569512593969,0.00048711742547545003,0.00147556522879335,0.1,0.6,0.8,70,1.832190343984843,3.0566138526155835
3,44,0.04688909875347739,0.16858761646596995,0.14211552274355377,0.20196479666923922,0.019321942209338118,0.10984732122521071,0.00048418261717169997,0.00149506228796106,0.1,0.6,0.8,72,1.8334944292105944,3.0686508294360846
3,45,0.046300412305018926,0.16600301355039024,0.13924064949603857,0.2630296430908272,0.027205812895321962,0.10983699375314178,0.00048479851407036,0.00147614631403466,0.1,0.6,0.8,73,1.8125371782862705,3.13415517507993
3,46,0.04298855831516182,0.1624665340562031,0.1506888902520909,0.3137412741185952,0.02336836328638306,0.10834330672427002,0.00054841814639167,0.0007775171365029,0.1,0.6,0.8,79,1.6862820324622558,3.517553692060864
3,47,0.04229177250570118,0.15927420990977229,0.14713779699181562,0.3044340931659949,0.030066812219703844,0.10753148661197998,0.0006317031716814001,0.0007955401787102899,0.1,0.6,0.8,80,1.7155945235255423,3.4961018964783497
3,48,0.0413757814946739,0.1550960036863502,0.14249188585537134,0.3116371242689782,0.03557146093960803,0.1070146157143466,0.00063991092299918,0.00080462465208509,0.1,0.6,0.8,81,1.719042928962507,3.5077418033437744
3,49,0.04114137626998919,0.15853952437634702,0.15397763709198814,0.3288367390865025,0.018446857156181468,0.10698164788709016,0.00064071870958164,0.0008209901202916199,0.1,0.6,0.8,82,1.692117636612564,3.5848307435693343
3,50,0.04080387740017629,0.15700017552361892,0.1522665041568118,0.33689088229772085,0.020475950516224486,0.10689147134593042,0.00064261774393322,0.00080657028057208,0.1,0.6,0.8,83,1.677696545066959,3.579227074784968
3,51,0.04084830271738337,0.15694070401605845,0.15219226686601425,0.33692587532427487,0.012548257498704697,0.107187123947077,0.0007158716356875201,0.00080447239736457,0.1,0.6,0.8,84,1.68457541347022,3.5609929550909447
3,52,0.040776678240919066,0.1606006365520367,0.16390241066328992,0.3636347763243687,0.013001272933122384,0.10774308332639078,0.00047771566510968,0.00110967054534735,0.1,0.6,0.8,90,1.6562039753142257,3.646946946013625
3,53,0.03832451906619769,0.1480300701577833,0.1498885104929169,0.39068500160110753,0.037119124509215264,0.10955847610945069,0.00049281999155689,0.0011237712690523398,0.1,0.6,0.8,93,1.715254811096794,4.228812557213271
4,0,0.8377010565593583,0.9487502107949752,0.9418624706371366,0.13516212126843202,0.009702282143829658,0.09559539567105928,9.493716685976e-05,0.00010722534575984,0.1,0.6,0.8,1,13.040061715331635,29.46462435963484
4,1,0.5666254875602101,0.8279906625878466,0.8148713231015945,0.10869739417771708,0.3790512305901006,0.1114656059090984,0.00050394091603144,0.00046825780627921004,0.1,0.6,0.8,3,8.719929030288716,15.479649207675216
4,2,0.5450542188074939,0.8157700043541894,0.8012054649322337,0.10890673975450496,0.08606675118931771,0.11449810288661677,0.00070128577131766,0.00065162904301968,0.1,0.6,0.8,4,8.864707953398392,13.98618109273724
4,3,0.4061268875238078,0.7228114171487514,0.6973389574733226,0.08539499670622067,0.5714464224361467,0.1531243114400406,0.00035248898926266,0.00054737197903741,0.1,0.6,0.8,5,7.336547791394227,14.665688848219276
4,4,1.207088190237172,1.521963184629957,1.4871094797571849,0.9040333325716785,0.8921429069273069,0.25783185292960364,0.00768831301549721,1.0,0.1,0.6,0.8,6,10.036117374119527,11.68619144704774
4,5,0.3312213373607957,0.6583916000835935,0.6264185035958071,0.07211623640232064,0.2811863501377492,0.08513672134773002,0.00038686399300778997,0.00040424640392506996,0.1,0.6,0.8,7,7.004100357851257,14.42964170386005
4,6,0.320183190829319,0.652592985867319,0.6276385150862354,0.07409579398427589,0.06795593906213042,0.08425604638281194,0.000326536042841,0.00034198095104922,0.1,0.6,0.8,8,6.767150701931115,14.701670699708504
4,7,0.27177279174355345,0.5973528910956691,0.5582218519395995,0.060678519441903736,0.3147056420723144,0.10978888856195783,0.00022127497527893,0.00032697601594623,0.1,0.6,0.8,9,6.458990341571592,15.034469411214523
4,8,0.2655546356927092,0.5956328166811987,0.5643224016542382,0.06468791531657571,0.027807659574914476,0.07793333209500455,0.00026718249721091,0.00028597558636782,0.1,0.6,0.8,10,6.154605018130162,12.675364143828183
4,9,0.21433829551277203,0.5268345808407692,0.4799821807756715,0.04636175790147232,0.3831125622426218,0.0883878599004779,0.00019484984018502,0.00028518159489157,0.1,0.6,0.8,11,6.123197808653483,12.161858920938997
4,10,0.19635184422816349,0.5011238335679857,0.45133898229246944,0.04499331721271527,0.08416416021053122,0.08992662944383326,0.00025181214030089,0.00034951680234747,0.1,0.6,0.8,13,5.845689935841233,12.255700738222172
4,11,0.17456028962214346,0.4696644338528998,0.4165706956741754,0.047318738341930885,0.09465466501014688,0.06944677363448701,0.00020672802710352,0.0002211571004846,0.1,0.6,0.8,15,6.694453673754633,8.637118384480454
4,12,0.1551775307789993,0.44105416668703107,0.3922942505734865,0.04678018385724568,0.10686117466671469,0.07708888665783481,0.00021209823884897,0.00023078775306756998,0.1,0.6,0.8,17,5.740217640001071,7.635570500923073
4,13,0.13898940490012482,0.4139234332092067,0.3697519493480173,0.04627229262264677,0.09536849872710687,0.07708888665783481,0.00021209823884897,0.00023078775306756998,0.1,0.6,0.8,19,6.103711844307528,8.328652912034617
4,14,0.11927932388706898,0.36586460923147357,0.30835726586150847,0.04378394481820403,0.09850354521089438,0.09786329137587396,0.00027726596888961997,0.00035776360415412,0.1,0.6,0.8,22,3.9633155709457566,4.091712492800152
4,15,0.11399369330573993,0.35809446306030973,0.30736352534659966,0.05868155791160253,0.045038300153964365,0.09786329137587399,0.00027726596888961997,0.00035776360415412,0.1,0.6,0.8,24,4.188416638951533,4.573266150086148
4,16,0.10893937961634687,0.348584138725498,0.2969781862065818,0.05401213611125122,0.053044997133169604,0.08132092993543145,0.00022567971974787,0.00025533833617043,0.1,0.6,0.8,25,4.216912317771357,5.166547720298439
4,17,0.0832050735012883,0.27939071755677236,0.21987250512256856,0.045415130600076764,0.41261460778518155,0.08896016551659794,0.00024650956721394,0.00031613725010281,0.1,0.6,0.8,26,3.685021756659819,5.859042303620728
4,18,0.08079813024140821,0.27639917701940897,0.2241708034980675,0.05310809170693742,0.0320669680955331,0.09141958446131238,0.00023855052741027002,0.00030686689770311,0.1,0.6,0.8,28,3.6016553572436085,5.230248037897917
4,19,0.06769947149869292,0.23488564726121577,0.17797074104678143,0.03861885486322555,0.12929822527786675,0.09096467080454959,0.00024249506170295,0.00030863985928334997,0.1,0.6,0.8,30,3.032246886256641,4.183840015900443
4,20,0.06468376382002745,0.23067461707829637,0.18101505802641837,0.055948227543671236,0.01804320590072063,0.08405429340771989,0.00026198674279174,0.00030857528897856,0.1,0.6,0.8,35,2.8869109660306376,4.070584654704694
4,21,0.06867081126213834,0.239280682797055,0.20524340159949161,0.16633427814739632,0.016966600345460697,0.0939433655311446,0.0049105329391286295,0.0028745102716603798,0.1,0.6,0.8,51,2.5828722469914323,5.035575723904982
4,22,0.06309685187214127,0.22689734596705935,0.18434082328015622,0.15299067666482624,0.01857000394516513,0.09356552207512382,0.00041349596876732,0.00038415670750328,0.1,0.6,0.8,53,2.571427884314656,4.382177724446089
4,23,0.062130345882017254,0.22415735943537776,0.1813225924140626,0.15985753518293008,0.023839101493677965,0.09125687861621212,0.00034299641670099,0.00037776485401848,0.1,0.6,0.8,54,2.5270418937712047,4.378355108796523
4,24,0.0620215131538525,0.22379243171306507,0.1809175018136512,0.17928889113809773,0.011665861241731927,0.0911574879943829,0.0003423032895947,0.00037783685721982,0.1,0.6,0.8,55,2.538595495124879,4.355803209789902
4,25,0.06164183919092009,0.22699075305517497,0.192130416374968,0.1827975859490963,0.01773755464279114,0.09125687861621212,0.00034299641670099,0.00037776485401848,0.1,0.6,0.8,56,2.52272507420944,4.494267520904748
4,26,0.058405417891519,0.2058634520384748,0.17572178240720937,0.18704822753517697,0.10255098147020948,0.09236239275020476,0.00490964335705394,0.00287760285168837,0.1,0.6,0.8,58,2.473678418913985,4.363888381548771
4,27,0.05780460562222261,0.2083861359428492,0.18619560185989004,0.19831765972238957,0.020062444997365925,0.09128072156318556,0.00491274627332247,0.0028808063562401403,0.1,0.6,0.8,60,2.566470741010149,4.488995769615725
4,28,0.05777225952201386,0.22205579311107093,0.22437301127958653,0.22230263508382936,0.01450398298187295,0.09128071992983128,0.00491274617937638,0.00288080633032246,0.1,0.6,0.8,66,2.5670830833116107,4.504147996907336
4,29,0.05332717972762411,0.19702911401803933,0.18129310120875278,0.21758833055751128,0.10055438514058175,0.09046617951625367,0.00428426529591589,0.00252985316984994,0.1,0.6,0.8,67,2.724439013189551,4.763184259678973
4,30,0.05257112632064372,0.18846711315741202,0.1640811542275956,0.28632315028562744,0.015911823752409234,0.09156561667150248,0.00436466958519869,0.0026435666710422,0.1,0.6,0.8,79,2.917302450486188,5.394779869239336
4,31,0.05219726295613147,0.19150035852530797,0.17511187287501276,0.3072749181235276,0.018384621240797983,0.09144912955753304,0.00436758227434664,0.00265073335358958,0.1,0.6,0.8,81,3.0202343272541987,5.530452960669432
4,32,0.051893294036445305,0.19316768480978194,0.18456523576010725,0.30741697038896965,0.024282907798497087,0.09602795825221691,0.00446651011588315,0.00263276402211675,0.1,0.6,0.8,83,3.03893486308938,5.404833197245495
4,33,0.05172726030940523,0.19287918082062006,0.19175635247113898,0.3288722483334339,0.027445358081159096,0.09797378272032183,0.00500216055766693,0.00355928263984438,0.1,0.6,0.8,86,2.799966722033354,5.496182914118684
4,34,0.058866961946603576,0.2215215150697345,0.2610500523535905,0.5608102406003932,0.023501729809629224,0.09997023304894789,0.00915187603966526,0.00967652575505317,0.1,0.6,0.8,127,2.845514260094045,5.497571631287926
4,35,0.0585874896196167,0.22572700803749815,0.2809153346290071,0.593062431913951,0.03309906480314369,0.10016615793790591,0.00989776041005788,0.010465169448336819,0.1,0.6,0.8,131,2.9433020566157566,5.565868144626771
5,0,0.7901125675418091,0.9296956258481219,0.9206474232561493,0.12985194363572655,0.009766857919566234,0.09627090878843272,8.861105154716001e-05,0.00010825051224332999,0.1,0.6,0.8,1,16.636630383757815,29.46462435963484
5,1,0.5660559935866414,0.8224690407504867,0.8012071976863315,0.10756130642132837,0.32194182902422674,0.10482828985965686,8.961949278335e-05,0.00010785408031215001,0.1,0.6,0.8,3,11.089581295997403,21.854475246009628
5,2,0.40558011999538446,0.7216545577419154,0.6964685584633317,0.08591748678207106,0.32081024028151667,0.11606408296314821,0.00042434443135736,0.0005106844165059801,0.1,0.6,0.8,5,7.661682809722552,16.5447371363478
5,3,0.3512135837917191,0.6761541767751019,0.6460868995210083,0.07518423466638617,0.13413653058293243,0.09575256909732235,0.00026856844045447,0.00028631569039308,0.1,0.6,0.8,7,4.793465169343609,13.116422041986764
5,4,0.29437873398408543,0.6218185498680909,0.5856285446075178,0.0664082906500007,0.16586197092943467,0.09481255623445703,0.00022420579027217,0.00024543252007466,0.1,0.6,0.8,9,4.770849052745682,10.64412161109064
5,5,0.2439987884708798,0.5652129672911412,0.5226931068665338,0.057147406539746905,0.1705503256571291,0.08924271669004111,0.00019818108932043998,0.00022317580914696,0.1,0.6,0.8,11,5.346862216118502,10.014513070760165
5,6,0.20747206853571964,0.5171410827339219,0.4691523188661672,0.05133710746133951,0.14893573829669066,0.09273311268022763,0.00018065799442818002,0.00020664687965957,0.1,0.6,0.8,13,3.9980954770622046,10.477765429357987
5,7,0.2068699864208303,0.5164331903812619,0.4684034288172399,0.055579377467886965,0.011287495606305317,0.08951386129004887,0.00016739052011949,0.00018681331347083,0.1,0.6,0.8,14,3.7613298979298606,10.683493037628732
5,8,0.1873829377341953,0.48727387345852385,0.435859534898952,0.04922442205683587,0.1825190202578812,0.09677573386364936,0.00020517822202864997,0.00024025837950833,0.1,0.6,0.8,15,4.084091896381677,11.216691172581095
5,9,0.17885948290784645,0.4738589813682051,0.42093104235264434,0.050384383470813275,0.08713000753384396,0.09690677211806883,0.00017182194387172,0.00022398630234017998,0.1,0.6,0.8,16,4.18368339462777,10.536977665193705
5,10,0.15758543085549925,0.43733284960286567,0.38020757913915765,0.041591577579939455,0.2245449295420181,0.10209161623437561,0.00023863942442637,0.00029762837517485,0.1,0.6,0.8,17,4.041548658225332,10.28784305644552
5,11,0.1553766268729212,0.4334630014471575,0.3759164719639364,0.0455845210375555,0.031918411818625106,0.10099025356230625,0.00021443841824665,0.0002760583435535,0.1,0.6,0.8,18,3.89428953056234,10.415490922211344
5,12,0.15117328097379124,0.42609944489256574,0.36776661417779377,0.04632056717300163,0.050125880653709536,0.09749776140159104,0.00018136753072573,0.00023100166650976,0.1,0.6,0.8,19,3.738193624278845,10.250942439227227
5,13,0.1443881674422313,0.4141243475050787,0.3545397120537775,0.048501682723676456,0.07295456747897687,0.08780168373054342,0.00022564882124507,0.00028786618394165,0.1,0.6,0.8,20,3.291261355593493,9.30657569273372
5,14,0.13593611749782644,0.3998229368356414,0.3460183671272974,0.0659065735277857,0.041936690309431174,0.11048608448284195,0.00018077741301050998,0.00034083693952351,0.1,0.6,0.8,24,2.718605295137648,4.379260946718092
5,15,0.10720162487641753,0.34148116576038645,0.288835424008554,0.06088988983299458,0.1895422350340435,0.10071941534713443,0.00023634105714984,0.00044561653469312,0.1,0.6,0.8,26,2.5875533687001964,5.306459282414554
5,16,0.10080402100810666,0.33890081992536975,0.3088996347821727,0.07975641832635108,0.05872847142726987,0.10288134879644176,0.0002502559715374,0.00046072012085404,0.1,0.6,0.8,28,2.3029773975056744,4.603623556435061
5,17,0.0923816519275282,0.3081438194865735,0.25941659763676145,0.06954518236138815,0.07067609991602632,0.09946922369051889,0.00017895288903782,0.00029737393056771,0.1,0.6,0.8,30,1.975764382579135,4.547527964947088
5,18,0.09163281189215018,0.3001921083554411,0.2428069043392807,0.07571741993144698,0.017883681751313482,0.10676856003846558,0.00028877746311362,0.00046594057935926,0.1,0.6,0.8,34,2.043515115770134,4.680392713705544
5,19,0.08574531119465531,0.2884233571735376,0.23740463466556871,0.08085992328455552,0.05591395486338945,0.10470709976621939,0.00019000292256205002,0.00033093350159588,0.1,0.6,0.8,36,2.01696609677738,4.160654813762584
5,20,0.08210431138523246,0.27734916825226014,0.2250602271272419,0.08433434981770468,0.07579536625174658,0.10508701938248932,0.00026584024750196,0.00043587423829982,0.1,0.6,0.8,37,1.967852962332752,4.473723456585629
5,21,0.17209943869134792,0.3708120736863286,0.3339014753314633,0.21161247592714758,0.11385250777113201,0.3737940603984851,0.0018985823633502498,0.08168079389271009,0.1,0.6,0.8,42,1.9202962467848284,4.869415273817394
5,22,0.18858352311131024,0.40063516047475495,0.40299874189727597,0.26260122030876426,0.16526599763164335,0.3920442707169794,0.00214216549702706,0.10540445321096045,0.1,0.6,0.8,44,1.9992899343011,4.94386707724404
5,23,0.18655757526549466,0.4095081846576062,0.435920140954561,0.291360686553656,0.13611759095511378,0.38976782507726726,0.0021212676011237797,0.10478902548232405,0.1,0.6,0.8,46,1.9219094197014408,4.98769603659606
5,24,0.18618713271966417,0.40872013737749796,0.43506413822054907,0.2910044309509344,0.12736255670395288,0.3893161141192017,0.00211774476263102,0.10461630226847325,0.1,0.6,0.8,47,1.8983233866373024,5.044615679283778
5,25,0.1853381468216207,0.39716158493981685,0.4069100505728973,0.27428940922036227,0.1364974761382434,0.3799755633566714,0.00216124346450662,0.10553827677677,0.1,0.6,0.8,48,1.8873638897646392,4.529073746789321
5,26,0.7325220218919141,0.9538931319074704,1.002352557256067,0.8978071447427306,0.6948851517690612,0.6272205079302097,0.0022247186498092,0.7656383196461161,0.1,0.6,0.8,54,1.7730264001188254,4.382659475680914
5,27,0.7284316625744343,0.9448929445573911,1.0000284967528112,0.9139628285801316,0.7016793177686864,0.6236982136933127,0.00223076715217893,0.7656459228566141,0.1,0.6,0.8,57,1.9321173099739253,4.11378922703166
5,28,0.726891819513424,0.936508175964567,0.9831191367515756,0.9083672819551633,0.6934064628537678,0.6241573507778091,0.00224491319602808,0.7647228804824395,0.1,0.6,0.8,58,1.8236185109456264,4.263621131396151
5,29,0.7265767726389195,0.9337685915872709,0.9800024684858988,0.9120712057298672,0.6953553570322122,0.6328885789407425,0.00221495776223242,0.7643999493957911,0.1,0.6,0.8,59,1.83746630693852,4.077686319280707
5,30,0.726448271078842,0.9328095803063241,0.9789147004717899,0.9159758770372997,0.6828854402713846,0.6346987282839577,0.00221402632835319,0.7644006636874512,0.1,0.6,0.8,60,1.8225290439521564,4.086798884048248
5,31,0.7250130985321334,0.9342796727984679,0.9882965120913565,0.9230634535027518,0.6888965766826818,0.6261812022948289,0.0022356692544991,0.7644397990825847,0.1,0.6,0.8,61,1.781362961609022,4.040792879693454
5,32,0.7343131392357389,0.9433233010157773,0.997300637182456,0.9399852802868831,0.685907539006178,0.6288492304920218,0.00220222555442332,0.7758734992882572,0.1,0.6,0.8,63,1.794421622207505,3.993525998386212
5,33,0.5959936017853399,0.791588592597828,0.8285677721904541,0.793963684665103,0.564697724888485,0.6063881891012844,0.0017303168179477499,0.6080540756491433,0.1,0.6,0.8,65,1.982818110416308,4.235567368634705
5,34,0.7265781266989045,0.9407196957990043,1.0178879231998983,0.973608995613497,0.688959826969788,0.6250385265802787,0.00231564344269071,0.7704879209936917,0.1,0.6,0.8,69,1.556597183567566,3.790094646118519
5,35,0.7254888352250075,0.9389862293161958,1.0160561117824942,0.9725002338445949,0.6819237904535952,0.6257107723588012,0.0023306698273366797,0.7693129088291648,0.1,0.6,0.8,71,1.6323564770401782,3.847903487589373
5,36,0.6345118707835649,0.8470823655739259,0.9314865808094992,0.9153523310406055,0.6331778800196122,0.5991623736543753,0.00201178986017334,0.6615307764358364,0.1,0.6,0.8,72,1.7116851834279971,4.314509316676707
6,0,0.720932368741651,0.9005583207684752,0.888096987296927,0.1224512862299744,0.010832720328629718,0.10672361445063176,9.131643205062e-05,0.00013196128042021,0.1,0.6,0.8,1,21.93838345927109,29.46462435963484
6,1,0.4997461874877035,0.7830923353591128,0.7572442945537046,0.0973887191897376,0.3530242572388511,0.11669834639378658,9.045536491199e-05,0.00013357753565268,0.1,0.6,0.8,3,16.18542845970604,21.854475246009628
6,2,0.36412859900654365,0.6879098636616138,0.6587466827459374,0.07748546662460412,0.30653714958548794,0.1307790119578736,0.00035680429616926,0.00053548616834225,0.1,0.6,0.8,5,11.178500682216082,13.685207032308446
6,3,0.34672535434050705,0.6723927312532495,0.6416646478440167,0.07563821110498989,0.09184729160918478,0.11535045364821847,0.00027873283593291,0.00043732230539869995,0.1,0.6,0.8,6,10.492117555132024,15.1242896315639
6,4,0.30002225529928267,0.6276115968416703,0.5918584999106477,0.06537415843396588,0.2680286474024101,0.11268824750485724,0.00026619887969149997,0.00038839331171116,0.1,0.6,0.8,7,8.513100696502745,15.13793180239509
6,5,0.28997106105025,0.6171674316268988,0.5802456855178387,0.06643370930443752,0.07128592141667812,0.11228780992575045,0.00022312154769764002,0.0003427499701255,0.1,0.6,0.8,8,8.068311947804734,13.377550140959206
6,6,0.24460702663189102,0.5660251839477765,0.523625377008301,0.052852044497388534,0.2880134139742667,0.08582747339810363,0.00022184168253260999,0.00032046220560053,0.1,0.6,0.8,9,7.770671992066681,13.10986860160062
6,7,0.23914791881255423,0.5595031262484255,0.5164567199136771,0.054802427773564366,0.041186193728751694,0.07881355105438685,0.00016153388923325,0.00024229922781192,0.1,0.6,0.8,10,7.396562914477401,11.941417733645544
6,8,0.1985875093467107,0.5047501677857338,0.455440741210672,0.04277575432869892,0.328336615216989,0.0850439157080167,0.00019609294231821,0.00027599040570663,0.1,0.6,0.8,11,7.44231898766013,13.557832570252106
6,9,0.18832361165838998,0.4897499935508761,0.43881389131524634,0.04273784508761394,0.09131729500748706,0.07936403278141561,0.00017025163466747,0.0002486131419847,0.1,0.6,0.8,12,6.791540269824382,12.08399834991688
6,10,0.18514342513740198,0.48411899702069366,0.432408289252912,0.04499825726185493,0.048552691143138,0.09105855263470139,0.00020644779446889,0.00028944364785869,0.1,0.6,0.8,13,5.913324096250499,11.80473375062202
6,11,0.1695799972731061,0.45942767817592456,0.40499635056220096,0.042451398207801,0.14770492142795927,0.08605673822689999,0.00013846480116462,0.0001963153923152,0.1,0.6,0.8,14,5.9219735175816455,11.392119560582074
6,12,0.16471138238822466,0.45588284540853885,0.4087199644155266,0.04992026962947728,0.03179693563063588,0.0848706909107326,0.00013048212613248,0.00018729368449997,0.1,0.6,0.8,16,5.960835117795016,11.35716078234652
6,13,0.31924786845125397,0.5912063176092553,0.5392163234938612,0.2292281553490251,0.4334974675210347,0.17137189191859833,0.00018510471707696,0.2118850503230157,0.1,0.6,0.8,17,5.069072430812469,8.140461881208294
6,14,0.9520658003355998,1.2032635616658136,1.153943828412502,0.8805494969686967,0.9831937786886573,0.427716628101527,0.00024687373943235,1.0,0.1,0.6,0.8,19,4.292221382587383,6.468702043777867
6,15,0.9478170474034308,1.198019692041222,1.1557616589134505,0.8867925690342723,0.8707740945238677,0.427716628101527,0.00024687373943235,1.0,0.1,0.6,0.8,21,3.793399801506138,6.66990373359391
6,16,0.42676279280388185,0.6746657274898459,0.631951165760855,0.37200318594148846,0.3468898499052705,0.2145682579533968,0.00021370477507807003,0.3775257482009184,0.1,0.6,0.8,22,3.78426348638678,6.772641047148882
6,17,0.5107512100752729,0.7584642512297185,0.715712539719699,0.45960990171894345,0.4096045644998363,0.22534520136066055,0.00020172198085434,0.48134686396883125,0.1,0.6,0.8,23,3.9530025723431073,6.479299371713674
6,18,0.42598543885476053,0.6774043454847645,0.6426505349862011,0.38083545064013,0.3326052860949411,0.21482667738394232,0.00021386237261089997,0.37752592511326283,0.1,0.6,0.8,24,3.8685139251939846,6.763651942774263
6,19,0.1081070932841329,0.3436449041125709,0.291236552674431,0.048318086384324756,0.07783771416523447,0.10181753921539649,0.00019552159208155,0.00041794903305709,0.1,0.6,0.8,25,2.992980501355502,5.809631532504607
6,20,0.10455960096576274,0.33441053597828224,0.2809237468170716,0.05183587525692036,0.06574808884339964,0.10510485890171295,0.0001817152471337,0.00040416538602396003,0.1,0.6,0.8,26,2.967516774051903,5.488160315955553
6,21,0.09605073768720845,0.3138576900231939,0.2581511622815665,0.043236155671132113,0.12274443022713995,0.09520055771036565,0.00030332256536764,0.00041351497742261997,0.1,0.6,0.8,27,3.3209850687715585,4.638345181310686
6,22,0.09336917615153528,0.3055282595863139,0.24880043079695832,0.050399225462027124,0.06321361607696482,0.10253280491856327,0.00021652943547851997,0.00044803737109885995,0.1,0.6,0.8,28,3.377453526428654,5.149469675534839
6,23,0.07728318241062533,0.26678546300261846,0.21352981012022687,0.04038358343718718,0.24826849191194977,0.08719398044067664,0.00016501906603235,0.00023661573108592002,0.1,0.6,0.8,29,2.3823489054438687,5.002943106305414
6,24,0.07327714092336571,0.25359401315160046,0.1988156156378768,0.043050985928063994,0.08691263520371424,0.08975594906654874,0.00018492488075971,0.00025619405648996,0.1,0.6,0.8,30,2.334198466147897,4.572886936210127
6,25,0.07331089249788808,0.2535580137993172,0.19876808078492136,0.046579657011069475,0.009940259380939386,0.09042708795269108,0.00018380923717897001,0.00025481801254424003,0.1,0.6,0.8,31,2.33351712546498,4.428347123189214
6,26,0.07091171254832097,0.2504863711705177,0.20300906237486027,0.05778358578208386,0.023946914991947323,0.08989952007584913,0.0001867377109718,0.00025902476802873,0.1,0.6,0.8,34,2.296963537933748,4.524994366407137
6,27,0.06250145246334636,0.21848923305476659,0.16725501051258268,0.060443907697009545,0.106334701521003,0.10093212174913405,0.00021342326781742998,0.00042151990484327,0.1,0.6,0.8,36,2.371209370053658,5.114600660603999
6,28,0.061983215713074774,0.2250654113944095,0.1898477192597848,0.09180992575617433,0.028261145321008527,0.10383509420311884,0.00022813141832879,0.00043831989263519,0.1,0.6,0.8,37,2.075652034507661,4.748735659548739
6,29,0.05992159306956656,0.22196279906051486,0.19404877110842117,0.10035986998908247,0.03278929829242857,0.10383509420311887,0.00022813141832879,0.00043831989263519,0.1,0.6,0.8,39,2.2061959833619125,4.490304393759489
6,30,0.05889540036269965,0.21334376530329885,0.1767931623445597,0.10627134694599528,0.03474231726633854,0.10515788110783877,0.00020293107835256,0.00038403042485228003,0.1,0.6,0.8,40,2.2838227942360003,4.696415742724025
6,31,0.05692471586582932,0.1975196190182383,0.1439092729244656,0.09019257113924573,0.028654113002164198,0.10159716152029337,0.00021268389253736002,0.00041093034469825003,0.1,0.6,0.8,42,3.162550351689223,5.635558991421904
6,32,0.05663119269273011,0.218476018243047,0.20546974551463656,0.13858495766651455,0.01286634861777273,0.10428854786289814,0.00022248716538749003,0.00046115246020445,0.1,0.6,0.8,49,2.040643906029787,4.586444423909276
6,33,0.27227806315641634,0.40750658420586733,0.3755297988255699,0.34216126288770327,0.36615801703073586,0.24101045945291463,0.00061057134402654,0.2598761400771753,0.1,0.6,0.8,50,2.895163813386417,5.341062603175591
6,34,0.30372341174960915,0.42557529214214534,0.38412516744332004,0.3768961997660454,0.33269210985922293,0.15199408867188485,0.00052464243171243,0.3137737744356485,0.1,0.6,0.8,51,3.033391653577481,5.430486125796373
6,35,0.8455655218593957,0.959927380795557,0.9173788628535329,0.9334311297054643,0.8292715765012042,0.10072619437775562,0.00088900276683923,1.0,0.1,0.6,0.8,54,3.5479798988685256,5.794989054476328
6,36,0.07974574664870593,0.19106953836795887,0.15558453386335877,0.19441650039779854,0.07526687316645002,0.17783881288216058,0.00051345588647943,0.03610511493169939,0.1,0.6,0.8,56,3.586677289208022,5.51074978444932
6,37,0.840820769220683,0.9364757830855044,0.8912226901375112,0.9543509996961635,0.8923941358677819,0.10600389600189215,0.0008132841515344601,1.0,0.1,0.6,0.8,57,3.466041580538468,5.564079341726158
6,38,0.8399495381627526,0.9375906605745237,0.900137932377783,0.9652499886943675,0.8299563399437674,0.10432167708694204,0.00079719122052033,1.0,0.1,0.6,0.8,58,3.7072326927645887,5.794863157110825
6,39,0.7280878270871238,0.87032389356653,0.9144124603280392,1.0248702047697462,0.6997871412839507,0.09941499364763753,0.00024430488447076,0.8616566254822032,0.1,0.6,0.8,85,3.2676401261644163,5.143308480175422
6,40,0.8376144988184963,0.9754611161455361,1.0189251058372542,1.1427576715186465,0.8259995008382315,0.09921684327554718,0.00026101192971305997,1.0,0.1,0.6,0.8,87,3.910994666334026,5.734024543100338
6,41,0.6944211680928556,0.8334844448778465,0.8846429856088172,1.0613663190925076,0.6718203653349081,0.1009390711359878,0.00022046803014811998,0.8219000373699578,0.1,0.6,0.8,93,3.250865497843712,5.071108390722964
6,42,0.83345840941874,0.9727981945740989,1.0465764166733338,1.3227653674878828,0.8145066282185168,0.099134299953531,0.00030576562215628,1.0,0.1,0.6,0.8,115,3.3129044024539325,6.308833711170363
6,43,0.8291512245246376,0.9430271886933925,1.0057393417358451,1.3204418856274442,0.8842054525909823,0.10322834753462065,0.00032474452575076,1.0,0.1,0.6,0.8,117,3.842243718874247,6.7136417077542205
6,44,0.8284776915669184,0.9567653574823631,1.0516267926051928,1.36657796921349,0.8385848818841849,0.10473806920135245,0.00037563197500934,1.0,0.1,0.6,0.8,118,3.6396419492124776,6.609727391610498
6,45,0.8284328077295784,0.956646968184405,1.0514982220123268,1.4141828570360715,0.8107269967172472,0.10470178204933492,0.00033291654724193,1.0,0.1,0.6,0.8,127,3.628334363090432,6.600699310667014
6,46,0.8283724685013751,0.9562120614823313,1.0510121214349797,1.4187166139588343,0.8133050121538768,0.10492644849188745,0.00032754208704321,1.0,0.1,0.6,0.8,128,3.644404925027763,6.567936903519556
6,47,1.4404167513531116,1.5978888092749521,1.757102795067224,2.2916333533485176,1.425248438819502,0.2423038662430995,1.0,1.0,0.1,0.6,0.8,177,99.25451496006224,103.9204812774428
6,48,1.4193431894818591,1.5919499692461054,1.783416028644281,2.3670349667575756,1.4052403328214151,0.10670836816401683,1.0,0.9914417026161472,0.1,0.6,0.8,193,66.22562836553656,133.71450881366195
6,49,1.4191337715456784,1.5999019579364078,1.807575283254967,2.4038241994867935,1.4056152880091441,0.10670836806368751,1.0,0.9914417033505304,0.1,0.6,0.8,197,65.97768919815357,133.228294935485
7,0,0.8057905007972993,0.9365477578869007,0.9281854596375361,0.13233407332294467,0.010549076469069796,0.10371668731584549,9.019766567700999e-05,0.0001541114225988,0.1,0.6,0.8,1,15.512390819361212,29.46462435963484
7,1,0.5652613743409997,0.821936290811208,0.8006337109780313,0.10728504754902211,0.34027416469251504,0.1029226711815451,9.041279984828e-05,0.00013009339141574,0.1,0.6,0.8,3,11.136550655184791,21.854475246009628
7,2,0.4011084711713191,0.718034055796597,0.6924829994384233,0.08461596490326677,0.3285897586607083,0.1127387502178154,0.00038204329348142,0.00047143196435837996,0.1,0.6,0.8,5,8.174220283047006,13.385275942392338
7,3,0.3878398507581809,0.7073302158222723,0.6806710374261493,0.08467761971079805,0.06772876599308876,0.1055535653837345,0.00027532881856525,0.00032747875947784,0.1,0.6,0.8,6,7.367133765951158,15.213414543669346
7,4,0.3304614342502818,0.657352407465338,0.6251421849023587,0.07255191574000276,0.29277654086543037,0.09670214020388383,0.00028518558160247,0.00035801753244894,0.1,0.6,0.8,7,8.258936396597127,12.051745253017906
7,5,0.31650635848596204,0.6442049368945603,0.6105829318577379,0.07247353648686201,0.08240351956765318,0.09132370459335457,0.00022099310286073003,0.00026070846495769996,0.1,0.6,0.8,8,5.883471346865916,13.46577931434142
7,6,0.2667585297865954,0.5918701149545587,0.5522465666550558,0.061021021014064016,0.3152038112480072,0.09846238817396699,0.00024720330114714,0.00031793672358278,0.1,0.6,0.8,9,8.207851785403237,12.530900071133996
7,7,0.2594880007569062,0.5840646996507907,0.5438390871038299,0.061420094369929366,0.03934290763916856,0.07475322676379151,0.00018861609937608,0.00022833705591154997,0.1,0.6,0.8,10,5.4998137449660165,11.431499362592106
7,8,0.21382820678898562,0.5266067635277317,0.47984759793188825,0.04839340762394451,0.3405801095693531,0.07794671740553584,0.00020756059241709,0.00026486851336454,0.1,0.6,0.8,11,6.907910782028367,11.358740750965175
7,9,0.20396165748251652,0.5129543948749574,0.4646516166935625,0.0491827104171535,0.08751731692278233,0.07867181955968068,0.00016923209279674,0.00021248164339087998,0.1,0.6,0.8,12,5.588473883030527,12.171472699633584
7,10,0.18285216353662598,0.480617110206678,0.42851890273566623,0.04397144349022957,0.20207521502496678,0.09091064339953749,0.00018243643666396,0.00023495690254124002,0.1,0.6,0.8,13,6.563281818509392,10.16436173111016
7,11,0.1767661691890629,0.47106130205759267,0.41789003239516515,0.0460742853414637,0.06469670409369829,0.0907732492486034,0.00015566692112621,0.00019735456469234,0.1,0.6,0.8,14,5.155980010948429,10.855492580343656
7,12,0.17473363207736956,0.4676300990291736,0.41405293147836153,0.051410125810773165,0.019765354450011024,0.0919083715530585,0.00018508247556526,0.00023465256041134,0.1,0.6,0.8,16,5.217301813755755,10.363955397491452
7,13,0.1576525036571094,0.437781420981144,0.38075277545143577,0.043518772953550784,0.18524472715501675,0.09792870513098352,0.00020963205305999,0.00033176337815267996,0.1,0.6,0.8,17,5.964765630919226,9.369599927603591
7,14,0.15445135445737881,0.43216162622245513,0.3745186179642226,0.05012885288437261,0.04134416278474436,0.09660193707700007,0.0001965963651696,0.00027767812970314,0.1,0.6,0.8,18,5.940454406577769,9.343837585827233
7,15,0.1529434518855773,0.4291087816772301,0.37107777249043145,0.047420203563414615,0.0302666187902849,0.09919468106067827,0.00024426833217587,0.00039446646759819004,0.1,0.6,0.8,19,4.587242342628413,9.470679235375236
7,16,0.1425889029560283,0.410324692035662,0.35026817840831104,0.05007054506930568,0.11265808910285434,0.09169334318682429,0.00022209114357768,0.00027448027708351,0.1,0.6,0.8,20,6.032709779476566,9.183249297531244
7,17,0.1394592120561393,0.40854093200680675,0.355900622700151,0.05172728778035654,0.048739374719915435,0.09459598512902376,0.00020892140435679,0.00032471052980987,0.1,0.6,0.8,21,4.635598940685025,9.68100507294366
7,18,0.13845636195736113,0.4018890557991373,0.3408419006379449,0.05434560805554482,0.021391637205794536,0.09517569954175034,0.00019238561233543,0.00027480903429556,0.1,0.6,0.8,22,5.229015393606377,8.537465510144745
7,19,0.12236540352198787,0.37176170472244385,0.314856242288614,0.04851086110730922,0.21644990919900714,0.10354650565716957,0.00022460057555756,0.00040040089692869,0.1,0.6,0.8,23,4.858325719564355,7.291105038354605
7,20,0.1183084385639228,0.36290803290772566,0.3050184547039032,0.05234290006381377,0.03588531586629114,0.10141898296860119,0.00025938311391494,0.00046104731847022,0.1,0.6,0.8,25,3.784528603375104,7.223830240653026
7,21,0.11674995166785548,0.35957084747389473,0.3013224324575224,0.057281910296497034,0.0288155266837507,0.10005347332555067,0.00024581689161321,0.00043870291858487994,0.1,0.6,0.8,26,3.649614766315629,7.103752872580704
7,22,0.10816625888153213,0.3437881572191151,0.291400593635831,0.05493617913103057,0.1283920697688833,0.10105792622750324,0.00024050508972178002,0.00042873379733350997,0.1,0.6,0.8,27,3.897975786785299,7.100388729052503
7,23,0.09600351251240857,0.31419816747346446,0.2585619303521151,0.04869736684164325,0.17508814998616776,0.09418742320497818,0.00017489306330474,0.00028463300177111,0.1,0.6,0.8,28,3.580700868619872,5.974019540829975
7,24,0.09304756387696812,0.30532422256328073,0.24862190070325468,0.05055280467494388,0.06466026092148223,0.09803663327837132,0.00023915157484877,0.00045573825837798,0.1,0.6,0.8,29,3.2166389737289807,6.331183053858124
7,25,0.08473477628334915,0.28334012946914056,0.22423829843687654,0.05011830454347358,0.13186811198307205,0.09091404632531924,0.00024052852931491002,0.00040815127318807,0.1,0.6,0.8,30,2.8959630412956288,4.788109944297096
7,26,0.07999165811169262,0.2694190547719376,0.20875009094732871,0.05591952207888351,0.089391349314901,0.09052884784461668,0.00023304126980432002,0.00039486152838859,0.1,0.6,0.8,31,2.700717346685626,4.813421143017534
7,27,0.07454907986868653,0.257298063095033,0.20291988654720533,0.04770210310370246,0.10546457959978314,0.09028633222997227,0.00021893783991567,0.00036700815700316,0.1,0.6,0.8,32,2.7827743316221536,4.770520267732868
7,28,0.06726862014116367,0.23312776198866142,0.17600644287188816,0.04448962161885707,0.1493638820696793,0.09186427724096564,0.00019824550802703,0.00031600986050203,0.1,0.6,0.8,33,2.6359585840762096,4.795820861828313
7,29,0.0663206040153257,0.2298181914667087,0.17232004029939638,0.047071618870032174,0.028797595746816788,0.09215649227469452,0.00019626108379569002,0.00031352947249536,0.1,0.6,0.8,34,2.636447762729273,4.830018080932591
7,30,0.06525457593652072,0.22558120613356264,0.16757931666331397,0.04953465038628124,0.03548303076190372,0.094625782641411,0.00018269472206453,0.00029118598849361,0.1,0.6,0.8,35,2.4892874730273795,4.559832389489756
7,31,0.06427013674768087,0.22838531274039936,0.17842854719524914,0.06517528942586397,0.012458374833410104,0.08825232953416914,0.00017727250010893,0.00027253141028163,0.1,0.6,0.8,37,1.9283699953087177,4.21223263960567
7,32,0.06399223164033596,0.22666467196987566,0.1764781500209528,0.08263612234665069,0.021400334987827178,0.09092766735092336,0.0001880003817224,0.00032091374548557,0.1,0.6,0.8,38,2.034554450185892,3.816009520552512
7,33,0.062239331989046125,0.22512020854540088,0.18241925258018118,0.08758566391953335,0.04422974725343142,0.09050725170673508,0.00018482469018111998,0.0003120255591444,0.1,0.6,0.8,39,1.974782721563768,3.9262565284425817
7,34,0.06123008960469779,0.2263434434189963,0.19144624184196132,0.09713760073205925,0.01874984077405488,0.08969724206907283,0.00017907323363465,0.00029349348669076,0.1,0.6,0.8,41,1.966598965246518,3.907069498107498
7,35,0.06081827925999511,0.22963026000771847,0.20276661298093707,0.11132882484744097,0.011631808169869114,0.08903523471751533,0.00018012957279719,0.00028962462735364,0.1,0.6,0.8,44,1.9948224681498803,3.920656480360138
7,36,0.059935035492711015,0.21713884151017568,0.17355204123270437,0.11126885596591739,0.018827918286124103,0.09005256262567196,0.00015068237531777,0.00021711730131537002,0.1,0.6,0.8,46,3.288194874428489,4.816280687139181
7,37,0.05993503568106464,0.2171388415073169,0.1735520412298456,0.11899470387883404,0.009269470740870438,0.09005256260260272,0.00015068237503968,0.00021711730083413998,0.1,0.6,0.8,47,3.2881948849700184,4.816280696734836
7,38,0.057495371143671654,0.20395908269616003,0.15123077592988338,0.11662196899865357,0.035158370664614406,0.08999279410533341,0.00014422159759984002,0.00020516739622013,0.1,0.6,0.8,49,3.493968766189938,5.087980373878642
7,39,0.055398965936737925,0.20416305611687624,0.16674402193136148,0.12132996143198553,0.05990162516010002,0.09038058277388356,0.00015398681729104,0.00039819573595682,0.1,0.6,0.8,50,2.776975559146571,4.868476940569208
7,40,0.053103613015743886,0.19116249119036122,0.14464253534792568,0.1227572653557051,0.05649542309229861,0.08999279410533341,0.00014422159759984002,0.00020516739622012002,0.1,0.6,0.8,51,3.315587925619475,5.23277772071466
7,41,0.05034579688477572,0.1829336223372744,0.1430753421777303,0.1267255808964168,0.08689772341087897,0.09459090941933981,0.00017932249449144,0.00029833897863439,0.1,0.6,0.8,52,3.3650124135414274,5.528477274610706
7,42,0.04773293710142909,0.173000086875367,0.1320543040889591,0.12770339951079343,0.06492731587626292,0.09200432365570496,0.00016359131076255999,0.00024558571975047004,0.1,0.6,0.8,53,3.142122627615673,5.574634033279136
7,43,0.047901514070531434,0.1776352770903957,0.14484391321713264,0.14314875647163444,0.010209919370722437,0.09388394218267676,0.00016534724501238,0.00027172288767750004,0.1,0.6,0.8,55,3.2836896277939807,5.280231878056206
7,44,0.04541827695650756,0.17209260912904817,0.14634791206488,0.17132552391133787,0.02390490733716321,0.09236388345804544,0.00016706357720167001,0.00025327674545052,0.1,0.6,0.8,59,3.446105272934836,6.020293673856518
7,45,0.04234305018071591,0.1584863461097933,0.13120711788704673,0.20014137684430153,0.022555352057369905,0.08811819147621829,0.00087130422108275,0.00022205749110664,0.1,0.6,0.8,65,3.1503833532709966,4.599699842459237
7,46,0.03980431857665728,0.14735284393127546,0.1188344116717136,0.19689759996028572,0.07248975196776782,0.08666440210634498,0.0008473946472672,0.000212987935587,0.1,0.6,0.8,66,3.6576645480598176,5.1718086153321545
7,47,0.039799643053130454,0.1425340100142645,0.1058107618043046,0.18544673560651853,0.010957294263270169,0.08696572636394453,0.0008728391041114101,0.00022240151908736999,0.1,0.6,0.8,67,3.608269350070872,5.417519733177397
7,48,0.03810378051479301,0.1430560801377453,0.12168246227081277,0.20651055844914595,0.06045932938005087,0.08858772882104249,0.00089601529024719,0.00020148006010145,0.1,0.6,0.8,68,3.5816441608754164,5.25835716662202
7,49,0.03738474816774237,0.14467462760033223,0.13115295892297998,0.21759889126307794,0.014902607160019824,0.08761488409973782,0.0008402676435463099,0.00020164366599705,0.1,0.6,0.8,71,3.5313444977564727,5.275454197573104
7,50,0.036964734299052726,0.13315126583114723,0.11805865111510501,0.31923948592413764,0.01651622867348232,0.08312426100181655,0.00087778496151743,0.0037080817453782403,0.1,0.6,0.8,88,4.206342204262076,5.368039955049204
7,51,0.9217136359963342,1.0374357634551115,1.0627272704557047,1.2250988332867998,0.9221655539006532,0.9707533057792777,0.0005361913176410999,1.0,0.1,0.6,0.8,89,4.313084243292841,4.33710037314394
7,52,0.9220515820156856,1.0281095697303984,1.0445178169538003,1.2252221970543444,0.9350925408870919,0.9862072982724716,0.00054129206594496,1.0,0.1,0.6,0.8,90,4.169130766907223,4.292848171774857
7,53,0.5644334105131362,0.6632059821708622,0.6785994623885213,0.875640233420717,0.5602667476580239,0.08198910490897515,0.0008755729724255,0.6678713097360485,0.1,0.6,0.8,93,3.813167134838919,5.157335253141036
7,54,0.9203760496054095,1.0226079376217212,1.046017428012722,1.2535865840087288,0.903247791997624,0.9859956146303521,0.0010398024069560301,1.0,0.1,0.6,0.8,95,4.326318160981233,4.704880948082
7,55,0.9183211934671246,1.0140389878286977,1.036547254614058,1.2507566901098233,0.9215980999613527,0.9795812665321074,0.00111872325595477,1.0,0.1,0.6,0.8,97,4.350075077383461,4.63402818569371
7,56,0.9167417384777758,1.0060579399321647,1.0201436017350292,1.2356197218791303,0.9037793280489952,0.9682494299963814,0.0010361728312418901,1.0,0.1,0.6,0.8,99,4.2902815191352905,4.5941643965283125
7,57,0.919702951650253,1.0079499509868048,1.021888400073318,1.2559940519045205,0.9043967220272835,1.0,0.00106978338663267,1.0,0.1,0.6,0.8,101,4.383073583593331,5.326678351041398
7,58,0.9186281721957981,1.0018645888201387,1.0151145531492438,1.2586773353400096,0.9357378212554492,1.0,0.00108111515839907,1.0,0.1,0.6,0.8,102,4.32117494782925,5.212486225820852
7,59,0.9183669020146046,1.0003506836927898,1.013429044767328,1.2582567954707629,0.9050299721603785,1.0,0.0010902287632756301,1.0,0.1,0.6,0.8,104,4.323206327800938,5.222374258400926
7,60,0.9182829002743134,1.004451407260713,1.0256470449011437,1.2716691416411297,0.9021059997418579,1.0,0.0010968639772762898,1.0,0.1,0.6,0.8,106,4.323512680216255,5.189035529998108
7,61,0.8951262922503522,0.9941360252487872,1.03972285038193,1.3206209565834741,0.8783719131128531,0.7706997714415812,0.00105667895339007,1.0,0.1,0.6,0.8,116,4.04778223850537,5.469741794733328
7,62,0.8949865082793308,0.993611122804354,1.0391451183000593,1.3249403441106962,0.8803319812276245,0.7701141804226407,0.00105670732200223,1.0,0.1,0.6,0.8,117,4.048882129451772,5.447082882527397
7,63,0.029664712325630314,0.12313492283364319,0.1604187216844834,0.4921891570555341,0.013750012905030152,0.08153325904927869,0.00110879108544365,0.00452937094958728,0.1,0.6,0.8,120,4.004327077566359,6.08504139990027
7,64,0.029473300645030454,0.1264764860747519,0.1717886802853258,0.5010285290017162,0.016188877378645168,0.08169542925176629,0.00113447072591516,0.00453008282333534,0.1,0.6,0.8,122,4.007841181505901,6.031494203485242
7,65,0.034070318353820184,0.13981305897910268,0.20895748388358043,0.7474447541594071,0.018854749001000384,0.08735293192738466,0.00324651409575613,0.009294449061665851,0.1,0.6,0.8,168,3.2104873958241047,4.58122717925133
8,0,0.8572619479839495,0.9564899139147248,0.9504270169553777,0.13763842960827352,0.010142620931353359,0.0999890745789399,9.42557364322e-05,0.00010895003950006,0.1,0.6,0.8,1,11.596956621550538,29.46462435963484
8,1,0.5483010896179246,0.8197460753953649,0.8050368260559353,0.11055609165313583,0.44630829608920297,0.16361993039592793,0.0008032308924341199,0.00100658714885223,0.1,0.6,0.8,3,7.898478899685332,14.496418029080228
8,2,0.40150731852417454,0.7192303036630465,0.6933216548636189,0.08458926707753214,0.30168167414042407,0.15525678029963869,0.00044892404138396,0.00055799507628464,0.1,0.6,0.8,5,7.681723038730017,13.612594812618312
8,3,0.3295053952453586,0.6565758207157159,0.6239950499454218,0.07161301628882857,0.18268133989569513,0.1211730211259617,0.0003295245937871,0.00039415798923508,0.1,0.6,0.8,7,7.240585014021814,12.435216076839174
8,4,0.3271250027291964,0.6542609450228829,0.621555678315594,0.07397963309520017,0.01776689130973686,0.11152829666567114,0.00016454596150022998,0.00020651070917424003,0.1,0.6,0.8,8,7.046416955509608,12.449804871305188
8,5,0.286779212367356,0.6136748738370121,0.5762695530246896,0.06445709845793501,0.25200742804559434,0.1191709676494314,0.00033036127090808003,0.00038603779968111,0.1,0.6,0.8,9,7.73012042092307,14.427349627740568
8,6,0.23895774290599872,0.5585424175763523,0.5150678680806403,0.05655688309105901,0.16568154621665218,0.1063989486089139,0.00022808775704585997,0.00027868817443747003,0.1,0.6,0.8,11,4.680972117346792,11.594417518517549
8,7,0.2379066261564579,0.5574228248618924,0.5139097325714264,0.06014860974877862,0.012193232881145872,0.09999380068700817,0.00013634496706682,0.00017517985963451,0.1,0.6,0.8,12,4.616636040693297,11.5532311090761
8,8,0.20581083704697076,0.5147723485556506,0.46651176621662793,0.05070013027459726,0.25157754378336367,0.09325119166436716,0.00016467994320408,0.00019902961356053,0.1,0.6,0.8,13,4.355737014012126,11.046853584778146
8,9,0.20427231320023928,0.512470152217295,0.46392144150071846,0.0549218848534717,0.02451720054461699,0.09592900941308548,0.00015174837597339998,0.00018357783220837,0.1,0.6,0.8,14,4.248670117295621,11.238878002232658
8,10,0.17836728910296779,0.47291916753416813,0.4198577040023399,0.04535893361936021,0.24024797108422133,0.09884703447187207,0.00021180781142019,0.00025350463331056,0.1,0.6,0.8,15,4.765276499095108,11.132848727080027
8,11,0.174397132209801,0.4668141306704655,0.41312586884291486,0.0481822940669195,0.04161317433990145,0.09388589469392664,0.00017465508911660002,0.00020456255576539002,0.1,0.6,0.8,16,4.511781828460923,10.975062038344088
8,12,0.17228336852118478,0.46317911418223656,0.40905384081317653,0.05042060760242779,0.03215539716484946,0.09639886907215942,0.00016172349326444,0.00018911145529507998,0.1,0.6,0.8,17,4.422759490118918,11.180213255591712
8,13,0.17076098563176947,0.46537889294887547,0.419179252321314,0.05791976653782071,0.016023329092769246,0.09432063237004196,0.0001682969994407,0.00019392397357451,0.1,0.6,0.8,19,4.475379995407544,11.127693152841006
8,14,0.13070023798888636,0.39006319873690715,0.33526668034196216,0.04449687865781803,0.22956003273081563,0.0996949264132557,0.00027656372590958,0.00039312795946579,0.1,0.6,0.8,21,3.219453188697353,3.9706619017539753
8,15,0.10933334841842776,0.342232113626125,0.28203547793758316,0.039931462806954934,0.14803418901301496,0.09977371258127692,0.00024688133855404,0.00034958728087285996,0.1,0.6,0.8,23,3.2332135724527107,4.949002287134322
8,16,0.09424354443519162,0.30429710022260636,0.23983852021594113,0.04156294143936542,0.08283388830530514,0.09741577388883751,0.00029952303218504,0.0003298857936007,0.1,0.6,0.8,26,2.268348738521211,5.01421803651068
8,17,0.08800201190660623,0.2918682071826962,0.23367712378253203,0.04328233341506462,0.10678578407381722,0.09557301340283894,0.00030829167954693,0.00035970621160873,0.1,0.6,0.8,27,2.06647999750255,4.65191491623794
8,18,0.08198452902050474,0.27397337036236674,0.2137363612894394,0.041187029988849384,0.11449132359517847,0.09882621128841627,0.00024122350993669,0.00026662382530623,0.1,0.6,0.8,28,2.0205046111249687,4.823813868434464
8,19,0.0806938597196051,0.27014345508392085,0.2094756192067242,0.043506049844624875,0.03224984294771067,0.09884497537963516,0.00022999267740357,0.00025155236661307003,0.1,0.6,0.8,29,1.9565778341472555,4.556530032697946
8,20,0.07255766518243977,0.24440636356225023,0.1808203501219398,0.0397459881866621,0.15882107686228208,0.09923719503761984,0.00024775379150879,0.00029671432624371,0.1,0.6,0.8,30,2.3174351641481663,5.287670744940042
8,21,0.06806240358728922,0.22853066802528313,0.17054922291638747,0.04189188000420419,0.07815205658050296,0.11126935596652172,0.00061337738108838,0.0013469013554237399,0.1,0.6,0.8,32,2.20907678871416,4.467383342189422
8,22,0.06671094717003435,0.22818321655742024,0.1778081093116441,0.05037247589470278,0.027097046554472832,0.1100728975752158,0.00066737075767314,0.0015524017702193802,0.1,0.6,0.8,34,2.2013233684308617,4.221668505013456
8,23,0.0666071843497739,0.22797875562061884,0.17758928472750385,0.06021118543457463,0.013114344925914598,0.11126935577779033,0.00061337736956838,0.00134690138223612,0.1,0.6,0.8,35,2.070987841902786,4.287969251500527
8,24,0.06334405699144792,0.21349389598199367,0.16135095216602074,0.05409205541808936,0.10318138154486926,0.1211782703619819,0.0006928430371549199,0.00133885309733963,0.1,0.6,0.8,36,2.236024297495527,3.8665541762099336
8,25,0.062398746499942585,0.2109336425082744,0.15854087612266557,0.05959129658524819,0.02601506913006761,0.11797603573746678,0.00065877216671733,0.00132796621115388,0.1,0.6,0.8,37,2.199764224124987,4.022828514014292
8,26,0.06114629560858587,0.21051447404283286,0.16571637210572643,0.061915258516654845,0.04285901110256069,0.11713954313649722,0.0007200709066995401,0.00152423533591884,0.1,0.6,0.8,38,2.156726428800686,3.776850648006689
8,27,0.059500600658993374,0.20226988730074869,0.148989252728018,0.06389439286822304,0.02841920662192383,0.10629206485291882,0.0006685327703568301,0.0017732640613981401,0.1,0.6,0.8,39,2.7809599901328275,3.633042959345374
8,28,0.0556238987086202,0.18447007461326947,0.12907736480852605,0.06685373395599763,0.06721612311038502,0.11745778658588572,0.0006838467980797,0.00147905676836731,0.1,0.6,0.8,41,2.425675665636002,3.696308942778576
8,29,0.05323612616034766,0.1792572491897737,0.1309292988493779,0.07457923699059459,0.04155117623790166,0.11516592393121534,0.00073796817704213,0.00173094366384518,0.1,0.6,0.8,43,2.7739064485526588,3.257207906239828
8,30,0.05290211454261845,0.17834374849497533,0.12992944948240326,0.08101067608478991,0.017613934255394904,0.11376811093620501,0.00072255071781269,0.00173036107308236,0.1,0.6,0.8,44,2.7599696423598945,3.296806481894412
8,31,0.05148498944560763,0.17741983941584466,0.13657284333570563,0.0831295935401248,0.04356763616408443,0.11229724941565992,0.00070810592886482,0.0017326264179537798,0.1,0.6,0.8,45,2.6595630501409646,3.2106298616608204
8,32,0.04912866925272669,0.17886625334816308,0.1460754551042334,0.17290385889415572,0.011477153443148699,0.10076862425901553,0.00041893377383002997,0.00075317620517693,0.1,0.6,0.8,56,2.0449811431429823,3.552251511918743
8,33,0.048622751642890684,0.18119652335533096,0.15631935086199653,0.1882682646296882,0.0242390009734157,0.10073079422148172,0.00043197045263537,0.0007924451755879399,0.1,0.6,0.8,57,2.076532064650764,3.6080008535466894
8,34,0.04779325591827977,0.18203956037805347,0.16490527410620692,0.19523021038904426,0.022014598769127685,0.10152280046929878,0.00042908298474305,0.00076931259761127,0.1,0.6,0.8,59,1.974593745809728,3.647282479960622
8,35,0.04434666134365235,0.16118220950324014,0.13400354744102022,0.2153552539144758,0.035154473175074474,0.07433499442035336,0.00122642995039258,0.00393658141147966,0.1,0.6,0.8,63,2.149375100080968,3.7066101230341753
8,36,0.04383054587705198,0.15584194416988828,0.12045667926923644,0.2268225103127495,0.011693526668569147,0.1003058557711691,0.00039816417337965005,0.00074544726432406,0.1,0.6,0.8,65,2.016806655835178,3.642755031629736
8,37,0.042228166740718824,0.17036177576674796,0.17485408101722735,0.31921260417799274,0.014336283336783615,0.10065994736733681,0.00050637089067505,0.00100478897658153,0.1,0.6,0.8,81,2.175613515486928,3.642175939058114
8,38,0.04039382320664073,0.15803081349926923,0.1459884632627725,0.33619907448135156,0.012863285719668686,0.08462703966291316,0.00045789267738273,0.00119425808259931,0.1,0.6,0.8,84,3.004629781057251,3.699751284366564
8,39,0.04013244367377186,0.16136210237785148,0.15734913839546233,0.33666301908814683,0.01707471111602251,0.08523816937574182,0.00042391191470107,0.00115759321428692,0.1,0.6,0.8,85,2.813014927383009,3.757770237889875
8,40,0.039852651584346775,0.1644894631099858,0.16847954775672824,0.3668914546631391,0.018465506721247343,0.08522567914599674,0.00043430872952343006,0.0012033470236475,0.1,0.6,0.8,86,2.8454631519229427,3.719664987453376
8,41,0.03881727089921885,0.15997113000741273,0.16346283535969408,0.36984426707214946,0.03504830512890928,0.08457119108367014,0.00042444611087978006,0.00115876214255501,0.1,0.6,0.8,87,2.787582299280292,3.758336018850414
8,42,0.0371105965829309,0.14607583844601837,0.14031302816453975,0.36227039578096076,0.03743685573723473,0.0865177338183036,0.00047934602253217,0.00120447817687742,0.1,0.6,0.8,89,2.8548521441739947,3.470062642534567
8,43,0.034509802644598374,0.13841299683726382,0.13946020124681302,0.41225198170023314,0.018404453682086853,0.08591785637259718,0.00042435257228974,0.00108261008861419,0.1,0.6,0.8,97,2.8943935820492626,3.45874575889672
8,44,0.03450866506265302,0.14300511827378407,0.15222550805990473,0.4262675538662968,0.009735287877698262,0.08592124584744679,0.00042437935629626003,0.0010826467131353,0.1,0.6,0.8,99,2.89471782725542,3.4587694381814003
8,45,0.033830307448437166,0.14440716909165138,0.16144798070548483,0.4516367471740208,0.011648794907870663,0.08479390179561443,0.00043371266552978,0.00113237375759298,0.1,0.6,0.8,108,3.0454657796960887,3.650337129948352
8,46,0.030133086772425245,0.13081324212204024,0.15400754536925818,0.606319222079155,0.012883779768867001,0.07837872977728659,0.00047326635093911004,0.0015130812245350799,0.1,0.6,0.8,137,2.370306592847289,4.392476099716747
8,47,0.02994809160891817,0.13435189849874152,0.1655990470975707,0.6285741470675519,0.010375116465026039,0.07850298511435061,0.00047489216887768997,0.00151194842955433,0.1,0.6,0.8,143,2.380016700543544,4.357396646248056
8,48,0.02890917792152179,0.1290202966096534,0.15967420475546015,0.6578776957419209,0.024382516722088098,0.07935290785004129,0.00043683497707631,0.00133186704852577,0.1,0.6,0.8,145,2.4758242549956675,4.180733398016354
8,49,0.02880372182655328,0.12863439513929523,0.1592495268147663,0.7125455111714172,0.00941656608723529,0.07724920090154556,0.00049333049988221,0.00149801757551575,0.1,0.6,0.8,155,2.8093325804779354,4.150989108679172
8,50,0.02832293593223971,0.1261854452290565,0.15652933479107717,0.7569108332262715,0.011475125761582888,0.07624868755376624,0.00053188093519471,0.0015334437493222598,0.1,0.6,0.8,161,2.720772324188054,4.207866323916225
8,51,0.02829386703623793,0.1306227816257,0.16912240549866867,0.782521509252868,0.009481892747925649,0.07624868755376626,0.00053188093519471,0.0015334437493222598,0.1,0.6,0.8,164,2.7299887020215494,4.218891006263163
8,52,0.028817497761623567,0.17575343173995855,0.2958028754416732,0.9385304609628697,0.010605461345279071,0.08395533873228334,0.0008334642230215201,0.00137650570041677,0.1,0.6,0.8,180,2.601086787702138,4.160168341123301
8,53,0.02865173593942842,0.1793239772967024,0.3074287468641241,0.9644796058315571,0.01153007019575755,0.08419883944070419,0.0008336652727083799,0.00137253487749701,0.1,0.6,0.8,184,2.62628611468404,4.13978833488655
8,54,0.02735307258836568,0.17639890471577946,0.3118240133390365,0.9790525984183828,0.05356355097268573,0.08434642916233961,0.0008502366630021701,0.00137952963150607,0.1,0.6,0.8,185,2.600814436434126,4.053675161889298
8,55,0.026637966707873974,0.16092405094031048,0.29434112847342075,0.9956457800738491,0.023719079636661852,0.08147342589270283,0.0016580685364680498,0.00400344239150743,0.1,0.6,0.8,194,2.6630769797488267,4.557776449710154
9,0,0.7944966176730814,0.9316908038024833,0.9228328173357394,0.13064033296524635,0.010078366178620613,0.09915069501864494,9.086892550117e-05,0.00013596915181927,0.1,0.6,0.8,1,16.329259251134744,29.46462435963484
9,1,0.5065939730012042,0.7929769196251689,0.7756149769864099,0.10069022109118314,0.4394334894829725,0.13338836063572126,0.00062680330824146,0.0007993893540160699,0.1,0.6,0.8,3,12.255292496018258,14.480190806655749
9,2,0.3919757790520938,0.7111012652623299,0.6845850330082421,0.08382921472263975,0.2468547508855396,0.12804545455408528,0.00041741474906171,0.00054238711474628,0.1,0.6,0.8,5,9.045300030524142,12.923246772720546
9,3,0.35937456983419624,0.6788868592521734,0.6413388960988443,0.07715347841582818,0.08400403212844877,0.10861275864998243,0.00018035119866844,0.00024079995023517,0.1,0.6,0.8,7,8.894552256769988,14.842247244399427
9,4,0.33777734886894256,0.6641670155667942,0.6327079551172824,0.07864726271757513,0.11673343574189735,0.09731867020343812,0.00033592265251378,0.00045194336746400996,0.1,0.6,0.8,8,5.737762871625508,14.607050766754236
9,5,0.30651015082645117,0.629609900810594,0.5865119058417507,0.06972342388581261,0.187485940076266,0.10735893353867221,0.00015775117388719,0.00021063910088485997,0.1,0.6,0.8,9,9.411111407021927,15.014314177326398
9,6,0.2699986104810446,0.5912467041163407,0.5441466646541451,0.06386012592745474,0.11019383908302657,0.07822369236607647,0.00014347394373684,0.00017875069182465999,0.1,0.6,0.8,11,4.6629196968163775,13.380889710899057
9,7,0.26056793665033523,0.5804925334998865,0.5321576911613359,0.0657097122887272,0.07085519201226362,0.08017942159988695,0.0001282221026726,0.00016291223811974,0.1,0.6,0.8,12,5.974677295714473,11.96090206940847
9,8,0.24087190087877675,0.5602496634753228,0.5166606011586491,0.067494370737114,0.1882598898247973,0.13449597324509477,8.163496599383001e-05,0.00027829753902093,0.1,0.6,0.8,13,6.088249729130073,9.74379102376242
9,9,0.20870260770473276,0.5176172706086971,0.4693387235946038,0.06256798359413707,0.1321096195261794,0.12344666557852395,8.237346935737e-05,0.00024161963676928,0.1,0.6,0.8,15,4.254955767782799,10.255442371567373
9,10,0.20772172909320133,0.5161160473656482,0.46764090131021147,0.06737560944451794,0.022837680290915378,0.12604166804173672,6.9693372852e-05,0.00022394188090351,0.1,0.6,0.8,16,4.053705814490913,10.433557248285512
9,11,0.20660289269712637,0.5143467488963503,0.46562896911481644,0.07024306360071936,0.02556896437511053,0.1300006716209679,5.6338891624010005e-05,0.00021122449118895998,0.1,0.6,0.8,17,4.266099326372327,10.145092735902006
9,12,0.1870977196603447,0.48677037370428455,0.4352793954493991,0.060340853939869606,0.15172780055795684,0.09845830573550887,0.00018822248867649,0.00026178115431488996,0.1,0.6,0.8,18,3.539419725883645,9.514080750220051
9,13,0.2029057810013344,0.5008403912120096,0.45559303677392576,0.0887915055250062,0.13495297944792395,0.17306320452197219,0.00015174967972419,0.02415551921270899,0.1,0.6,0.8,19,3.4116485784094066,8.23645882361193
9,14,0.1870806359973077,0.47473673302480895,0.4266352036615975,0.08655061738826347,0.10876737148814385,0.15382659862372447,0.00028662783160162,0.02540308313934487,0.1,0.6,0.8,21,2.6578869721066387,7.62720991908691
9,15,0.1825013350507577,0.46693574795797793,0.417995082775443,0.08976926806518287,0.07843730992322848,0.1512735582019292,0.00026509012107240996,0.02526749583274402,0.1,0.6,0.8,22,2.745358481057212,7.61970094633261
9,16,0.16499548413106455,0.45221525426095194,0.4109700847537593,0.07991937656899986,0.04559913885505225,0.11250103769886984,0.0003126214679683,0.01122371677610883,0.1,0.6,0.8,23,3.245917026450506,4.974775056763594
9,17,0.15917265142254416,0.4380428199866682,0.3876833122947467,0.08222818505919002,0.0675908992353216,0.11441407183209788,0.00024519065238165,0.009469757882909751,0.1,0.6,0.8,24,2.6809022418160984,6.072569996447672
9,18,0.1549388950244348,0.4146746587814041,0.35995885259973565,0.08405639047501343,0.2546541181410417,0.14141951024347046,0.00032817937500578,0.025010100484865922,0.1,0.6,0.8,25,2.9545331247661424,6.588047143220164
9,19,0.13835028248937942,0.3973967363431489,0.34971665021183246,0.07888115039103405,0.05171504068696543,0.13046988407103194,0.00034445240927351,0.01161160430905594,0.1,0.6,0.8,27,2.3300584910285926,4.7134634609075885
9,20,0.11068837286696195,0.340091398051331,0.293841571095994,0.08221926067190807,0.19203165398943517,0.12343449712191357,0.0003075187406022,0.00973521444639725,0.1,0.6,0.8,29,1.5157671454156738,5.53919894290749
9,21,0.10950284728720283,0.3419546688851343,0.3035909509159317,0.09761176513683248,0.02505580195839771,0.12339685829906866,0.00027698620328233,0.009527627065577391,0.1,0.6,0.8,32,1.4992814721759586,5.944441957153808
9,22,0.10909625608525249,0.3401706234517135,0.3015547436074321,0.09510718867703201,0.03332630988518204,0.12497068145168008,0.00032092776530143,0.009857451077498549,0.1,0.6,0.8,33,1.5294742418436158,5.21372047837596
9,23,0.10890924497125638,0.3396834189904871,0.3010124659815085,0.09804837948305552,0.023378329631549614,0.12497068145168008,0.00032092776530143,0.009857451077498549,0.1,0.6,0.8,34,1.5301884710742324,5.258710591281606
9,24,0.08982560208530373,0.29297900576769786,0.2568200319436745,0.09665631989131085,0.308000548288377,0.1174259876011384,0.00030688592042587,0.0093138842497842,0.1,0.6,0.8,35,1.9909046660215928,4.7015974388921125
9,25,0.08386854371944322,0.27080402161029904,0.22453197091259708,0.10183317707104837,0.06838461108424992,0.11316382187173626,0.00031644738743385,0.00931931819140258,0.1,0.6,0.8,37,2.1828017637602293,5.058412414521665
9,26,0.07910662980954246,0.25943065603687393,0.21950374160821726,0.11941765842869166,0.042479942288176156,0.11460372691187111,0.00030174194657085,0.00941573811216714,0.1,0.6,0.8,41,1.6957766342908978,5.187780806138237
9,27,0.07850923905802923,0.2616825034593803,0.22964754503874363,0.13742714958013216,0.02291783721917633,0.11575064025218687,0.00030874566935382,0.00945325813231055,0.1,0.6,0.8,45,1.712394078081261,5.195594109575805
9,28,0.07535205304541089,0.25360018423096986,0.22077582394857267,0.1346488590649401,0.028291892532486304,0.11315588094707921,0.00032144700233801,0.00839724068173182,0.1,0.6,0.8,49,1.814245673210797,4.281322035975712
9,29,0.0745391735196298,0.24462798633812566,0.21051088059315373,0.1454466933744499,0.053629932469753686,0.1447590843308355,0.00020596409303984,0.007618080613661959,0.1,0.6,0.8,51,1.3969354641031064,3.511088517788299
9,30,0.07140045528212899,0.23475336819771073,0.1921246928700134,0.146131752591534,0.03583949139275118,0.12492294220683689,0.00028286831828333,0.007178869624990281,0.1,0.6,0.8,52,1.706710649792626,4.656166905472246
9,31,0.06738831049312347,0.22583631582435434,0.18990292933684264,0.14962182746123875,0.05560346246240931,0.12045239884215168,0.00027179268008015,0.00720876298806977,0.1,0.6,0.8,54,1.6735919408650255,4.6102609842924105
9,32,0.06685451243577968,0.22322737010969343,0.186973450134109,0.15285252809125807,0.03457793726125152,0.12335342163659943,0.00025390189003789,0.00714397313077515,0.1,0.6,0.8,55,1.5774419961694257,4.434387807529825
9,33,0.06683869351282368,0.22749862989381947,0.19937162693447102,0.16435344218512168,0.020549561053613812,0.12396327721482577,0.00026776874823384,0.007168196764092789,0.1,0.6,0.8,56,1.5202006968669552,4.696358880470642
9,34,0.06526060099287674,0.22164278139561414,0.19285743792767007,0.17051742449267043,0.035144340149598684,0.12270396330512727,0.00028373170116319,0.00727601541721372,0.1,0.6,0.8,58,1.6323428183851356,4.300092913535449
9,35,0.06385320340236311,0.21644946729434458,0.18708524289819556,0.17690257639200282,0.0478023055065745,0.12238136817520662,0.00027415349796116,0.007233896240933869,0.1,0.6,0.8,59,1.5625857199491882,4.115870786601026
9,36,0.0629281651110384,0.21365208351353399,0.18400428135398758,0.179832915498324,0.025057042185018613,0.11917890634706887,0.00028258578293573,0.00726925698421005,0.1,0.6,0.8,61,1.6227556209003005,3.9912540575273336
9,37,0.06270430129754531,0.21227640231192232,0.18245377240993937,0.18349697389999062,0.02699684202064736,0.12107621233562715,0.00027705072864053,0.00725086348277403,0.1,0.6,0.8,62,1.536409159659733,3.859151399259068
9,38,0.06186022842004183,0.21487238152379054,0.19304786236843594,0.20248620681745508,0.02662271487183379,0.12339234274448241,0.00023598322819089,0.0064332494797953695,0.1,0.6,0.8,63,1.6299029636894535,4.442892361725105
9,39,0.05993183363567426,0.20932014933529203,0.1869497150247028,0.20039711005775881,0.04453005228698444,0.1163431921402833,0.00024962157470927003,0.006403223474268969,0.1,0.6,0.8,64,1.5645383599116292,5.5608887536120335
9,40,0.06242746219675377,0.22054273845819694,0.21444944534044622,0.2189544272428253,0.02318339332447717,0.14142931298596778,0.00016628714368963998,0.0066459436595149,0.1,0.6,0.8,65,2.0674729407618075,5.171603884726496
9,41,0.05322939722126323,0.18216495901130933,0.15675209643249108,0.20474684742616234,0.1681375305648971,0.11397288315387462,0.00025237193869062,0.006408081601548719,0.1,0.6,0.8,66,1.5050837102778187,5.796546927444576
9,42,0.053256260399644824,0.18560769974740865,0.16819530619418843,0.21684408598916644,0.02148515586859545,0.11804779824053799,0.00024375566767133,0.006381572888704461,0.1,0.6,0.8,68,1.44980957816322,5.913855539969897
9,43,0.05107502886509494,0.17295355894572476,0.14650799606027798,0.21424165000366938,0.06038636479316562,0.11358955969976454,0.00024687925352018,0.00636950218393582,0.1,0.6,0.8,69,1.4556773619411214,5.668613877268117
9,44,0.05058557495894136,0.16797590463102646,0.14087757329188588,0.2295982939653496,0.02850080822447274,0.1207308082662693,0.00026214552383743,0.00646375547992588,0.1,0.6,0.8,72,1.4839624980119897,4.493371012958343
9,45,0.05007086072159245,0.17052567308791267,0.1513788274130906,0.24149858486231124,0.02299988045996808,0.11993528953966257,0.00026187354987698,0.006462927218029791,0.1,0.6,0.8,74,1.5500126303755069,4.480167360107588
9,46,0.04954016521576394,0.1679330856118392,0.14848791622481683,0.2449034876671083,0.032572355732210644,0.12042022159251091,0.00025989289955973,0.00646232456254762,0.1,0.6,0.8,75,1.5210909245058062,4.445141293906136
9,47,0.04885747694487563,0.16697580532841122,0.14749037890764127,0.2524074011188558,0.0189837191370815,0.11475072303008912,0.00024878099717427,0.006430683005596139,0.1,0.6,0.8,76,1.4729407581363068,4.590697319884985
9,48,0.04845065980611279,0.1696837490930656,0.1581571276437755,0.26461459136718624,0.027924900722370208,0.11500349071442759,0.00025124030517853,0.00641360469169026,0.1,0.6,0.8,77,1.5069437632529603,4.558299386409427
9,49,0.04772504576614576,0.1707919887273978,0.16704298718707236,0.2763807503593742,0.023410873070814357,0.11506455409533825,0.00024855756845480997,0.00642806515911704,0.1,0.6,0.8,80,1.4600342985448116,4.653739970238647
9,50,0.04935855394156589,0.1637012641399678,0.1511859994356701,0.28607082435102327,0.04979259977705561,0.14415396393606744,0.00022191215605026998,0.00624911662137096,0.1,0.6,0.8,81,1.9349210422440668,4.670017987322638
9,51,0.0485717098483545,0.16207692105009225,0.14944144183412203,0.2806644178828672,0.025189416484430696,0.14083862384417212,0.0002187004180491,0.00596581666153183,0.1,0.6,0.8,82,1.8621726942817,4.604996969880146
9,52,0.048319363117413305,0.16545751951321444,0.16085821820932739,0.29775153519493147,0.022469555754149738,0.14085218909394245,0.00021866323284338999,0.00596580902871195,0.1,0.6,0.8,84,1.863200424052256,4.547094001433715
9,53,0.04813835991839085,0.15908058460846494,0.1460793216735771,0.3013479674980018,0.030810767463450222,0.14291456719195977,0.00021633472380608998,0.00600859048160354,0.1,0.6,0.8,85,2.079617506697992,5.5339194748318405
9,54,0.04742569493093542,0.16089155691682386,0.15576834049840182,0.31351952737266353,0.026606891730054757,0.14166583411670136,0.00021493086121769,0.00595456472862663,0.1,0.6,0.8,87,2.073321120852209,5.56661030025437
9,55,0.04457487661991266,0.15191794737751432,0.15344936395743325,0.32271496293538693,0.044740090340789816,0.13953534545566793,0.00021909868679244,0.006058637025548199,0.1,0.6,0.8,90,1.988589902038096,5.309087914330589
9,56,0.04528745781309766,0.1509722311553668,0.15226993606524752,0.3533371190331122,0.023035090715354232,0.13606208400403588,0.0015987284766129002,0.0068612619098315205,0.1,0.6,0.8,94,2.000759195533597,5.231164697138522
9,57,0.04502331013021916,0.14963522930982573,0.1507820420318872,0.35725729446166404,0.027739508942967304,0.1360910332682727,0.00159654793525008,0.006857747344581599,0.1,0.6,0.8,95,2.0056218553440748,5.153574150268776
9,58,0.04174649913211211,0.1629485274193832,0.19653742508773953,0.40332753989279635,0.01907069332478254,0.11784127727238788,0.00067227421553478,0.00628774260216518,0.1,0.6,0.8,102,1.862054184348215,4.70400164430614
9,59,0.0410483316197717,0.16332916551776472,0.2045986527139332,0.41574781591976984,0.029931647303058206,0.1192757338106436,0.00067066340928288,0.00629532581432161,0.1,0.6,0.8,104,1.804297205181308,4.7138497458890125
9,60,0.04088842531516958,0.15373698801516994,0.17862565648273304,0.3882717514293808,0.01781717688103273,0.11800033039418545,0.0006841408270478299,0.00631441451460181,0.1,0.6,0.8,107,1.8056018518572128,4.673056599007415
9,61,0.04499220953977996,0.1494397127188912,0.1656230613382068,0.4270431792806735,0.035801456588096026,0.15702998560197523,0.0022956848204761598,0.0064810403435810095,0.1,0.6,0.8,109,1.6135054141596594,5.278829063118643
9,62,0.04488841647740134,0.14911722815331396,0.1652700700236937,0.4313013050418862,0.02377001186660036,0.15677031354144588,0.00228787494325951,0.00645373944922456,0.1,0.6,0.8,110,1.5255453515301307,5.080028249216924
9,63,0.04485572088692695,0.15354431795656379,0.17785180168718587,0.4591981409164943,0.022708797802477164,0.15677031354144588,0.00228787494325951,0.00645373944922456,0.1,0.6,0.8,112,1.5122332470998607,5.106565838102721
9,64,0.04462921215944202,0.15799210161701924,0.19048191821081054,0.48200864276565386,0.021998409364762488,0.15514581939981836,0.00228443006105381,0.006377678942911839,0.1,0.6,0.8,115,1.452452479381046,5.016343271640398
9,65,0.03946500006243587,0.1552311892365351,0.20312615606005932,0.4514099507609275,0.0659959223664815,0.12248251584763954,0.00148475721078476,0.006541911055642689,0.1,0.6,0.8,116,1.7996639309918545,5.684742336559124
9,66,0.03694050710258133,0.14606116036677902,0.18549812711281466,0.4913144679526275,0.019952182087668555,0.11128175882085978,0.00030987700278677,0.006250075887925879,0.1,0.6,0.8,120,2.027046849933217,8.521454273030615
9,67,0.040943713478071936,0.14270780238292963,0.17358984353790982,0.4742498581151433,0.030604391911429486,0.1584635818468087,0.00106550590980988,0.0055574250097274,0.1,0.6,0.8,122,1.7703853336220694,5.263273116377972
9,68,0.039673921689308084,0.15019758351878923,0.20490705455475508,0.49675980087594684,0.0562048776716058,0.12228336770444855,0.0023320783011539,0.008929317345046919,0.1,0.6,0.8,123,1.6644423435964488,5.59908646261526
9,69,0.04008554650555801,0.14400750029072532,0.19026777274230972,0.5022762031984213,0.035620421778566405,0.15959525680172673,0.00166830015552328,0.00581885737641365,0.1,0.6,0.8,124,1.8753661722854296,5.416065904336268
9,70,0.03351363764467709,0.13125971158885397,0.17667328944367655,0.5183100575058774,0.05957455892968878,0.1101734217521145,0.00048937406064681,0.00631115108468758,0.1,0.6,0.8,125,1.9741540774522628,8.432921936596253
9,71,0.03313731660275961,0.11359471076225539,0.14910751213121287,0.4894171011016609,0.06255629581556021,0.12259320757444885,0.00106514047186883,0.00709490691019714,0.1,0.6,0.8,127,2.239525284293096,5.5483100526777935
9,72,0.030618799195477393,0.10219557147679892,0.13650892625643354,0.5032032482816846,0.03818465566609045,0.11524906419641516,0.0010681544593938602,0.00703028913067779,0.1,0.6,0.8,130,2.042356419887456,5.237489753079132
9,73,0.029797261367587504,0.11821707308446332,0.19257395323805174,0.5801479164346021,0.02196163213971825,0.11572521791664421,0.00127423533918672,0.00724296729261021,0.1,0.6,0.8,141,1.8112337318491665,5.276945672804056
9,74,0.02969867126704867,0.11929027277179943,0.20136223254787855,0.623096760536878,0.02333800098887968,0.11678349020949912,0.0018936181401541501,0.00731530080066978,0.1,0.6,0.8,146,1.699564696900928,4.827146567690278
9,75,0.035052242073131706,0.12311105551658708,0.2049780556855289,0.6768767313819868,0.026390882007164298,0.11849029032280856,0.00529572935627252,0.0115937555044903,0.1,0.6,0.8,151,1.707424612628116,7.752004822948409
9,76,0.031233451614993794,0.12565066795099417,0.22348632824607498,0.6876372162740284,0.025848885624575928,0.11544984747340788,0.00152067980523022,0.010678740318579561,0.1,0.6,0.8,155,2.158213317514428,7.317373432385298
9,77,0.0346356462894805,0.11871235103694396,0.2151729253112392,0.733882244090301,0.043742856919065556,0.11912119308070956,0.00635396121509182,0.01313245380794427,0.1,0.6,0.8,159,1.823738085892352,7.848495920657566
9,78,0.031922000606915094,0.11192922871464527,0.2078510931838774,0.7202423142337141,0.051674383079637266,0.11638040303518556,0.00541160198485217,0.011663576516102241,0.1,0.6,0.8,160,1.9273246367619543,8.445096152050771
9,79,0.03257865160737235,0.10488336270792568,0.19978875172711688,0.7395971912047647,0.07798289190982502,0.11792159034613423,0.00634974761019725,0.01320316624928074,0.1,0.6,0.8,161,1.9554804429574584,8.335557450712663
9,80,0.032578651568505146,0.10948282006480345,0.21256224909662177,0.7644283147530627,0.02616464776283273,0.11792159042670144,0.00634974760539807,0.01320316649499018,0.1,0.6,0.8,163,1.955480392013461,8.335557536146542
9,81,0.03256891231910678,0.09102405620222108,0.16140048150566885,0.6516127623847404,0.02650556546883607,0.117917337580187,0.00634963741511318,0.01320218022164583,0.1,0.6,0.8,164,1.9544947371972987,8.324837860870842
9,82,0.031627640056532375,0.08254546339308258,0.15193162699725896,0.644717966798056,0.08487445270236194,0.11914698094970555,0.005148540669731061,0.014305261234178579,0.1,0.6,0.8,165,2.2122711304045666,7.4309530505915005
9,83,0.023069757308861485,0.09355174490497098,0.21093139772569872,0.8299394803957872,0.022415130146936267,0.11316274004497232,0.0016097831900881699,0.00859320070275766,0.1,0.6,0.8,179,2.200783219330514,8.459286446811106
9,84,0.02241714200211266,0.09049089593962258,0.20755636269168562,0.8434287101225297,0.024213860546221485,0.11101673107982987,0.00160423627570633,0.008514795243408781,0.1,0.6,0.8,182,2.0163676270980018,8.448074030807105
9,85,0.019408052245262278,0.07013424164347708,0.18494801059879934,0.8471115389539846,0.0758337476746568,0.10686470702570254,0.0016070386074921099,0.008493171524691801,0.1,0.6,0.8,184,1.9566948842653464,7.9903139681163715
9,86,0.01890572078941871,0.06011708651232937,0.16612237003745678,0.8684626120002373,0.02403270539813597,0.10754239263468075,0.00177403907404665,0.00852965356758598,0.1,0.6,0.8,190,2.0048385404381674,8.12204717115681
9,87,0.019038427911120957,0.06845447015132426,0.1906798110416477,0.8796390419299758,0.02544907313622502,0.10988715300201275,0.0018397292122282701,0.00852805693889442,0.1,0.6,0.8,191,2.10441040258218,8.262671516994825
9,88,0.018793530725854764,0.06795014795195517,0.1901419879863466,0.8904821860507676,0.02040924308623803,0.10908981232534624,0.0016042329269761902,0.00854371617274686,0.1,0.6,0.8,192,2.1217951939341493,8.250778876832088
9,89,0.019033934213447973,0.06297006340698913,0.17690777795409976,0.8940266451048525,0.021073128057387723,0.10943209238083378,0.0019166391840930198,0.00867592683113598,0.1,0.6,0.8,194,2.1642410471412488,8.34667813788849
10,0,0.825048470651019,0.9437563903592331,0.9363007895087871,0.13377346513142224,0.009734205221257116,0.09579158688768777,9.154018532534e-05,0.00012515302661642,0.1,0.6,0.8,1,13.997412680909108,29.46462435963484
10,1,0.5844037145373203,0.8322131831990686,0.8121774026109044,0.10949952683156954,0.3301819684235564,0.09376573473936492,9.082565061089999e-05,0.00010742255072776,0.1,0.6,0.8,3,9.621339928342708,21.854475246009628
10,2,0.4123659949286532,0.7265884230328389,0.7020794431931378,0.08653175479899783,0.3335723845043776,0.10446632991726393,0.0004954425371786699,0.00058597654654595,0.1,0.6,0.8,5,7.462704573313102,16.215428523444054
10,3,0.30305128747614346,0.6310061759640463,0.5960853604460012,0.0634945451451402,0.2739103355044703,0.07260085558701741,0.00031694822900219,0.00039780975497016,0.1,0.6,0.8,7,9.74805670524274,15.878159791686825
10,4,0.2551675200965752,0.5792189095438157,0.5384711291345791,0.055557311193525076,0.15611459364535116,0.07123688892834228,0.00026067853762574,0.00033258548253516996,0.1,0.6,0.8,9,9.138908199926863,13.340699317957776
10,5,0.21916491892761017,0.533878217452328,0.4878830921200904,0.05081841346143752,0.142343748678223,0.08346672309938075,0.00018299735594346,0.00023092263859657002,0.1,0.6,0.8,11,6.269019080965428,13.845422298380717
10,6,0.20128253994778897,0.5094717155980063,0.4607622014153508,0.05221378852934382,0.07830640148613037,0.07901577779702734,0.00022541131945077002,0.00027232802952334,0.1,0.6,0.8,13,6.501725679170798,12.004675763919831
10,7,0.1899675383551756,0.49186311975520536,0.44101606056354153,0.05208897440054231,0.11729457777592096,0.0929404462498126,0.00016755559410699,0.00020998481768773003,0.1,0.6,0.8,14,5.724809684494967,12.613525155486872
10,8,0.17254824025686152,0.4649606494738833,0.4111304026635665,0.048298106021265066,0.1634621975303305,0.08741778188318405,0.0002029005622191,0.00024448930837944,0.1,0.6,0.8,15,6.003190555911086,10.479114132086432
10,9,0.15905477714826488,0.4457394439102358,0.39739162777330894,0.049828470301260856,0.07535492669614705,0.08741778188318405,0.0002029005622191,0.00024448930837944,0.1,0.6,0.8,17,6.397041309924707,10.84466547492972
10,10,0.158936103710906,0.45014129332230635,0.40994692503858443,0.06046980718938507,0.009569864307759383,0.08735386742669243,0.00019722075904922,0.00023764530985352002,0.1,0.6,0.8,19,6.30565864646623,10.920452138175513
10,11,0.1589385853141506,0.45014156957391815,0.4099466232767518,0.06588348097112107,0.009077603799732058,0.08737634131341865,0.00019919136204845,0.00024001982946600002,0.1,0.6,0.8,20,6.336722868058226,10.893388687290958
10,12,0.1375250319939924,0.3962997400014276,0.34137577202608016,0.06362571644641019,0.3519398576969993,0.1696839161049956,0.00028141876995707,0.0008445688604150801,0.1,0.6,0.8,21,4.762801353695893,4.205607831154588
10,13,0.13730456520763926,0.4003028651484095,0.3534719855021357,0.0727398925215037,0.019999791076416373,0.17099124645570454,0.00027523777883119,0.0008373011324133,0.1,0.6,0.8,23,4.8414492460317815,4.304254454364219
10,14,0.12068266773612243,0.36876002793286217,0.31866523086909254,0.05877138919682762,0.10367225292852549,0.14666952693958818,0.00022797205461241003,0.00058857139694022,0.1,0.6,0.8,25,5.329341336071407,6.634333833405565
10,15,0.1148793413279423,0.35159560471697227,0.2994222002473095,0.07351457790160454,0.11204021808027535,0.1577389623614662,0.00025000813507863,0.00072626164659919,0.1,0.6,0.8,26,4.470862490471993,5.423774408775888
10,16,0.10655405694197082,0.3373674134247246,0.2913794977849176,0.05787599682366728,0.11663944389463711,0.14666952693958812,0.00022797205461241003,0.00058857139694022,0.1,0.6,0.8,27,4.335794365790152,5.645824995134255
10,17,0.10653706362941238,0.33732404085816775,0.2913312236603785,0.06384668815052805,0.015523649899173523,0.14666952693958818,0.00022797205461241003,0.00058857139694022,0.1,0.6,0.8,28,4.3412422058342965,5.651232742179044
10,18,0.08549745185982599,0.26733993135891876,0.21281246042183413,0.055200112426303224,0.23834102244804156,0.199768804169845,0.0002531781656727,0.0008599156133270201,0.1,0.6,0.8,30,3.223183475665545,5.440395406857751
10,19,0.07290170948858998,0.24756583587111458,0.19185847916271354,0.04701097958460532,0.07226616331558491,0.10972072646452544,0.00028251066101192,0.00042825584118829,0.1,0.6,0.8,31,3.0191673883745085,4.550782293952845
10,20,0.06951727087570776,0.22461586110756646,0.16578710953083803,0.04686514853129638,0.1748670435642908,0.15407565371606696,0.00027839868147759,0.00072605108988338,0.1,0.6,0.8,32,2.150266475511847,3.972405560462696
10,21,0.0661361328938652,0.20859820311607974,0.14780388630822536,0.04685843420278502,0.11775055251398303,0.16824581312464346,0.00025902932882888,0.0006913315105892399,0.1,0.6,0.8,33,2.643324392948372,4.37588565965045
10,22,0.06564520893575175,0.2104432306185553,0.15747666403497843,0.07004812912252965,0.026536220122740765,0.17155038161131594,0.00024428561559259,0.00067682272658699,0.1,0.6,0.8,35,2.3524677860952763,4.347913734794833
10,23,0.06560750480116669,0.21949939444277486,0.1828648605610381,0.06022133656888679,0.018664958037080827,0.17155038161131608,0.00024428561559259,0.00067682272658699,0.1,0.6,0.8,36,2.314356090453378,4.311335896023049
10,24,0.05802404379924957,0.2003602318685919,0.14701586714141812,0.055751798887355174,0.02956879551616728,0.10704545337449127,0.00024287353529498998,0.00031484165128712,0.1,0.6,0.8,37,2.229761605796405,3.668442136619365
10,25,0.05382397234511351,0.18460232018367537,0.12950360064592434,0.05473633646653172,0.10026029453168037,0.10498151673764652,0.000230702697324,0.00029116395693763004,0.1,0.6,0.8,38,2.447178367942916,3.882849758603255
10,26,0.05207724862044587,0.1782784033496017,0.12249229314422883,0.05636618526141772,0.04567342606831512,0.10277022176078054,0.00022021805434152002,0.00027495430081875,0.1,0.6,0.8,39,2.397693987973209,3.659578613293272
10,27,0.051731324702304606,0.1814902231575866,0.13372228160311592,0.06312051197720762,0.014592915323215706,0.10269822848504243,0.00021941912738775,0.00027429358417869,0.1,0.6,0.8,41,2.345800561106907,3.644630795328762
10,28,0.05225912274272369,0.17653110256524257,0.12045599778996197,0.08516662897136892,0.01486589469591503,0.1103152477411737,0.00022851273266570002,0.00033792492788572,0.1,0.6,0.8,43,2.8662586987611145,3.648299489144781
10,29,0.04752244530491843,0.15860927748674472,0.10058069458715144,0.0833348196900337,0.11032985201296533,0.10497977052836024,0.00019254554431715,0.00023828562915231,0.1,0.6,0.8,44,2.7163506615837183,3.7668710403344434
10,30,0.046776339748962274,0.1542305152356396,0.0956690547018633,0.09302800386262125,0.02471392057658024,0.10811371080511803,0.00020413592305353,0.00025882052849546,0.1,0.6,0.8,46,2.8983468357475304,3.8123657419997694
10,31,0.04664527687799986,0.1536551619983688,0.0950286930646804,0.09666183968423446,0.014452154145648726,0.10811371080511803,0.00020413592305353,0.00025882052849546,0.1,0.6,0.8,47,2.825904939902313,3.765632400238948
10,32,0.04570715234700672,0.1592798012406595,0.11661636587488103,0.10657456449267563,0.030610865355049345,0.10663686620502669,0.00019762307203685,0.00024140047813530998,0.1,0.6,0.8,48,2.829203066148962,3.55110424068148
10,33,0.04408288266652725,0.1572590641997369,0.1220427255163085,0.11963382168345893,0.029317537641524852,0.1046270822217878,0.00020537857412332,0.00025285899869675,0.1,0.6,0.8,50,2.8799008172720684,3.517598868759165
10,34,0.04559660389764663,0.1782756534991837,0.18342311275053677,0.19064847188931316,0.015016085492889129,0.10510764016075233,0.00046847973480987,0.00312258445893516,0.1,0.6,0.8,65,2.857078251670146,3.442890557481236
10,35,0.04497095299981833,0.17998402731007015,0.1929787530175966,0.213515027776034,0.02157797148158938,0.10510764016075236,0.00046847973480987,0.00312258445893516,0.1,0.6,0.8,67,2.960362131721882,3.5033687931660737
10,36,0.04540960301064635,0.18326793760425672,0.20418345312114786,0.22461512916404217,0.02725765515979477,0.10457621579515472,0.00052232621131304,0.004307532186619429,0.1,0.6,0.8,68,3.0777305619068454,3.768314201663667
10,37,0.04341386674539697,0.17848291081280326,0.19899819710220845,0.22351953192814988,0.03325826519036675,0.10481105717067644,0.0004198091348018,0.00280201159587671,0.1,0.6,0.8,69,2.775592209977402,3.691070260952386
10,38,0.042823722127799606,0.17275730729853447,0.18502147295268606,0.22456558427910986,0.013509882062377557,0.10514587960115966,0.00039716693596563997,0.0022204160189763698,0.1,0.6,0.8,73,2.703604391093374,3.217761603540281
10,39,0.04081641724016989,0.15826853250300618,0.1537143443603787,0.24352239580437154,0.03538338270105725,0.10211866354808781,0.00029219267635783,0.00126694835933749,0.1,0.6,0.8,74,2.918099052645528,4.054900490687673
10,40,0.04026311519612183,0.15647928862987118,0.15926709690154292,0.2505240433549245,0.03357331225189559,0.1020577655883655,0.0004974539843197601,0.00233824957885997,0.1,0.6,0.8,76,3.0069903509125004,4.00010391625098
10,41,0.03857276401948808,0.1531253599042426,0.15567682819371154,0.26156571669353024,0.015128505112913167,0.10205294742006592,0.00045005631592135,0.0007964496078507299,0.1,0.6,0.8,79,2.768174802933033,3.835690616468922
10,42,0.03773011515128574,0.14384857104706106,0.1376826786232069,0.2603503244506524,0.038946151179278916,0.10618131021101265,0.0002897393680695,0.0005649904651087499,0.1,0.6,0.8,80,2.550486706193139,3.3085703090357588
10,43,0.036769508586844704,0.15678738737800424,0.18268229137485142,0.2833847562576451,0.04386957352437902,0.10283133291861586,0.00028528664803964,0.00119135195842729,0.1,0.6,0.8,81,2.935597415157966,3.789579082254199
10,44,0.03691006296361784,0.14827495753971123,0.165426215234692,0.29252778724583867,0.027013322106658258,0.10196640836478862,0.00043860416354335,0.0025938657420044803,0.1,0.6,0.8,83,3.059869615964528,4.0785938099287
10,45,0.036087833726340474,0.1516292120547161,0.17689508828486647,0.2999357456243998,0.013327511840447143,0.10196364207072213,0.00040304550520238995,0.00172093120316687,0.1,0.6,0.8,85,3.026403856432806,4.07354752973488
10,46,0.03573633129227281,0.14506190842803293,0.16192720612369083,0.2999071801435723,0.023404330995226038,0.10195912205648967,0.00046332315287823,0.00172321069851451,0.1,0.6,0.8,86,3.16070393421694,4.040375653411942
10,47,0.03609909705828474,0.15413813763155265,0.18728363256414854,0.312427221810926,0.015799554885407564,0.10176198090397943,0.00040430528456553003,0.0023910252435217698,0.1,0.6,0.8,87,2.8517716729839493,4.153539243029101
10,48,0.2535597805977309,0.35745848493309873,0.3660338070628844,0.5351871588861532,0.2306912549993174,0.13061857403986496,0.0035386944337348404,0.2683616083600246,0.1,0.6,0.8,90,3.136292045532676,3.2716294110772366
10,49,0.03623516241993431,0.16091984594668404,0.21005636601313668,0.39125154929280115,0.015325372028452397,0.09584673935324092,0.0044824777614319395,0.00100102206945863,0.1,0.6,0.8,97,2.8689972557679257,3.591973900952686
10,50,0.0356732400614695,0.17321255424440962,0.24673943524699565,0.4262592760883733,0.013855795214366227,0.09691194095714409,0.00448759620403242,0.00044007589931795,0.1,0.6,0.8,103,2.79980576856485,3.5735849701738696
10,51,0.7391506561475104,0.8434094581704837,0.8595663461349767,1.1133926317702052,0.7190572508849249,0.10346279999929212,1.0,0.13265415761858548,0.1,0.6,0.8,106,3.180549176460332,3.7289281226648
10,52,0.7291056360025587,0.82693160200349,0.8421937904871105,1.111580743063479,0.7534737828647332,0.10299634170237719,1.0,0.12201170463482698,0.1,0.6,0.8,107,3.115159325621638,3.5750522545239405
10,53,0.839693802379968,0.9503455517461827,0.997532728143389,1.2485436079466585,0.8295805837405242,0.19441413331008278,0.0005152166099096,1.0,0.1,0.6,0.8,111,3.137929916427405,3.4736662151617423
10,54,0.5130785517023075,0.6340635364199068,0.7052951613160257,0.9527866266901215,0.5060755590536666,0.12707875005200675,0.004930950996407521,0.597790670176913,0.1,0.6,0.8,113,2.866751936654003,3.608229553194325
10,55,0.031096700975696542,0.14907318696278582,0.22743414786870822,0.4881678059565701,0.04018019315393722,0.09605447655275572,0.0050424709977881805,0.00115399834595548,0.1,0.6,0.8,115,2.955712294664723,3.623942598509888
10,56,0.8459076019823638,0.9583056143530575,1.0359044391351055,1.3686433048874962,0.8316900156072181,0.19869390661983488,0.01610348505603772,1.0,0.1,0.6,0.8,133,2.818939114990904,3.575307760853534
10,57,0.8524327760302344,0.9648027645409207,1.0423976753481055,1.3284907159329613,0.8361026625372227,0.20005265723044272,0.02676222386557777,1.0,0.1,0.6,0.8,138,2.963559269764028,4.089134492184799
10,58,0.7221221229858941,0.8169815639280716,0.8695487874037352,1.2762398079293118,0.7193922697287836,0.1029478037360021,1.0,0.12027212339979598,0.1,0.6,0.8,140,2.737004703664493,3.582712587168075
10,59,0.7233506467020051,0.8180871855397271,0.8706377704666072,1.2820736378512025,0.7086196526515967,0.11026243383865564,1.0,0.12092475160764586,0.1,0.6,0.8,141,2.729935491699255,3.7084344623574697
10,60,0.7676518998135327,0.8665205660075913,0.9271816614384244,1.3363722247748415,0.7553980328845677,0.10255675980476582,1.0,0.17738297601726644,0.1,0.6,0.8,142,2.7230353280672333,3.697025908817741
10,61,1.4256888503667815,1.5426756984556989,1.6359951039239875,2.062177229728362,1.410470888199515,0.1025567346804731,1.0,1.0,0.1,0.6,0.8,151,2.8033717841800185,3.702708614159272
10,62,0.7441941089992754,0.8644705568461515,0.9657861449643814,1.4001246596660453,0.7380936689751719,0.10252492290048591,1.0,0.14846622313309354,0.1,0.6,0.8,152,2.728719982445471,3.6971919690885393
10,63,0.744141344850169,0.8636610673566281,0.9648738490983262,1.414831976990372,0.7343718484689997,0.10258369382991347,1.0,0.1485835270404163,0.1,0.6,0.8,153,2.8176914198006173,3.779357679902344
10,64,1.4337150822061329,1.545583457024642,1.6382085108957494,2.0529186859776214,1.4403816446716045,0.19307317508710828,1.0,1.0,0.1,0.6,0.8,154,2.9661914246611523,3.116453008988864
10,65,1.4336222535571141,1.5441943032332088,1.6366438679543638,2.0573033341095295,1.4284130634401508,0.19470662980715886,1.0,1.0,0.1,0.6,0.8,155,2.921637621861437,3.1734450360602016
10,66,1.4339587611837905,1.5434333444171853,1.6357346237891708,2.0621433059579664,1.4238053475327541,0.2002295249060261,1.0,1.0,0.1,0.6,0.8,157,3.010650966590472,3.2327642722630703
10,67,1.4332065784246706,1.5415357730857495,1.6336822149208665,2.079856050727777,1.4273839946892328,0.19494915566595591,1.0,1.0,0.1,0.6,0.8,158,2.857110480274098,3.2201623990260115
10,68,1.4303987946620147,1.522858768353567,1.6128733421021644,2.0806367686957294,1.528356619264723,0.19684135100901018,1.0,1.0,0.1,0.6,0.8,159,2.6479375719026392,3.2989873138971784
10,69,1.430386946147748,1.527381446240394,1.625561553276836,2.0957907746033415,1.4199050993213596,0.19684135100901018,1.0,1.0,0.1,0.6,0.8,161,2.654541769167818,3.3061621398786185
10,70,1.430335771031387,1.5222971993462076,1.6122450975419973,2.107212346793388,1.4202044708597943,0.1971209612441189,1.0,1.0,0.1,0.6,0.8,167,2.6246890807763883,3.31658002171407
10,71,1.4302624691573844,1.5313297877709329,1.6376134691499913,2.0663401803620323,1.4197824021987504,0.19655745662487206,1.0,1.0,0.1,0.6,0.8,172,2.684894621307207,3.2971097183110047
10,72,1.3206054818243578,1.4236994258499345,1.5378130539109784,2.12747177372753,1.3114018970695316,0.09378315592645411,1.0,0.8763649651824789,0.1,0.6,0.8,191,2.942281520106728,3.40735151100767
10,73,1.3202674974567439,1.4260573354269757,1.5480917822046756,2.1433021247257367,1.3168640203349469,0.09378315592645411,1.0,0.8763649651824785,0.1,0.6,0.8,193,2.7399725004114552,3.204435903893626
10,74,1.4267439705644787,1.545719666581356,1.6997572437996018,2.3363993816879685,1.4355255918559433,0.17868709879388975,1.0,1.0,0.1,0.6,0.8,195,2.932100988987828,3.518059314299521
11,0,0.905529939343314,0.9740066348752093,0.9699854853752626,0.14214706832034368,0.009590667538541717,0.09450031934742899,8.434422091439e-05,0.00011253633906273,0.1,0.6,0.8,1,14.327498833159115,27.239312292100102
11,1,0.8817504936109636,0.9636075121125104,0.958718771982105,0.13906246320921098,0.05111018369397653,0.06853256203134292,8.047776585855061e-06,1.388251098935e-05,0.1,0.6,0.8,2,12.751802092203397,29.5843128399992
11,2,0.5936519544291378,0.8380951180867844,0.8185134210989967,0.11248790787594465,0.7604013992226827,0.11230636145090422,9.295099294573999e-05,0.00011825895346964,0.1,0.6,0.8,3,9.064022140309977,21.854475246009628
11,3,0.39814553999053975,0.7158931407471186,0.6900032724508562,0.08463486806240447,0.38195487326580707,0.12084000247760071,0.00042466780362106,0.00049821440688482,0.1,0.6,0.8,5,8.535596293274788,12.892990688873532
11,4,0.3754717274547163,0.6973463398865287,0.6694789059741995,0.08239308852253227,0.11292620916409093,0.11140749497325146,0.00035385656428394,0.00042213390667573004,0.1,0.6,0.8,6,8.575889320397124,14.428900632701987
11,5,0.33786907546975936,0.6644131028758841,0.632809807310384,0.07575778098700477,0.2020990407564144,0.11282539232626909,0.00032982842461043,0.00042137401080914,0.1,0.6,0.8,7,5.674780824289593,14.6875269429243
11,6,0.3229557160490286,0.6503792238341287,0.6173382961832201,0.07494115658873421,0.08393615773829749,0.10190906731426408,0.0002007553711907,0.00024346957400630002,0.1,0.6,0.8,8,5.591270607918593,13.740901140970454
11,7,0.28191535645572285,0.6088198917985713,0.5712547790436981,0.06487324436579768,0.23950857931646688,0.08589090519080472,0.00024338002293211,0.00030938953388797997,0.1,0.6,0.8,9,4.838269589845224,12.917190352052296
11,8,0.24706221172634174,0.5690247884852799,0.5269104295913072,0.06123688452683313,0.12544456416162184,0.09098517738933508,0.00021152957302753,0.00027514327748900003,0.1,0.6,0.8,11,4.278250022422148,12.616470960006207
11,9,0.2203447071273953,0.534572486828969,0.4884125589895438,0.06011982736280005,0.11397733501712762,0.10516981560068869,0.00016877576416778002,0.00022039752357128,0.1,0.6,0.8,13,3.4871087396078844,12.585974342171884
11,10,0.21474430067422495,0.5269229932712184,0.47988284933339814,0.06598246322679432,0.05596673503200674,0.1062022888716407,0.00019081325649215002,0.00024843520984857003,0.1,0.6,0.8,14,3.5588311373761043,12.096021191338693
11,11,0.2027256571987982,0.5144983395603895,0.4736921302638489,0.06131675244969889,0.11011916151024674,0.10739857632861098,0.00020993416982225,0.00026717315201608,0.1,0.6,0.8,15,3.324598203749216,10.52297967832857
11,12,0.18771023462377145,0.4921249134925211,0.4488076713759883,0.061878626706876015,0.07505923310575963,0.10470328978017267,0.00027497614621173,0.00036398167038548,0.1,0.6,0.8,17,4.344120182099346,6.987577573920282
11,13,0.18506955978086834,0.48805951002240905,0.44429384884387674,0.06833910719560268,0.03364494070409159,0.10403839687320664,0.00025503439145027,0.00033971664688388,0.1,0.6,0.8,18,4.192664041318031,7.247165734504563
11,14,0.1491104124624648,0.42758683848793205,0.3770897436624504,0.04605492444932303,0.35523056247534873,0.09474077444340104,0.00028043693913054,0.00035511013703065,0.1,0.6,0.8,19,3.542238013251493,4.086548647506101
11,15,0.1319513043672286,0.3933707997705282,0.33893386136718684,0.045579054036658705,0.11158936515515946,0.10172928453967008,0.00024823695169823003,0.00031507640260782,0.1,0.6,0.8,21,3.0966353097190207,4.856288142664948
11,16,0.12183509043143369,0.3729996549097138,0.32368885940782727,0.0645377320076792,0.0340836898213191,0.12129011923251395,0.00024964843088092,0.00037169049683985,0.1,0.6,0.8,28,2.745529142852374,7.07489961746101
11,17,0.10849136302892104,0.3416605396642068,0.28880756505941907,0.06568088018409118,0.19315013005935208,0.12075600599118404,0.0002712987422146,0.00043154163663753,0.1,0.6,0.8,29,2.632634268357472,5.761520964772702
11,18,0.09586834825138493,0.31394263859564225,0.26562879000103506,0.06628213649870657,0.10508128889952606,0.1199202083179279,0.0002331108539215,0.0003767148736094,0.1,0.6,0.8,31,2.46561422923317,5.899201937680972
11,19,0.09141299443264278,0.3016110231081928,0.2519001231375399,0.06927540597308394,0.048071537141894015,0.119377887499784,0.00026763739968843,0.00045767300752764997,0.1,0.6,0.8,33,2.4708156460767468,4.879239358983341
11,20,0.08290883179755179,0.28385103696518316,0.23992251561907998,0.08658853245884886,0.035649002218999574,0.10602108326398751,0.0003739652277662,0.0005535591339375,0.1,0.6,0.8,38,2.242771217103809,4.435056069366198
11,21,0.0772206403384837,0.27115302096428273,0.23345146836301786,0.09225513976620885,0.060835807861496775,0.10573027859492437,0.00036097002718561,0.00051811908662094,0.1,0.6,0.8,40,2.129088652716866,4.544806810172956
11,22,0.07262826038799193,0.2561945758182347,0.21679277051115028,0.09513704222763525,0.054622762382310557,0.1064225466626946,0.00037647636178799,0.0005296619330643399,0.1,0.6,0.8,42,2.053250043121104,4.408720355195891
11,23,0.07165191406461928,0.25296078651288123,0.21319300756959428,0.09788934142102276,0.029956788408305294,0.1064717536588378,0.00037042943288372,0.00053356492477633,0.1,0.6,0.8,43,2.034164734425288,4.140182747247852
11,24,0.07461702531984606,0.25319295207157433,0.22786364876952764,0.141415272294974,0.03313153415465405,0.11243789423518664,0.007284362241959159,0.00451619380983461,0.1,0.6,0.8,50,1.8233049767422564,4.359916536148417
11,25,0.06616991872281926,0.24328957162839393,0.21772999582968677,0.15145151745755986,0.023111151317421145,0.1097940461242484,0.00019858192232432003,0.00033062461613503,0.1,0.6,0.8,51,1.5739095247900177,5.13661443599746
11,26,0.07321168397592309,0.2493263801272911,0.22360803217115136,0.16298998195939293,0.02284620067910676,0.10849319849371027,0.00727683595137345,0.00448554297350728,0.1,0.6,0.8,53,1.7329168327925055,4.420348732007733
11,27,0.0668689605546839,0.23719314927002313,0.20311282668343508,0.16412235827699737,0.017735574489833542,0.11664682296125342,0.00032492027552807,0.00134176699687976,0.1,0.6,0.8,55,2.4694752815538843,3.574531974668968
11,28,0.0657244106684521,0.23796538719276517,0.2116377052184515,0.17444764946901395,0.023579148405462852,0.11570111958581845,0.00032381911559207,0.00133924492545466,0.1,0.6,0.8,57,2.491869247740552,3.6119384700143926
11,29,0.06386777385925578,0.2336749964655574,0.20696670058509126,0.1693462415389199,0.03128626104007553,0.11275827359646733,0.00033071610337611,0.00054916649474133,0.1,0.6,0.8,58,1.7092316371422254,4.95908608399433
11,30,0.06386777349775051,0.23367499642043027,0.20696670053996413,0.17719791686774158,0.011913919217073786,0.11275827332289408,0.00033071609588946,0.00054916647814408,0.1,0.6,0.8,59,1.709231646517447,4.959086120893149
11,31,0.06283447659729516,0.23457532968409314,0.21562562878881464,0.18795565316329274,0.022480570288737484,0.11275616173288869,0.0003222637275317,0.00052783043216841,0.1,0.6,0.8,61,1.5340236791771156,4.839698973956603
11,32,0.06142893873535523,0.2350373137614047,0.2238374988416813,0.21031801994460292,0.015830757651303484,0.10665716244715169,0.00023302261071618,0.00087618177974816,0.1,0.6,0.8,66,2.4442377511406126,4.081896105944484
11,33,0.06132260579360975,0.23924269815377225,0.23617240791674868,0.2258338072413829,0.013772372619233555,0.1066571623531031,0.00023302261080386999,0.00087618177895443,0.1,0.6,0.8,67,2.528239008742013,4.000001080472053
11,34,0.06441972738666298,0.23513651369067062,0.22348238147844263,0.2336276280838126,0.026597901162291472,0.11185321892001679,0.000928672854101,0.00485547001200181,0.1,0.6,0.8,69,2.167039513138485,3.709284661183635
11,35,0.057339221670745254,0.21250735236196802,0.19101115749207923,0.2222776166480648,0.0963341671733107,0.11129038429450336,0.00044617371615663,0.00120101616158176,0.1,0.6,0.8,70,2.25614236943776,3.862323941014968
11,36,0.05680292368164859,0.20646424602489927,0.176656267949164,0.2257555494191295,0.01564688784551884,0.10960994961475304,0.00046483885150689,0.00111616456883187,0.1,0.6,0.8,72,2.195824704509003,4.091194377069884
11,37,0.05622830695365253,0.22231755099244446,0.22490756200342177,0.2620708762703827,0.027422314980894275,0.11005283413112318,0.00035374108051272,0.00126308638550816,0.1,0.6,0.8,73,2.070993578585357,3.5540797964028084
11,38,0.0562087713665692,0.21231643248699175,0.1984398359483719,0.24153499354225444,0.01851843307079879,0.11243703007686678,0.00045433094045449994,0.00119646310764101,0.1,0.6,0.8,74,2.213645662863254,3.8877464741756462
11,39,0.05527870851861325,0.20857609122522838,0.1942757832324767,0.24867857660196843,0.02327909524337625,0.11239986766999917,0.00043911979094754994,0.0012248189433592901,0.1,0.6,0.8,76,2.1448996251632684,3.885702807976654
11,40,0.055062022692876016,0.21717907012638696,0.21916985410943018,0.26941050214301515,0.013847027650010509,0.11169955266974092,0.00044260662193983,0.00119620006950318,0.1,0.6,0.8,78,2.052116192614264,3.6326516622472944
11,41,0.055598851567261395,0.2031914633338168,0.18803552877102694,0.2907957681802449,0.03502505865084557,0.11110399546337121,0.00229713455897537,0.0027275344932817898,0.1,0.6,0.8,80,1.89707356531616,4.344459962300963
11,42,0.05521401073847664,0.21092149736325075,0.2119517981010035,0.3417848863486311,0.016284453353570982,0.11087076461780332,0.00229178581344743,0.00271529702585214,0.1,0.6,0.8,85,1.8918306932386963,4.385474266473328
11,43,0.052994057300096375,0.2127018566916096,0.22181591909958412,0.3436530278525668,0.017360861750405316,0.1115166524615285,0.00188790737947377,0.00041228953255211003,0.1,0.6,0.8,86,1.752777550553991,3.763875311884787
11,44,0.0592611257924303,0.21554068547591876,0.22414548459560574,0.3154440335550321,0.04577265010223974,0.11109945126482881,0.00455714782954477,0.0076442153163781505,0.1,0.6,0.8,87,2.777461834954592,3.984018568456184
11,46,0.07328189105688745,0.24500468336834014,0.2708880427018662,0.3943088857614706,0.035043514207146215,0.12388170082401048,0.01043396770420458,0.01667866372570093,0.1,0.6,0.8,100,2.2746782513877104,3.6810196973597593
11,47,0.0732490386222997,0.25220948929418296,0.2941478103564734,0.4381031425346016,0.034007467826274285,0.12401409285472469,0.00989981736052523,0.01781382308412641,0.1,0.6,0.8,106,2.2205499572725325,3.8316731138919335
11,48,0.07387862820919164,0.26109885134336164,0.3117586114150872,0.4665967332324392,0.03719435141705547,0.12390357476737499,0.01043121584824205,0.01673615449401802,0.1,0.6,0.8,109,2.482736143326863,3.852506772365254
11,49,0.07291317852453297,0.26173617541602034,0.3201223210578489,0.4654746983003014,0.037715060443473704,0.12390357476737499,0.01043121584824205,0.01673615449401801,0.1,0.6,0.8,110,2.387017004781312,3.913097066400865
11,50,0.07109989661820756,0.2521616436711422,0.29441447449425967,0.48235967395648416,0.03073896797754668,0.12200368643589869,0.00890001260320563,0.01527562732828607,0.1,0.6,0.8,119,2.3988852591748566,4.000142582877317
11,51,0.07116909614964961,0.25418721356989543,0.3042192579614724,0.49948360139676495,0.03937036660718714,0.12787229175055898,0.011619894987247751,0.01365247896719432,0.1,0.6,0.8,121,2.618050995649984,3.629222206605334
11,52,0.06930477816182921,0.24655112053076844,0.2957252312488635,0.5016083281362258,0.07864387370232094,0.12858654466444477,0.01153721781846596,0.01357099606154937,0.1,0.6,0.8,122,2.6965047685335257,3.5664962128130147
11,53,0.06879458017348127,0.24414485868325464,0.293038442731717,0.5052855659302377,0.04640698603271733,0.12861910297749327,0.01154217214888806,0.01365875000717936,0.1,0.6,0.8,123,2.7740521448908813,3.8147921624947214
11,54,0.06946874573503775,0.24187301950848075,0.2978301161665535,0.5509109163385233,0.06895598424522391,0.12482735273961214,0.01128692168254433,0.0180195436979153,0.1,0.6,0.8,126,2.7623500628410853,3.843520723479233
11,55,0.0728434921336276,0.278881354719621,0.37727687007791727,0.5416265676510995,0.03426183703567141,0.12724676776236413,0.01134788316773773,0.01783819861447802,0.1,0.6,0.8,137,2.3911682820782394,3.929328148958304
12,0,0.7535429751441222,0.914235011584917,0.9034635876699262,0.12537717847440832,0.00955513972628756,0.09409823561228804,9.22216157529e-05,0.00011247899450876999,0.1,0.6,0.8,1,19.38070553991819,29.46462435963484
12,1,0.5338138854935841,0.8037141554230882,0.7803580027953029,0.10216023083016626,0.3313459735823572,0.10249102500576776,9.125250217853e-05,0.00012178097492785,0.1,0.6,0.8,3,13.506297578176806,21.854475246009628
12,2,0.3894945314176185,0.7090008203357923,0.682426913856506,0.08211782439534916,0.3025981165183173,0.1127259796497901,0.00037526369745546,0.00050080795419446,0.1,0.6,0.8,5,9.0214627658166,16.934003069699806
12,3,0.3893436183647376,0.7134867906892994,0.6950699173955844,0.08673416295114612,0.012812997088797965,0.11290038083227291,0.00038748803460644,0.0005171219363927901,0.1,0.6,0.8,6,8.952612996387288,16.840946671235933
12,4,0.3240052582900022,0.6515896751251306,0.6186958082534362,0.07117243077396161,0.3322561883476149,0.09841975110928224,0.00034400814531446004,0.00045826102080612,0.1,0.6,0.8,7,6.849710107820935,14.584980576762684
12,5,0.2926142872788021,0.6157361178115314,0.5713257628865935,0.06423281929167302,0.09382882314801505,0.0846773041289529,0.00015802738136880002,0.00022093479357469,0.1,0.6,0.8,9,7.866963669669878,15.750983224313613
12,6,0.2447220948877745,0.5617913072521281,0.511324295436224,0.05584996663733385,0.16219830323512438,0.08146856331405264,0.00014408655489843,0.00019910144931892002,0.1,0.6,0.8,11,6.596386953207266,13.380889710899057
12,7,0.2195749044487575,0.5293591318878383,0.47511106681376736,0.05492505302678264,0.10576129981450345,0.09189241802356149,0.00013517436701981,0.00018745931666396,0.1,0.6,0.8,13,5.561736505471518,12.139459848954491
12,8,0.2153596214760728,0.5237205634910903,0.46886571592290155,0.058107074020356746,0.03992915688633877,0.08943331905525712,0.00012240973273208,0.00016825470645429,0.1,0.6,0.8,14,5.573625105307007,12.247238589404438
12,9,0.19910047553944474,0.5004028312089371,0.4428155632278209,0.05259775602735277,0.14948767901569954,0.0971019510971417,0.00018128517489626,0.00024369881391835,0.1,0.6,0.8,15,4.721102788125263,12.27411735028474
12,10,0.194630088461994,0.4938672394996948,0.4355667106102368,0.05586385742707592,0.04597908934136207,0.09508685213972115,0.00016852054060854,0.00022449420370867,0.1,0.6,0.8,16,4.7352948564839545,12.39718994307954
12,11,0.18579444071433174,0.4807401830060433,0.42101015633861866,0.05933924163725826,0.08258927683707383,0.09041141196613112,0.00015837127433077,0.0002208059039497,0.1,0.6,0.8,17,3.7998127005430633,7.529586023011943
12,12,0.16767144135938225,0.45153635265084435,0.3954805706024837,0.05789664827631137,0.12960181452722894,0.1484994212714587,0.00010819255254464,0.00051826226849432,0.1,0.6,0.8,19,4.373739694517581,7.768452226672951
12,13,0.14627177931588045,0.41077545791199027,0.34286341636865564,0.05630113525953972,0.10566190686385168,0.11441979202407335,0.00012237711896867,0.00029704199209727,0.1,0.6,0.8,21,3.2760709265751315,5.429144285245783
12,14,0.12848131769587393,0.3854041041713774,0.3300809407934009,0.052473908022954506,0.10620599787832379,0.10065640720379487,0.00021541745770157,0.00031882432949894,0.1,0.6,0.8,23,2.847093031801609,6.125062894609803
12,15,0.12602315209896442,0.3803284002676709,0.3244486119625525,0.05695314241800136,0.038685839338291214,0.09940028991039253,0.00020199671268107997,0.00029905620704002,0.1,0.6,0.8,24,2.6669648941648108,5.905345716312434
12,16,0.10910678958299964,0.33684578559580136,0.26836445078360444,0.046445304015096715,0.2363868977050393,0.10147323535599781,0.00024318212139076,0.00038013393307179,0.1,0.6,0.8,25,2.920422202550608,3.855707796426723
12,17,0.09574738159913283,0.3038952031716922,0.23175593206433642,0.03987848359814189,0.1963927370509655,0.09411586165509575,0.00034449047615024004,0.00049876202187474,0.1,0.6,0.8,26,2.582916809917166,4.078260908997623
12,18,0.08882233334497158,0.28439164095100194,0.21001174926927108,0.04099105667734918,0.12458031401665591,0.09946042285629852,0.00021451998402154,0.00033371746816402,0.1,0.6,0.8,27,2.612097888007204,4.492129739339568
12,19,0.08270932663260577,0.2726364799167908,0.20465863740453674,0.04553077248594907,0.05484547575414253,0.09267133274315008,0.00021951351644539002,0.00033738482811397,0.1,0.6,0.8,29,2.297311222004494,4.480542624811001
12,20,0.07859799172989983,0.25976633942199845,0.19030574259021907,0.04541116826195693,0.08551891805924651,0.09544686271383546,0.00020353890382203,0.00031543929049436,0.1,0.6,0.8,30,2.286274479223868,4.112435071500381
12,21,0.07777639687660276,0.2621981963655076,0.20068752950215346,0.051127440450903096,0.02105824408592474,0.09314675419864274,0.00023021176307879,0.00035438682583375,0.1,0.6,0.8,31,2.1321302500608765,4.387876251100816
12,22,0.07474533299698692,0.2467807410749853,0.17580420613740194,0.0519399953011101,0.07621819787232079,0.09972526383764374,0.0002108905741129,0.00031209864520041,0.1,0.6,0.8,32,2.206445502791483,4.606027420462977
12,23,0.07361363524395587,0.2430760422240353,0.1716773506838537,0.05432766261522478,0.031907616600706255,0.10008727678701823,0.00020689459523849998,0.00031046957554518,0.1,0.6,0.8,33,2.1910818385465207,4.615614190570092
12,24,0.0644338451186307,0.21695571333749347,0.1502731059480122,0.06270420201512326,0.18644832761847263,0.09798223469504527,0.00024938874995507,0.0003923192611473,0.1,0.6,0.8,34,2.210561261455909,4.168486153922431
12,25,0.06329528221615636,0.21425292152887002,0.14732411736570736,0.0791166174422767,0.013923675023637984,0.09223884151568315,0.00029165181274997,0.0004240009129724,0.1,0.6,0.8,37,2.197726585846861,4.056976693063502
12,26,0.061424940329518556,0.20801389357024955,0.1404006523994193,0.08080990596974469,0.0444340382842098,0.0908126404179037,0.00026468561035614,0.00039400071709143,0.1,0.6,0.8,38,2.282236206615913,4.151552463377928
12,27,0.06115491541518307,0.20962613020363538,0.14976372871730698,0.10222430201210786,0.01750664222888824,0.09681902968833084,0.00028281645454135,0.00057821881727544,0.1,0.6,0.8,41,2.007581902050428,4.213030522604418
12,28,0.061081645949614245,0.21395707046613624,0.16223831537267527,0.12066802601104769,0.011086951896767639,0.09681902968833084,0.00028281645454135,0.00057821881727544,0.1,0.6,0.8,43,2.016502384232828,4.247772652736868
12,29,0.05774932048057505,0.19342976924121,0.13159743853217565,0.12082167006069965,0.11042304801669355,0.10807910898341237,0.00026831813678238,0.00072628429598926,0.1,0.6,0.8,44,2.6827192242151296,3.963913490605897
12,30,0.05513953749432208,0.18629604928790672,0.12377510748036313,0.12180626746235601,0.045681110112540856,0.0986033337906704,0.00025433949988319996,0.00062130950499741,0.1,0.6,0.8,45,2.418806395623027,3.8899598014232666
12,31,0.05437586546764021,0.18787135774896796,0.13318270027322576,0.1399714818111354,0.019181018787167627,0.0986033337906704,0.00025433949988319996,0.00062130950499741,0.1,0.6,0.8,47,2.445054053744904,4.032949723295848
12,32,0.054214409888884464,0.20117340798690042,0.17095644377668218,0.11322030679318884,0.013041609232072685,0.09833643630620667,0.00024721011234604,0.00059949527083544,0.1,0.6,0.8,48,2.4388615011859485,4.08607789225703
12,33,0.0509227424510587,0.17691059183285074,0.12109253645089252,0.16328320662973947,0.02329172087578849,0.0890659020220303,0.00028012830263843,0.00058648883842422,0.1,0.6,0.8,52,2.508851743707446,3.863027173216257
12,34,0.049637205105193066,0.16746546879294671,0.1029415865592568,0.16182452481199802,0.022957261218462505,0.08850938008819834,0.00024064477075952,0.00051090098469347,0.1,0.6,0.8,54,2.5911304964148325,3.8956458414573936
12,35,0.04960088295003463,0.18571310761989998,0.1538685610931714,0.1501680304801392,0.010268939124137247,0.08850938008819835,0.00024064477075952,0.00051090098469347,0.1,0.6,0.8,55,2.5851817844076423,3.861899201428028
12,36,0.06187461272331117,0.21021590084892153,0.20265999553780484,0.2876084960514205,0.02274300176625877,0.10155438923609225,0.00035172118456572,0.01476177682606165,0.1,0.6,0.8,76,2.569897687447152,4.747301977068618
12,37,0.061136103401954335,0.20287095906240243,0.1868428023278203,0.2899635083807922,0.03726553104338921,0.10042038365342745,0.00035200085856425,0.01476923331702728,0.1,0.6,0.8,77,2.6448358548086603,4.621561888113918
12,38,0.060572561379473124,0.20538881794733088,0.1973096762801883,0.3198522177464487,0.027712741381089395,0.09964685604232226,0.00034783896941323,0.014756057674286772,0.1,0.6,0.8,79,2.537962415246719,4.677469226187842
12,39,0.09673826911419413,0.23323732661320995,0.21643493591945637,0.3507452388070748,0.08728909278737651,0.0993484661707299,0.00118036447030522,0.06080555298863762,0.1,0.6,0.8,80,2.5073487056900285,4.37414290135719
12,40,0.09627035840795115,0.23574002384515214,0.22687174619382935,0.3635313906707867,0.0654288759661193,0.09975400612792193,0.00118019161613856,0.060787978101739304,0.1,0.6,0.8,82,2.4046724582769605,4.356092360660508
12,41,0.09602606087990778,0.23925988896442232,0.23844268134952107,0.3765933328123134,0.06558506684884974,0.09984906238230115,0.00117937837310047,0.060786293224987645,0.1,0.6,0.8,83,2.4199574232651697,4.414487153438526
12,42,0.16240686600824916,0.30244074073335375,0.3011539546120701,0.4742154518624505,0.13862872758788086,0.12153692028196761,0.0019408620035869999,0.14167479455140808,0.1,0.6,0.8,85,2.9101960356729166,4.3905020477253
12,43,0.1604223017821724,0.3036064464594527,0.31028168319155625,0.4810628291940333,0.13590661763566841,0.10873277305322009,0.0019245480361172102,0.14134119739214943,0.1,0.6,0.8,86,2.515770652479928,4.293819982875515
12,44,0.1594665492522937,0.2927757791727738,0.2905076534082783,0.47948684572243716,0.16491432398716194,0.11344026769044362,0.0019435764575711002,0.14145941275973334,0.1,0.6,0.8,87,2.9680977105153543,4.549001235382503
12,45,0.1584505741049492,0.2942601386663402,0.29986139251134736,0.4917129341379991,0.1330136476659719,0.10956205731271462,0.00193430040238596,0.14142777160858805,0.1,0.6,0.8,89,2.9306116085434963,4.579090563373224
12,46,0.15845057406021762,0.29885959538398477,0.3126348380495465,0.513991527256649,0.12525907143830464,0.10956205379791599,0.00193430037986578,0.14142777151796748,0.1,0.6,0.8,91,2.930611247867233,4.579090607743083
12,47,0.16269053525737814,0.3023218522992146,0.31598431949540323,0.5181733537817019,0.13547022536538328,0.12532505696587506,0.00184492622230727,0.14509973553878827,0.1,0.6,0.8,92,3.0520697529974745,4.674175556164542
12,48,0.1593287784022508,0.3030300371404643,0.32478998144207594,0.5327613423849896,0.1304141199639323,0.12200522417299686,0.00196276369442645,0.14141074829302872,0.1,0.6,0.8,93,2.959957458282957,4.794272934551783
12,49,0.09118487104387767,0.2357735704379509,0.26517085479880464,0.516153877803025,0.06076740705321672,0.09599356657704912,0.00910411387764533,0.0554222939867419,0.1,0.6,0.8,113,2.827465112844909,4.777073374282016
12,50,0.35936272495919697,0.5025276149395512,0.5317196358189928,0.8149186368515904,0.3332103914663924,0.5470831100128262,0.00971110201229117,0.3342948607557997,0.1,0.6,0.8,115,2.8445421660475407,5.327550719678088
12,51,0.3594961147646175,0.504856383863171,0.5418765496690124,0.8236207593803956,0.3375721938188345,0.5511622162577984,0.00970686487896067,0.33477576975398643,0.1,0.6,0.8,117,2.762571811071523,5.339579110843681
12,52,0.08792014807892977,0.22504614321783062,0.2608877923256719,0.5672684125671592,0.07439665106569529,0.09359254232585083,0.00909409543773817,0.05570456262197494,0.1,0.6,0.8,121,3.071515921288998,4.674907265459591
12,53,0.08832891477709837,0.22850150495663657,0.27229627549096025,0.5720006626751871,0.07146314163830444,0.0927205393444004,0.0105600214957125,0.055730373353512185,0.1,0.6,0.8,122,3.0568280048264707,4.5086229741860375
12,54,0.08790323520718238,0.23257972827756485,0.2845348291674635,0.5861385032330788,0.06013863900948817,0.09313988996752245,0.00981928621288459,0.055732416671615284,0.1,0.6,0.8,124,3.0742687726194595,4.55704629987334
12,55,0.08790409746613494,0.2325802523516243,0.2845352880097117,0.5906479914595101,0.059794795171383454,0.09313874355859268,0.00982106025205217,0.05573241090202913,0.1,0.6,0.8,125,3.0742207868657605,4.556909197029362
12,56,0.3352928092712287,0.49728358767774894,0.5817809301047948,0.9461426366399571,0.3078747685578475,0.09005972199764634,0.38879827960932806,0.08147054316203203,0.1,0.6,0.8,144,3.491554944095986,4.377808658091201
12,57,0.3667693219292993,0.5698088106590926,0.7278235942094082,0.9658262534659295,0.33986341174281093,0.08931325192430702,0.4371659764054237,0.0847453285126509,0.1,0.6,0.8,147,3.6463684909931975,4.409554498353641
12,58,0.18728411466190067,0.3578135577540392,0.46608732115374696,0.9919534410648303,0.16197679295621983,0.0903337810163746,0.1881344533866898,0.04859891595087432,0.1,0.6,0.8,177,3.723046293351818,4.4356579051471945
12,59,0.18735912001172123,0.36223807590474566,0.47865051725189994,1.0178711907533609,0.16138170883719788,0.09023988448305598,0.18836130977636406,0.048612926981301,0.1,0.6,0.8,181,3.683788978099467,4.344675732748854
12,60,0.18717571573529693,0.35744488248037615,0.46568168437725976,1.0056817787373737,0.16082453534805097,0.0897803948550736,0.1881368801586411,0.04861265695524773,0.1,0.6,0.8,182,3.680356800746938,4.346950657531626
12,61,0.1875478735681576,0.3620890329366097,0.4784537072143031,1.0273385999643347,0.16356458127380602,0.09009550076108896,0.18835973409547474,0.0489741491050647,0.1,0.6,0.8,183,3.7348715681670006,4.421076781453111
12,62,0.18707264388587652,0.3564753729612687,0.46458967554436426,1.0147340170482406,0.16474855217812445,0.08941648473638644,0.18813752076046064,0.04880064470863839,0.1,0.6,0.8,184,3.772214545451372,4.37968774311598
12,63,0.18703043936480385,0.35586827271421884,0.46390287295193855,1.0238768183356795,0.16299732401082706,0.0892567968863407,0.18814070771958352,0.04894205610974796,0.1,0.6,0.8,186,3.836433453294286,4.470778175756946
12,64,0.18715698480681114,0.37399986145951813,0.5146753074571455,1.0997217491492979,0.16142396432855793,0.09202746403803827,0.18843466605361284,0.04865602153728067,0.1,0.6,0.8,198,3.49757658488804,4.357796221121325
12,65,0.22130986115265733,0.4075895827647074,0.5481854114832045,1.1572705217790396,0.19750633586756744,0.09688496088912255,0.24671207402974882,0.04720713692096168,0.1,0.6,0.8,200,3.451134663746036,4.357618501678812
13,0,0.7373197582749413,0.907733841975902,0.896112160416565,0.1242873446389789,0.01057819804698764,0.10417400364512468,9.22216157529e-05,0.00013183089127929,0.1,0.6,0.8,1,20.682351368241115,29.46462435963484
13,1,0.5068400645019582,0.787290358390532,0.7620312022916096,0.09785098218793024,0.35853703885012217,0.10666791136538645,9.125250217853e-05,0.00012018146477615001,0.1,0.6,0.8,3,15.57354852072016,21.854475246009628
13,2,0.34400928358769384,0.6701708634563895,0.6391404085852157,0.07166486366233747,0.3682554424503065,0.11801893026581756,0.00042556746005677996,0.00056048129628956,0.1,0.6,0.8,5,12.320205529195784,16.584006534983455
13,3,0.33922006999358323,0.665722895947818,0.6343875436866835,0.0728659317313784,0.026690810395747607,0.1039060604154964,0.00022820768109736,0.00028595534915384,0.1,0.6,0.8,6,11.858529118795165,15.881381477986208
13,4,0.27626751650149745,0.6027136019795276,0.5642180726122539,0.0554606658281306,0.37655844695461,0.1064431636319344,0.0002835885870498,0.00036902395469923,0.1,0.6,0.8,7,10.14502938689856,14.991669796938142
13,5,0.2762720051348633,0.6027171265002731,0.5642189415691709,0.05548145383959635,0.011282953381798475,0.10655185485385446,0.00029357719390396997,0.00038217916002673,0.1,0.6,0.8,8,10.122991661404145,14.906559701379098
13,6,0.23829464779524734,0.5587781128538125,0.5157170662491144,0.04716010518306018,0.23941105500153345,0.07189726440681779,0.00023472994458425,0.00030814294320024,0.1,0.6,0.8,9,8.044273784237653,12.97726351626888
13,7,0.23833444796040346,0.558810629475755,0.5157447226044766,0.047223227762386945,0.007903049911656131,0.07250418255927006,0.00024332614593444002,0.00031946432119111,0.1,0.6,0.8,10,8.023785923736469,12.879345260099754
13,8,0.22918147625780744,0.5516530809735725,0.5154411409773566,0.058306617379645716,0.07363205814597794,0.07189726440681779,0.00023472994458425,0.00030814294320024,0.1,0.6,0.8,11,8.102279203401975,13.360398977802202
13,9,0.20367768436902173,0.5127317093661367,0.4644527296697734,0.049875325954195304,0.10750220542464178,0.07377836448431355,0.00020493937912436998,0.00025566767217790004,0.1,0.6,0.8,13,6.673607077886115,10.510009464035594
13,10,0.19904150471778903,0.5061365799024365,0.45714601883473854,0.052677285040176554,0.04330865383308072,0.0715262090695481,0.00016625077878749999,0.00019357036396797,0.1,0.6,0.8,14,6.661626374363238,10.967194194322584
13,11,0.17782908143975187,0.47490976333665175,0.42253270543830607,0.04600604741781363,0.18038186340781132,0.058279388715146964,0.00019861586617409,0.00025205091851399997,0.1,0.6,0.8,15,4.640304110466179,10.248692150117384
13,12,0.17330592021890232,0.4676187692050277,0.4144217283747708,0.04899234185428561,0.047557596298163606,0.058122175139904766,0.00018584985002446,0.00023875235765212,0.1,0.6,0.8,16,4.625448739441004,10.382258706148704
13,13,0.16735885561982927,0.46209131112202634,0.4159240227572834,0.05763000572537071,0.06240938342236482,0.05801166133390031,0.0001940557319909,0.0002461709835367,0.1,0.6,0.8,17,4.800266899184103,10.599552919767156
13,14,0.16404829790478342,0.45652563875985813,0.4097292070323478,0.0647486727688635,0.03817509310200481,0.058122175139904766,0.00018584985002446,0.00023875235765212,0.1,0.6,0.8,18,4.76017748439369,10.697220147012631
13,15,0.1545898917883554,0.4346371385412917,0.37757925376308576,0.04739149434191192,0.114086370236592,0.06938933542137389,0.00020843478586904,0.00029344464331144997,0.1,0.6,0.8,19,3.942530764375574,9.616756673443204
13,16,0.1497265561952393,0.4295882534230841,0.37950207612348064,0.07253386590986255,0.023630237748853956,0.07916408702800423,0.00024734492439296,0.00028308611305919004,0.1,0.6,0.8,23,5.580189457080867,8.939653037834988
13,17,0.13558893757265067,0.4052578527286867,0.3527577910532086,0.07296525567820299,0.12799125133523503,0.04980304720093839,0.00020795748994389,0.00027160617964863004,0.1,0.6,0.8,24,4.172308173570247,9.006211066453599
13,18,0.12582385481208821,0.38432236901144634,0.329334492504122,0.0678807579854227,0.1334027687954256,0.06063042426739853,0.00022115555752546997,0.00025840323657056,0.1,0.6,0.8,25,4.3703581106465,9.570456762327854
13,19,0.12671432045602304,0.37936398736332766,0.3159329095915643,0.06298861870499131,0.022158434424378023,0.07997034034465972,0.00026820631897506,0.00033251759719183,0.1,0.6,0.8,26,4.595216851244768,7.858351170046291
13,20,0.12337803517533516,0.3837009762860504,0.3362971519056778,0.07597957501216661,0.022491250541068295,0.06063042426739853,0.00022115555752546997,0.00025840323657056,0.1,0.6,0.8,27,4.246658362918469,9.287154927722744
13,21,0.12022276082133787,0.3668653184390028,0.3021684265219048,0.06820755279320871,0.05539580407920257,0.06744415888254907,0.00023853931074425998,0.0002995953460906,0.1,0.6,0.8,28,3.1658828310549114,7.626215983137705
13,22,0.11874197964835936,0.36860636096743654,0.3117978256862539,0.08359684232388148,0.014068458757694,0.06489947095195604,0.00019419253588296,0.00023787428279814998,0.1,0.6,0.8,30,4.351178127647731,8.546786751410245
13,23,0.1017532894270486,0.3337322982921127,0.2806532979470934,0.08586359726373576,0.08214893585205366,0.06316900562645009,0.00021670825084162002,0.00026149862731562,0.1,0.6,0.8,33,3.277583762941392,8.929053532994592
13,24,0.09859193505373855,0.325102975327118,0.2709963430381422,0.08726880994912238,0.059498054083043046,0.06747454833234293,0.0002374842840008,0.00028759505495192,0.1,0.6,0.8,34,3.0391132137315955,8.4071383949012
13,25,0.0949942799253137,0.320816895033855,0.2739073147383095,0.10564322671350405,0.01932978230444224,0.06516706704134391,0.00023114816282234998,0.00028068287510713,0.1,0.6,0.8,38,2.989467478508544,8.660764537124896
13,26,0.09210777886673675,0.3129648279909997,0.26515179543010636,0.11069514860590592,0.0300492070736743,0.0666908606258296,0.00022589722330813,0.00027282528892918,0.1,0.6,0.8,40,3.1036993324236635,8.31100162156115
13,27,0.08706683915638179,0.29625779513117295,0.23900605122728238,0.12385539002599982,0.038365177886786096,0.056990142306226045,0.00026748902964755,0.00030968522761657,0.1,0.6,0.8,42,3.3225942676393614,7.611081652609954
13,28,0.08683791020102047,0.299524304183882,0.2502508781721129,0.13516615193275536,0.011515428650869916,0.06135577128022146,0.00024299786147706,0.00028163498521542997,0.1,0.6,0.8,44,3.540277676653458,7.770054208246179
13,29,0.08671154802093983,0.2992689206197719,0.24997263003057685,0.1318929603981374,0.007622413302042904,0.06084697634659188,0.00024130261328887,0.00027993206043855,0.1,0.6,0.8,45,3.5335275085509195,7.597936775002254
13,30,0.08460626509678507,0.2928216514683264,0.24276266326499177,0.1485692086348815,0.04563022321186431,0.06419894532440387,0.00022061471152746,0.00025325943839428,0.1,0.6,0.8,46,3.498948714285171,7.899023477326316
13,31,0.07881695595338174,0.27573061441068775,0.2237246771581438,0.13949724263440008,0.05649496516859892,0.0651767326698505,0.00024256366288010001,0.00028809965708001,0.1,0.6,0.8,48,2.568880115710373,7.167821359176145
13,32,0.07445773957434938,0.2675922480813926,0.22234751803614294,0.15109939839239517,0.04271456109908512,0.06337084014295871,0.00021436486125957,0.00024051544767504,0.1,0.6,0.8,50,2.827777098280445,5.531919689348627
13,33,0.06943722705057981,0.25045845771785497,0.20321664830808334,0.1685920909024025,0.03260981409541501,0.06796264212376799,0.00023655962987677,0.00032353952239094,0.1,0.6,0.8,54,2.6502529632300447,5.738945727165657
13,34,0.06768609309898738,0.25029763309318315,0.21074087051409182,0.17173822246216272,0.031703481820818245,0.061975734471883794,0.00031643315769925,0.00047321547198364,0.1,0.6,0.8,55,2.7832218561802047,4.879511473937447
13,35,0.06638919469018932,0.2645178344389106,0.2571913873787411,0.15607460707271845,0.014624648188407741,0.06146105656495064,0.00031196291225452,0.00047129108858821997,0.1,0.6,0.8,58,2.702581978466136,5.084027567199769
13,36,0.06272151247743152,0.24102932108034686,0.21565745943580447,0.23233095554041386,0.01465239730973164,0.06853778299868714,0.00034399546896582,0.0004758048967545,0.1,0.6,0.8,70,2.5098288988519486,5.230187041402168
13,37,0.06237245839085155,0.2432205790624487,0.22569746606002547,0.24507376108994794,0.016193062399002128,0.0739799894406636,0.00027819120034821003,0.00043322289011929005,0.1,0.6,0.8,72,2.366416591937485,5.168022215813444
13,38,0.06229914377905216,0.23854780736094783,0.2128507055379703,0.2565892184148936,0.007838337654727946,0.07397998936950015,0.00023845715818699,0.00037138024767581,0.1,0.6,0.8,74,2.3664165866938376,5.168022210748551
13,39,0.061257513239973804,0.23183060389940427,0.1977896779158125,0.2766666321794448,0.01587072078655551,0.06760580114457723,0.00024705512300881,0.00039128074511524,0.1,0.6,0.8,75,2.838930232967245,6.147994584820546
13,40,0.057390801344100406,0.2184561129644766,0.18292884731244705,0.2688319714879258,0.044884984090991134,0.06574060384514267,0.00023549571071966,0.00035717185997802996,0.1,0.6,0.8,77,2.916532240970497,6.577532477127168
13,41,0.056947834857584034,0.22255347105362608,0.19519114334154997,0.29095770179259184,0.006736049518929311,0.06216424371230288,0.00019708512698169003,0.00030690191132925,0.1,0.6,0.8,80,2.793989666341771,6.164508363033573
13,42,0.05552452400788609,0.21715772369608052,0.189180658371245,0.31237591154932504,0.009758525786436658,0.061789299465393556,0.00025262916811856,0.00036676179812918997,0.1,0.6,0.8,90,2.833582244518193,5.421868966570107
13,43,0.05355065280473923,0.2188710797669015,0.20639499525121932,0.3561271553433306,0.049873158117639156,0.06193355066916523,0.00026397525643018,0.00035443187551035,0.1,0.6,0.8,91,3.5077908062633067,6.438378060869585
13,44,0.05289913571235521,0.2117567247026983,0.19082218678155627,0.33963591247618047,0.01024362696414113,0.06212587871782049,0.00023311584376355002,0.00035503821174696,0.1,0.6,0.8,95,2.685140917652253,5.557656166711667
13,45,0.051542812231639104,0.21071648328161732,0.1973041822011999,0.37557902941363996,0.03998605318485269,0.06333022619088421,0.00025277961974933,0.00035011109397466,0.1,0.6,0.8,96,3.01371951961218,6.075016830820616
13,46,0.05012101018148421,0.20627181494606908,0.1924018787739886,0.2345457527023474,0.011037005064523738,0.05946799210698685,0.00024670407743003,0.00034472709796387,0.1,0.6,0.8,101,2.9922382354530934,5.729174183913065
13,47,0.04581257798399253,0.19509782023326744,0.1951734459396545,0.42757533756340493,0.024754331035129112,0.0592646864660854,0.00123119442222515,0.00074203605908555,0.1,0.6,0.8,108,3.406952914416748,5.330444181834077
13,48,0.045238429267722334,0.19244282751915176,0.19221069384783201,0.431081102164234,0.02301110405025646,0.05939989099807038,0.0012983202966922402,0.00075988430090331,0.1,0.6,0.8,109,3.3540731524521736,5.1644583496868215
13,49,0.04517251697796509,0.18749744402173535,0.17905001830369222,0.2965589694874016,0.008049575636677138,0.05959909480482524,0.0012985334883203101,0.00075982814350707,0.1,0.6,0.8,112,3.339590006859716,5.175832124339567
13,50,0.044053127693926226,0.19217496379220858,0.19957425378736568,0.4588012091298622,0.03281505556129046,0.05899697555663388,0.00130054138794359,0.00072711080294653,0.1,0.6,0.8,113,3.404141653932637,5.208240342223789
13,51,0.04305296326409797,0.18805551621944372,0.19499696138776537,0.4721191740270598,0.014974930028737602,0.05745701964393866,0.0013849352082593899,0.00077222143143434,0.1,0.6,0.8,116,3.552498617674696,5.085313795189748
13,52,0.043063710303698356,0.1782885790553517,0.16879709506318166,0.3024004797636191,0.009537112281024737,0.059987333528380246,0.00130792353197919,0.00074147131884302,0.1,0.6,0.8,118,3.3928531829471344,4.930603308643876
13,53,0.043042639260168734,0.19194165051652862,0.2069541121519967,0.48508780214849095,0.008320428287490631,0.059038996365883334,0.00139101082774924,0.0008173202922308499,0.1,0.6,0.8,119,3.538562379974478,4.841074802486711
13,54,0.04313952115835542,0.18728977035413893,0.19410615395613234,0.5306798076339279,0.007825204413494876,0.061307181307625414,0.0013051911884825501,0.0007766915594580799,0.1,0.6,0.8,123,3.199756740933938,5.460959460044767
13,55,0.041978488573770234,0.189414306020443,0.2042126498336918,0.535327549107187,0.016519146551291677,0.06225540250956753,0.00032002984873869,0.00042762117314981,0.1,0.6,0.8,124,3.3484959716941383,5.156919714189064
13,56,0.041134396795302744,0.19088407578657127,0.2135229769477293,0.5456071025844064,0.02359214842965204,0.06049242697798825,0.00032274129997265,0.00042490483140954,0.1,0.6,0.8,125,3.329703315724409,5.143549431711416
13,57,0.041224814562338036,0.19038283001854334,0.21293546177907485,0.5499519434727365,0.011240766131988319,0.06332960481906612,0.00030558257092574997,0.00041052026476373003,0.1,0.6,0.8,126,3.2801366910714185,5.102714518708621
13,58,0.040908274771865344,0.18486207050676615,0.19915260431038292,0.5495911963924595,0.011191036169025005,0.062447306118849,0.00027352204837587004,0.00036752869763107996,0.1,0.6,0.8,127,3.327356459313405,5.00668161914895
13,59,0.03935569818629583,0.18271736659842164,0.20442817558506957,0.5457946552959664,0.045048708746778514,0.06088804777242286,0.00032300353375427,0.00043346437704205,0.1,0.6,0.8,128,2.783694885605486,4.788948175334042
13,60,0.036669606001254657,0.16589208470609948,0.17805415658330814,0.6031165100276039,0.01359078098226528,0.061394597596871436,0.0003472362770864,0.00027535403766275,0.1,0.6,0.8,138,3.4791113172801578,4.786644694959942
13,61,0.035884273401176545,0.1663321177227051,0.18618544596915002,0.6223087121292781,0.015099583619969265,0.06253037754512146,0.00033923439546231003,0.00028008685645761997,0.1,0.6,0.8,141,3.4244746205395824,4.58413434410523
13,62,0.0348386191156001,0.16225575795277644,0.18167677306993787,0.6429157421384292,0.01807801973544203,0.05997947192603951,0.00035065034040020996,0.00027820258462920997,0.1,0.6,0.8,143,3.534108472912344,4.837110801696471
13,63,0.03482821848411073,0.16223477878939227,0.18165428281331703,0.6472901962160565,0.006464353165232334,0.059907220600975294,0.00035049432952908,0.00027779531398694,0.1,0.6,0.8,144,3.5295800660055776,4.836517363062822
13,64,0.03440958654388235,0.15940250782628168,0.17847854772508256,0.6422592180773042,0.015243889678811753,0.06199100610328978,0.00035162196612125,0.00027527274201841,0.1,0.6,0.8,146,3.5958243271871173,4.659040566670559
13,65,0.033735190382076306,0.15596504226930427,0.17464891623810147,0.6720203706969357,0.012855526181940385,0.06226860792612452,0.00035554992414076,0.00027927944268091,0.1,0.6,0.8,149,3.6110991417597615,4.794744513693296
13,66,0.02927094817026227,0.14237036827410698,0.1748255453195234,0.6864464817267855,0.032876130149851676,0.06301751161949391,0.00021030332542739,0.00030534030859757997,0.1,0.6,0.8,154,3.8318461123238414,4.309380253389241
13,67,0.02842636412387267,0.13372274453242142,0.15755773492121475,0.6940947001468791,0.017940820898555088,0.06212595262461075,0.00020480546335008997,0.00029538252436926,0.1,0.6,0.8,156,3.732268658494455,4.483244183226814
13,68,0.028069445735189377,0.13601397645438473,0.16775190841790266,0.7200808202908737,0.010118111793994081,0.06238604272654872,0.00022603060518677,0.00036090489583991,0.1,0.6,0.8,160,3.70951194454784,4.516771242656777
13,69,0.02772340282219045,0.12358665334071102,0.13857686149870954,0.7201782764796886,0.010367531576945336,0.0620044733773991,0.0006353448247993401,0.00048757962704196,0.1,0.6,0.8,166,3.698629727025612,4.484852817789171
13,70,0.027366765909841138,0.1274006554318201,0.15050550689321074,0.7411309938289725,0.00973966318941792,0.061302122316123475,0.00058449356284182,0.00028859801768092,0.1,0.6,0.8,167,3.754663892238349,4.218340475269793
13,71,0.027183699743617017,0.13181158007435917,0.1630896317798735,0.7453782407050356,0.006578756795938029,0.06172641046513285,0.00021071487230637002,0.00028900314453053,0.1,0.6,0.8,168,3.558580250535099,4.4063361366461455
13,72,0.026485148561091625,0.13210528985730208,0.17105888832399294,0.765635996330189,0.03204828825204393,0.061662353007058156,0.00039972977545835,0.00028938165161774,0.1,0.6,0.8,169,3.679503614620672,4.366472904751395
13,73,0.02640888952764578,0.12610913811231633,0.15670631832464157,0.7440098153454596,0.016140827203585836,0.06111356784832226,0.00068634849794193,0.00041260331031896003,0.1,0.6,0.8,170,3.538189936554204,4.074009896216941
13,74,0.025484534519304197,0.12163674914987553,0.1517452714452604,0.7559330104461937,0.03161404710064849,0.06208265467184695,0.00042962352922575997,0.00029860299604043,0.1,0.6,0.8,171,3.6843593190089465,4.162721252803195
13,75,0.025455212569815058,0.1307951384817321,0.17725030566942998,0.8840713992332662,0.006682826716163832,0.061271379038809436,0.00031713582960362,0.00045074117240895,0.1,0.6,0.8,187,3.7691248414628618,4.908335086994174
13,76,0.025275758759093943,0.12969591538226732,0.17602469156609563,0.8837776847117562,0.00992099788574761,0.06149447576375061,0.0003188014342706,0.00044630618434633,0.1,0.6,0.8,189,3.7737501162242566,4.903649272224891
13,77,0.02462033634797395,0.12623972794178798,0.1721840010128232,0.8918642173177985,0.01644326626901964,0.06121230826209154,0.0003141855320755,0.00041784282795103,0.1,0.6,0.8,191,3.864994308026896,4.906769235856668
13,78,0.02451913615715126,0.12567917708646378,0.1715604466423834,0.8962518707911318,0.009850449237352227,0.061202649712238065,0.00031421778114598,0.0004149829227398,0.1,0.6,0.8,192,3.864252766933229,4.9133398627791856
14,0,0.9218089095315425,0.9805509309870887,0.9771425670628048,0.1447896339878874,0.010712971737931018,0.10554015622310631,8.801901613939e-05,0.00013268088242094,0.1,0.6,0.8,1,17.645932846271442,28.895647767692
14,1,0.8143188334207638,0.9377704498458939,0.9299619508604449,0.13182037190258675,0.23118325769797166,0.06853481503283496,7.391445276752201e-06,1.594004585626e-05,0.1,0.6,0.8,2,17.841252506096627,29.5843128399992
14,2,0.546485973464378,0.8106005479713739,0.7881625374153318,0.10318521024210899,0.7549753714820937,0.090252710308078,9.184654115216e-05,0.00010358340969292,0.1,0.6,0.8,3,12.456444733892438,21.854475246009628
14,3,0.38883001598723177,0.7082604834430771,0.681651925859118,0.08158748901221455,0.3263829726563478,0.10896040961509837,0.00038781918936646,0.00041933462767022,0.1,0.6,0.8,5,9.065206090109593,13.336828549370548
14,4,0.34051949278495647,0.6620212091321007,0.6228358316390055,0.07073024229954597,0.12109544434756779,0.0851260636934666,0.00018160287711944,0.00020694560936134,0.1,0.6,0.8,7,8.290304104956485,14.340016285279605
14,5,0.3265336015517594,0.6536367537628509,0.6211777994253139,0.0744884239298555,0.08204261897705652,0.08073403533141423,0.00035529694934694,0.00040837104238473,0.1,0.6,0.8,8,6.672041546319314,14.54222079344506
14,6,0.29298337401614344,0.6160480067289371,0.5718723213220518,0.06304065760466618,0.1880294130961695,0.06732907389574341,0.00015868993272545002,0.00018349202720546,0.1,0.6,0.8,9,8.5822632499514,13.238438010122303
14,7,0.24457040272421773,0.5621698600612788,0.5120446980653027,0.054051400889553035,0.15720808157422927,0.055200522434109875,0.00014455574940822999,0.00017332979824855,0.1,0.6,0.8,11,7.088324828144232,12.092798541206731
14,8,0.21657609685369747,0.5272031139586361,0.4732733892261839,0.05075635342632289,0.10188370154762964,0.04233719217674996,0.00013519976142967,0.000164905521854,0.1,0.6,0.8,13,5.412694716170219,12.139459848954491
14,9,0.2134878173284191,0.5229139939077793,0.4684659384998056,0.05472460206386753,0.030915444869698123,0.04553714694076459,0.00012208925443299,0.0001468744539753,0.1,0.6,0.8,14,5.602003874269586,11.992469884279274
14,10,0.19631253058919848,0.4989738576343856,0.4418597683595699,0.04816175610973855,0.1399590385506862,0.041125724322290856,0.00018164619921821,0.00022005493597387001,0.1,0.6,0.8,15,4.507633847113339,12.27411735028474
14,11,0.19173884111200995,0.4922503286220387,0.4343755400119176,0.05154256529765758,0.04300035109708354,0.04142083159405391,0.00016853569222152,0.00020202386809516,0.1,0.6,0.8,16,4.68520251347511,12.257632683932732
14,12,0.16998572212683355,0.45554567042250127,0.3929546020394917,0.04499544870326624,0.25183801554412866,0.0904450016498612,0.00021238737708598,0.00033018972274578,0.1,0.6,0.8,17,5.225204881181133,5.04906175557224
14,13,0.15806278962697645,0.4355578503940836,0.37071825007635417,0.04491528274356083,0.06810608854609723,0.08994910654732997,0.00019172690852591,0.00029562511283131004,0.1,0.6,0.8,19,4.46010833590396,5.858448482054617
14,14,0.1512991278896332,0.4231881859937146,0.35694540734418834,0.047029559071590614,0.08041066517287636,0.0906570671959082,0.00017861676477324,0.00027759385373368,0.1,0.6,0.8,20,4.433251083213589,5.530893263118732
14,15,0.1441795231626988,0.41354128993405925,0.35386812339261187,0.04590099927444738,0.08590785115186525,0.08994910654732997,0.00019172690852591,0.00029562511283131004,0.1,0.6,0.8,21,4.5353929352530615,6.38437472154539
14,16,0.13852415377225433,0.40247378508044834,0.34154452823808157,0.04850616300050838,0.07342416191713012,0.0906570671959082,0.00017861676477324,0.00027759385373368,0.1,0.6,0.8,22,4.4731148055751175,6.010575817213626
14,17,0.12739982533526328,0.3804315626052197,0.3170873058236775,0.04507850212954967,0.13182525931218964,0.08269386386841446,0.00027008113788363,0.00036522378571217,0.1,0.6,0.8,23,3.786991662323045,6.042938181190992
14,18,0.12281563934612147,0.37054791292181016,0.30608023903081494,0.045297902119382505,0.06604388359606472,0.08389856313340552,0.00022960618341495,0.00031688135416577,0.1,0.6,0.8,24,3.801070049018546,6.00214743475477
14,19,0.12296472836354863,0.37522352312385426,0.3189143257964148,0.0638790302192746,0.009826164800523299,0.08596836527035066,0.00022887475309826003,0.0003279476918238,0.1,0.6,0.8,25,4.062557708651947,6.224210277790014
14,20,0.11382772984367245,0.350350278371385,0.2835937296509568,0.04586090354390785,0.1246828197552313,0.08458422950746192,0.00022000616316958,0.00031041652287724003,0.1,0.6,0.8,26,4.186504682517427,5.1905320957676135
14,21,0.10690660550891279,0.34392480143084764,0.2917744217373379,0.06647868181209675,0.09996074999905101,0.08145551755865076,0.00025394968236389,0.00041476896545417996,0.1,0.6,0.8,27,3.118635704253081,6.1188141451931575
14,22,0.09833395626616608,0.32001367483407367,0.2650052590882729,0.05778407057841084,0.15386472592902345,0.09449314838178399,0.00031950044884767,0.00046247170618277,0.1,0.6,0.8,28,2.7915925527618817,4.051035140754497
14,23,0.07856152159905258,0.26817888501647463,0.20753939659938583,0.05156908933823056,0.15131442129146652,0.07514213614495455,0.00028098735099802,0.00040585720961405997,0.1,0.6,0.8,30,2.400297692834376,4.802404594009298
14,24,0.07833974860826705,0.26769775154231223,0.2070103903603628,0.057830062294776496,0.01080947187371255,0.07448490421383593,0.00028753966227243,0.00041137987579673,0.1,0.6,0.8,31,2.357006964995428,4.816595340065811
14,25,0.07543591551909642,0.26296114785729763,0.20937522608612025,0.05567833907280401,0.062083679994546045,0.07579529862616222,0.00030210610843780996,0.00043069610534618994,0.1,0.6,0.8,32,2.1912815959128698,4.596717930671492
14,26,0.07057624868100583,0.24640795384529768,0.19089599061490503,0.06099201171481955,0.10677596619222678,0.08096199278218277,0.00028713676046181,0.00041048987606509996,0.1,0.6,0.8,33,2.0797544162147537,4.227181308376031
14,27,0.06797991942142038,0.2314091891543054,0.17390008049976594,0.1017127449937374,0.028238532798437604,0.08845084351767636,0.00025668373194339,0.0028405280718104197,0.1,0.6,0.8,39,2.1747948189572504,3.50097318370592
14,28,0.06541909468300088,0.22308705275322585,0.16466469037300074,0.07408135811548391,0.03430516725153018,0.09222857498966083,0.0002837963178371,0.00204679850278575,0.1,0.6,0.8,41,1.8966288710834245,3.4141172370924924
14,29,0.06274972411879744,0.21389483840741627,0.15444800746181467,0.09654951358266957,0.06325457571768546,0.09339869872021368,0.00024393896338238,0.0017731711420621299,0.1,0.6,0.8,42,2.211810302598018,3.1984900817397497
14,30,0.06112874420600024,0.21326633355527339,0.16143296325670528,0.12060567003896144,0.024862724292325923,0.09236069063572841,0.00023556011772274,0.00157537278998995,0.1,0.6,0.8,44,2.311848054288385,3.299136977161901
14,31,0.06018066201625025,0.21034766580934505,0.15820875735900103,0.12722601690765936,0.025993344324775736,0.09039659502666134,0.00022439678637974,0.00156001745737823,0.1,0.6,0.8,45,2.2379274226377244,3.4315755617327435
14,32,0.8643249603411463,1.0105759707751822,0.9578328057421936,0.9163576264239751,0.8262814333441139,0.08231620741656427,0.012945844949414101,1.0,0.1,0.6,0.8,48,1.7324066988585909,4.004897324513148
14,33,0.06028524161848079,0.2128178961459766,0.17597477191081257,0.1613702927068147,0.016806554676912777,0.11478675351088174,0.00023085549136967,0.0017369244794076199,0.1,0.6,0.8,54,1.9842619903049907,3.982868105040315
14,34,0.05644315616291518,0.20652828973816673,0.16931075368508347,0.17298595762984914,0.029116387256976052,0.09287985311447353,0.000169054847395,0.00080142887977397,0.1,0.6,0.8,55,2.0289378720648017,4.183905339908444
14,35,0.05548688618252101,0.20352266860048374,0.1659926722574801,0.18814332673704592,0.013773333799588299,0.09302117302815618,0.00016556570658395,0.00048643913456024,0.1,0.6,0.8,59,2.082060775486841,4.142736521238142
14,36,0.05225750461412783,0.1946879663416683,0.16378858982646644,0.2047556147875696,0.02968299945698714,0.08147703712307695,0.00019871064621304998,0.00218396847754029,0.1,0.6,0.8,63,1.9858293779485283,4.450846409040943
14,37,0.053438668877255936,0.19960676231757277,0.17675209850216742,0.21804458621732126,0.014772752112219904,0.08697845310985947,0.00015720841508914,0.0033575179186077497,0.1,0.6,0.8,65,1.9579342838582,4.433934488357005
14,38,0.05181985817177824,0.19320752677107056,0.16215175619529337,0.21232147535148954,0.011308816558994822,0.08046386406541062,0.00020032742226553003,0.00219042207477725,0.1,0.6,0.8,66,2.0109111580161043,4.522396347609981
14,39,0.050400435054231876,0.1951366362399243,0.17955441724197896,0.24767157003158013,0.02153748691663663,0.08166728341968085,0.00021465525849709998,0.00261554889381764,0.1,0.6,0.8,70,1.9794216289644424,5.116836575790831
14,40,0.05331099626439846,0.1869074267363084,0.1546884906929893,0.25850412485109464,0.01684679813639473,0.10134324906176777,0.00017859709596505,0.00458658547695299,0.1,0.6,0.8,75,2.3089697235413738,4.236035171886931
14,41,0.05004964339177586,0.1867471498109241,0.16247999751150258,0.2633575491461067,0.022456395966289552,0.08300167073624966,0.00022058277347645003,0.0033581856001818496,0.1,0.6,0.8,76,2.0886090139420643,5.163472354784604
14,42,0.05438927127279605,0.1918961196850062,0.1752421877510741,0.280305805594393,0.0452125753391684,0.09903882253474976,0.00024558980967919,0.008224287629734619,0.1,0.6,0.8,77,2.137749815708092,4.585953423571932
14,43,0.0529026513570955,0.17975847631919237,0.15404035055558205,0.2738062202987438,0.062350752306880246,0.0958593075962341,0.00022966761016012002,0.0090576664971685,0.1,0.6,0.8,78,2.094356622534638,5.248526861806972
14,44,0.05212634412852999,0.17595981080986017,0.14979954320496508,0.2841649543006607,0.024596510575474094,0.09548370540835435,0.00024329449446585,0.00923776033405194,0.1,0.6,0.8,81,2.5382487233169537,4.966566628424982
14,45,0.0506558771790295,0.17255851355918383,0.14611641463188363,0.2958029865069277,0.02335738965670637,0.09487561590135302,0.00021698723005227,0.00819849407951986,0.1,0.6,0.8,83,2.5814974813641163,5.197492270224414
14,46,0.04623873878480066,0.17661505917139744,0.16641538015011642,0.3178412371882835,0.013316339464456846,0.08265808595743464,0.00018242900999102,0.00449261449316675,0.1,0.6,0.8,87,2.540479206599534,5.2915040580129045
14,47,0.04532786314949734,0.1741736754029851,0.16375141807643995,0.3201621414527723,0.022850290399299,0.08131655546067962,0.00180840654564599,0.0028527494693335103,0.1,0.6,0.8,88,2.078554638315081,5.1142854350857885
14,48,0.04424536504283353,0.16807134106793736,0.1569210479604096,0.3668752938317136,0.01926926971684447,0.07300202397381847,0.00020194752349629,0.00552309538902681,0.1,0.6,0.8,93,2.4813622510276603,3.5977700514079816
14,49,0.04090521973319542,0.15827775258980673,0.14619676624726727,0.37671956887419794,0.057823591557852334,0.07818287771947417,0.0008569698422436701,0.0024372554089016197,0.1,0.6,0.8,94,2.4969248331688774,4.531728880162727
14,50,0.48140830805109835,0.5974329384700914,0.5851589739318281,0.8342827456081647,0.45600110162683904,0.0871509473595127,0.00045834314946829,0.5526926486007293,0.1,0.6,0.8,96,2.5850045971605384,3.780240404172946
14,51,0.480888075287245,0.5956883050639945,0.5832386531969035,0.8379560697735897,0.45993461647672307,0.085502343351057,0.00044226047090128995,0.552673250262883,0.1,0.6,0.8,97,2.5061900391977656,4.245817165779639
14,52,0.06372058905464924,0.1811307700731881,0.17657057553776132,0.41717534517192534,0.048809428448632994,0.07298524585396976,0.00032602000761392,0.03352790052995943,0.1,0.6,0.8,98,3.218976248339648,4.250919211110928
14,53,0.038775063285028846,0.1533803857905814,0.1484195533023544,0.4136861198269416,0.030529424911127482,0.07298512277852329,0.00029204139856055,0.00329601842849839,0.1,0.6,0.8,99,3.0948322897233043,4.072183109696043
14,54,0.03877928327560078,0.15772089275700557,0.16089671763606267,0.4276392794677542,0.011137392794333643,0.07303002288338623,0.00029915032265289,0.0033762507001237002,0.1,0.6,0.8,101,3.0914008165427656,4.050928807390445
14,55,0.04009169161257402,0.1472695293266702,0.13373203049485258,0.4093533774957213,0.030770594124357314,0.08102095173461238,0.00030154916709835,0.0048494452316424404,0.1,0.6,0.8,102,3.124127479648762,3.9845732894362
14,56,0.07363910660299952,0.18995628685043045,0.1927581697627189,0.5280444096513778,0.045759044353258484,0.08359967068639579,0.00023152905706831,0.04653522309207625,0.1,0.6,0.8,117,2.875493652553591,3.830509657027436
14,57,0.04406437551063852,0.1613311363368248,0.17931306195085453,0.48126379913217604,0.07774201371605394,0.08177210291608102,0.01264667961782806,0.00309503920929303,0.1,0.6,0.8,118,2.6300007472512505,5.504569405881735
14,58,0.042239337980330645,0.1640777246062547,0.19775615579888237,0.5120686179272732,0.025859306884928653,0.08230519567142662,0.00951082639001824,0.004522854616591529,0.1,0.6,0.8,122,3.0868680360403378,5.530081848552483
14,59,0.8966578779308644,1.0177146982279515,1.0512833323793833,1.3754186331960199,0.8749530570524324,0.18648955532784167,0.0891904786343536,1.0,0.1,0.6,0.8,124,3.10742288791855,5.498327039540538
14,60,0.052558840439161175,0.19148508770034509,0.2576758358336972,0.5967481272732976,0.02882424142116156,0.08231031514803466,0.02527321847607893,0.00599656822665321,0.1,0.6,0.8,130,2.5743696748110088,5.500589646458579
14,61,0.03463216535868815,0.1437485958058845,0.16058460223315865,0.5551105894345091,0.01607037795565882,0.07606605821537894,0.00045526301171829996,0.00364831406845011,0.1,0.6,0.8,133,2.6486127831749617,4.859372948869944
14,62,0.035392367920022635,0.1436417443691534,0.16035632906579264,0.5646331205704356,0.014859776611236546,0.08049854699683631,0.00052059775667928,0.00425462299002662,0.1,0.6,0.8,135,2.746417398585111,5.259716339686706
14,63,0.032706039990343376,0.1373351292577212,0.15354387084937673,0.5638945578448369,0.018534156666425824,0.0669488704042531,0.00046886601590011,0.00370045002791907,0.1,0.6,0.8,138,2.610147388921117,4.970761404307366
14,64,0.03313007424364233,0.13662936709580578,0.15268053631521486,0.5884144021943173,0.013301131128854985,0.07617432064886191,0.00045971489171472995,0.0034147275418482696,0.1,0.6,0.8,141,2.795648300032885,4.916591023686261
14,65,0.031759192760968266,0.13653655518439983,0.16029941356155372,0.6110130248724732,0.021811594418890388,0.06688916581981574,0.00048002507805418,0.0038093268510834602,0.1,0.6,0.8,143,2.8331455863706823,5.00030502118041
14,66,0.05425987510327575,0.16703424497411834,0.206978208368586,0.7915467624565381,0.03315515649299714,0.07480951915911858,0.03855558953358547,0.00273300960501521,0.1,0.6,0.8,167,2.677788365798094,4.847221938522969
14,67,0.06008449099933191,0.18192774295631364,0.2382018522473367,0.8532429265564666,0.03880860816032531,0.07480991041270117,0.0483122475456344,0.00273345271375956,0.1,0.6,0.8,173,2.675923994905052,4.847146850798894
14,68,0.03337838455913487,0.15407538196615966,0.21019047136788327,0.8236134732044829,0.020317455521823496,0.0748177702222325,0.00394107982694889,0.0029550366578179202,0.1,0.6,0.8,174,2.687191051875564,4.851605546878695
14,69,0.03227021292178231,0.15078544416697479,0.20659808366302124,0.8389015074299757,0.027010719052035583,0.07442573589630985,0.00325910930085956,0.0027479776978678702,0.1,0.6,0.8,175,2.66256373831445,4.847406614201935
14,70,0.08461605317457306,0.21212800479651575,0.28426069559953554,0.8845331277469834,0.06427322298178542,0.07488641708827184,0.0022984973258008802,0.06890008815083341,0.1,0.6,0.8,180,2.766319062809833,4.822749991208469
14,71,0.09378533525295307,0.2212704229909525,0.2933995036768372,0.8983551587152409,0.07335304719886032,0.07479536872150301,0.00963471078780162,0.07487847612662957,0.1,0.6,0.8,181,2.746825532549733,4.814750962744063
15,0,0.9338363241045194,0.9844369662362616,0.981535619606111,0.14545689329996697,0.010111981630715394,0.09956888374048181,9.072177324538e-05,0.00012582524089998,0.1,0.6,0.8,1,18.89258611392145,30.857157751522813
15,1,0.8322743293660727,0.9448823197803573,0.9378802286559114,0.13380815712359295,0.21599198421400104,0.06832872591477726,7.251700490566638e-06,1.07907665769e-05,0.1,0.6,0.8,2,16.484206256496275,29.5843128399992
15,2,0.5693371548465549,0.824516134385452,0.8034603417235129,0.10831152443888913,0.7275275986277732,0.107169019389277,8.980859027125e-05,9.447199033527e-05,0.1,0.6,0.8,3,10.858805835791909,21.854475246009628
15,3,0.40460370659435363,0.7210293238421213,0.6957470769806667,0.08591483438436329,0.3287125971131601,0.11874240181851281,0.00043213612435090003,0.00045457522092144,0.1,0.6,0.8,5,7.766343110659298,16.503890090667145
15,4,0.40442946627730864,0.7208851780205734,0.6955916598969463,0.08954359355367367,0.013028476083072208,0.11852805110966522,0.00041536586224608996,0.00043693414633492995,0.1,0.6,0.8,6,7.755235888566465,16.60580657190084
15,5,0.3243092327237574,0.6517064680029561,0.618932381305037,0.07051770164131861,0.391063456370737,0.09066020414112877,0.00028791659549421,0.00029104976957850003,0.1,0.6,0.8,7,6.373648292407509,14.924054116023346
15,6,0.2685836608326092,0.594341426152382,0.5552004658008362,0.06043979282873782,0.17071904979814975,0.08095143126067403,0.00024507664658461,0.00025913534997497003,0.1,0.6,0.8,9,5.808160199364522,12.8320499120706
15,7,0.21957892081185743,0.5343401387651026,0.4883996910676262,0.05092539378552159,0.18189320491438296,0.08305353820457391,0.00021420567191676,0.00023247332815997,0.1,0.6,0.8,11,5.706065880974052,13.26363624889018
15,8,0.20190002048159586,0.5096290936593922,0.4608291285514926,0.05293102996851456,0.08236153644600167,0.08880603801398286,0.00022387058623784002,0.00024774740469374,0.1,0.6,0.8,13,5.67179387739749,11.50835555320836
15,9,0.18218514800546146,0.48025723550000743,0.4282028538719294,0.05226238837697228,0.09166576225783626,0.08339676408982835,0.00020144028377490998,0.00022496145967976997,0.1,0.6,0.8,15,4.521930046040725,10.181308206139237
15,10,0.1760295030155283,0.4703432787030219,0.41716349572639577,0.05469196415788199,0.06565620080096589,0.08404507706509193,0.00018884433749086002,0.00020930608703212,0.1,0.6,0.8,16,4.632529801649694,10.31628393130804
15,11,0.16986820172575975,0.45994504029918637,0.40555011518146283,0.055121598575795995,0.07076679069331077,0.08695152575606649,0.00021482305099415,0.00027035357531442,0.1,0.6,0.8,17,4.555452312371196,8.184183300565481
15,12,0.16578733526636497,0.4534711261711305,0.39840796989570637,0.05824119850621853,0.04266441087873624,0.08158698139081007,0.00020140230597366,0.00025105546926793996,0.1,0.6,0.8,18,4.367560231522194,8.1622582539949
15,13,0.15769889756927977,0.4392598470707942,0.38259445603727604,0.05248093143519047,0.08899793522371896,0.08038854846808217,0.00027409972093592,0.00030586147783749,0.1,0.6,0.8,19,4.969312204813824,9.777535208029269
15,14,0.13565318860822748,0.39801132334591877,0.3367146726019605,0.04949223611990582,0.12623556731216629,0.07818917262081923,0.0002432978960233,0.00027338985396622,0.1,0.6,0.8,21,3.618906977193221,7.561929585916714
15,15,0.1284025017163967,0.3877577664660343,0.332952155087819,0.054349525415712426,0.051175092258455394,0.07887854388497283,0.00022329490013382001,0.000253697525783,0.1,0.6,0.8,23,3.517919919085441,7.40601233916836
15,16,0.12567917262928768,0.38182813625650447,0.32633437868059517,0.058687737015109605,0.025893476209295562,0.07970621667854154,0.00027564072886503003,0.00030896689697686,0.1,0.6,0.8,25,3.615394336130399,6.988383019193839
15,17,0.12377410153145482,0.3779579458791576,0.3220490669679707,0.06674890620386,0.029246370578557782,0.07869469697374112,0.00021069895564220002,0.00023804215517832,0.1,0.6,0.8,26,3.659610294665329,7.759444823477477
15,18,0.11745689923526331,0.36824306787523137,0.3188468419134083,0.0759896879205688,0.09354137727365808,0.08154749528365238,0.00028005684379068,0.00031650735681685996,0.1,0.6,0.8,27,3.62545357525264,6.631815569186496
15,19,0.11450828453191922,0.3610570577420474,0.31081392579266287,0.061840212618105246,0.0515206910578892,0.08420691158714963,0.00025386385703479004,0.00038912531158219,0.1,0.6,0.8,28,3.723650924942994,5.97343275112993
15,20,0.11447064520646352,0.36097354347938715,0.31072132844740263,0.06512260186973931,0.009350036195281243,0.08409829155797506,0.00026520511014891,0.0003913927041734,0.1,0.6,0.8,29,3.739509289188778,6.058755876494232
15,21,0.15564217528228708,0.38670637816567943,0.32615630348102403,0.11228582403672345,0.16625716505183236,0.0873342682632104,0.0005537802416594199,0.061177021701052936,0.1,0.6,0.8,30,2.873167860321939,7.149496011385549
15,22,0.09738995537910056,0.31678568378470784,0.2540380786398804,0.0596676063809988,0.11954816454136936,0.07079608946414137,0.00030080827442682996,0.00034109241230004,0.1,0.6,0.8,31,3.1868055938999804,6.222701609085953
15,23,0.08176764809255152,0.27758227094439253,0.21800042991207721,0.05422105105041995,0.26335144801036275,0.07579571170442673,0.00026071419893487,0.00039440916707648,0.1,0.6,0.8,32,3.052030813482768,5.946000372405365
15,24,0.07989931393219668,0.2723285902653131,0.21216858916597145,0.05907777987354045,0.03738257011042655,0.07455127196597394,0.00025071735781603,0.00038518265301893,0.1,0.6,0.8,33,3.156265491896567,6.355855979629354
15,25,0.07989646021862364,0.27691962556286226,0.2249328205685762,0.08282961716403166,0.007938271685394491,0.07455127196597394,0.00025071735781603,0.00038518265301893,0.1,0.6,0.8,35,3.134239967018236,6.234853639792846
15,26,0.07957884187286454,0.2759817800473245,0.22388944210271783,0.08916569860353675,0.013288069758820392,0.07439081809793345,0.00026256096203189003,0.00039065251967104,0.1,0.6,0.8,36,3.126162878654186,6.247205689192158
15,27,0.07921830634389058,0.2794944094264432,0.2354527988360219,0.09258999080170525,0.014191704631142268,0.07451958617790504,0.00025255237241246997,0.00038681642825894003,0.1,0.6,0.8,37,3.1367629331626468,6.195165146337183
15,28,0.07533005545914162,0.2530385662409455,0.18300174732295113,0.07262548164341659,0.08338984879649836,0.0789169680749461,0.00029609515210864,0.00027876592563937997,0.1,0.6,0.8,38,2.614947864150723,7.035742479447057
15,29,0.0722754838302119,0.24262528364207386,0.1713722631786356,0.07336332723300043,0.07065667791753115,0.07424507404810707,0.00075279334326551,0.0009549114467611701,0.1,0.6,0.8,39,2.688338634837053,6.512436199075914
15,30,0.07072008213289936,0.23910659759948544,0.1675313087798263,0.07530563362010219,0.02450212932899579,0.07616122666758271,0.00026480720497678,0.00024792655290985,0.1,0.6,0.8,40,2.348072030832063,6.174030073778125
15,31,0.06908270105088214,0.23712199361514114,0.17291681992809643,0.08455962815423751,0.049432113143209146,0.08088366129518955,0.00029162198130787,0.00030109178178831,0.1,0.6,0.8,41,2.6830066267026824,6.698079758525429
15,32,0.06481964857006421,0.22285907165419816,0.157049789615699,0.08400218951545081,0.09016939249345268,0.08041753991979488,0.00027873116740517,0.00028513881447439,0.1,0.6,0.8,42,2.670929589339616,6.013623370847398
15,33,0.0645769839635737,0.2271090477789316,0.1694553753659066,0.09467370694111969,0.008811469291638613,0.07873493317534144,0.00026853957346846004,0.00027022392834328,0.1,0.6,0.8,44,3.169955532173101,6.627599932844854
15,34,0.05844137441086405,0.20727904914670103,0.14744455334880702,0.09235276093551169,0.12260248372661735,0.07327939849040287,0.00027560001577861,0.00028316909712951,0.1,0.6,0.8,45,2.8290952767471627,4.799794728066801
15,35,0.05818348182054727,0.20506059806080879,0.14495052670425637,0.09540402751315913,0.018040323349755083,0.07519479709583829,0.00027654153553567,0.00031710762132793004,0.1,0.6,0.8,46,2.8164755680565765,5.680446693696684
15,36,0.05329354352664382,0.19178262064595591,0.13785126131228928,0.09772323643354736,0.10946474556758896,0.07327939849040288,0.00027560001577861,0.00028316909712951,0.1,0.6,0.8,47,2.722237934752971,5.069557271265179
15,37,0.049925144147297096,0.1833133826673005,0.13608891373411677,0.10514293478006158,0.04507015552700744,0.07214355198576053,0.00028974271951317,0.00030952353830445003,0.1,0.6,0.8,49,2.5925024046618708,5.0532193034793655
15,38,0.045874083961748864,0.17116096283281831,0.1302181485573701,0.12294878869139532,0.055808326489368947,0.07212645430495648,0.00028569430512263,0.00030755330223332,0.1,0.6,0.8,51,2.4210405384220697,4.717450281508211
15,39,0.04377565362285211,0.16726214809708914,0.13355053652222199,0.13183023739642968,0.03150772449102055,0.070882995028863,0.00026842931647879,0.0002832142965304,0.1,0.6,0.8,53,2.6082547926587347,4.599548031305514
15,40,0.043768808901128255,0.17643137535937203,0.159064486374826,0.1750138639557361,0.007510132376519411,0.07088299502886303,0.00026842931647879,0.0002832142965304,0.1,0.6,0.8,58,2.608447146477518,4.591340432501767
15,41,0.044501944282623745,0.165769210508315,0.13173215233109453,0.17964744025487686,0.012147010320391052,0.06912755500434568,0.00268658661259561,0.00042214572644249,0.1,0.6,0.8,63,2.966028934166781,6.00945446977852
15,42,0.04617501558615585,0.16231211971191373,0.1275261206471574,0.22157250893531996,0.02475576787057595,0.0822794875332086,0.00261898200488117,0.00279197015264398,0.1,0.6,0.8,66,2.832477622642249,4.8927071267847335
15,43,0.04518648358857962,0.16392205787500683,0.1370191579940226,0.22033723091983437,0.026450089257993144,0.07969785841639869,0.00279050959705909,0.00246768259802772,0.1,0.6,0.8,67,3.129128694228956,5.75851486402868
15,44,0.04460433058448001,0.16136732511745466,0.13417816384631392,0.21960586488973513,0.026186966970487825,0.07947885403097872,0.00278370002695545,0.00247301691764211,0.1,0.6,0.8,68,3.1326546047532795,5.79241333295448
15,45,0.04454317498919823,0.15898847799445817,0.1314637507466133,0.22351398899624553,0.02928965964516395,0.08427268338948517,0.00263513242270842,0.00272323786662282,0.1,0.6,0.8,69,3.0198283376395323,5.401384739971132
15,46,0.04083292670456207,0.14943034423016452,0.12106173152560439,0.2317950861521595,0.02089604543184246,0.07773778765312958,0.00177260185660897,0.0015746087738528099,0.1,0.6,0.8,73,2.844562632802343,5.597397225450974
15,47,0.03951115103966098,0.14752992835360748,0.12659413951190612,0.2970681174490413,0.014858286995726512,0.07895599052416988,0.0018595690606579298,0.00143217326777716,0.1,0.6,0.8,81,2.700144819475618,5.549586409999977
15,48,0.03846112885115475,0.1549186243003771,0.1502222662080337,0.3308096037631017,0.012078281516538676,0.07391475679919471,0.0018232940693566802,0.00102863003186796,0.1,0.6,0.8,83,2.81974096450506,5.794152280565701
15,49,0.03698636618717736,0.13041916873092346,0.09988843882344478,0.2929517842254952,0.032514893473171214,0.08176022348973506,0.00188234222542069,0.00114237699421977,0.1,0.6,0.8,86,2.760413727979663,5.43905351545272
15,50,0.036853148831642174,0.13869080530734504,0.1243959018102383,0.31076688316173595,0.016015677606326113,0.08033851834186764,0.0019294145512551702,0.0013689654518395599,0.1,0.6,0.8,87,2.6814859304002057,5.985745843705002
15,51,0.03633982743436531,0.13163755466792856,0.10889420483835062,0.3094913044306819,0.024242003844193685,0.08209560345756317,0.00188550859104628,0.0011493425324988,0.1,0.6,0.8,88,2.834172045064319,5.332641061057667
15,52,0.035814538105192216,0.12822516277082316,0.1050746269067214,0.3134901923686088,0.031208995161827915,0.08336223901000048,0.0018909503609066299,0.00122608296483512,0.1,0.6,0.8,89,2.765800286254257,5.457146240203783
15,53,0.03575627356212164,0.13268977715901267,0.11770253107204233,0.33042362613532794,0.010962381929004408,0.08210610650603069,0.00188606639468915,0.0013375186929198099,0.1,0.6,0.8,90,2.7780617144492536,5.44685050116467
15,54,0.03454272034254037,0.13897513108066592,0.1400967523039701,0.3693431586785288,0.01114104398591886,0.0781686595931795,0.00172357697672966,0.0009564480635079499,0.1,0.6,0.8,98,2.6685222226268985,6.582685914117359
15,55,0.033057761599868396,0.1393149409907992,0.15575087343897928,0.43423454538339257,0.014694636867800369,0.08490443209451078,0.00081753453923534,0.0011545540525518898,0.1,0.6,0.8,109,3.2438051077586136,7.144422221992079
15,56,0.033057761664834096,0.1439143981752313,0.16852457540432933,0.44809274378041714,0.009904686473727478,0.08490443215546914,0.0008175346062906499,0.0011545540312645,0.1,0.6,0.8,111,3.2438050958795994,7.144422242636906
15,57,0.03312564835353046,0.1447547015310695,0.17700498502897333,0.47478520614060815,0.019940548894351547,0.08353647529742028,0.00191680474952407,0.00170754277424423,0.1,0.6,0.8,114,3.1742013960234328,7.061584366921188
15,58,0.031318758020348156,0.12957073794653523,0.14489209853666607,0.5120305311869878,0.013726039399699165,0.07969577471665837,0.00217631923514232,0.0009370338601777399,0.1,0.6,0.8,122,3.1423301895238085,4.690484324024189
15,59,0.031020953275612547,0.15382608379270624,0.22530848581176807,0.6255007783527337,0.015291720368771944,0.07944779345054566,0.00265139474745596,0.0023824768086095098,0.1,0.6,0.8,136,3.157533270143149,4.724755014887727
15,60,0.0299356965650875,0.15699159336541413,0.23660004867525286,0.6579839641186351,0.011658981455302043,0.07775957212551105,0.00274269573628192,0.0012644871976187299,0.1,0.6,0.8,138,2.8207864287949747,5.232200792353712
15,61,0.0306662053203041,0.14723853829851685,0.21032164829014505,0.6516750714829171,0.0204701480337725,0.07796050701687578,0.00272878761595663,0.00251555827963357,0.1,0.6,0.8,139,3.175739375896344,4.7344033229686
15,62,0.030689676144844417,0.15134420896752449,0.2225300964637483,0.6668121674800941,0.013397791125337786,0.07781848537666443,0.00283416649018415,0.0026250137715225002,0.1,0.6,0.8,141,3.1716188317805702,4.743616309032763
15,63,0.02837376557028755,0.15803211841967565,0.25308136678610743,0.6837463539905432,0.043890075563379476,0.07842584693020324,0.0027597289942413302,0.00100561101082712,0.1,0.6,0.8,142,2.8945296466973214,5.959283582421168
15,64,0.02829295156643194,0.14398978777082547,0.21449461384002858,0.7010457513595598,0.010371117439002736,0.07982233559326243,0.00217760302977291,0.00121026294387447,0.1,0.6,0.8,152,3.1255476285357866,4.486098513530337
15,65,0.027977301721736278,0.15665706735371518,0.2515721718990326,0.7488945608635476,0.010748513205125867,0.08021675781446816,0.0022309222299997,0.00094389079018038,0.1,0.6,0.8,161,3.1578799332091645,4.680513697755863
15,66,0.027629519907882913,0.15462426002995344,0.2493086783864145,0.7498039912601733,0.02189163549402649,0.08021279120942211,0.00225120648231378,0.0009414784903973201,0.1,0.6,0.8,162,3.1303121175625424,4.65154007358975
15,67,0.028073990666811127,0.15453744419201812,0.24914900638095278,0.7627793930168605,0.01253509453494895,0.08230511969543172,0.00241950303770405,0.00124957034262624,0.1,0.6,0.8,164,2.876599035207566,5.3100375669381785
15,68,0.027385766056861917,0.15457130701733446,0.2568272337712548,0.772609691763788,0.037813283817572506,0.08184167205459081,0.00269055620577516,0.00125795411094312,0.1,0.6,0.8,165,2.846668160744952,5.277009251409021
16,0,0.8835654319979747,0.9662734893552607,0.9613719619025645,0.14005343285199595,0.009648722833716615,0.09514399027739184,8.948948471289001e-05,0.00010078764393712,0.1,0.6,0.8,1,15.989630306442388,27.239312292100102
16,1,0.8601778309277359,0.9557375512825343,0.9499647140921366,0.1368517416455682,0.05106288285957858,0.0681199006868958,7.146368279231185e-06,8.923227797216812e-06,0.1,0.6,0.8,2,14.37652302552648,29.5843128399992
16,2,0.5756350860881321,0.8286251777705685,0.8079416541443534,0.11006732889402193,0.7723648750953318,0.11511700858672799,8.901145300472e-05,0.00012011343258985,0.1,0.6,0.8,3,10.44497439427732,21.854475246009628
16,3,0.5692074026595771,0.8264601088266809,0.8052386359089029,0.11134420496118676,0.043493225914802515,0.1381674845648419,0.00018782498094417,0.00040857544787626006,0.1,0.6,0.8,4,14.363032713649767,25.943113328555167
16,4,0.381654258603025,0.703022068889809,0.6755941724470086,0.08158596118583371,0.744926967701472,0.12756111506432016,0.00042922274325142,0.00057919981415005,0.1,0.6,0.8,5,9.574789347878252,16.49849011495382
16,5,0.3771463753279668,0.6991375042659497,0.6714760150604364,0.08289930026511841,0.024489879783052258,0.11282262476856716,0.00023286883007248,0.00029682648076143,0.1,0.6,0.8,6,8.859784832139558,15.75439457644688
16,6,0.30558195653738063,0.6338383224527829,0.5986869619545346,0.06781205698265004,0.39493045758282547,0.12115613885959768,0.00031597832373858,0.00041972909074574,0.1,0.6,0.8,7,8.146815538764342,14.70515337264372
16,7,0.2480794757501896,0.5708299642600227,0.5290003564907836,0.05407100119049364,0.17877042962355474,0.08328093447530319,0.00024167023639692,0.00032208767091425,0.1,0.6,0.8,9,7.37175758543646,12.855051993434754
16,8,0.2286889778627588,0.546768838850869,0.5023167604748494,0.05389002865667976,0.0743581539896238,0.07527337488438521,0.00021116813841932998,0.00027876633479789997,0.1,0.6,0.8,11,5.565585231480671,12.55016120055308
16,9,0.20459437663273167,0.5144419878867035,0.4663580994497013,0.049299315337411845,0.19377201915388242,0.07335215231270145,0.00021204488490702997,0.00028301129840387,0.1,0.6,0.8,12,6.763561167092777,13.288136763449492
16,10,0.19207444468988963,0.49568124991197626,0.44549498200789955,0.0481749542884726,0.0421008107119296,0.07204238448457823,0.00019738931127218003,0.00026323484047142,0.1,0.6,0.8,15,7.096636623442382,14.137792049291669
16,11,0.18481766476098574,0.48057859497189354,0.4210526848318485,0.05040602388351315,0.06921466254161064,0.07067763614994585,0.00016683668447228,0.00022196049283823,0.1,0.6,0.8,16,5.2914225645279735,12.39718994307954
16,12,0.18062039928856077,0.478139551897755,0.4259783995374761,0.062148531960891915,0.04626580072291011,0.0717073427396258,0.00017935105047832,0.00023694253211493,0.1,0.6,0.8,17,5.292799553537336,12.44948477448093
16,13,0.17419388210991482,0.4679403343886715,0.4146404937878451,0.06464905554559318,0.0653907528669481,0.07067763614994585,0.00016683668447228,0.00022196049283823,0.1,0.6,0.8,18,5.569752582086861,12.66888915706674
16,14,0.1550485995204235,0.43096836703461777,0.3658386285042026,0.04496720219876857,0.19480438118309548,0.06868538755992648,0.00024980753586418,0.00038242942197115,0.1,0.6,0.8,19,6.348066069100193,8.859792392050101
16,15,0.15128997453318732,0.42451858686620225,0.3587091204853761,0.04853053312200957,0.04140018736147723,0.06518828514874184,0.00021304669211543999,0.0003038769143865,0.1,0.6,0.8,20,6.188240600986117,9.027075019065062
16,16,0.13801343301527885,0.398028657433699,0.32906239612267046,0.04212086486292075,0.16900220746552244,0.07850921755589801,0.00026354680363401,0.00040865322850852,0.1,0.6,0.8,21,5.0121369684381465,6.6069781605142905
16,17,0.13166714430752532,0.3854853140251714,0.3151288598835116,0.044386359208190125,0.0788173305318365,0.07635416981828753,0.00025150778767058,0.00038602068978808,0.1,0.6,0.8,22,5.124692982646119,6.955507605439919
16,18,0.12724968737544873,0.37686548470518,0.30559300236668124,0.04456754827887262,0.05418712364567702,0.07206805053690817,0.00021474688653094,0.00030746794214227,0.1,0.6,0.8,23,4.970687029692398,7.128930969516851
16,19,0.12288446333085218,0.36810892344357254,0.2958931331306097,0.04479316785441012,0.05556722811317993,0.06874944563264004,0.00018796868653056,0.00023100626383876,0.1,0.6,0.8,24,4.8301197306581685,7.264456436867486
16,20,0.12103654406121264,0.36446251694076254,0.2918706724252075,0.04650847710775142,0.025890097990093418,0.06615717494308566,0.00015689382270263,0.00018020939972008,0.1,0.6,0.8,25,4.736822492212539,7.507515807681976
16,21,0.11919726311465167,0.3596583918992006,0.2863333904088374,0.05236971136995271,0.053102826053325745,0.08112400765037761,0.00027993212286099003,0.00032111640529822,0.1,0.6,0.8,26,5.135850961343383,5.406976739158461
16,22,0.11435341387961444,0.3491537050113513,0.27468601955058647,0.05567335845231288,0.06596274602337711,0.07787262548402488,0.0002432460442221,0.00026470153717098,0.1,0.6,0.8,27,5.0165233717309805,5.619421013494602
16,23,0.10027964664835896,0.314426678008878,0.23598050955295646,0.04568360898175712,0.2106121438734356,0.08206516421860582,0.00028259208319443,0.00031128408359589,0.1,0.6,0.8,28,4.628647183772896,5.31832547590164
16,24,0.09110204264546806,0.3094619812698309,0.2611974257054734,0.05809349030259668,0.12923405152891623,0.07246730373086768,0.00018056023589258999,0.00020107760859543,0.1,0.6,0.8,29,4.439895362644748,6.537146118658866
16,25,0.08986596852857805,0.2903439551549463,0.21683073258017974,0.060944346036522844,0.04548064830680864,0.08206516421860582,0.00028259208319443,0.00031128408359589,0.1,0.6,0.8,30,4.695800150839275,5.875806707491062
16,26,0.08525440010313806,0.27809388272248664,0.20323865716814907,0.05052683988402134,0.07665409394537796,0.07895544073179325,0.00024615707432922,0.00025896104854331,0.1,0.6,0.8,31,4.600559419195761,6.029046840888331
16,27,0.06824334450300826,0.2281454685678024,0.15519293278290258,0.04264902247792196,0.329231286925448,0.08852127960964935,0.00024523147950415,0.00025027807666004,0.1,0.6,0.8,32,3.4539691680977933,4.576494989340773
16,28,0.05889175091409586,0.2066688692206132,0.1466984328129002,0.05014455616463728,0.09392881736517347,0.08048700256310821,0.0001764087256613,0.00019666236063984,0.1,0.6,0.8,34,3.2430932402921333,4.696477314995134
16,29,0.05877996085564414,0.21077347849281178,0.15891768124942285,0.06025975267704248,0.00986636809346616,0.08082072041828128,0.0001756412603277,0.00019562281927987003,0.1,0.6,0.8,36,3.237745982008924,4.638814330696286
16,30,0.05761094830366247,0.20186569064160723,0.14134958018801708,0.05547468337717542,0.033144846585980894,0.07971244027288779,0.00025511977145739,0.00026798302192670997,0.1,0.6,0.8,37,3.1595601603841423,4.253926237846036
16,31,0.05412748615313286,0.18771186673016654,0.12555979110949012,0.05905404420137785,0.09207259355164706,0.08275648736129435,0.00026668096827134,0.0002822910108221,0.1,0.6,0.8,38,2.7534716606115057,4.135643046473247
16,32,0.05165650365764919,0.17869423134998394,0.11555094856613285,0.05634128272750485,0.058879509321328474,0.08007697487735702,0.00027441916962948,0.00030376349242385,0.1,0.6,0.8,39,2.631901454006093,4.140258156314308
16,33,0.05150646893053952,0.18293014771935137,0.12792870957278135,0.06674584456461531,0.009978978950042466,0.07903605068278065,0.00029014175322785,0.00032383549049094004,0.1,0.6,0.8,40,2.5856083239126773,3.988343516339961
16,34,0.05141839657881161,0.1825548119839938,0.12751008719997317,0.06664618800350519,0.010551712398951509,0.07914184051664833,0.00028846568161474,0.00032169229585249,0.1,0.6,0.8,41,2.587759737218402,4.001757302324606
16,35,0.050781926083905735,0.17950954279414263,0.1241023520903627,0.07292400831827549,0.026982567351980468,0.08088880531474966,0.00028129380144793,0.00031144469491799,0.1,0.6,0.8,42,2.6156816684191297,3.796224610993282
16,36,0.047882007303596784,0.1745531546541162,0.13381522071425583,0.1137395676776861,0.023473034152750247,0.08561253458463898,0.00030073820086465,0.0005843931551985299,0.1,0.6,0.8,48,2.8286806073261435,3.9279124487041135
16,37,0.04776401132080696,0.1778449374599934,0.14510502507799466,0.12098772772505595,0.013948033990546213,0.08769782843474253,0.00030993592953431,0.00063023339554752,0.1,0.6,0.8,50,2.7364144035544835,3.8784243956057054
16,38,0.04756032131151392,0.17729821325966125,0.1445074934594678,0.13235223244637936,0.01194798820279602,0.08686399775900892,0.00029752147512634,0.0006215618096127599,0.1,0.6,0.8,51,2.678306176072965,3.936758551147981
16,39,0.04403221320074281,0.1621835262092602,0.12769080645098807,0.12808338539023395,0.09611614803528037,0.0862254491227191,0.00042450743912838,0.0005396692765028,0.1,0.6,0.8,52,2.962182425720333,3.951246831746965
16,40,0.042219254038730517,0.15880027908666927,0.13158474386603192,0.15301054899142985,0.03209683209189618,0.0861998168238511,0.00042414722916457,0.00048553590260198,0.1,0.6,0.8,54,2.738752884603948,3.780180265100261
16,41,0.04240454819608182,0.1498244389355709,0.12128762253059337,0.16824596060342356,0.07933167523522502,0.08504995258166168,0.0004956188116851401,0.0039714725278053,0.1,0.6,0.8,55,3.327669135720174,4.985089023896007
16,42,0.04157233358593882,0.173013863014058,0.18549465423964165,0.3211898344097286,0.010875820495059155,0.07758299008871652,0.00212096030411995,0.0022984856205436302,0.1,0.6,0.8,90,3.5627262538921145,3.747774356359306
16,43,0.04026994264694718,0.17161248165260887,0.19159376153260535,0.3327153875463638,0.02413561544419994,0.07676669755513688,0.00205874814619473,0.0023966698358136697,0.1,0.6,0.8,92,3.6541482344297327,3.642825451224227
16,44,0.040474884798646894,0.1687323110735552,0.1957926496612405,0.32747626251935613,0.06878094232080137,0.07679531530884179,0.0048399560680084195,0.00307003776676337,0.1,0.6,0.8,93,3.79725702031619,4.653959391301062
16,45,0.0393821742705706,0.162219852436405,0.18851288415339879,0.3343501820128555,0.03287291925541676,0.07772262171911987,0.00486413617483907,0.00328368352893564,0.1,0.6,0.8,95,3.950903397978105,4.346838866132203
16,46,0.03822068912038086,0.1628923902977416,0.1969693819093321,0.3764069228338669,0.015050250321527535,0.07501538102908453,0.00482656556405138,0.0030558017310514897,0.1,0.6,0.8,104,3.872120483042412,3.998148788216332
16,47,0.03810429054253173,0.1623381686046523,0.19635342585719243,0.3856554649443143,0.015976078291867406,0.07501760340929929,0.00482725853857594,0.0030443975505624,0.1,0.6,0.8,105,3.8681288839091192,3.9953995694987294
16,48,0.0391138162203084,0.17534411370365272,0.23362793113838884,0.4458224366171841,0.015382585263021201,0.0832064066023579,0.00437141496978901,0.00417925727594307,0.1,0.6,0.8,117,3.495894482537772,5.012609773121386
16,49,0.04370821361840056,0.1647192851954361,0.21334333399236435,0.4621439443760213,0.03654592508806248,0.08415746839424769,0.01205522389818422,0.00720123419457819,0.1,0.6,0.8,122,3.415604845092425,4.508076337981498
16,50,0.0465553062814225,0.16626906419827092,0.22224773901650333,0.48760854180519286,0.0360513158335879,0.08450556473932709,0.01095520388981751,0.01323396187051143,0.1,0.6,0.8,126,3.648630753361535,4.293076521766821
16,51,0.044459790369758036,0.16364323345656662,0.2270864428108476,0.5326625399387659,0.027949536354165624,0.08461515828244451,0.01135438225964925,0.0117377384758951,0.1,0.6,0.8,137,3.7909126640189807,4.330690463497102
16,52,0.04540826078047422,0.17373174474083955,0.2535144101438951,0.6189453450936458,0.02567011511794541,0.08461818217602872,0.01043244989366192,0.013637657343410789,0.1,0.6,0.8,155,3.3596523216636616,6.04441270734635
16,53,0.04360675668274665,0.1596008696823303,0.23014643334836885,0.6133469350850888,0.07946629956450353,0.08473131904911683,0.013254356572153311,0.01135200695301914,0.1,0.6,0.8,156,3.514706575575885,5.815863965602121
16,54,0.04628616292008693,0.16330421152817934,0.2415339343755768,0.6720182913728242,0.031445277129964685,0.08471854467347249,0.012983486665681221,0.015855551032339828,0.1,0.6,0.8,166,3.5587497395431926,5.497875073029984
16,55,0.0458997403031059,0.16569787814135223,0.25185297363081677,0.6800794040193622,0.03528160678562594,0.08477654736144304,0.01300847080672557,0.015823640012537908,0.1,0.6,0.8,168,3.616489956625892,5.480628586919197
16,56,0.04587665121200267,0.1656203636741755,0.25176795737296953,0.6923038719740746,0.029276303011991113,0.08477067920769835,0.012993090581644759,0.01582130418340455,0.1,0.6,0.8,169,3.611313290939511,5.480431654941111
16,57,0.04240464143563862,0.1651400083906072,0.2667895506637864,0.7045228612519158,0.06992063971731038,0.08466562163848587,0.013054456626322281,0.013048991370653202,0.1,0.6,0.8,170,3.660633792932648,5.708262273600765
16,58,0.030075323211929694,0.16246966152317885,0.2880793101635182,0.8326269882876435,0.01630188734192887,0.0781740012803074,0.00529765748232438,0.00530993262940832,0.1,0.6,0.8,197,3.687066796316948,5.221864363625544
17,0,0.9580769164622007,0.9907091470777768,0.9973135168137419,0.14042203277314427,0.0,0.0,0.0,0.0,0.1,0.6,0.8,1,18.81097672977773,31.0799746379862
17,1,0.8426583445922669,0.948871480423266,0.9423180981953558,0.13492983423120308,0.2609658141372215,0.06852221705376538,7.61427871996818e-06,9.85275214407365e-06,0.1,0.6,0.8,2,15.701902955668729,29.5843128399992
17,2,0.5420438421047625,0.8141420169257617,0.7993263923840667,0.10563247747361602,0.8507604101787819,0.12265142049768862,0.00045073830842901004,0.0005633754683775801,0.1,0.6,0.8,3,11.41841698840332,15.96524621119534
17,3,0.530955433651125,0.8082588706989391,0.7925627509527974,0.10535428737099252,0.05976635676993641,0.1312628011989994,0.00110553421259414,0.00138180146479774,0.1,0.6,0.8,4,11.686391262898672,12.265694315859577
17,4,0.40899120271418965,0.7240936268313708,0.6992435081322497,0.08620030860015518,0.4783644669392455,0.11117104757167315,0.00036835633332383004,0.00049840025983639,0.1,0.6,0.8,5,7.595317900170911,16.987770474019804
17,5,0.3966409261140261,0.7145491941838534,0.6885610189331431,0.09011339616279937,0.07026787177482774,0.11681910387060006,0.0003586604381586,0.00045769595792498005,0.1,0.6,0.8,6,8.601111192953091,13.647576265176564
17,6,0.30564381826372494,0.6333006057015481,0.5982637423288956,0.06649343281750159,0.472361385394225,0.10580832930518873,0.00030188708025374997,0.00041001548907724003,0.1,0.6,0.8,7,7.9071128058277536,14.854453524434474
17,7,0.2486802896315273,0.5710870213477858,0.5293374024472037,0.05108764204672116,0.17936479258155905,0.0790751693002708,0.0002236192031172,0.0002978465400522,0.1,0.6,0.8,9,7.431849901154515,13.130445409594076
17,8,0.24728133030215724,0.5693659983855165,0.5274009487483532,0.053418877378293574,0.019436255850892467,0.08049498952793704,0.00024909507318169997,0.00033231637024389,0.1,0.6,0.8,10,7.418514993977197,12.827452511447788
17,9,0.22428726038332986,0.5400290507986161,0.4945907981088405,0.054256889017384714,0.18714849190092728,0.09404773669702304,0.00027786468391858,0.00036597558000698,0.1,0.6,0.8,11,9.527122411635414,14.628588398424512
17,10,0.18600103561515924,0.48611154564178227,0.43476313369436204,0.04278085161156623,0.15881778506248356,0.07835807308486104,0.00025264607001863,0.00032528918356701,0.1,0.6,0.8,13,8.129090288369227,11.262558288430178
17,11,0.18181673116604483,0.47971947753386546,0.42767065309313734,0.05166140584229263,0.043823796781220684,0.07659684605897539,0.00024043556784119,0.00031262428069248,0.1,0.6,0.8,14,8.151823635140298,11.94754143177708
17,12,0.16902166190637377,0.4588014500549924,0.4043555358468324,0.04600806278724611,0.13051085431638804,0.08034014170819795,0.00019320140208378,0.00024847129232236,0.1,0.6,0.8,15,6.152587115689413,10.6017882607499
17,13,0.15551762588561277,0.43021833576795226,0.36472716512608805,0.04654144362413798,0.047119185618834825,0.0941626235484905,0.00018586304223947999,0.00030787474115621,0.1,0.6,0.8,19,4.693822922529772,5.656949939532808
17,14,0.1490679787001017,0.4182608406404929,0.3514178771150175,0.048873442374242,0.07808309904321618,0.09442492613084918,0.00017189544578292,0.00029117548042703,0.1,0.6,0.8,20,4.628703150186212,5.371529848286686
17,15,0.1346951793118905,0.3986440896347725,0.3448534583087272,0.06133297437122703,0.17554046133416454,0.09921618749506818,0.00010312244848163,0.00018178557196457998,0.1,0.6,0.8,21,4.205406574177087,7.78673477775763
17,16,0.12819951416252293,0.3794159394809491,0.31567471100614986,0.04646900094964815,0.1022762996222246,0.10930833821629546,0.00013322045427637,0.00026159982054845,0.1,0.6,0.8,22,3.62276277597976,5.02059357337267
17,17,0.12687124675065461,0.3826040128290493,0.3270220503220502,0.04824083406576864,0.010540663230404871,0.09537359881081317,0.00021209851228304002,0.00034498198828835996,0.1,0.6,0.8,23,3.84065348654608,5.1543595011382175
17,18,0.12463354343059536,0.3694035884428744,0.29706596682960207,0.04985210608809125,0.03233075909045759,0.09181027704146652,0.00021133347449538002,0.00029758448613864,0.1,0.6,0.8,24,3.92037200310712,4.28164631662202
17,19,0.12013354993944192,0.35839440913448745,0.28473412653507457,0.05021320101594268,0.04309404438664517,0.09714852027369189,0.00026168836882247,0.0004619358634451,0.1,0.6,0.8,26,3.4022286793770697,4.3415388427084896
17,20,0.1092067850446049,0.3367678219421225,0.26823821883512916,0.052879565749279114,0.16662639529755502,0.10540482519025969,0.00021227818396482999,0.00034902109096886,0.1,0.6,0.8,27,2.648213248938504,5.026043687086578
17,21,0.10738829409439284,0.336463995783965,0.2755332906699777,0.05486392709801188,0.03928313341976012,0.10721120515007121,0.00021302509175644997,0.00035679904424205,0.1,0.6,0.8,28,2.4455677884138463,5.300564303565322
17,22,0.09782730239789895,0.30402774213152983,0.22418870051292566,0.04707373240259709,0.141799308857182,0.1017696136156869,0.00021245659117694998,0.00030977267559717,0.1,0.6,0.8,29,2.551437385820036,4.301008201162708
17,23,0.09093319445675031,0.2841357830678604,0.2019742658466401,0.04492435093618928,0.07007401502514214,0.1068577482954137,0.00026020938737719,0.00046351806273189,0.1,0.6,0.8,31,2.059534946210603,4.361637211206791
17,24,0.08983418450371182,0.285916072166091,0.2116272994230828,0.06755872516469193,0.016146280879470273,0.10537573889520344,0.00026071707133679004,0.00045737854247361,0.1,0.6,0.8,34,2.12129724215981,4.414761737209644
17,25,0.07627426273416246,0.25675644058748165,0.19459033071653153,0.12346366693320018,0.031633943981944565,0.09720610119636011,0.00019204738910315,0.00032356365657524,0.1,0.6,0.8,44,2.500076422106609,4.269888608622457
17,26,0.07626331776502272,0.25672212315848647,0.19455214967693202,0.13775455048390617,0.010143742580934572,0.09720537993542779,0.00019204858504137,0.00032356724037883,0.1,0.6,0.8,48,2.4896009072521865,4.323875333410385
17,27,0.07595618406227105,0.25436526896572786,0.19185615324796015,0.1375584556741913,0.028029764315534382,0.09478444399536629,0.00023620673439516998,0.00139893543353324,0.1,0.6,0.8,49,2.386873610513385,4.307990227530899
17,28,0.07157232605490392,0.2675106862147926,0.2449737433629132,0.20410590175357163,0.013921925929993017,0.08289851444667079,0.00028423809422496,0.00046845120136039,0.1,0.6,0.8,58,3.1313132233079126,5.412230234545066
17,29,0.0710714319175106,0.2649652045796682,0.2420948633015024,0.20772673015007384,0.026232985879693874,0.08704441429350886,0.0003041322186964,0.00044133742814633,0.1,0.6,0.8,59,2.98155215675124,5.341133869147159
17,30,0.06969435130280693,0.27365389636595355,0.2747002418704339,0.22563094397211025,0.01978757855901142,0.09019625627565855,0.00027602038154285,0.00038022734584729,0.1,0.6,0.8,62,3.060017503590557,5.081971338511344
17,32,0.06986296590752823,0.26078980118533174,0.24487031595472825,0.18179235312816716,0.025020646343983235,0.08551932915605404,0.00159503611753825,0.00222563548929905,0.1,0.6,0.8,64,2.974952026326367,4.861174397894029
18,0,0.8322072594954868,0.9461601432686478,0.9390576015797456,0.1339355828105548,0.009013027874179964,0.08872408548733204,8.950606464605e-05,0.00010864460832391002,0.1,0.6,0.8,1,13.402679904838816,29.46462435963484
18,1,0.5721357455203991,0.8319353087109529,0.8190653161650375,0.11106217402156629,0.36925651289233496,0.12790048693521297,0.00053510363908761,0.00056405220772264,0.1,0.6,0.8,3,8.084758227894184,15.227727233607752
18,2,0.4181616545045794,0.7316857789835182,0.7075359687379326,0.08936593683475351,0.30088401853362334,0.12483350473680199,0.00044481773089289,0.00047603010051517995,0.1,0.6,0.8,5,7.203088117769863,12.64924660639246
18,3,0.3528661815252872,0.6782398660158158,0.6483300810346051,0.07882982584664178,0.1582860285817695,0.10197632798663343,0.00031387216302688,0.00034008507736238,0.1,0.6,0.8,7,6.214447003787475,11.498128891357904
18,4,0.2998223800857808,0.6279558608885829,0.5925931809796777,0.07001096444672139,0.1475274348161256,0.08240829205946203,0.00025877143826872,0.00029062999523566,0.1,0.6,0.8,9,5.474268176749481,13.302240806059404
18,5,0.2700347189268279,0.6008277555114556,0.5700409187114897,0.06838319453240557,0.1004357946080768,0.08366403640231375,0.00024794653004469,0.00028437732028505,0.1,0.6,0.8,11,5.273426947661652,13.958049936045413
18,6,0.22170213700795247,0.5422369546429482,0.5049349051646719,0.058848055547007005,0.17356196251636838,0.07476846294396625,0.0002171019005546,0.00025223085052238,0.1,0.6,0.8,13,4.084339900472168,11.593215376213111
18,7,0.19099991569873523,0.49841607313075276,0.45607354827104024,0.05502275720796642,0.13668902391524723,0.08307956782460056,0.00018262305257020001,0.00021737628964855002,0.1,0.6,0.8,15,3.864205818867708,10.749201567568836
18,8,0.18216992437558926,0.4891322384231828,0.4533950510481205,0.05929563788232773,0.04776476223025795,0.08307956782460056,0.00018262305257020001,0.00021737628964855002,0.1,0.6,0.8,17,3.880154595645182,10.983488675708443
18,9,0.1798510249444,0.4856790713318074,0.4495923217831607,0.06323434665923762,0.02605122741159895,0.07969315992155686,0.00017148548381344,0.00019943240843411998,0.1,0.6,0.8,18,3.779077349333039,11.15033705792235
18,10,0.1623890989349148,0.45192734630135734,0.40411053008273146,0.05890502094174134,0.20019902057296335,0.10057818203807041,0.00027805873108869997,0.00040370298652493003,0.1,0.6,0.8,19,2.618285553560257,4.08234671222027
18,11,0.13911152689729508,0.40968329360915723,0.35724465334559763,0.054853699193413236,0.12644229444294874,0.08767553517443806,0.00024729381990629,0.00036012994691334997,0.1,0.6,0.8,21,2.562042598225319,4.630424045526411
18,12,0.13911152689566253,0.4096832936145492,0.3572446533509896,0.06053504095704281,0.009204093573521907,0.08767553519804748,0.00024729382179285,0.00036012994928719003,0.1,0.6,0.8,22,2.5620425948658867,4.630424038651779
18,13,0.1263908862658975,0.38537282968681325,0.3376847009037158,0.05086988049532691,0.17783096930343295,0.10152355614703908,0.00026065204963647,0.00035199357495911004,0.1,0.6,0.8,23,2.592697709966179,5.360920089227848
18,14,0.12105626509756182,0.37365327720632463,0.32463562806385876,0.05340189380401211,0.07840619849529817,0.10223420533180223,0.00024682705245984997,0.00033075937995389,0.1,0.6,0.8,24,2.5763629754037387,5.062481442872445
18,15,0.11890364071219507,0.3694060053394456,0.31996040873145,0.05518736942198411,0.031990182401224365,0.09802769685549134,0.00023157008951402998,0.00029271161169911,0.1,0.6,0.8,25,2.6221322413514314,5.5120771011976455
18,16,0.11712278814901868,0.3654765168811648,0.3155959152555369,0.05733621523170316,0.03227209905514781,0.09777454657678421,0.0002149095572904,0.00023720455519939,0.1,0.6,0.8,26,2.571013123015897,5.983233461228682
18,17,0.09538415060411287,0.31227115751629214,0.2563977406442365,0.05168442345574865,0.3154112885215174,0.09492636579511632,0.00025326865309745,0.00034795422120055,0.1,0.6,0.8,27,1.901695525299944,4.81641075008496
18,18,0.07667362920865481,0.2718115555855072,0.2343099834174748,0.12774481284591335,0.03099239676789016,0.09578806976711646,0.00029189839798769,0.00042302410836631997,0.1,0.6,0.8,42,1.6346831281401613,3.8907038735283823
18,19,0.0714795622186636,0.26603358804314,0.24323179096080688,0.136765105390429,0.02445427278777109,0.09280493115022737,0.00023122798490423,0.00035276132172747,0.1,0.6,0.8,48,1.8126073302768,4.227297402007154
18,20,0.07006134515650689,0.26403005941274865,0.2485998357085666,0.134098165271982,0.04669049620618728,0.09722762268703024,0.0002688613689394,0.00039565823528349,0.1,0.6,0.8,49,1.5241522305297457,3.850490327388576
18,21,0.06479052372462704,0.24721592982205248,0.2299420729321184,0.13710275334480113,0.10359685261725153,0.09280493115022734,0.00023122798490423,0.00035276132172747,0.1,0.6,0.8,50,1.530835505218899,3.698628461125213
18,22,0.064009672297053,0.24446988997755265,0.2268855157619376,0.14037701840768538,0.0255260778365237,0.09269801751646424,0.00024051828035128,0.0003602695178247,0.1,0.6,0.8,51,1.6346134082032029,3.8467792744045983
18,23,0.06317756087640164,0.2463172165673936,0.23660478007475347,0.14655689624717053,0.025034779395428045,0.09188963313492804,0.00023874825865313,0.00036648570206739,0.1,0.6,0.8,52,1.5227510275829157,3.916221530755241
18,24,0.06234582036072773,0.23396729026402477,0.2075427207728388,0.13063005815244724,0.02824577995318387,0.09263274777806953,0.00024147979091696,0.00035843065618422,0.1,0.6,0.8,53,1.5104853671035898,4.685130511278251
18,25,0.060436399656994606,0.23464531052492907,0.22353861528965674,0.159061480732064,0.02780261526859714,0.09954477400006152,0.00019509642727466998,0.0002750638425088,0.1,0.6,0.8,56,1.8348744500441767,5.533326474866984
18,26,0.06013759234824677,0.22854584683575788,0.20907907120909833,0.16162470716292654,0.019901666456747933,0.10097287230625118,0.00019678267931655,0.00027722968483101003,0.1,0.6,0.8,57,1.8169154380465016,5.440847152045491
18,27,0.06128475916681545,0.2199750242236451,0.1915444533118779,0.17226060968301643,0.026899556635697004,0.08968613556194961,0.0070294023224017396,0.00033479654782424,0.1,0.6,0.8,60,1.762531608144315,4.025947159023854
18,28,0.059690104721549564,0.21903655613410478,0.19817672981158893,0.18199318190334857,0.028592066351152124,0.08762619756382295,0.00703366597994891,0.00034091890611532,0.1,0.6,0.8,62,1.781775433844723,3.854578523423673
18,29,0.05968424680943185,0.21895339401852323,0.1980817093309871,0.18198522373937606,0.013577855256599367,0.0878431095550405,0.00703336911510098,0.00034070143160515,0.1,0.6,0.8,64,1.7760827941930812,3.851157367830772
18,30,0.059409065975887965,0.24962740385531476,0.2857839746873059,0.2441906995011864,0.023138387082089883,0.08771038870163832,0.007306907126941049,0.00035416279247612,0.1,0.6,0.8,65,1.8193701489940024,3.8690907262244063
18,31,0.059473954981891675,0.2538542387250835,0.2981182813513748,0.2606972803768156,0.015355043449742116,0.08900939959897859,0.00745387544199805,0.00035330896968053003,0.1,0.6,0.8,67,1.7985803608106727,3.9355972779061226
18,32,0.05737282849119216,0.21822478439846543,0.21254379933687756,0.21973826443103028,0.028927194783662805,0.09111571235279312,0.007032961035583441,0.00032761077414855,0.1,0.6,0.8,70,1.8407972555900287,3.930709275145652
18,33,0.055604618762935556,0.20547042018140171,0.18317196346187398,0.24796859877718067,0.015831096049050867,0.08927194888149813,0.00549104691028882,0.00024847153431051,0.1,0.6,0.8,74,1.7845861665737324,3.731841789298089
18,34,0.054813676159812204,0.20719093649770054,0.19275225940092033,0.25138530086359534,0.028335881583746433,0.08845324677913566,0.00548287493280406,0.00023517349856389002,0.1,0.6,0.8,75,1.77888205723296,3.583315024672199
18,35,0.05480298352287095,0.20656878200479717,0.19203795298879803,0.26424156901482077,0.017208772223832474,0.09025581407290591,0.005492465081657049,0.00024208161769144,0.1,0.6,0.8,76,1.812582556470788,3.75361674196887
18,36,0.8531877346143554,1.0218638038308168,1.0398060619406888,1.0705681244497844,0.8151812563691367,0.09134916569778638,0.0037548508993565702,1.0,0.1,0.6,0.8,79,2.632977144940241,4.492459653559901
18,37,0.856685329564487,1.0237444281436063,1.0414445504414622,1.0659815153586227,0.8277475158036167,0.09732276253435677,0.009465428658755071,1.0,0.1,0.6,0.8,80,2.8994739208549327,3.9313197156608464
18,38,0.8554867905047436,1.015184601945324,1.024298008723931,1.0861338675422199,0.8361353753849317,0.09490229523637056,0.00935348478848739,1.0,0.1,0.6,0.8,81,2.676019407209586,3.963284752913253
18,39,0.8551172169222128,1.0177926762057388,1.0348385651984018,1.089572440158804,0.8214071880456255,0.09555109119151581,0.009489762158026941,1.0,0.1,0.6,0.8,83,2.690539730843367,4.082085835300709
18,40,0.854996662130191,1.01729115458662,1.034280520414092,1.0894304036686642,0.8166926063681773,0.09555109119151581,0.009489762158026941,1.0,0.1,0.6,0.8,85,2.6960894728035565,4.117383841499187
18,41,0.05666259460875303,0.23558964734937562,0.285012048898169,0.31670791398363585,0.03105704519799658,0.08285971433314562,0.014798155270745439,0.00039299016552373,0.1,0.6,0.8,86,2.585941454900526,3.574550505681464
18,42,0.055905670819370534,0.21410400429616355,0.23048450844005336,0.2798153793786249,0.035055328905512204,0.08384271076930795,0.014587252025426208,0.00039003061050322,0.1,0.6,0.8,87,2.6774405517981337,3.515611424349788
18,43,0.057031063746993994,0.23776050517048175,0.29494242983391955,0.3468371694085173,0.02048185379790091,0.09474210045106388,0.014751694460609348,0.00049178797379979,0.1,0.6,0.8,89,2.697354612967414,3.5032297759323505
18,44,0.05484746842872216,0.22760701392323912,0.276118135256958,0.3139353340004007,0.030137867352421188,0.08384492517329681,0.014766055020322199,0.00039430482377184994,0.1,0.6,0.8,91,2.6799368801038224,3.3703277888175727
18,45,0.056802994598512686,0.2249444280549028,0.26527869858032077,0.33570562226615197,0.019567874492470657,0.08479277565586706,0.01251145077196307,0.00441839504195724,0.1,0.6,0.8,94,2.4376983351538155,4.411083836404085
18,46,0.05492906719158306,0.21356473815834967,0.24500201858727652,0.3480403773208949,0.05636697452259684,0.08401998780155022,0.012615237401709601,0.00395964458810274,0.1,0.6,0.8,95,2.4722733337382894,3.9095488997352015
18,47,0.053749887049393895,0.21235737853959075,0.2512946513479301,0.346512856817325,0.05331124957578222,0.0824075213921316,0.012540214935156068,0.0044164159346567,0.1,0.6,0.8,96,2.6269947326716747,3.813695504961936
18,48,0.05148189767415072,0.19844314595725077,0.228183196694645,0.3264948843228421,0.07116833356749985,0.084259022137941,0.01382526704454387,0.0028943279206453997,0.1,0.6,0.8,97,2.5622979672305064,3.5632785023719373
18,49,0.05033088291105722,0.20718121351247717,0.2608792666427977,0.36412694427791104,0.03334791018005868,0.08368561438533015,0.01382279281614952,0.00288412887514149,0.1,0.6,0.8,99,2.621890610910303,3.752351535218589
18,50,0.04779764036474909,0.18738200891013104,0.22357455870195483,0.3750809837705263,0.02844224040033323,0.07973778046154659,0.013859089351382501,0.0029015972872918397,0.1,0.6,0.8,105,2.756323028586795,3.993929314242792
18,51,0.046608737909027864,0.19006717853038052,0.2343303186964972,0.3869241030904135,0.02025389027427834,0.07998534909355311,0.01271709597367381,0.0024803612758387598,0.1,0.6,0.8,107,2.578528090826518,3.996893920852005
18,52,0.046602167793289,0.19463512390172058,0.24706864691032462,0.40004639285564275,0.017703742755822767,0.07998534909355311,0.01271709597367381,0.0024803612758387598,0.1,0.6,0.8,109,2.576657340423986,3.9882883617882494
18,53,0.04603122795589922,0.18925091288175513,0.24099884697832355,0.4219510489378569,0.053243364825166214,0.0763697340695072,0.01386564511405145,0.00292452027787197,0.1,0.6,0.8,110,3.0510196831837977,3.631163170783667
18,54,0.04715923169935621,0.2082483024539624,0.29261751983680445,0.46410312332133125,0.020199536701992038,0.08290289620765262,0.01466090741754702,0.0030917483598338702,0.1,0.6,0.8,116,2.8232812641688896,3.62053838432848
18,55,0.04641945193508221,0.1830169456521771,0.2263037410443527,0.422470210097273,0.02460523900802845,0.08565182057065548,0.013839975920596052,0.0029170809023597,0.1,0.6,0.8,118,2.66917087441344,3.6062074545809
18,56,0.045662450281499616,0.20112542201060893,0.28469754582373547,0.47591901380276813,0.04931440973162641,0.08229406310443851,0.014656932854541399,0.0030834263854875197,0.1,0.6,0.8,119,2.811808783107152,3.729595398858197
18,57,0.04502219508061035,0.2041906786964508,0.29581065630317194,0.49819134297779655,0.020357588605251116,0.08127378300743457,0.01435283146406563,0.00291729747606405,0.1,0.6,0.8,124,2.8864622727723983,3.855678812452497
18,58,0.045204063171463846,0.190131526865805,0.2571668482872388,0.502985141197447,0.020002078880817904,0.08303347622707473,0.01417734959929381,0.0031940904536052203,0.1,0.6,0.8,129,2.6153259511215023,3.48965647225567
18,59,0.04526479675189618,0.20781164803471788,0.30743341337609503,0.5399970036369689,0.022418067315462607,0.085356006275771,0.01422016373412836,0.0031892067829740896,0.1,0.6,0.8,131,2.6188956861577863,3.473249008751412
18,60,0.04472987618432426,0.18819778237913568,0.2550272647891534,0.48856235761679334,0.02169887139013248,0.08603507017611045,0.013852056954984048,0.00292238891837538,0.1,0.6,0.8,133,2.656863085098516,3.6339436485145673
18,61,0.04470226063842757,0.206121754671961,0.30558468426317476,0.5300765311720314,0.02254091997335732,0.0857142980786901,0.014000246597683568,0.00295452786102881,0.1,0.6,0.8,134,2.7271167098065767,3.625086710259161
18,62,0.044537794216585096,0.1868392173063018,0.25350397896412263,0.5299976394928547,0.020229443944179276,0.084254808679586,0.014109298688825638,0.0030755370326262703,0.1,0.6,0.8,140,2.66291364316372,3.584574438645094
18,63,0.04492004991939125,0.20704080833713892,0.3141294888114096,0.5722043629746016,0.04318855742297465,0.0847144022568039,0.014962501742485099,0.00382105657810001,0.1,0.6,0.8,141,2.7639188531777377,3.6201541785942566
18,64,0.043644943719372026,0.19139000831856917,0.273875618727032,0.580248981376692,0.02074522408517665,0.08676489468775168,0.01388626843192661,0.00295261032690292,0.1,0.6,0.8,144,2.68623117596527,4.027622706343731
18,65,0.043197971321511444,0.18992094037233231,0.2722631455326398,0.5703119976962502,0.0264776483146635,0.0848555954814036,0.01388374395514994,0.0029424212980110097,0.1,0.6,0.8,145,2.665013276191949,3.874716152212716
18,66,0.04267165150389716,0.1873238150823011,0.26937606368561823,0.5743522901227444,0.026532691315283873,0.084538682441301,0.01387203061432929,0.00295261519445277,0.1,0.6,0.8,147,2.658272015895308,3.935173592198156
18,67,0.04256882243390829,0.1868676769744874,0.26887046410378446,0.602255134771609,0.020379778779245437,0.08437503776960731,0.013870972036567761,0.00295041099845418,0.1,0.6,0.8,149,2.649874161319877,3.940061478281498
18,68,0.042553363374326726,0.1866586107141366,0.26863428899301955,0.6022183230014462,0.020530770615942134,0.08465911946419405,0.013871571589492222,0.00295262060682491,0.1,0.6,0.8,150,2.63767652068642,3.913184182394847
18,69,0.043225520885633154,0.2055399569156523,0.3201855880836902,0.6556003571701198,0.02120746157054879,0.08766336555766858,0.014402512392948822,0.00307488803761895,0.1,0.6,0.8,151,2.7343045422255283,4.006474470283747
18,70,0.040373458455394265,0.16207256303532347,0.2258634015161662,0.5887125513229948,0.022115020600238084,0.09039553888724,0.014040641372154512,0.0031922296415972397,0.1,0.6,0.8,195,2.7895490403030494,4.337854202340336
19,0,0.7848223872189011,0.9276041163415092,0.9183069598556949,0.12935381755544914,0.009878085264012557,0.097455199291104,8.543782328745999e-05,0.00010162830116209999,0.1,0.6,0.8,1,17.044296368434217,29.46462435963484
19,1,0.5014184564322106,0.7896091361619239,0.7719223100667043,0.09940701408658496,0.43628783033110663,0.12659007267391237,0.00079888020932786,0.00090424061291764,0.1,0.6,0.8,3,12.167025238906126,13.456186330137648
19,2,0.4954453668851491,0.785155668990859,0.7671234589354183,0.10035821582512455,0.029382358022135898,0.12079606231877907,0.00025780890467581,0.0002883529345456,0.1,0.6,0.8,4,12.22014721348268,15.31846695345954
19,3,0.3746978287604938,0.6966268539490739,0.6687475930459094,0.07804981676128397,0.5139018623932139,0.10457824557796949,0.00040929891597116,0.00046574059878443,0.1,0.6,0.8,5,10.140199403169476,13.000339701134632
19,4,0.3659703396658792,0.6890540082625992,0.6603623488009984,0.07562562035007156,0.05121678347344767,0.10433189479696814,0.00017173877570760002,0.00019512039622714,0.1,0.6,0.8,6,10.002559340731995,14.444543728568208
19,5,0.31956790570801663,0.646927269839817,0.6137107415654068,0.06601378127686588,0.2392406213992191,0.08296204590329888,0.00020497133154733998,0.00023550732639881998,0.1,0.6,0.8,7,9.857616573992171,14.206130328364964
19,6,0.30613830161197125,0.6337950761214511,0.5990812300456752,0.06630431663288315,0.08505187667340064,0.08498060779648078,0.00014537583153056,0.00017580360376738,0.1,0.6,0.8,8,9.421804669176232,12.650990034878294
19,7,0.26773269462759064,0.5933086892717468,0.5541774932282048,0.05663227898081811,0.23250751512780435,0.07066138733868078,0.00017591541790078002,0.00019808469991726,0.1,0.6,0.8,9,7.415642692811764,11.933210851383146
19,8,0.2616534804378344,0.5864255062957284,0.5465107298162751,0.058939983674391454,0.04732704888776009,0.07179729910788887,0.00013122022350981,0.00015330895662699,0.1,0.6,0.8,10,7.088677763748811,10.635424849631129
19,9,0.2089851863952586,0.5190474713842778,0.4712108680325946,0.043174681048711416,0.41391826791131636,0.09602106631541646,0.00029124234877450997,0.00041185507177269996,0.1,0.6,0.8,11,7.430855245269636,7.678807364739242
19,10,0.20404232379737497,0.5113324351742987,0.4624472245734122,0.04664011505050908,0.06511310992067756,0.1111112989466011,0.00027199677296784,0.00049574463572831,0.1,0.6,0.8,12,8.335522226737858,7.017613116139023
19,11,0.1647509564965257,0.44893457063599923,0.39296474255769276,0.03021613860308058,0.373090398276683,0.11265804565899458,0.00031632771416362,0.00063966361086956,0.1,0.6,0.8,13,7.358871276733322,5.675411746446224
19,12,0.14110583818498157,0.4077550910448633,0.3474461422310773,0.02431619061426825,0.1197920281106657,0.08710836149879139,0.00021076062988909,0.00043559451317306,0.1,0.6,0.8,15,5.180388994157807,4.765469107706371
19,13,0.13275692798496688,0.39118288514899885,0.3290134945012793,0.024594525452089767,0.10388149530642053,0.0857208993882341,0.00025112848006025,0.00044370666863053,0.1,0.6,0.8,16,5.568934833685273,4.798350164643637
19,14,0.11782425364119567,0.35882799455825826,0.2929729402879325,0.01637464958696756,0.19723257052436569,0.08726301253956703,0.0003069323279174,0.00053533805313726,0.1,0.6,0.8,17,4.7050214663184,4.977089733198164
19,15,0.11147977867400025,0.3440809625716893,0.27654837566960877,0.02055648975751769,0.0949327707430036,0.08854182850126611,0.00027850316361815,0.00051970385714566,0.1,0.6,0.8,18,4.712740778661996,4.625118797071535
19,16,0.11263210082567988,0.345061862535213,0.27749555678043825,0.02769069607155936,0.011576019131360374,0.10318524650914776,0.00017172554728228,0.00036815197090287003,0.1,0.6,0.8,20,4.927796417297099,3.6266253931518566
19,17,0.08430193097795428,0.2766881283324041,0.20912932113029079,0.024497130523692602,0.21834954868359477,0.09442894275913656,0.00026041864258735003,0.00051743811550593,0.1,0.6,0.8,22,4.446417254654946,3.687034565055532
19,18,0.08410375685890559,0.2760558925791016,0.20842286591429451,0.024336527175265948,0.01378359459227198,0.09434992550982765,0.00028555576630810004,0.00053894794094469,0.1,0.6,0.8,23,4.429054997146383,3.6909892366971926
19,19,0.07578937189257667,0.25286631767924755,0.18271781822602648,0.026368280182338447,0.1376751196531482,0.08608304960509124,0.00023249481571312,0.00044902196521486,0.1,0.6,0.8,24,3.373143197477369,4.052016897636014
19,20,0.06775894845786007,0.22656391547929536,0.15343267099036167,0.01575404926530288,0.16121997176994673,0.08722955820386966,0.00021873580365467998,0.00043363472547697,0.1,0.6,0.8,25,3.461995613857812,3.821685772948881
19,21,0.06616739096735005,0.22097396078213852,0.1472032256421071,0.017544056791294737,0.04186278298205284,0.08793829462405205,0.00021761441731413,0.00043244980097466,0.1,0.6,0.8,26,3.537204545124214,3.7437815290408105
19,22,0.05464460983993891,0.17946357794865192,0.10102705255645991,0.009048412653554817,0.24660320617134007,0.08552181642547531,0.00023840460259857,0.00044148531181018,0.1,0.6,0.8,27,3.589282822887827,3.1361221777731254
19,23,0.053665976960445796,0.1757955574730459,0.09695014503580836,0.020870110228365244,0.02988360981130763,0.08519439028055045,0.00022775329180059,0.00042852808483275997,0.1,0.6,0.8,28,3.3440942754130663,3.233631989747984
19,24,0.0533616505096189,0.17899494353100048,0.10816036556995179,0.02674363426579428,0.01694821526330946,0.0854830794031572,0.00023851229212172999,0.00044033363611556,0.1,0.6,0.8,29,3.5671463165727246,3.1479100768188464
19,25,0.052627874935920846,0.17248047369609362,0.09328943536146346,0.02950053508189676,0.013660190612156847,0.08317422520134335,0.00020490958565623003,0.00037741148280898997,0.1,0.6,0.8,31,3.609190319146741,3.263446480584264
19,26,0.05234297610100872,0.17977963641962721,0.11669653231547944,0.046155499296278865,0.020654316938490347,0.08487455508199436,0.00022740165093508,0.00043049551074451,0.1,0.6,0.8,32,3.251693819972876,3.300001319674592
19,27,0.05132578583119496,0.1762935984212691,0.11283852667223089,0.03789058337365228,0.01826047308827162,0.08293310798646716,0.00023721612195164,0.00042304729765704996,0.1,0.6,0.8,34,2.8994144551038405,3.552646224037611
19,28,0.049282930565981625,0.16730664296150216,0.10281191327098385,0.04921782911775805,0.0619710205648968,0.08565048551302862,0.00020234954066368,0.00037622815959002,0.1,0.6,0.8,35,3.543373967171461,3.264343781512746
19,29,0.0492829305590551,0.17190610012320434,0.11558546163738581,0.059472724037057154,0.008987628781452213,0.08565048557838269,0.00020234954069963998,0.00037622815960526004,0.1,0.6,0.8,37,3.543373965197699,3.264343775482744
19,30,0.048349898833464126,0.16865748804906455,0.11199209234164773,0.062146097942506306,0.02635918436810941,0.08399986751467314,0.00019184277386481,0.00034257869343058,0.1,0.6,0.8,38,3.618345007404544,3.350183679221051
19,31,0.047916332681348005,0.16638270692543625,0.10944401054425926,0.07586089250576476,0.022868475700284465,0.08552921058650731,0.0001838985488084,0.00033795354009671,0.1,0.6,0.8,39,3.9017250928223968,3.0617009792861687
19,32,0.042132497095333676,0.14194892359698738,0.08227400512938214,0.0840390830403465,0.031958224635721344,0.08330683442157871,0.00018395785913307,0.00033979079246068,0.1,0.6,0.8,45,2.986977494397037,4.248756548612911
19,33,0.040593622410978775,0.13922591293033826,0.08688804719983394,0.08908593464916612,0.05146656400740622,0.08412416686858426,0.00018733147760087,0.0003413152928634,0.1,0.6,0.8,46,2.958651868761008,4.312680565996769
19,34,0.038608345908514634,0.14973891674404383,0.12924883855281347,0.17188952492421725,0.010826206540400172,0.08027938084560096,0.00019125644409139002,0.00035032727711341,0.1,0.6,0.8,64,2.953137025167919,4.166138263384555
19,35,0.03859640705243131,0.1539045525250828,0.14152794922624404,0.17952000225821105,0.011613160989629917,0.0812892949336732,0.00019439309751464,0.00034882103097023,0.1,0.6,0.8,65,2.898870367384779,4.119169185648291
19,36,0.038373624170840684,0.15297024315949698,0.14049175664670127,0.18338405256174226,0.013684271631696983,0.08097478476109989,0.00019118532415361998,0.00035030556498624,0.1,0.6,0.8,66,2.965324858983007,4.184099506217293
19,37,0.033890082773996986,0.12597352420194713,0.1027768710868336,0.21039338070565025,0.04102733102053685,0.08168214074147744,0.00018810308923174998,0.00040846805793478,0.1,0.6,0.8,70,3.0986745031810408,3.668226931404361
19,38,0.0332919386639891,0.12268807356152842,0.0991134158623535,0.22611744567026584,0.013483671353913814,0.08229041943671431,0.00018858363740603,0.00040627316134756,0.1,0.6,0.8,74,3.047851612656327,3.616303934165957
19,39,0.03256557134035934,0.1361184951070028,0.14464541187240687,0.35708844560159814,0.010129657406372972,0.08516109323798163,0.00019149147227322,0.00041496135982647996,0.1,0.6,0.8,100,3.160136640236193,3.856667916069655
19,40,0.03219430467572348,0.1392526493510058,0.15580066281468366,0.3651913154246618,0.012752193950807655,0.08410764203999388,0.00019177049649787,0.00040768595453335,0.1,0.6,0.8,102,3.1403800578220658,3.8229610895862143
19,41,0.031625287696914126,0.13697811123854,0.1532878673683583,0.39116376394919933,0.011111135745022298,0.08247189067217378,0.00018933381040547,0.00040597389641501005,0.1,0.6,0.8,107,3.1060955343393983,3.723321320746985
19,42,0.03118083631385284,0.13925543911929156,0.16347740568465113,0.407877838602432,0.012019605244448919,0.08234401607107766,0.00019069450842470998,0.00041583375232504005,0.1,0.6,0.8,111,3.10298198515122,3.7158870950745433
19,43,0.031045018546978123,0.13860553136566067,0.16275558476050306,0.4467626413149928,0.00907146873697521,0.08217175652130002,0.00019072350598794,0.00041749164555081997,0.1,0.6,0.8,120,3.0994199875413786,3.680138411911972
19,44,0.031038491119586134,0.15236300460605542,0.2010306827226704,0.4366178053687154,0.008747633598984604,0.0821858899986447,0.00019074896515697,0.00041748287819929003,0.1,0.6,0.8,123,3.094271998484337,3.6446402487528378
19,45,0.03102353789474289,0.14306960149349135,0.17537794236241805,0.4684385917935317,0.009237063082794967,0.08222261203920597,0.0001906149950576,0.00041752539889601,0.1,0.6,0.8,124,3.099797167211921,3.716899060368229
19,46,0.031059736166303618,0.17017715237625455,0.2514567243719209,0.6321602183327228,0.008942059807461617,0.0838224668184646,0.00019322977583914998,0.00041355573842457997,0.1,0.6,0.8,157,3.201629641331984,3.7102833458016846
19,47,0.03069188017960472,0.18202650949213584,0.2876082911683592,0.7877653020465036,0.009258588720965062,0.0838255485956179,0.00019323001500518,0.00041090696942791,0.1,0.6,0.8,183,3.190050883817368,3.722513819574205
19,48,0.030252677756112848,0.18423612961608068,0.29772102131079886,0.800628063455503,0.013441783897012722,0.08396133323853365,0.00019457251028025,0.00040398748384294,0.1,0.6,0.8,186,3.166807924040337,3.7063921944793328
20,0,0.8464321523529958,0.9522820804892943,0.945754270422525,0.13638982144885348,0.010049005299932379,0.09870639080231114,8.973998852415999e-05,0.00015565278323346,0.1,0.6,0.8,1,12.407259353859647,29.46462435963484
20,1,0.5309657757083153,0.8099152045859386,0.7939298268592032,0.10885188793615236,0.4684595175632648,0.17769201455011985,0.00073545949341391,0.0011257272544442699,0.1,0.6,0.8,3,9.389303220415176,14.815943616551111
20,2,0.5231768826006379,0.8041682355743877,0.7878160419595054,0.10866705980279201,0.035308242917204344,0.15801782878452222,0.00037826412550919,0.00072676653839181,0.1,0.6,0.8,4,9.940764635367865,13.89120100793445
20,3,0.3919133324389047,0.7114880023026746,0.6847375868883177,0.08220699271451065,0.5459852223207967,0.15187144589320484,0.00041276521935506,0.00064094330747112,0.1,0.6,0.8,5,8.221537344451352,13.931455390481768
20,4,0.3275665467491589,0.6547243970704263,0.6219723607774663,0.0708520692001101,0.16525793287903945,0.11751143819971606,0.00030345741882294,0.00045151826989689,0.1,0.6,0.8,7,6.990266547612957,12.66736024012091
20,5,0.2789947340372762,0.6054767905092837,0.5674354768616364,0.061857265169894655,0.14466151311728778,0.09447186475276072,0.00022679210296030003,0.00033785492498567,0.1,0.6,0.8,9,5.7504864566535145,14.903607990699612
20,6,0.23190936917336588,0.5502417443284804,0.5060925122158874,0.05255554914823825,0.164346201808474,0.08313108915299347,0.00019912311259118,0.0002965729028933,0.1,0.6,0.8,11,4.730173960553671,12.02139475254149
20,7,0.20197274841511395,0.5092663127542734,0.46038225900809016,0.049166401523017225,0.13027167783396607,0.09271622392692071,0.00018071020431366,0.00026795721753873,0.1,0.6,0.8,13,4.422909063416339,10.429240311273386
20,8,0.20062969865654842,0.5074867121577795,0.45844269305839347,0.05309722612781539,0.017401250967163908,0.08929271469054315,0.00016819896324726,0.00025059683744377,0.1,0.6,0.8,14,4.239353289831024,10.636273288488642
20,9,0.17666578323877952,0.47055295703247635,0.4172944072737077,0.04424851606094907,0.22439811969848106,0.09180011580971724,0.00022558019857574002,0.00034578360915546,0.1,0.6,0.8,15,5.076801614352183,10.516522863552463
20,10,0.17282042377704393,0.46426581047097426,0.41029750420905253,0.047417073615527945,0.04576773205922636,0.09252719774960086,0.00019034208536139,0.00027419684835725997,0.1,0.6,0.8,16,4.737712143690182,10.356057078071766
20,11,0.1686469651018574,0.4574823075709084,0.4027770963196447,0.05150909924811319,0.046886696418631545,0.08978973041251084,0.00019674649759652998,0.00028403010631392,0.1,0.6,0.8,17,4.045361708782044,7.974958901080354
20,12,0.16354367799312317,0.4489942511591824,0.39335101415382073,0.05274111171810015,0.033267539865727024,0.08757084147588463,0.00023243019563520999,0.0003006373892559,0.1,0.6,0.8,19,3.95499607778814,7.525687630232179
20,13,0.14817999339794757,0.42670532127874705,0.37627569223813123,0.056453087390975425,0.08425359579054294,0.08076929962688359,0.00020419790692606998,0.0003104401233977,0.1,0.6,0.8,21,4.461201876035282,7.040772769135339
20,14,0.12249519645761704,0.3741217046401279,0.3176805376645008,0.05117254494276663,0.16170420356976561,0.086484501888521,0.00027559616684437997,0.00030897508842474004,0.1,0.6,0.8,23,3.7940998735121294,7.172903542017904
20,15,0.0991389657406136,0.31785603304526994,0.25498319292346255,0.0453669693809904,0.17363369027970446,0.09340319512703868,0.00024493228092466,0.00028114516927766,0.1,0.6,0.8,25,3.3543280508699023,6.921188260586591
20,16,0.09504443995586903,0.3073849305907103,0.2433472107623676,0.045568802217919174,0.06893261744554881,0.09203474295600732,0.00023138183285042,0.00025980583865277,0.1,0.6,0.8,26,3.2714372089278623,6.840617372534581
20,17,0.09138624511390925,0.30264845280410857,0.24576418041773243,0.048763970359345994,0.061374282709034375,0.08747871581530739,0.00029638507264548,0.00040101549222392997,0.1,0.6,0.8,27,3.1447818927398723,4.426168958400069
20,18,0.07434645163309554,0.2519923305709917,0.18935699726000643,0.044726621916563035,0.15602156388138877,0.09039346117514171,0.00026225636909224997,0.00035784550577698,0.1,0.6,0.8,29,2.80945821739278,4.593451926736499
20,19,0.06339327263793547,0.2206393813750995,0.16215022205130086,0.04455062689363433,0.11184009097012415,0.08778141622650487,0.00023736081464102,0.00031747512200224,0.1,0.6,0.8,31,2.36740239835622,4.453237053775986
20,20,0.05916040556681844,0.2100657976983126,0.15804097763170377,0.05051184194510759,0.052706261097230075,0.08730714299698719,0.00024132733921498,0.00031964182375455,0.1,0.6,0.8,33,2.395993732864157,4.22743668189602
20,21,0.05806838256831145,0.2013313819424028,0.14066172127027005,0.05278119645687689,0.033211802838193714,0.08727403072622475,0.00027425334087614,0.00033842974416992,0.1,0.6,0.8,34,2.781116787599472,4.092082382426053
20,22,0.057705640416544704,0.2091394458377623,0.1646600302357649,0.0593476130456667,0.01711920895960583,0.08753487243509314,0.00025267239070744004,0.00032905266417632,0.1,0.6,0.8,35,2.552747345556748,4.274359288060272
20,23,0.056877597079043024,0.20603081168569395,0.16120034924072552,0.079686212715143,0.018138557759417567,0.08729764864464304,0.00026530842076665,0.00034661409297828997,0.1,0.6,0.8,37,2.6692121067801846,3.904888106964461
20,24,0.05485477487652445,0.1981833297518161,0.1524624451122292,0.06678324476451389,0.031911679604258544,0.08772959473154915,0.00026646937943051,0.00033439197059114,0.1,0.6,0.8,39,2.563363777056261,3.734423512267848
20,25,0.05386886377285638,0.18978873705604668,0.13546621175960677,0.07269742810364543,0.03104911736391622,0.08743028396156956,0.00028281042062047,0.00034345091129098996,0.1,0.6,0.8,40,2.5703515339166927,3.67508850586552
20,26,0.053724582916304456,0.19839300296673257,0.16035139742403653,0.07626499789300681,0.012470660410675658,0.08768392400468034,0.00026113528786858,0.00032906114764787,0.1,0.6,0.8,41,2.3752667369557883,3.816218414885237
20,27,0.05312329670601649,0.19650825034139296,0.1582722958740294,0.08278982331841485,0.013978643696941526,0.08665128535075714,0.00022656703880985,0.00027841962657071,0.1,0.6,0.8,43,2.694613730609779,4.248135796792332
20,28,0.052384291134927395,0.19487130164284117,0.163980587895534,0.16089782696342259,0.013962713225588015,0.09751871073271831,0.00018703600641716,0.00032237712324548,0.1,0.6,0.8,54,2.800478725195452,4.314400992233846
20,29,0.05234622509159497,0.19931691953076255,0.17658279638608643,0.1724943520461042,0.011007067385960889,0.0975187107251798,0.00018703600579308,0.00032237712213952,0.1,0.6,0.8,55,2.7905967196382053,4.32425696946714
20,30,0.051447266208553284,0.19563386014813225,0.17248235975680756,0.18727590937191216,0.020772187069655154,0.09750512209295242,0.0001914993070867,0.00033445060031155,0.1,0.6,0.8,57,2.825142209527062,4.308127870745213
20,31,0.05040903344189249,0.1840494246077509,0.15183710268923364,0.20642842455049742,0.0335955798643892,0.10418151979512535,0.00027489099088055,0.00051487867015484,0.1,0.6,0.8,59,2.801490333764836,3.8411973511718647
20,32,0.05004344699431019,0.1828182442074216,0.15047744217835327,0.20601544164622976,0.017452902092954505,0.1029099272412753,0.00026926825484924,0.0005607841243736,0.1,0.6,0.8,60,2.82760900176722,3.87768919382092
20,33,0.05002718710954188,0.1919408041446687,0.17593932604512463,0.1773096977574586,0.011130495479966954,0.10292727978212483,0.00026961609471799,0.00056151712646972,0.1,0.6,0.8,62,2.821908159287372,3.8757061904284287
20,34,0.04987597297399168,0.18670012840886094,0.16245169715894217,0.226210231635822,0.014611250576756517,0.10302720499495358,0.00026774083551355996,0.00055302163731865,0.1,0.6,0.8,63,2.7828750388388936,3.912855254047161
20,35,0.04875319331464428,0.17389127230256157,0.13292638945989452,0.20464576034149942,0.029329588905162435,0.09975031170567232,0.00026077691011288,0.0005295903313639,0.1,0.6,0.8,64,3.1505374447204515,3.832636465963753
20,36,0.048015345759104,0.17531714390197425,0.14216671778562295,0.22416077470643897,0.01973057205983435,0.09977458209976676,0.00026483612201371,0.0005347174270196,0.1,0.6,0.8,66,3.055233536599568,3.8220413541530553
20,37,0.0462296103534,0.1674845259693832,0.13344564292398106,0.2426412242470121,0.033235538369435214,0.10121720266680304,0.00021825466681257003,0.00042580859997074004,0.1,0.6,0.8,68,3.234888506006708,4.267645831855315
20,38,0.04505129054353305,0.16252156313764204,0.12792976683856502,0.2453532610748193,0.03872096485714904,0.10037653724612912,0.00021775750839989,0.00044454927074972004,0.1,0.6,0.8,69,3.30225879624061,3.81146991171698
20,39,0.04284632691442253,0.14748933383564705,0.10352936123446349,0.23410921949347202,0.07152125321815136,0.101744217596663,0.00021602070090457,0.00044317163084826004,0.1,0.6,0.8,70,3.245126487864761,3.836864500015277
20,40,0.04273354004401246,0.15153838017987714,0.11568921369533135,0.2506771633885242,0.013890525365870923,0.1017793877760383,0.00021951289873612,0.00044750778661717004,0.1,0.6,0.8,71,3.161422582750599,3.847591062011588
20,41,0.04197537659720486,0.1432676753017232,0.09882428324566887,0.2534545355937197,0.021420160658644334,0.10220678530601637,0.00023230376473424002,0.00044245339704039003,0.1,0.6,0.8,73,3.542480702704073,3.546692650503706
20,42,0.04083565106819694,0.13795572499513717,0.09291284332827614,0.25605838733988273,0.04126599846921462,0.10216681320848989,0.00022956545244184,0.00044107678604372,0.1,0.6,0.8,74,3.374165978744398,3.528186161275056
20,43,0.04062466826060745,0.13676269181195314,0.09157912815947107,0.2639581423409947,0.017935894327608337,0.1026702735069714,0.00023021539102333999,0.00044326850895059,0.1,0.6,0.8,75,3.40941361035337,3.538548058672286
20,44,0.04032208078231852,0.14005639046773952,0.10290323037104228,0.2682514529973821,0.018043516794968475,0.10223791268605409,0.00023627719316901002,0.00044922975021184,0.1,0.6,0.8,76,3.198693454376406,3.549064218757548
20,45,0.03818701258625065,0.1250168096452952,0.07850595429315205,0.2729590312585648,0.07109440340759961,0.10282067249808499,0.00022483690964952,0.00042764074851946003,0.1,0.6,0.8,77,3.429234703380861,3.4684782055761856
20,46,0.03795363403235324,0.12375686639883518,0.07710042750308845,0.2767250455536687,0.018213283062921175,0.10297731994894754,0.00023338527158838,0.00043783838896182994,0.1,0.6,0.8,78,3.365668149044448,3.428394238380106
20,47,0.037793119623313325,0.12291055505453918,0.07615693797957061,0.2764967039920205,0.015756933204076926,0.10318006764882359,0.00023067455017913,0.00043200472740359005,0.1,0.6,0.8,79,3.4689875889225217,3.4765328954699166
20,48,0.037326517896428886,0.12494002919883,0.08606261395425766,0.284021025333602,0.026049533034767106,0.1037288297415097,0.00023622577886747,0.00044094178360293,0.1,0.6,0.8,80,3.43822078569538,3.511507175024461
20,49,0.03688250853642055,0.12297974660184297,0.0838880161839905,0.28752348649582854,0.016265651548244407,0.10308822173072654,0.00023523388089399002,0.00044198591668805,0.1,0.6,0.8,82,3.478160185204515,3.4588368306001414
20,50,0.03701306215710472,0.12271211628619742,0.08356416823305594,0.3009693758147254,0.013903795062911955,0.10384183913630865,0.00025414555910381,0.00062122681678374,0.1,0.6,0.8,83,3.3179206862306514,3.5603634088252614
20,51,0.03643449669061617,0.12521911868600738,0.09403160560490742,0.3002364993996438,0.021714746027582728,0.10320773753199539,0.00024529693371246,0.00045406404985216,0.1,0.6,0.8,84,3.2259164850908992,3.462437473399717
20,52,0.03842126933131362,0.13479464532391028,0.12725636868483653,0.39916938806842556,0.018783899807578507,0.1361196484796856,0.00026700788230697,0.0007023870260861,0.1,0.6,0.8,94,3.300126944462053,3.449559672779099
20,53,0.03647807456540607,0.11860456637440062,0.09401193286043208,0.36925801892270704,0.03159149675397358,0.12868066439643694,0.0002697845234212,0.00070293330404951,0.1,0.6,0.8,96,3.5074405835791667,3.658409326192145
20,54,0.03647807484700118,0.1278034105811475,0.11955890167854356,0.41421916423949107,0.013592443072637928,0.12868066509418444,0.00026978452683057,0.00070293331255828,0.1,0.6,0.8,98,3.5074405502699664,3.658409310176957
20,55,0.03601847510425777,0.12310747989689486,0.11427272547607831,0.41766771048531853,0.04420813491072489,0.13394578481129168,0.00027046715554893,0.00070385175136977,0.1,0.6,0.8,99,3.422513693460248,3.57648831226188
20,56,0.03308999335554857,0.13006461839639172,0.1452088507466049,0.44274919049205386,0.014856648283307149,0.11558555635732382,0.0002132092418823,0.00050050610963781,0.1,0.6,0.8,109,3.400394692088042,3.4449139125879893
20,57,0.03219238697995935,0.11967414531478392,0.12596712995182957,0.45460973668747195,0.02091702105228747,0.11709760979761812,0.00022799931745173,0.00055121245969533,0.1,0.6,0.8,113,3.047672114037293,3.5757848960511467
20,58,0.034396115352614685,0.10538890512605295,0.09433002169284324,0.45228836260933214,0.041662750231210625,0.10170808218366319,0.00021375437057471,0.007230583082590431,0.1,0.6,0.8,115,3.79571382064202,6.019200788157162
20,59,0.03127855005693131,0.09183028974453633,0.08689216748640297,0.4704335355917235,0.12076442592902667,0.10182315552178234,0.00021550174869516998,0.007230784431548671,0.1,0.6,0.8,116,3.580243990066181,5.9602754954346935
20,60,0.03176863346371295,0.08756171731949781,0.07442787457767797,0.46070127690298784,0.017167826624568422,0.107195867685779,0.0002113827024893,0.007214860817263689,0.1,0.6,0.8,118,3.595117113348042,5.777411951200503
20,61,0.03121376456117123,0.09157824947885479,0.08661462938079535,0.47472886001906384,0.016265279706170536,0.10157751775709127,0.00021403789210636001,0.00722870393701929,0.1,0.6,0.8,119,3.536131547690799,5.96558857704829
20,62,0.030814996637437073,0.08921538109166896,0.08398513143141943,0.478455592612491,0.022885816945496486,0.10152205269966681,0.00021631111863821,0.00722975137333107,0.1,0.6,0.8,121,3.731205264515988,5.898837993753429
20,63,0.02998650665361587,0.08335588711183917,0.07744488486572534,0.46230099855705714,0.03357392008934143,0.09703672352917973,0.00027401072371813,0.007952968753215101,0.1,0.6,0.8,123,4.136976184577786,4.682382878866509
20,64,0.029218479818913356,0.08160157254350922,0.07555750571506135,0.4994804256069682,0.019026155147375833,0.09687846182616726,0.00025296944225383,0.00726735882955728,0.1,0.6,0.8,125,4.206235173053854,5.752953847311353
20,65,0.027927159105679146,0.07787086999733261,0.07904863543577026,0.49724771700318954,0.04061490100521431,0.09786057599027602,0.00025993881256435004,0.0072608326437876404,0.1,0.6,0.8,127,3.913894400909135,5.89704860034253
20,66,0.04824898281459784,0.0752855348289819,0.05828346855057573,0.5034793169656264,0.13147675744355258,0.09594975741291968,0.00111059005697434,0.03539008070851825,0.1,0.6,0.8,128,3.848494335943081,5.703716013109839
20,67,0.04692705673126331,0.06634568058302386,0.04833400978410229,0.5289919631899871,0.06393912490938997,0.0959423966766046,0.0011068224283613801,0.0353869182368694,0.1,0.6,0.8,130,4.072798951009178,5.69002763301834
20,68,0.046658403582316196,0.06930794186981865,0.05928899224613214,0.5390683991030905,0.04777751852493956,0.09559062251952756,0.0011083906330600199,0.03538902476544686,0.1,0.6,0.8,131,3.955939711778987,5.841057573382333
20,69,0.046245489224930256,0.06836897154195867,0.058280348947213706,0.5518572140400538,0.03998843626340126,0.09203348118703872,0.00113973849133707,0.03540704359739872,0.1,0.6,0.8,133,4.057186374207447,5.62402448371903
20,70,0.0435658172271957,0.05653406048528736,0.0603761960056253,0.571761432583654,0.07965461234220257,0.09609628844030564,0.0011028580436898401,0.03537493415107984,0.1,0.6,0.8,136,4.102944456776129,5.87324468129352
20,71,0.04327928810961468,0.04910671082085738,0.044442137025050135,0.5676503349708526,0.04292059292475454,0.09431506687387849,0.00122761315719761,0.03564906800086292,0.1,0.6,0.8,140,3.876223009927146,6.094228239160543
20,72,0.04312658292290527,0.053277636045070936,0.056751106852124374,0.5843747066271092,0.04041660930821686,0.09623460765350382,0.00109965248227873,0.03536859195435122,0.1,0.6,0.8,141,3.8223679826798618,5.562346136692366
20,73,0.042638672801716085,0.04399518556309233,0.03874633300609706,0.5949084299468121,0.05271787333370255,0.09486419924538604,0.00122932046583857,0.03565290100256914,0.1,0.6,0.8,143,3.7445610485499774,5.777699508217701
20,74,0.042238434037749004,0.045757194264709415,0.0483644245245471,0.6049140126829021,0.054929370186487664,0.09458293542402556,0.00123125777829101,0.03565662279173255,0.1,0.6,0.8,144,3.867143629882394,5.91389479100512
20,75,0.04176699041975839,0.058241587881762785,0.08526129223106316,0.6485315685298012,0.03918012783297818,0.09464277577112888,0.001089315666737,0.035327892250366984,0.1,0.6,0.8,151,4.018448239955797,5.909844841089621
20,76,0.042136116836408735,0.0492612708269307,0.059913185707087695,0.6517288294186124,0.03978107833037512,0.0964969269481698,0.00126307603245428,0.035456263391758405,0.1,0.6,0.8,152,4.19867714359458,5.669010591398851
20,77,0.04184115881865405,0.04120121542493979,0.043267003527776945,0.655553990147309,0.04945677565908688,0.09781080063265049,0.00129252828671592,0.03550269805456118,0.1,0.6,0.8,154,3.875037855931793,5.772082394421224
20,78,0.04145899266676993,0.04236200831410721,0.05220454682230123,0.666018872973591,0.05928699817508011,0.09878273482765096,0.00127712358501685,0.03548906003448228,0.1,0.6,0.8,155,3.927113283047485,5.708242488056591
20,79,0.04033291653782753,0.040599315176035246,0.057936718263853895,0.6797749054913832,0.05022363931826687,0.0969310956503438,0.0011088941698470399,0.03540664700205412,0.1,0.6,0.8,158,4.049666471480411,5.819502345967802
20,80,0.03994198405689728,0.04299357944516962,0.06827019200102197,0.681059051546626,0.05053132793370889,0.0961259558484194,0.00109420611797369,0.03536030838405539,0.1,0.6,0.8,159,3.9782408268371983,5.927339992319389
20,81,0.03953642549215528,0.04421194765448181,0.07727784525578012,0.7142106430518785,0.04838900446152927,0.09622464441526232,0.0010964412592031699,0.035376657417545,0.1,0.6,0.8,161,3.997092004143876,5.951229418589773
20,82,0.03939625817460275,0.04111970690999337,0.07380435974399446,0.708927553281134,0.05830234689510763,0.0974419655006904,0.00112920280140122,0.03555186537972599,0.1,0.6,0.8,162,4.098689307018836,6.002879208197166
20,83,0.03883900001898654,0.03858549728129289,0.07101516340480316,0.7449820728831663,0.04075096424768811,0.09592048715374228,0.00109829394614541,0.03541809024778927,0.1,0.6,0.8,168,4.058723405006695,5.90416037180089
21,0,0.7579370913886085,0.9157624820848866,0.9052249143432949,0.1254027877087383,0.009013079089316138,0.08876494220304769,9.516092013447999e-05,9.936039616335e-05,0.1,0.6,0.8,1,19.00815239584083,29.46462435963484
21,1,0.5328284374185424,0.802750838514704,0.779360217265755,0.1013986586355464,0.3373511550705854,0.09607306431772836,9.280829072317001e-05,9.997759507999e-05,0.1,0.6,0.8,3,13.530988360637918,21.854475246009628
21,2,0.3924144180017493,0.7108868256513973,0.6846712597262071,0.08170029228907362,0.29102823657293275,0.10085376936146899,0.0003560296584142,0.00039270332251792995,0.1,0.6,0.8,5,8.842409680429867,13.766610036475091
21,3,0.32657369657123175,0.6538128040031732,0.6212216785273192,0.07145355773782731,0.17278018850750543,0.09573590995402198,0.00025995835278062,0.00028659757465159,0.1,0.6,0.8,7,9.296537568351953,14.966180266703171
21,4,1.2084188104882019,1.5312394085940877,1.4902533691221183,0.9589510353099434,0.9055892136178094,0.9177968473451023,0.0036003582535489797,1.0,0.1,0.6,0.8,8,11.068745958294556,12.710549057835404
21,5,0.2691745954395,0.5949192223809592,0.5557838605081653,0.0582987908749369,0.3311497743900089,0.08658175969488109,0.00021480056180006997,0.000238185445328,0.1,0.6,0.8,9,7.542635558918366,14.084357101100816
21,6,0.23793229594489276,0.5538769602051683,0.5027467022001643,0.05215305364171058,0.10335722622073774,0.06125745492245068,0.00014500839182708,0.00016730276741656,0.1,0.6,0.8,11,6.954420810060324,13.380889710899057
21,7,0.23793364706701203,0.5538638754198065,0.502727176684106,0.05692839169767909,0.006698348581466557,0.06198817331857236,0.00012887728640171,0.00014364201546359002,0.1,0.6,0.8,12,7.15485101882206,13.872589195039
21,8,0.20380790788712158,0.5084444513910725,0.4521013286405292,0.04734515912686554,0.27236733366894134,0.06833073495476608,0.00013616334048808,0.00016307304486381,0.1,0.6,0.8,13,6.572478071692983,12.139459848954491
21,9,0.19343334335610787,0.4932048767821791,0.43509437822318614,0.048724284826986715,0.052502791826826246,0.07165157442480852,0.00018374380055533,0.00021275324294548,0.1,0.6,0.8,15,4.954982699892685,12.27411735028474
21,10,0.16868569386856747,0.45314797920381245,0.3903243147140656,0.04404407485723509,0.12919618957839352,0.08713371843942234,0.00021015808254178,0.00032223738493281003,0.1,0.6,0.8,17,5.258695211983265,5.039035685055912
21,11,0.16691580303969594,0.4505846403639602,0.38754305967320135,0.04843281785206283,0.019483747869026194,0.081262596767581,0.0001931836095482,0.00027526617685683997,0.1,0.6,0.8,18,5.179897749738847,4.97368987234958
21,12,0.1486564255719552,0.41820202447060945,0.3514748453890556,0.0423765687521827,0.19766195521400604,0.08353018104991104,0.00019020252665456,0.0002851193736903,0.1,0.6,0.8,19,5.130240570986689,5.656949939532808
21,13,0.1445740888296685,0.41070722366858986,0.34316377003388393,0.04576235992044261,0.04975260171474236,0.08121305186778054,0.00017605727490849,0.00024597706447306,0.1,0.6,0.8,20,5.060844958148054,5.831279339074687
21,14,0.13927654186377184,0.4001928896832011,0.331405344493436,0.04316505379910204,0.07347234709798373,0.08462101814582382,0.00026170877979195,0.00037466682744815,0.1,0.6,0.8,21,3.9890726001318457,5.230182676540328
21,15,0.13278045037704755,0.3871649608189572,0.31691293727624203,0.045417111439334905,0.08308065272394327,0.08461029287942612,0.0002243068973473,0.00031894179056706,0.1,0.6,0.8,22,4.012212652980608,5.171257921844285
21,16,0.12060980232843294,0.360039368343582,0.28662645092885125,0.03526960289595534,0.16928400959807188,0.09271656083373711,0.00021577753156216,0.00037016103946326,0.1,0.6,0.8,23,4.291773426868649,5.741113301534822
21,17,0.11379631731228579,0.3550654896349823,0.2965122333876038,0.04270043956214555,0.046547130156792606,0.08358894882722327,0.00019358853111653998,0.00027544186128114,0.1,0.6,0.8,25,4.114287856285401,5.794430646879479
21,18,0.1103250977530562,0.346433342831178,0.28685982265563603,0.049785344780449096,0.06116517656920247,0.08758962838025042,0.00017806257494772,0.0002835106848293,0.1,0.6,0.8,26,4.0137400823327285,6.820439937846528
21,19,0.09149001503160518,0.29350992029192896,0.22026619257835345,0.036537340064891795,0.2899077854226686,0.09072738884545196,0.00021953636331806,0.00025191663168867,0.1,0.6,0.8,27,3.2475902608056515,5.406904427309523
21,20,0.0840283413324656,0.26676424952892663,0.18278331790514454,0.0337918479842133,0.14021487523151646,0.09477783699932027,0.00030365448653944,0.00035228947700549,0.1,0.6,0.8,28,2.54015641986112,4.624618182542388
21,21,0.06525207160027117,0.21209338762572733,0.12961865629684144,0.02007526274914216,0.3495472138449021,0.0929956970094804,0.0002415986173752,0.00029127604195603,0.1,0.6,0.8,29,2.9242694858327467,4.416811628469443
21,22,0.06434452979708016,0.2092431021516303,0.12646060896159653,0.025759174187860636,0.025283658426727616,0.092047983643465,0.00022571991698858,0.00026367923438542,0.1,0.6,0.8,30,2.90589775065021,4.53345681982878
21,23,0.059101895056175996,0.18960162782501586,0.10457009074644248,0.016117951077853455,0.12441395189156688,0.09324839536024136,0.0002656620980347,0.00040999552846313,0.1,0.6,0.8,31,2.540171483390244,4.07799983131596
21,24,0.057261284496662526,0.1832664303580015,0.09754244582197849,0.021221010052122118,0.04494427949917871,0.09137989312780403,0.00025065506220101,0.00039514531241466994,0.1,0.6,0.8,32,2.445124093346058,4.124009939072702
21,25,0.055185201711140254,0.17550609775311446,0.0889130420397678,0.022089785384575737,0.05387475224910994,0.09107065860237697,0.00022423852698474,0.00036753625452313,0.1,0.6,0.8,33,2.5399758188158583,4.205375536835531
21,26,0.0538035546653117,0.17044905319055528,0.08329812486751606,0.03401060733612348,0.02361355557657452,0.08929902870962277,0.00024345811356687002,0.00042456119792283,0.1,0.6,0.8,35,2.610736910015369,4.328489001348031
21,27,0.05187942619200346,0.16315934286488268,0.07519769388133332,0.03509276270815426,0.050725645495217964,0.08831830884327023,0.00022855525813622,0.00041310009506638,0.1,0.6,0.8,36,2.5354476807568496,4.403010925151559
21,28,0.05082587671114991,0.16346898649538266,0.08319668560226978,0.05504333737403341,0.021576014684273812,0.08831830884327023,0.00022855525813622,0.00041310009506638,0.1,0.6,0.8,38,2.432257932501795,4.523633956346528
21,29,0.8547928690511718,0.990037490493595,0.9580636075811791,0.9907730880742286,0.8165250278377997,0.14698437111821747,0.00028911522392088,1.0,0.1,0.6,0.8,61,2.5385360074839016,3.623193060641453
21,30,0.07711033130702624,0.20590362835781698,0.1654805105199526,0.22503798449935858,0.04128313507756861,0.095808307469407,0.0002460637196334,0.03505710779032416,0.1,0.6,0.8,65,3.2315194434361976,3.802440362804677
21,31,0.10361194456932654,0.23033009865049145,0.18959914216336995,0.25142536933147003,0.08061509732098343,0.11728339040062656,0.00030487624975274,0.06626658773118389,0.1,0.6,0.8,66,3.128622843743189,3.6996949898093767
21,32,0.05314854076621401,0.17503641513372487,0.1260971490195008,0.20840760188416968,0.016277151411377443,0.10503527413331304,0.00030366408945517,0.00480901020258776,0.1,0.6,0.8,67,3.072124997673825,3.646032569483087
21,33,0.05205345431213581,0.17383033196190517,0.12487464612347333,0.20730502691794103,0.014307581587678373,0.09671437038597795,0.00030366878819569,0.0045231997140099695,0.1,0.6,0.8,68,3.157778357089973,3.6917192522213935
21,34,0.07079821439439549,0.20167618987414543,0.16905413453611662,0.24292909059807746,0.03298668597085896,0.10042128649035001,0.00030791868711992,0.027525605756380928,0.1,0.6,0.8,69,3.0619772982716382,3.67277077761062
21,35,0.6740596774284234,0.7896017019268187,0.739726157310756,0.8280789674945657,0.6527670814737027,0.1728969124825448,0.00041081218341284,0.7748095076489532,0.1,0.6,0.8,72,3.1678427175442216,5.158241788676955
21,36,0.06850748935226571,0.1791321429165122,0.12853577283652043,0.22992548929599302,0.07003466069594516,0.10179004478323994,0.00047945313349492,0.02853274257575954,0.1,0.6,0.8,73,3.4380136642801946,5.124442772860959
21,37,0.15362004538277527,0.28634524533871913,0.2764881881906176,0.3444913049363608,0.1196221472031089,0.1039087442538393,0.0005067576217665101,0.1349664589097979,0.1,0.6,0.8,80,2.9806014441861226,4.328843905608549
21,38,0.8532510184331896,0.9633581672527083,0.9201899969280174,1.0890074259398914,0.8257883356470861,0.18569322500548308,0.0015841087538479002,1.0,0.1,0.6,0.8,85,3.091623401801301,4.111492074084236
21,39,0.04345066026062966,0.1543520763444744,0.1188058874147914,0.3209083035312086,0.01336139742193701,0.09758980022532204,0.0009719001682708201,0.00057248757640782,0.1,0.6,0.8,96,3.3603914686909016,4.265436176115035
21,40,0.04262142501132681,0.14478515508119985,0.10046739434332853,0.3181871145861006,0.02633451059362112,0.0986527952791852,0.00104388643463118,0.0007862233754950401,0.1,0.6,0.8,98,3.3799316492916938,3.943457134517127
21,41,0.8571315332684912,1.0119859848760002,1.06539681050656,1.395838068362779,0.8267430442163413,0.24088096628073288,0.0037131023340810803,1.0,0.1,0.6,0.8,141,2.636305479095654,4.679446061934522
21,42,0.8514128236097257,1.0131385479822472,1.0825632468174564,1.4430403240581646,0.8231199506343013,0.1934083204375492,0.0031438676962673704,1.0,0.1,0.6,0.8,150,2.677859233786208,4.6503219408765695
21,43,0.8966050850443965,1.059533353155497,1.136645746140172,1.5124750587116096,0.873522834604873,0.6523972051968207,0.0034777168564826,1.0,0.1,0.6,0.8,154,2.677187350192785,4.573984310713792
21,44,0.8923927113010411,1.0585761032288576,1.1436706744050038,1.5191556461713338,0.8732639347917206,0.6139965824691258,0.00344872572787302,1.0,0.1,0.6,0.8,155,2.624274837366876,4.429543331836862
21,45,0.892724966370732,1.0587209693134199,1.143788785877686,1.5240180109860524,0.865213078599809,0.6180895665686374,0.0034024288490693,1.0,0.1,0.6,0.8,156,2.697558397999454,4.493518406662197
21,46,0.8981503543109732,1.0583801740203058,1.1351074635774148,1.5338833837747172,0.8780701862971325,0.6737384202377661,0.0036797763087203796,1.0,0.1,0.6,0.8,157,2.714933737574786,4.604588537445069
21,47,0.9302640762677521,1.0893130920267982,1.1658722348537114,1.5931703246693143,0.9034321095551668,1.0,0.00333876554265901,1.0,0.1,0.6,0.8,163,2.7411577709806205,4.43838689917414
21,48,0.8679562498334433,1.0633950638801322,1.2052890086259767,1.7621981966478408,0.839913881692743,0.3831565659082026,0.00247532380755325,1.0,0.1,0.6,0.8,189,2.848161435644564,4.696640372694561
22,0,1.0088553965122218,1.0088553965122218,1.0088553965122218,0.15138652824258741,0.00885539651222166,0.08715676318305536,9.406331604806001e-05,0.00010410275535910999,0.1,0.6,0.8,1,13.135755127030176,30.857157751522813
22,1,0.8911772431896039,0.9670659923607184,0.962567391802006,0.1400321367541599,0.2361824702742696,0.06857252751367929,7.508946508632728e-06,1.741743435047e-05,0.1,0.6,0.8,2,12.040818016900207,29.5843128399992
22,2,0.6013040537995497,0.8421245344502227,0.8230170153081526,0.11349004438484922,0.7558924094644448,0.11074602040701682,9.145051516974e-05,0.00010578376477037,0.1,0.6,0.8,3,8.473889678160754,21.854475246009628
22,3,0.4058862263022831,0.7219788197293951,0.6967443828844307,0.08653212851973731,0.3775118053765854,0.12306181975253341,0.0004695959754609,0.00054319683287804,0.1,0.6,0.8,5,7.8431831687606435,16.34740496630426
22,4,0.38008819660646853,0.7009234214465112,0.6735433969407579,0.08284595017168485,0.12035558764565038,0.10448907975678186,0.00033845857186994,0.00037861921178709,0.1,0.6,0.8,6,8.004330938637068,14.542008195360449
22,5,0.33500184349838685,0.6616319156380864,0.6297738563091928,0.07207293764515861,0.23956202617779288,0.10772390998721582,0.00034287844370678997,0.00039112729098738,0.1,0.6,0.8,7,6.051532002587634,14.596565502268806
22,6,0.3117321124022294,0.639320895872235,0.6052936238081726,0.06746025039892634,0.1187185151932483,0.07803638591211219,0.00024156884508656,0.00028437573601253,0.1,0.6,0.8,8,7.680325357879513,13.259174152275037
22,7,0.2749221037817039,0.6012507157616102,0.5629980430675311,0.05898096884421841,0.2228878875604291,0.07068177429331392,0.00027878804935666,0.00032814404974689,0.1,0.6,0.8,9,5.628903815835451,12.570822934110842
22,8,0.257161500389803,0.5813564697512238,0.5409368443558688,0.05709040293547272,0.11728214241454958,0.06503761120479802,0.00018076741334641,0.00020955818180360997,0.1,0.6,0.8,10,5.609205707695364,11.54137727341566
22,9,0.23208902324145866,0.550590357371577,0.5065277637656964,0.05235513968872591,0.193916186204104,0.07876599959434552,0.00024165546215429998,0.00028756347315955,0.1,0.6,0.8,11,5.825347668496504,12.242858701097616
22,10,0.21480132557276144,0.5283136054124138,0.48188731224929815,0.04959918600811334,0.1274435466768223,0.06653435434810698,0.00015445263474946,0.00018286635720207,0.1,0.6,0.8,12,5.758759900219122,11.441994343475244
22,11,0.20493288536251775,0.5142444107710956,0.46611768324646524,0.049318936017623,0.09444959508844437,0.07575129707236693,0.00017485352865833,0.00023776981521454,0.1,0.6,0.8,13,4.077868749223788,10.64687438109678
22,12,0.1943173802009577,0.4994320172243629,0.44974970561998473,0.049122068780448,0.08654092699450235,0.06601385788145855,0.00014438866597318,0.0001697405698026,0.1,0.6,0.8,14,3.7463425814719313,11.222512418642626
22,13,0.18536865071992525,0.4851191171975525,0.4336590081917264,0.05539208323709475,0.0984687476376136,0.07893044439696127,0.00021503101147215,0.00027662428714352,0.1,0.6,0.8,15,3.810888084261844,9.210446536437075
22,14,0.183666643097009,0.4824560654458099,0.43069129603685946,0.059779557435515635,0.02379437189991272,0.07946887892076891,0.00020107918924307,0.00026146673586915,0.1,0.6,0.8,16,4.069888838349693,8.944782973386621
22,15,0.17908486726833395,0.47486521554830813,0.4221718023752526,0.05917520711721202,0.056241745547204874,0.08478094254710675,0.00026125369598596,0.00033632631855772,0.1,0.6,0.8,17,2.96940726592573,9.019950291530076
22,16,0.17535365697109245,0.46882708625588904,0.41544682327632215,0.06284588519297751,0.043947239971729876,0.08538516714921576,0.00024730187375688,0.00032116876728334,0.1,0.6,0.8,18,3.2801303523739787,8.884792026802835
22,17,0.14854607074471934,0.41927552769440124,0.3599269159669169,0.04388316845140831,0.3164361267235128,0.11617008146002283,0.00032982651612357,0.0004920580376202201,0.1,0.6,0.8,19,3.5789121313299805,7.436884757010219
22,18,0.1373440048362939,0.3979439535765899,0.33625788660555833,0.04609160477939083,0.07113484289083162,0.11045381402303248,0.00029053264944432,0.00042739882391003,0.1,0.6,0.8,21,2.8513283446037883,6.984396446657211
22,19,0.13238701291538585,0.38866547861947637,0.3260242766831456,0.048692496055234805,0.05942239856463619,0.10316449632759717,0.00025541719089371,0.00033202677231493,0.1,0.6,0.8,22,2.5653446427568465,7.266091219671635
22,20,0.10270866026616475,0.3191169462108637,0.2484939170835865,0.024022785761591666,0.41868362190390235,0.11147291660428119,0.00034604324565586,0.00058213771996941,0.1,0.6,0.8,23,2.917390727431633,3.863186479782157
22,21,0.09977213507256802,0.31604969053489845,0.2527286253908979,0.03097399518286703,0.03410352498951003,0.11144682053215475,0.00037720989089042,0.00062709975606438,0.1,0.6,0.8,25,2.9629170812218315,3.5185945588881795
22,22,0.09472995855157101,0.30399827420382336,0.23940673448241032,0.03626956748630555,0.07581793222508447,0.10548187145396817,0.00030183171255836,0.00041702644478254996,0.1,0.6,0.8,26,2.8625849398939485,3.917737988158854
22,23,0.0945526628603845,0.3071090097737157,0.25045674392433404,0.03930595943911812,0.023625222480307524,0.1107589147830031,0.0002989411871327,0.00049698046115915,0.1,0.6,0.8,27,2.668574405822052,3.978820783256828
22,24,0.07788723905969044,0.25563053418364556,0.18559843847919302,0.044813318658140484,0.0772031722600752,0.10378759088137639,0.00026573911743476,0.00037809841028728,0.1,0.6,0.8,31,1.9060959446025407,4.088705996566102
22,25,0.07264858049665376,0.2440863343546449,0.18043311771234113,0.05012313377232823,0.05633408595415332,0.10114107321040659,0.00027025066653821,0.00038540023137511,0.1,0.6,0.8,33,1.819147990212325,3.9656225978157424
22,26,0.07195765238712455,0.2426992512476743,0.17893226165220796,0.05621012627846208,0.016045451489235397,0.09772542972789912,0.00024745478837612,0.00035361366818618,0.1,0.6,0.8,34,1.81798683374852,3.985205220898177
22,27,0.06984243965612265,0.23958817966016893,0.18309055406984034,0.05765730154537076,0.056508623843683756,0.10071916420513308,0.00024212973298503,0.00035320381726629,0.1,0.6,0.8,35,1.8300269285305213,3.7857947884664185
22,28,0.06945878955327778,0.2428964256834029,0.19442691058515393,0.07796322937996567,0.01421104684466982,0.10071916420513308,0.00024212973298503,0.00035320381726629,0.1,0.6,0.8,37,1.8309998576153048,3.873458253247482
22,29,0.06876701339059926,0.23149111711273623,0.16643016491851592,0.091611529336694,0.012932002454803134,0.1005350546267332,0.00021616882010805,0.00032970705933128,0.1,0.6,0.8,42,1.9328509559202816,3.9454113995129214
22,30,0.06652219990849115,0.2300104861226274,0.17251076440841584,0.09300877417133788,0.04102381904860995,0.09406175980409273,0.00021539185302006,0.00031884908325057,0.1,0.6,0.8,43,1.858652898650387,3.8346034483126425
22,31,0.06440198257191125,0.21741039196357267,0.15080419801105296,0.09759684269232811,0.05760168045563768,0.09646451206651478,0.00020283578262104003,0.00034048000893206,0.1,0.6,0.8,44,1.767962328207977,3.4323116813715324
22,32,0.06312226278159287,0.21737675394425227,0.15841709459057715,0.1075526226485196,0.02352878811189514,0.0966922838706483,0.00021108542917564,0.00035044872531616,0.1,0.6,0.8,46,1.793873925487701,3.357750017733011
22,33,0.06136536618755948,0.21200723391236384,0.15248155856869705,0.11343202259798613,0.03866193178103948,0.09342157908783234,0.00020586258811037002,0.00031102501867795,0.1,0.6,0.8,47,1.7426225510699709,3.440851024000424
22,34,0.06087792768633052,0.21348827690855363,0.16172824832402805,0.12046209138574049,0.020537250298268903,0.09716561915893653,0.00027926525631086,0.00040722417150437003,0.1,0.6,0.8,49,1.826164447750218,3.737301361443818
22,35,0.060209474382420865,0.2111501180248588,0.1591311309403973,0.1272283235253589,0.02337097219052399,0.09680826571507728,0.00027107243200782,0.00040122731923713,0.1,0.6,0.8,50,1.7694984973192418,3.795143512174081
22,36,0.05887859673655159,0.2251253189860068,0.20532456691961634,0.13609539977751103,0.02215531064510256,0.09463879338676584,0.00026246144850421003,0.00043828339877468003,0.1,0.6,0.8,52,1.719561643948125,3.6397298141932968
22,37,0.05570691835576482,0.2145066765873186,0.1935633726697763,0.15606400936327297,0.028878147260347157,0.08933251555942004,0.00026905035690174,0.00046207530578233,0.1,0.6,0.8,55,1.7960114111484389,3.98931590554846
22,38,0.053933791111349445,0.20155187589248016,0.17143382638525897,0.206509716811346,0.013613544059739935,0.09662177145420056,0.00018187074262059,0.00024054993460409998,0.1,0.6,0.8,69,2.176959798900614,4.427951900822746
22,39,0.05315151033593637,0.19937988146590277,0.16905079494878467,0.2136595001757716,0.01511848449750909,0.09335652289930768,0.00019790707329346,0.00025620709944914,0.1,0.6,0.8,71,1.9907792484776363,5.409737922072066
22,40,0.05365593763030048,0.2035513090417868,0.18125494886271673,0.2221068036873546,0.017804091703399805,0.10138296611003653,0.00020088300404223002,0.00027990509450439,0.1,0.6,0.8,72,2.2088873405886456,4.467322954900829
22,41,0.05202392506631166,0.20290953076181426,0.18824663381945703,0.22470279912042795,0.037211551861533444,0.09683787367521378,0.00020412060818225,0.00027306167031309,0.1,0.6,0.8,73,2.2009809729613705,4.978415704901877
22,42,0.052130070677680766,0.202982939209206,0.18831523648704931,0.22885084058933952,0.010390896814782802,0.09811432292811591,0.00019719634412628,0.00026476270686124,0.1,0.6,0.8,74,2.172657387452572,4.760147396328813
22,43,0.05117058558233113,0.19509976869231704,0.17190980312216078,0.23587195133517003,0.02769360201560063,0.09599023023182071,0.00021195874524232,0.00026703426938389,0.1,0.6,0.8,75,2.047364463563794,4.808191675524186
22,44,0.04824696726653878,0.17939381821366976,0.14681150050524586,0.24465599383702125,0.07172579615365338,0.09258281808498672,0.00021084995727234002,0.00028591104155104003,0.1,0.6,0.8,76,2.066104821408387,4.339212810087899
22,45,0.047377665488916434,0.17935861228516614,0.154393987112652,0.2563122222842297,0.024073123821087544,0.09554610846814188,0.00020646143509396998,0.00027955925478507,0.1,0.6,0.8,78,1.908576035561152,3.634083913989989
22,46,0.04627005725246352,0.17213975706996967,0.13877843018549257,0.25044690016062476,0.014931117559710334,0.08899207379580529,0.00019545251495299,0.00029656695786577997,0.1,0.6,0.8,80,1.9986715743515973,4.775625363880403
22,47,0.04549268408717771,0.1660758898835742,0.13193871144002206,0.2533677469021296,0.049602877244382275,0.09643281718120897,0.00022789606644814001,0.0003436538999308,0.1,0.6,0.8,81,2.1110133341945625,3.749360481064293
22,48,0.04443713026085784,0.1632377259304968,0.12883996890366411,0.2562338666695832,0.022817381080411904,0.09130674638266084,0.00021690003967746998,0.00032759876960675,0.1,0.6,0.8,82,2.011727893984028,4.501397418247318
22,49,0.04316145992661267,0.1562531416319824,0.12102455565956019,0.25858064984439344,0.05222622811978318,0.09483822177430637,0.00022385395683427998,0.0003406583507127,0.1,0.6,0.8,83,2.167884482274641,4.106931120205546
22,50,0.04185438162419752,0.15096394005192829,0.11515877611567657,0.2781855743219707,0.024400193183394363,0.0935160185687794,0.00019879887460763,0.00029111338180102,0.1,0.6,0.8,85,2.1119315146428503,4.440170744095337
22,51,0.041587622710366395,0.15440227016750585,0.12664197747415043,0.2951421360977102,0.012978714499242388,0.09338816244138329,0.00019551669309783001,0.00028696901012565,0.1,0.6,0.8,87,2.0960540337927607,4.448185614212908
22,52,0.041341045386336144,0.1526816458232541,0.12470881658306272,0.2906245981773286,0.020682152868699562,0.09480680809138582,0.00020812166305013,0.00030112014870661,0.1,0.6,0.8,88,2.145785015898418,4.343256224520168
22,53,0.041001013222197305,0.15186206193853732,0.12381939706166588,0.29855967002729067,0.013324842713067869,0.09292344897492796,0.00019540365182441,0.00029333911959163997,0.1,0.6,0.8,89,2.050534131324194,4.5884364144234455
22,54,0.03983957555186665,0.15255026699644683,0.1322868536681826,0.3104103123012481,0.019226974452656958,0.08875159462169817,0.00019536017619428003,0.00029366201605205,0.1,0.6,0.8,91,2.030109481891172,4.797644828812784
22,55,0.039868901089680414,0.15293384153916914,0.14023591617582673,0.32373641507275586,0.025922616285246027,0.1001856352799811,0.00018327140031494,0.00033610583931176,0.1,0.6,0.8,93,2.494920758786352,5.756236302558232
22,56,0.036382479938074114,0.1328554895936863,0.1178033094280186,0.3186471579366252,0.07114118753240052,0.10750832355001116,0.00019377993405574,0.0003561216718477,0.1,0.6,0.8,95,3.0388296638162835,6.425233072483671
22,57,0.03419235351506222,0.12353453659348311,0.09995233498442219,0.324298300948696,0.02772468174929198,0.09055905249289896,0.00023488153525749,0.00047991706098519,0.1,0.6,0.8,96,2.378537564426631,6.5667474469047225
22,58,0.03465548495762246,0.12434593881230914,0.10834176889766219,0.3328062994102531,0.02625873571398988,0.1065833098624013,0.00019978421233412,0.00036157642293826,0.1,0.6,0.8,98,2.4667755800514826,6.664462748795559
22,59,0.03437134221706684,0.12346942496402122,0.10738180553382484,0.3545346039547091,0.012380888857388413,0.10543857882957881,0.00018637717608118,0.00034136190198691,0.1,0.6,0.8,101,2.910524081979416,6.563958596551992
22,60,0.032936962542750366,0.10596288543755165,0.07256864156198195,0.35041249070337527,0.05995072881631185,0.10705485544727704,0.00018573464817284,0.00035795776011732,0.1,0.6,0.8,102,2.734025654814761,6.486358673322407
22,61,0.033061864146164535,0.11807804001308782,0.1089551514365684,0.3837761073632849,0.01799361163631927,0.11240746612241473,0.00018768182367787,0.00035848973333354003,0.1,0.6,0.8,104,2.722397730428216,6.902835524382331
22,62,0.029317932145722102,0.08872772415765291,0.045910684143250544,0.33436649473266383,0.06037050185917839,0.09050868438053485,0.00023144260803043,0.00041056809807372003,0.1,0.6,0.8,105,2.3465381042677973,7.807240052337461
22,63,0.02930278065049193,0.09323330594520643,0.058579412860201636,0.3484334943701097,0.009797152906921838,0.0905009239045766,0.0002331011993107,0.00041313693057030005,0.1,0.6,0.8,107,2.3609556311066555,7.916743398707054
22,64,0.029191701174107347,0.09717963145542038,0.07062503127116324,0.36232349679899467,0.01143598080018977,0.0905283424706576,0.00023611649474834,0.00041848108969754996,0.1,0.6,0.8,109,2.37339141780768,7.937881176969231
22,65,0.029156946497208694,0.09156855350644004,0.056705141110737475,0.36470708103205735,0.016579501324943485,0.09265352479737118,0.00022684967655422,0.00038557530180563,0.1,0.6,0.8,110,2.362896356339815,7.702599125240257
22,66,0.02892800166213863,0.09503752448104179,0.06822400708825097,0.3870395535383729,0.011262321227254755,0.09232480069334335,0.00022711782067089,0.00038769886552399,0.1,0.6,0.8,114,2.352822878981324,7.6977845470930815
22,67,0.02758198228889032,0.08415943094041525,0.048493580817527526,0.38507836243520926,0.043969504627620816,0.0897707068714614,0.00020968162279361,0.0003736873579914,0.1,0.6,0.8,115,2.244333392248302,8.269881397632613
22,68,0.026876605837779975,0.07851888751326999,0.042177041031325635,0.38182760382948505,0.04421215681154195,0.09303734995255328,0.00022695540700368999,0.00037963006376964,0.1,0.6,0.8,116,2.419670859543679,7.763186056868502
22,69,0.026083784850855572,0.07859301123973646,0.04991568962774372,0.4454843019927928,0.012325362637235717,0.09280407920273316,0.00022727727557726997,0.00038873527433224,0.1,0.6,0.8,126,2.379231779986249,7.380487805961469
22,70,0.02716383202086219,0.082457093324806,0.06925533147014935,0.46471737647342315,0.05660622799844318,0.10951346220896441,0.00024094271521186,0.00127359910526898,0.1,0.6,0.8,127,2.66571077103497,7.57833020351817
22,71,0.025873010948491912,0.07284070407923095,0.05096000127615888,0.46539754720617826,0.02442443446295856,0.10936781827718838,0.00021251433978051,0.00062705598629288,0.1,0.6,0.8,129,2.700639060402723,6.830413735893013
22,72,0.029297939864694932,0.08333558290761629,0.07751495148738274,0.5130781947359003,0.019081900713515534,0.10183182536760169,0.00029505030735385996,0.00631250094768958,0.1,0.6,0.8,133,2.630251613598351,7.86758313713829
22,73,0.02845784238934288,0.08121848128825244,0.07522534821910021,0.5104000235683334,0.019219725987242982,0.10433492995519014,0.00028067598732282,0.00527244460963596,0.1,0.6,0.8,135,2.708472452046281,7.8126141394477235
22,74,0.02492876042960694,0.09304202071746602,0.11933445550418686,0.5524172497732959,0.022345501216019352,0.1123134714566157,0.00021668860221306,0.00064867268276894,0.1,0.6,0.8,137,2.6447045571378114,6.903590292749595
22,75,0.023685120484084696,0.08569365691767132,0.10360935294633401,0.5303710415593264,0.021249246046350916,0.10279835387377809,0.00021673970833434,0.00064403487154257,0.1,0.6,0.8,138,2.4586043274032057,6.89606973354203
22,76,0.023488751901518928,0.08302022894494401,0.10060280151430415,0.54917799668382,0.01969072781614808,0.10554672697303677,0.00021678209187182,0.00064393599497782,0.1,0.6,0.8,140,2.489237750565324,6.8396524881015806
22,77,0.023358427092630397,0.08737097494700334,0.1131116739804535,0.5535392586235494,0.011497271911455168,0.10449612434211035,0.00021730006399250002,0.0006399656358402901,0.1,0.6,0.8,142,2.5541683042345413,6.836971718037658
22,78,0.024345581072082116,0.09684433307890654,0.13883737321385237,0.5953266601468801,0.017099738612054473,0.11623539250868131,0.000203728380698,0.00058510242875655,0.1,0.6,0.8,143,2.655471580873278,7.295963006268769
22,79,0.022771049854274274,0.08275678146622491,0.10795713079338014,0.5613846437052508,0.033922409328975486,0.10627803288865476,0.00021491696377837,0.00062894914490528,0.1,0.6,0.8,144,2.5786576223213,6.736653962702435
22,80,0.022742748426491963,0.0770463361521448,0.09392742690663348,0.5882539157023224,0.015146678382661868,0.107589506589825,0.00022614174529014,0.00067345320473128,0.1,0.6,0.8,146,2.8737842760244217,7.604241055237881
22,81,0.02207640216166418,0.07299429580030302,0.08942243833560337,0.5961041313814447,0.022936123154419747,0.10711029505506449,0.00022565301853314998,0.0006790619204574,0.1,0.6,0.8,148,2.851864424515197,7.637729464963995
22,82,0.02158915674369411,0.07390013992934656,0.09807447161774092,0.6058753533376743,0.022372413637504238,0.1080197368312881,0.00022781640786206998,0.00068026547436705,0.1,0.6,0.8,150,2.835682909524866,7.586251953609892
22,83,0.021502001943940967,0.08000123638920091,0.12012259149097163,0.6311346006675489,0.02215788279046994,0.11239581731624708,0.00022349807141911997,0.00070140033987878,0.1,0.6,0.8,152,2.89993741080003,7.730265536858887
22,84,0.02151055283509979,0.08448119594726418,0.13275950249616164,0.64626551603801,0.012400766740700342,0.11271295079173249,0.00022265684269325998,0.00070154437177238,0.1,0.6,0.8,154,2.881096222542772,7.723419618276703
22,85,0.021296826564683385,0.08296020411295146,0.1310646093932421,0.6584354635212206,0.01493954304515729,0.11300413007062633,0.00022357758430690001,0.00068717243230612,0.1,0.6,0.8,157,2.9322447523338155,7.828173422894652
22,86,0.021079525787449944,0.08212341009988376,0.13014540876233852,0.6967606877326746,0.012402718270940333,0.11128833887663847,0.00022685984393639,0.00076468274858437,0.1,0.6,0.8,165,2.741291908480603,6.388697232093149
22,87,0.020448522681352995,0.0786745709555828,0.1263223221213671,0.7050049792760259,0.02127434332879028,0.11001335465496147,0.00022775560395315,0.00075229212215559,0.1,0.6,0.8,167,2.836623688878294,6.417320163307831
22,88,0.019896108504433987,0.07509511703631258,0.12234148543116243,0.7195526057943937,0.021942048046918506,0.1099071079063425,0.00022846339812849,0.0007305350383226,0.1,0.6,0.8,169,2.8856431185839955,6.5336206289706205
23,0,0.7833138730945267,0.9276196389015489,0.9182289465556467,0.12998277319998083,0.01072091496737348,0.10561094170090886,9.289287557707e-05,0.00013010633992044,0.1,0.6,0.8,1,17.22176175447424,29.46462435963484
23,1,0.5205180569716683,0.8020620032080786,0.7857354081781871,0.10321917372789445,0.40010410007649294,0.13340701330516394,0.0006977100152875799,0.0006475586368343701,0.1,0.6,0.8,3,10.869575795077242,14.00824980326703
23,2,0.5200687519685079,0.8018149619792891,0.7854509661417942,0.10643690276200822,0.016260416858236457,0.1338397498863077,0.0007284181683843199,0.0006760594886543599,0.1,0.6,0.8,4,10.834856662450196,13.82375249156052
23,3,0.4027306418421654,0.7193902290878639,0.69410075705835,0.0843334867006711,0.46536700839374806,0.10325601405796128,0.00038811494870679,0.00045347604475037004,0.1,0.6,0.8,5,7.863936726879836,16.838739860911666
23,4,1.2241943620900222,1.5380889394420116,1.5037212253660535,0.9170725784356447,0.8869349491703086,0.3725269397034937,0.0082810206146083,1.0,0.1,0.6,0.8,6,9.637536126398569,11.68619144704774
23,5,0.32715130375279755,0.6544270141709999,0.6220306628683073,0.07083800286339749,0.32613182286695974,0.08398533405565378,0.00028998442666927,0.00034642172850923,0.1,0.6,0.8,7,8.111075256238479,15.387919859457904
23,6,0.3055361809961856,0.6338697883663017,0.599182118888961,0.06895194356148407,0.12759782752548393,0.08253185017699263,0.00020762054601971,0.00023910372195444,0.1,0.6,0.8,8,8.50386943819053,15.521510921051464
23,7,0.24247250481770966,0.5644063883052169,0.5221387277358357,0.05042808077245682,0.39089639684086486,0.05837106910186325,0.00024089023690862998,0.00025248675065109,0.1,0.6,0.8,9,9.891014640997804,13.472331276950552
23,8,0.2376654558549587,0.5586712420418766,0.5157169678250066,0.05343004399509585,0.0429504017031692,0.062471588664238895,0.00017914808211819,0.00021240748998413,0.1,0.6,0.8,10,8.944443403896997,13.376994094132218
23,9,0.21935843009925066,0.5350336748795823,0.48937198678159255,0.04804381979380517,0.14466027014805172,0.06497370737717097,0.00024767828997258,0.00025028888715298,0.1,0.6,0.8,11,9.46848095269425,10.362956965419938
23,10,0.21610291864232006,0.5307147389790989,0.48459024092010683,0.054159528253492066,0.030004959165454332,0.06268825163482458,0.0002500987056451,0.00025474689101112,0.1,0.6,0.8,12,9.45186389851381,10.835005081405042
23,11,0.19482304579398615,0.5005024600395809,0.4508760341167398,0.04625409013673623,0.18653128920006645,0.07079066019480477,0.00022516412778850002,0.00023303567991099999,0.1,0.6,0.8,13,6.967066180646564,11.517193896970715
23,12,0.17913427160494508,0.477464142017799,0.4253780109085697,0.049698219628974895,0.06946112936823479,0.05836490230620524,0.00021768366082388003,0.00020200735121153,0.1,0.6,0.8,15,9.29469708481732,6.818664309892174
23,13,0.1715941822482334,0.46829148789020564,0.4226850183613334,0.06232190243234245,0.04795650350305576,0.07055204731177402,0.00020632662277657,0.00021466149816092,0.1,0.6,0.8,17,5.389946977459303,10.25799344572521
23,14,0.2947060585588175,0.584849485253525,0.5304999589925287,0.18281396159980454,0.16292869136205435,0.09035207702012968,0.00013499365981654,0.1555347878327395,0.1,0.6,0.8,18,5.171082335356301,9.758222499956702
23,15,0.15691331134613878,0.44002060889288463,0.38371768460693917,0.05095866401786396,0.10706220843651833,0.05632449520878761,0.00027282688408007997,0.00025609355375441,0.1,0.6,0.8,19,8.777218268218572,6.78589676903376
23,16,0.16445092169903014,0.44980062062738935,0.40110668976839187,0.06536894154850312,0.043116203269247436,0.058762827342145066,0.00827370868077302,0.00667658042856935,0.1,0.6,0.8,20,5.906379644333796,9.185113836014786
23,17,0.14196203393476764,0.411144579363525,0.35140765376034333,0.04690994297999865,0.15476125510792232,0.07101010803769961,0.00028757654262841003,0.00030020414970616,0.1,0.6,0.8,21,6.472824684027861,5.929487134283431
23,18,0.14858010311157588,0.42097832158631815,0.36911193161952877,0.062424082421361896,0.02990290548399146,0.06863404143144251,0.00685157441461734,0.00557493520690392,0.1,0.6,0.8,22,4.2690619296097605,7.637590376509568
23,19,0.11843398024872624,0.3624423775321073,0.29718142661244956,0.04227821287478825,0.2750697733027235,0.07294661261774227,0.00025522316415753,0.00030909061075772,0.1,0.6,0.8,23,4.744551097965146,6.812262595656223
23,20,0.11351698581708607,0.35593479948969753,0.29759529361407955,0.051451045713238455,0.03949335403548712,0.07227906615095336,0.0002844304217745,0.00034324657954627996,0.1,0.6,0.8,25,4.880873086335151,6.202269920100991
23,21,0.11107704731963637,0.3508177457320907,0.29192658337475186,0.04934110280815029,0.03679484385314018,0.07116568575150793,0.00022582047986491002,0.00023239702987369002,0.1,0.6,0.8,26,4.6707947530953975,6.334971403808372
23,22,0.1080384436825636,0.34820148884939056,0.2966774830143768,0.05994783026476576,0.04755084611416115,0.07005900071904994,0.00024904576090413,0.00026084018975362,0.1,0.6,0.8,27,4.774768401556536,6.172299969192494
23,23,0.10484894258074019,0.34019525676156587,0.2877581408764138,0.0637972056162598,0.052655612878020626,0.07116568575150796,0.00022582047986491002,0.00023239702987369002,0.1,0.6,0.8,28,4.973896276380181,6.938372289780205
23,24,0.10649159079100895,0.3321200785953285,0.2705357966333293,0.06384882982928415,0.06217078670424582,0.06346444500342137,0.0049937536272860695,0.00403916408941035,0.1,0.6,0.8,29,2.890085868955054,7.02389369672245
23,25,0.10558749400425367,0.33290868920645517,0.2862740560918642,0.07399925708684628,0.08784020781550127,0.07664469341483424,0.007121820679967609,0.00575155004170642,0.1,0.6,0.8,30,4.220612026637393,6.452886291759649
23,26,0.09863683802557152,0.316866071435142,0.2612362461371983,0.06778146970542259,0.054196182377767715,0.06170912477016257,0.00496974516134465,0.0040126281274253505,0.1,0.6,0.8,31,3.075342247722985,6.774126529061622
23,27,0.077624021045807,0.2535656632053713,0.19807103213327754,0.058067456116715564,0.4254412789632182,0.06718982486623962,0.0071269178445451204,0.00575788994792108,0.1,0.6,0.8,32,3.36416993282146,5.801943876594576
23,28,0.07387869370249975,0.23645870732399557,0.1713680576029714,0.05812685638248222,0.08890729457299101,0.06547585392379607,0.00792493675747581,0.0054681204932848,0.1,0.6,0.8,33,3.933234021151533,5.451039239406812
23,29,0.06350851435979495,0.22079628218636882,0.1623140086596479,0.06076522309763984,0.0487669406676518,0.07403366493944154,0.0003887685622449,0.0020423666072814503,0.1,0.6,0.8,35,3.431242885798047,4.897787854573975
23,30,0.060622981326786354,0.21499325015936993,0.15605201211999092,0.07615206431422937,0.015326189235465776,0.06989637811385795,0.00031421796023986,0.00043766185385772996,0.1,0.6,0.8,38,3.387824010581137,4.816820079707621
23,31,0.06295718040781408,0.20559257828698652,0.14482647681999,0.08892739005736217,0.06080921089582157,0.06212669813238889,0.005279177392679369,0.0061212418821994605,0.1,0.6,0.8,40,3.6250551953691232,5.292067718951865
23,32,0.061419117227602175,0.2045390163945145,0.1513149941591952,0.11258498017850144,0.030301336372622046,0.06145742789911139,0.00532418705301974,0.00609553776730184,0.1,0.6,0.8,42,3.2733452731346406,5.248798289906318
23,33,0.06319526116762901,0.20411854619901873,0.15055849722524797,0.09307745635262678,0.033901641762848746,0.06780014413107989,0.00777030229015636,0.0066595460017940394,0.1,0.6,0.8,43,2.8722218183919983,4.206006510327685
23,34,0.06367841698613355,0.20874114279025113,0.16328490183467836,0.10066571683804357,0.01920552016508702,0.06661528222421853,0.00867503735636054,0.0069350308254174,0.1,0.6,0.8,45,3.2486024428466966,4.589324971308006
23,35,0.05458261937737958,0.20020447747304218,0.18475415794113784,0.12769361516494318,0.15148144040745998,0.0663942511468796,0.00641998752484915,0.00474753390302801,0.1,0.6,0.8,46,3.2519322248636544,4.259793634616003
23,36,0.05533945597092047,0.18215662859179158,0.13394954261428713,0.12116382398868426,0.016185825086321638,0.0652460514903204,0.006741088009445249,0.00575557902268966,0.1,0.6,0.8,49,3.235444350999632,4.290115416005203
23,37,0.05439544065537861,0.1769255174918084,0.12808138503623515,0.12385190305053283,0.048050133526198115,0.06531041162708205,0.00702284376784644,0.0060443176451108905,0.1,0.6,0.8,50,3.295332336578531,4.3765650697101
23,38,0.05334644202857179,0.17795916299218312,0.1369162540464396,0.14923270860049573,0.021672562647064953,0.06673243781123256,0.00672918241985582,0.00575423829401657,0.1,0.6,0.8,53,2.944846782535945,4.129036847569146
23,39,0.0510345344367494,0.1891403403368304,0.17257487260560606,0.13892092621141855,0.014194248898636812,0.06665958163367747,0.0063359068676390505,0.00328089164102044,0.1,0.6,0.8,55,2.99647271708922,4.218017627015879
23,40,0.05110903994424237,0.17504280509225756,0.13390003846305443,0.15125696178876508,0.01609411460030252,0.06843621616849806,0.00634279308018164,0.00329010216025727,0.1,0.6,0.8,56,3.000176535609074,4.259615736393501
23,41,0.05219564522927271,0.17580596393836004,0.14211219978686604,0.18345042085348345,0.028194753723619185,0.06852221242591974,0.0065496968719814,0.006348866692906539,0.1,0.6,0.8,59,2.969158788119832,4.488413844358864
23,42,0.05130912384594106,0.17806573705524206,0.15233319974692822,0.2067270485674744,0.020809859991559484,0.0678671806924391,0.00668153135370311,0.0057623144050571095,0.1,0.6,0.8,61,2.857519040376714,4.318739302673387
23,43,0.04942376382569536,0.16540158842878913,0.12308911651191028,0.17655246249636364,0.0258650291021211,0.07195468097177898,0.006098362241251929,0.0039202628005995995,0.1,0.6,0.8,62,3.135923494983051,3.7152946738234967
23,44,0.049423765319013956,0.17919996185812753,0.161409737959312,0.17265989342999763,0.01399083088062758,0.07195467939890418,0.00609836250176979,0.0039202652567447895,0.1,0.6,0.8,63,3.135923545945768,3.715294656716099
23,45,0.04877129277069565,0.1796461793984316,0.16951929048505196,0.17553577646135912,0.0403328392700134,0.07563650603184965,0.00609021851403355,0.00392487228951534,0.1,0.6,0.8,64,3.443297953914068,4.153187830980654
23,46,0.049506580063608745,0.17523378088731514,0.15685228921827454,0.1724604790501479,0.01735251052551403,0.07164194502003282,0.00634856753287385,0.00535363720881195,0.1,0.6,0.8,66,3.1806357332165804,3.773304925477722
23,47,0.052385508936834926,0.1721801177200365,0.14543030151769865,0.2892006568127421,0.01897545120909917,0.0613922491355489,0.00665848522165347,0.01048477119930216,0.1,0.6,0.8,88,3.863503152780511,6.311164514707487
23,48,0.05730013426435289,0.17284833255268411,0.14548313714795846,0.322460898274502,0.05583593695482302,0.10001107190616418,0.0073668808968201105,0.01276686515895226,0.1,0.6,0.8,89,4.071299574958927,6.680831775685816
23,49,0.0538613354400395,0.15903122283837728,0.12265722137142951,0.3010090071280479,0.06550808983092934,0.1002726285303415,0.00687664270625285,0.01081435036559257,0.1,0.6,0.8,90,4.03610042069445,6.317666530917293
23,50,0.053216080002015026,0.16123788365718528,0.13278757859000542,0.33542541828430195,0.035244600547820984,0.0982575266664735,0.006671480661499659,0.010999291263043071,0.1,0.6,0.8,91,3.9787947979604,6.319102373467921
23,51,0.053123147735968886,0.15939449777742093,0.13069121666269543,0.31344914926412276,0.036255924275275304,0.10253956914145901,0.0068773375622151,0.01080374856603224,0.1,0.6,0.8,92,3.72512796791718,6.214586689644424
23,52,0.05246464499478304,0.1613838008920879,0.14057680593588265,0.3437121980931066,0.036694236519006135,0.10063114189923421,0.00668228753624116,0.010998559043070311,0.1,0.6,0.8,93,3.680550092729829,6.4283888071436985
23,53,0.051938453825838775,0.15829586645560617,0.1371227327141362,0.3252955576921263,0.04168826642384242,0.10253956914145901,0.0068773375622151,0.01080374856603224,0.1,0.6,0.8,94,3.8613195009537833,6.605924795025843
23,54,0.04669701456019353,0.14239124807264245,0.11970391769947863,0.3480868059384382,0.02909405438774322,0.10664775785085204,0.00367339678746897,0.00956199094340019,0.1,0.6,0.8,103,3.4098650600115152,6.193817649107512
23,55,0.04003629367007441,0.12467195622805491,0.10796193388444754,0.3577735563011279,0.12961947481320324,0.10038786128249208,0.0028516952945732603,0.007362710665867379,0.1,0.6,0.8,104,3.866944176075773,6.944731001348235
23,56,0.04003629367007441,0.12467195622805491,0.10796193388444754,0.3745785014997294,0.017640011941815102,0.10038786128249208,0.0028516952945732603,0.007362710665867379,0.1,0.6,0.8,108,3.866944176075774,6.944731001348235
23,57,0.040616288232867684,0.12789544422995364,0.11908714880833268,0.4545791679847825,0.019599254502749436,0.10508070606901591,0.00389280571720391,0.00728761626588062,0.1,0.6,0.8,123,3.758137534678359,7.096224540927958
23,58,0.04044047960694224,0.13593500325679223,0.1433381131609565,0.4992522050442803,0.019720736894135168,0.10098964057325802,0.0035933425829852497,0.00808726659541443,0.1,0.6,0.8,130,3.653907325596364,6.35671030038889
23,59,0.04163165018775315,0.12235981130267048,0.10510521562548127,0.5017857871936916,0.02157259734567131,0.10342137688567124,0.00492954215441536,0.00855886400608147,0.1,0.6,0.8,135,3.497840842048567,5.842881861224539
23,60,0.04055572536428303,0.12079104390764898,0.11100571422509352,0.5113500066628984,0.05591869890009952,0.10351756664488301,0.00493423580479481,0.00862887219749692,0.1,0.6,0.8,136,3.634883397395516,6.111382053031395
23,61,0.04085090744176276,0.12511788721734088,0.12342817674221385,0.5753253744436017,0.020923229053719142,0.10153135206519848,0.00475690856901659,0.009537793475642339,0.1,0.6,0.8,150,4.079231987492642,6.238562672894782
23,62,0.04010899508845241,0.12794640868321153,0.1342885212014448,0.5862595611696395,0.027374244351632812,0.10234369280099265,0.00457342382527858,0.00893306446136297,0.1,0.6,0.8,151,3.973103988853981,6.491789876429976
23,63,0.03853039812312429,0.1246363487563933,0.13073948637429628,0.6403303161448612,0.020037269925893938,0.10285082971399959,0.0038215099601397497,0.007939706569752531,0.1,0.6,0.8,162,3.7546111816083343,5.953251092026399
23,64,0.039755222876416765,0.13034870210614205,0.14461050951614007,0.6673225249173044,0.02033671558440206,0.10264488841412285,0.00399109205146825,0.00940018870613297,0.1,0.6,0.8,167,3.789726915795343,6.034243406804116
24,0,0.8529830105553631,0.9544873671178618,0.948266412256298,0.13664299527975718,0.00953838322199741,0.09396468137118605,9.199786247818e-05,0.00010839545923987,0.1,0.6,0.8,1,11.874301005031226,29.46462435963484
24,1,0.5565120120969514,0.8235972316297936,0.8095838615039616,0.10997595202174101,0.422229983051455,0.14391290826568284,0.00059964746273975,0.0007384935826908799,0.1,0.6,0.8,3,7.882721849194119,15.596066159332915
24,2,0.5433778397946322,0.8152466762262877,0.8004682386179557,0.10972493504872217,0.05276638231571863,0.13153299859692744,0.00035351036929042,0.00049635772877093,0.1,0.6,0.8,4,8.067373394824378,14.104580996678315
24,3,0.42179075700084306,0.7342628255224933,0.7103581592356588,0.08685985549274422,0.4787328835660433,0.12992318486703539,0.00034595758328808,0.00042361068202148,0.1,0.6,0.8,5,6.001397739301588,14.71018862275533
24,4,0.4076928833004089,0.7230729201102422,0.6981954943818325,0.08908123940727879,0.06147168501576601,0.10561193504731241,0.00027209554864439996,0.00029173565330126996,0.1,0.6,0.8,6,5.885579053993379,15.23776510175114
24,5,0.347203681735054,0.6728217601835746,0.64237129273105,0.07432632301156131,0.2944535037623737,0.09486078668572212,0.00036551322228804,0.00039856081660267,0.1,0.6,0.8,7,5.504899801243582,14.482204117338636
24,6,0.3290712003619435,0.65626242212278,0.6240340383614825,0.07566346042690797,0.10029340786205156,0.08899468009782865,0.00020926340558123,0.00021698184933899002,0.1,0.6,0.8,8,4.937556305925666,13.5888011972302
24,7,0.2829382676727669,0.6097002310249257,0.5720749841764591,0.06343104344376034,0.28375385701182615,0.10081888809493378,0.00020270236372941,0.00024000160807464,0.1,0.6,0.8,9,5.771814019386902,11.11076611957936
24,8,0.2631708448385359,0.5880865362903921,0.5481591591112253,0.06070870457436945,0.12754766487246613,0.08893867588437537,0.00017875633719249,0.00019005746240130002,0.1,0.6,0.8,10,5.338516313118137,11.554289787393904
24,9,0.2278966810327632,0.544748767552514,0.49985477276574786,0.05180299647806122,0.26188968983336874,0.09488228496734696,0.0001799196338486,0.00021436179124451,0.1,0.6,0.8,11,6.618622621005724,10.521931956578747
24,10,0.20746820908974978,0.5177618500762633,0.46997756028567617,0.05068280328073301,0.156497185488796,0.08121955636274962,0.0001607596510152,0.00017440286136591,0.1,0.6,0.8,12,6.338014329015894,11.203563400515272
24,11,0.1923380135839609,0.4947460340244518,0.4441551588615706,0.0455123929532828,0.15242631044066973,0.0993119845082738,0.00015839352817197,0.00018957547832085998,0.1,0.6,0.8,13,5.49122591363388,11.133792419934291
24,12,0.1915694288413885,0.4936235660254906,0.4429149081398541,0.049829889970043284,0.01610222988121179,0.09872362172338264,0.00014520021191066,0.00017303782066312,0.1,0.6,0.8,14,5.56001901819191,10.921312475273751
24,13,0.17679394844967597,0.4719541035786306,0.41905688682532705,0.049307994118410955,0.11990232958109323,0.07507536603803806,0.00019574546442505,0.00021454150647776,0.1,0.6,0.8,15,6.251273432727338,10.544178703582384
24,14,0.17405552958460133,0.46585585110619,0.4119895576940341,0.04835560534293236,0.059128392694665764,0.09977132445265192,0.00019119914314975,0.00022723555028305998,0.1,0.6,0.8,16,5.026773631456135,11.13765098966996
24,15,0.15602752830497868,0.4347501027149842,0.3773642858699943,0.04066735117228568,0.18972011307668027,0.09977916774254848,0.00018119090569777,0.00028389342929079,0.1,0.6,0.8,17,5.0479589096715,8.254963823000272
24,16,0.15543831297537503,0.4338719088914023,0.3764128989747993,0.045436771901696066,0.01381100105026266,0.09799098439375228,0.00014741529795189002,0.00024385501300572997,0.1,0.6,0.8,18,4.851577946526968,7.475125080402178
24,17,0.12884288378206354,0.3843211148138368,0.3215047581481995,0.03373448932091601,0.28106330626390075,0.07594759056951031,0.00020909692070985,0.00027562813731878,0.1,0.6,0.8,19,5.548202124954503,7.520057959789218
24,18,0.12550134983823022,0.3772318038912719,0.3136072268805612,0.04043784920493467,0.04926026231089299,0.07718384662596228,0.00018421137053854,0.00021862528641919,0.1,0.6,0.8,20,5.27099184209424,7.738624484977451
24,19,0.10096125941138362,0.3166860701901716,0.24593595231044196,0.022562917630856907,0.3736691123477114,0.09966979432575096,0.00034452332878004,0.00042704949918144004,0.1,0.6,0.8,21,3.140712324158496,3.588390861515859
24,20,0.09597708251063003,0.30370159239582756,0.231472320396491,0.027402532048257933,0.0872023390669817,0.10214035408068908,0.00025652436583415,0.00031466896404182997,0.1,0.6,0.8,22,3.699962636472119,5.367813317432116
24,21,0.09268060228214492,0.29600575644178656,0.22299901443911074,0.025142134681749605,0.048260161055720466,0.09323025925426057,0.00030195244760873,0.00037468504951664,0.1,0.6,0.8,23,2.3547693530818665,4.695272442640634
24,22,0.0852511613105949,0.2751327931541049,0.19976433583328934,0.02520643895357673,0.13021382058024308,0.09371173041224132,0.00028876028690285,0.00035814430156801,0.1,0.6,0.8,24,2.336804903593032,4.2944514201211295
24,23,0.07610598252108199,0.2505400068270729,0.1725492489988743,0.014510815336359829,0.14214501104868452,0.08048749740626922,0.00023290549452963002,0.00031976641748536,0.1,0.6,0.8,25,2.5517372551689066,4.2467193612207845
24,24,0.07174088996349223,0.2378997464941479,0.1585382724314391,0.016789241009789534,0.07793171908363672,0.07626222227015247,0.00019662666915181998,0.00023678499382314002,0.1,0.6,0.8,26,2.5298943736088733,4.43856053081408
24,25,0.0707422541967383,0.23925839442988556,0.1677054450219078,0.02530251276870336,0.017147188203756682,0.07621923601599141,0.00019541457126002,0.00023542474185321,0.1,0.6,0.8,28,2.50872448679838,4.537080027434271
24,26,0.07079240384167497,0.2393096920691961,0.1677551242169543,0.03178539997391083,0.00829542018843335,0.07667859171872218,0.00020903953146339,0.00025068233219488,0.1,0.6,0.8,29,2.511473227863365,4.346387315907043
24,27,0.06800355641284664,0.23470791455816528,0.1702865306309653,0.04860597209720673,0.06098030942371482,0.07651033294096418,0.00022589151312567003,0.00027214168663171,0.1,0.6,0.8,30,2.485292734710599,4.194565519179175
24,28,0.0640740681178327,0.22114611109193302,0.1551827842155181,0.03197247380162951,0.08663180243078576,0.07758417926308435,0.00021628862546995,0.00024905034566773,0.1,0.6,0.8,31,2.0795607721275866,4.045832298639677
24,29,0.06399854762641792,0.220978542649321,0.15500005116502494,0.03521207039875679,0.008895812661567522,0.077537105637281,0.00019780888755649,0.00022706912927517,0.1,0.6,0.8,32,2.1333369714766834,4.32140252228707
24,30,0.061929386245900955,0.21317540284936579,0.146291790291199,0.036473774438986334,0.05427682943038685,0.07914093894688726,0.00022605107238155,0.00026366860129233,0.1,0.6,0.8,33,2.173567179613219,3.946955768959744
24,31,0.059755087128664335,0.2061895398628123,0.1385519543955043,0.04696845087836021,0.04638461640230459,0.07643009739765201,0.00019734301849143,0.00023147057459162998,0.1,0.6,0.8,34,2.178706610439907,4.249377320455212
24,32,0.059507269799619185,0.20551796493199662,0.13781392025301598,0.05029773951404649,0.011288818709108578,0.07583686727519542,0.0001816963423493,0.00021261002999446997,0.1,0.6,0.8,35,2.185538075331476,4.4968193066321565
24,33,0.058761399463867534,0.20277864865460102,0.13476421958045667,0.05311079501765038,0.023697293955937306,0.0759314814898402,0.00018077194542982,0.0002116068169781,0.1,0.6,0.8,36,2.23111310362778,4.390474116140798
24,34,0.058717068066699483,0.20722409291419394,0.14736728247284137,0.05959934557306186,0.008626128017699767,0.07583686727519542,0.0001816963423493,0.00021261002999446997,0.1,0.6,0.8,37,2.1862660258717583,4.589501753658452
24,35,0.06913337463524158,0.23065611924034687,0.19519987993732657,0.12046292942318018,0.019606002464049654,0.08706993678200152,0.0006609912732922099,0.01183637774071767,0.1,0.6,0.8,43,3.285509714375616,4.901387352520216
24,36,0.06718182436465003,0.2323974011506175,0.20497371396372574,0.16838179135141804,0.017698121314576334,0.08459439538569688,0.00058037810116451,0.01019844765057488,0.1,0.6,0.8,53,3.104441576839115,4.60614462583099
24,37,0.06754814980790658,0.24311602219332737,0.2396823354236471,0.20762709522398212,0.045622369643833545,0.0872632109421521,0.000671915625578,0.01183426026229743,0.1,0.6,0.8,54,3.196026134760442,4.566297309812186
24,38,0.06578207638307,0.2316242724758237,0.2192283873917848,0.206328764127453,0.0387745863255008,0.08805324862179818,0.00067125871022151,0.01183822013970735,0.1,0.6,0.8,56,3.3891527668175185,4.533856963085132
24,39,0.06401255490602206,0.21897967710514657,0.1974529606187696,0.18851498164307695,0.04348399283075667,0.09217156738857755,0.00070400527072881,0.01182626621183486,0.1,0.6,0.8,58,2.301022933724904,3.967943972239619
24,40,0.06237303866141028,0.2134891619639583,0.19886085172227613,0.1865463669792488,0.05280248243209591,0.0868192828976157,0.0007688834975217,0.013943859654587951,0.1,0.6,0.8,60,2.5228752829404004,3.7480317360761872
24,41,0.06229268769859081,0.21199529137962775,0.19715491113100575,0.19853585215198813,0.02609890582415185,0.08968107054515621,0.00070891672670016,0.01411031311565179,0.1,0.6,0.8,62,2.8322781402769808,4.108832812024947
24,42,0.05865349904390612,0.19856311788856212,0.17477314085310894,0.20246719563218804,0.05821829874779782,0.0851946261603137,0.00066285599296899,0.01224322029245133,0.1,0.6,0.8,63,2.314790921075057,3.951880928697809
24,43,0.056771180620972826,0.19003838807813594,0.16526365368306123,0.20841023938028805,0.04400276406455577,0.08716069925779582,0.00065753463145879,0.01223956360882378,0.1,0.6,0.8,65,2.285144298927214,3.834185435468095
24,44,0.05753194342259636,0.1997013188810998,0.19122959593612998,0.21737196095614855,0.021025647708554536,0.08693865966794108,0.0007251795926706,0.013295863697412369,0.1,0.6,0.8,67,2.324301722418056,3.6182910405774393
24,45,0.05455395067519778,0.18517754135219733,0.16751160860553888,0.2058862798050008,0.04477709354531399,0.08612055872434601,0.00076298919212787,0.012249131444832511,0.1,0.6,0.8,69,2.3706687097265564,3.971678428412869
24,46,0.05191385921063496,0.1778893784039164,0.15954464428067683,0.21916510906398035,0.03488135839883639,0.085834346067541,0.00066998061947641,0.01075316090086555,0.1,0.6,0.8,71,2.357792380528532,3.9741071571109385
24,47,0.05174719607310401,0.1771058216448511,0.15867129719261655,0.2228968629725479,0.02215309174059471,0.08594189956373446,0.00066978067644861,0.01075297172961197,0.1,0.6,0.8,72,2.341704788424441,4.059210420325539
24,48,0.050987903368929825,0.16921191046158146,0.14223464495891494,0.22620264792471687,0.036380257680197266,0.0856109735994041,0.00067053507304922,0.010753900949833731,0.1,0.6,0.8,73,2.385220743452774,4.060512836321537
24,49,0.049366348876500675,0.170637181342699,0.15911798324034293,0.24044574027733046,0.06303095776400255,0.08519142616463037,0.00089104207603333,0.01077046499897193,0.1,0.6,0.8,74,2.436226633240885,4.035710963843849
24,50,0.047800290663384024,0.16564310785637743,0.15363028587510053,0.2469969494901493,0.04219988572552464,0.08458618607381875,0.0008654724842279001,0.01008217452501369,0.1,0.6,0.8,75,2.4147085992435025,4.0102928831398685
24,51,0.04761134767298844,0.16216767512220473,0.14968335562726157,0.25492524931197197,0.02975650639259555,0.08915753000497526,0.00121042082942816,0.01012369148727469,0.1,0.6,0.8,77,2.4212328934484924,3.801304863955126
24,52,0.04599364373619954,0.15763964948072445,0.15225758934716976,0.2651635011162192,0.036309614765222036,0.08974740387380374,0.00057761835202274,0.01097081244659055,0.1,0.6,0.8,80,2.393104286720828,3.8410581518151385
24,53,0.04851319263970251,0.16434750584194727,0.16708113768764704,0.30589161286503114,0.021095371696360457,0.09344623031326685,0.00070224463526088,0.01369686600640275,0.1,0.6,0.8,88,2.230275650676494,3.887293591171054
24,54,0.04808073905193296,0.16215106567191256,0.1646341532589839,0.30954019581239983,0.03351410867264737,0.09366351895551772,0.0007026252099854599,0.01369501133835776,0.1,0.6,0.8,89,2.380154782881258,3.732572118302686
24,55,0.04612148117790936,0.16166219544956162,0.1718759038068668,0.3464236758799348,0.030878744567741465,0.0957316771566892,0.00063335293302629,0.01203227722106118,0.1,0.6,0.8,91,2.061891486099777,3.811284275781968
24,56,0.04513554555566309,0.1572735244038292,0.16700659602246007,0.353779976374859,0.031694139833472024,0.09436482647518815,0.00063500299242524,0.0120329688981291,0.1,0.6,0.8,93,2.068018968743532,3.757707833748432
24,57,0.04473057963958945,0.15537172499317176,0.16489396602582382,0.35756558996574345,0.030167887248234687,0.0937520479636664,0.00062176741669052,0.01207606318579308,0.1,0.6,0.8,94,2.1616200251038804,3.944121844159139
24,58,0.04312784711687163,0.1619540484735704,0.18768153074046862,0.3999194250517307,0.019510238728917054,0.09437913750593405,0.0005477751615455101,0.01036118003327555,0.1,0.6,0.8,99,2.091224390480779,3.822809374503805
24,59,0.04430707630903437,0.15071644245988136,0.1596437172607667,0.3784080784793914,0.03154155290457054,0.09562105092120332,0.0016861229035694402,0.01180534609318607,0.1,0.6,0.8,101,2.5772815647949874,4.229101636886704
24,60,0.04359130941840025,0.15892752875590674,0.1841647478735257,0.4092629700197772,0.01985401548460271,0.09238742311097126,0.00141360490618994,0.01160129866109,0.1,0.6,0.8,105,2.4194087781104283,4.234319416417787
24,61,0.04166773578687106,0.1491002555193373,0.16570066181566112,0.39812722502894254,0.04183009694604993,0.09242448108250312,0.001114912997994,0.010405702833522509,0.1,0.6,0.8,106,2.6000092361751186,4.13142801628272
24,62,0.03814550596718387,0.1336122796519242,0.14854725775775313,0.420222440236596,0.04580305772656342,0.0947591351895623,0.00099359280821426,0.009267003021440701,0.1,0.6,0.8,109,2.568806230553868,4.059478151921511
24,63,0.038232202066241325,0.1382882444715558,0.16139584563587708,0.4565490349812536,0.01759073469565677,0.09569699445435877,0.00098756996285854,0.00926466057875288,0.1,0.6,0.8,112,2.560533509689127,4.103295160970223
24,64,0.03789158930468816,0.14081618013348912,0.17185856318153392,0.4744487053910881,0.02977397618503581,0.0956284108812276,0.00104295341459207,0.00928938918192207,0.1,0.6,0.8,113,2.526497686866759,3.989445398270691
24,65,0.036969436805538596,0.13592114013816087,0.1664150986261307,0.46304125673628593,0.031558141649782386,0.08848998180513643,0.00065656044231396,0.010419583208455919,0.1,0.6,0.8,115,2.355638206923776,3.446257563163824
24,66,0.03581414030523466,0.13287542405959404,0.17065133321267706,0.45214127761319683,0.04057165507938365,0.0905752270573236,0.00066103833466455,0.01046881785736558,0.1,0.6,0.8,117,2.404273510379228,3.67877413371392
24,67,0.039916550688457536,0.1681377556421219,0.2629899012584339,0.5211054932512005,0.02288084571405103,0.09857156065642808,0.00108621538651718,0.01455566418775393,0.1,0.6,0.8,127,2.6979050564578024,4.10578166460024
24,68,0.0348856491528252,0.1282374519041632,0.16550527692499006,0.5098402010345353,0.023890856621409245,0.09599903846249834,0.00103893833583748,0.00932882161560001,0.1,0.6,0.8,130,2.855947327016912,3.60834477842226
24,69,0.03471152235589188,0.1326543427265184,0.1780952110874502,0.5574954029683948,0.017576239691416855,0.09379303542900565,0.00117443529555017,0.00928763732845516,0.1,0.6,0.8,131,2.6712919154454267,3.714527188416095
24,70,0.034698917603157346,0.12715212075680482,0.1642970724074227,0.5185545385391414,0.02388691984731587,0.09601532872055027,0.0010389304494199,0.009328941398504929,0.1,0.6,0.8,132,2.8359998083803184,3.626007476502099
24,71,0.03692863738763417,0.12873864649381148,0.1657957119551661,0.5207001076131593,0.02453109859940568,0.11187141375855802,0.00102072618408967,0.01031576386848067,0.1,0.6,0.8,133,2.5175250974813945,3.966838418928328
24,72,0.03678776925518296,0.1282930434767169,0.16530847872503282,0.5295370153400989,0.022096760756971638,0.11108193972330871,0.0010218026211095599,0.01031703190500482,0.1,0.6,0.8,134,2.5532464549471667,3.9461763497319193
24,73,0.033756747262331965,0.1308757992544417,0.18375055916071467,0.592795963800084,0.030145874012832745,0.0897213958210627,0.00203186738261243,0.00936776482311792,0.1,0.6,0.8,136,2.7473745865562265,3.3746920128643705
24,74,0.03304960415968458,0.13015136287998819,0.1905725164730729,0.5968755260325916,0.033916642421623844,0.09145045838948286,0.0020319292680154198,0.00944062798160732,0.1,0.6,0.8,138,2.7568273553636304,3.2880550680487426
24,75,0.03272795686883427,0.11978772574558248,0.16374620228711229,0.5661161297432884,0.020680731364788082,0.09631376535678726,0.00103702585548915,0.00938854819725589,0.1,0.6,0.8,140,2.7366657792218105,3.5464333495571765
24,76,0.0349716454260875,0.11627741020609382,0.1519053560684249,0.5772961002549506,0.02821900556071879,0.11212332050894609,0.00120611833092278,0.01037879365958097,0.1,0.6,0.8,141,2.6779992842905163,3.593795663075944
24,77,0.03333191582208619,0.10651316452844489,0.1410428591840438,0.5641659903017451,0.04818240777322879,0.11261806485117812,0.00106701492284731,0.010363623363686281,0.1,0.6,0.8,143,2.7318619223449763,3.617072608090005
24,78,0.03325080334896294,0.11076284710776507,0.15343042947875196,0.5789538995076539,0.02108670838820774,0.11231929792348952,0.0010674135159761,0.01036401666636699,0.1,0.6,0.8,145,2.717308777410659,3.630087577441031
24,79,0.032697368019788765,0.10715594822943574,0.14941239838903694,0.6478675772604889,0.022813771129394776,0.11168953800764606,0.00112002800940457,0.01044184118936771,0.1,0.6,0.8,153,2.864027706401693,3.5416365855401115
24,80,0.030260703249127423,0.10343421146279445,0.1530750000215093,0.6751667536777963,0.026914869337477713,0.10827606421251106,0.00108958060886232,0.00922693171142276,0.1,0.6,0.8,158,2.595771313230652,4.110211535860159
24,81,0.03025344648127036,0.10702792242835356,0.1647090481224408,0.6949646378005768,0.021312652768542505,0.10870762713026412,0.00110765998399253,0.00938142054423749,0.1,0.6,0.8,161,2.58893609098806,4.08446018971114
24,82,0.029588502628508245,0.10246389838039595,0.15962365800056322,0.7031022636556555,0.03237771885978976,0.11065326134815316,0.00108827648738157,0.00921476626542821,0.1,0.6,0.8,163,2.582461601272116,4.125286894422698
24,83,0.034670971019901395,0.10949706022341467,0.1744774918700555,0.7593830536432359,0.02665328041629158,0.11063355484777844,0.010360107933923229,0.00921507105318424,0.1,0.6,0.8,172,2.630392307304852,4.107656605931741
24,84,0.03446697756203436,0.10453656127150954,0.16132190412342226,0.766693512391969,0.02554318562887969,0.10885499161584682,0.0103612696433297,0.00921681901271187,0.1,0.6,0.8,173,2.637760448223994,4.097366265388194
24,85,0.033946620679138506,0.10932955062879814,0.18194573031426725,0.7832043090887302,0.03783414646390439,0.11056271425717197,0.010366812540325749,0.00921461800217763,0.1,0.6,0.8,175,2.659791410033032,4.179306505556975
24,86,0.8289068020312379,0.9083778307582596,0.9890999761116738,1.59040261531639,0.8214308535874733,0.19055953856007962,0.00107099002032619,1.0,0.1,0.6,0.8,177,2.741472518189516,4.234064501805214
24,87,0.835468037878619,0.9215434359388615,1.0182691608841088,1.6651555968541754,0.8284722473718782,0.1899713907771832,0.01286357594493861,1.0,0.1,0.6,0.8,187,2.768840910039524,4.339455492928042
24,88,0.8353620185169406,0.9212849198592679,1.0179904589035131,1.6794844905376083,0.8271518104231408,0.18853913791562044,0.0129699326857933,1.0,0.1,0.6,0.8,189,2.815047658330258,4.329013420771197
24,89,0.836148993560233,0.9204322330556305,1.0169200970247678,1.6735842270819505,0.8387940708647045,0.19145668207428143,0.014270556571273598,1.0,0.1,0.6,0.8,190,2.9658588586218286,4.251872522131749
24,90,0.8333077216012152,0.9153718066658314,1.0115657249540866,1.67682925730281,0.8402394724477997,0.1904535174249996,0.01034061244144492,1.0,0.1,0.6,0.8,191,2.8798277313915914,4.180872876172567
24,91,0.8326964164943854,0.9111661350994203,1.0068846848296287,1.6852902576384414,0.8373689091998303,0.1905550030127912,0.01032649473689046,1.0,0.1,0.6,0.8,193,2.8246157580599927,4.239126927063996
25,0,0.9419615097043041,0.986653300341647,0.9841044720119293,0.14542129581114285,0.009208859687038464,0.09080667014205296,8.651043417612e-05,9.535801540937e-05,0.1,0.6,0.8,1,17.491147031353158,29.989688128597244
25,1,0.8360793447150964,0.9462652342886773,0.9394289803075426,0.13412561984389287,0.22532070571161153,0.0674346408947422,7.602109699423106e-06,1.70722336888e-05,0.1,0.6,0.8,2,16.190673546267874,29.5843128399992
25,2,0.5117183349409287,0.8001811425311239,0.7824011075626865,0.1105469808015312,0.9997017869968666,0.2399600858509689,0.00065959890858188,0.0010836090907693102,0.1,0.6,0.8,3,11.601867864528828,15.22675929275664
25,3,0.5028474859241587,0.793241524789829,0.7750673545198449,0.10934381862901632,0.041896679045368805,0.20998071713008631,0.00035325657771688,0.00074580423962248,0.1,0.6,0.8,4,11.728364271351367,14.118754074058243
25,4,0.4001455278777572,0.719040329070477,0.6926099607864095,0.08772116906455149,0.4415186476968013,0.20014512614947438,0.00034663488641371,0.00055657655844668,0.1,0.6,0.8,5,8.184736820051063,14.726808637926435
25,5,0.3963434139555832,0.7154869909640341,0.6889412188984285,0.08838927281526329,0.024019212065436155,0.17754235698076948,0.00017892978260357998,0.0003426421447591,0.1,0.6,0.8,6,8.227303776499507,14.364547581722908
25,6,0.32013893414498323,0.6477560252726915,0.6135362795329491,0.07323068795119854,0.40948416594027287,0.17832870667131434,0.00025946202838273,0.00040677655316555,0.1,0.6,0.8,7,7.787915934993984,13.278033113637486
25,7,0.2682180895385741,0.5928083509159401,0.5527335058713254,0.06213860482578002,0.1644084011007257,0.14782583623491918,0.0002177894140931,0.00033353988898335003,0.1,0.6,0.8,9,7.037112359922021,15.073118922121608
25,8,0.2323267311303928,0.5500766114282911,0.5056285296099394,0.054290605322422934,0.1226102517553429,0.10800819019522805,0.00019268116250237,0.00029057880087727,0.1,0.6,0.8,11,4.930541310973925,12.203213880231626
25,9,0.20121133061260016,0.5132962890136743,0.47254760861115747,0.053579211408154255,0.12466847589617758,0.0899331094984677,0.00021775629238127,0.00030642739362199,0.1,0.6,0.8,13,8.916017981320776,7.007090440575482
25,10,0.1991821459751347,0.5107630663432763,0.4698804270865946,0.051886796897595545,0.013716781069166148,0.07804037100970221,0.00014576720592139998,0.00016237920559187,0.1,0.6,0.8,14,9.353242114839787,7.012168585209482
25,11,0.16452081385367132,0.45567630638049433,0.40846078977330463,0.043322762986578466,0.33251853305682183,0.08575024910621286,0.00023337063431266999,0.00032680147985358,0.1,0.6,0.8,15,6.669999161179997,5.071431871557321
25,12,0.16130564339912726,0.45061825131958433,0.40296276704403666,0.046026517501282865,0.028168336797020722,0.07560016164491133,0.00011107699530374,0.00022991566861251,0.1,0.6,0.8,16,6.806227352820187,5.603366054509056
25,13,0.1333487908346872,0.39113767320319237,0.3360014618102529,0.03536634911798773,0.39582724311234996,0.14012059016345876,0.00024521036407614,0.00046408022025493,0.1,0.6,0.8,17,5.428697190001434,4.689546920842605
25,14,0.11879456567898841,0.36158576780549184,0.3033371463652014,0.034061929663725295,0.09183892711429825,0.1206284071152374,0.00021980024325978003,0.00040570091710086,0.1,0.6,0.8,19,4.099561418132256,5.871546381101801
25,15,0.10820172465606476,0.3437618366833605,0.2840817720339698,0.034038089100178456,0.043859237088513345,0.07126906189805093,0.00010719469682084,0.00021500613773755002,0.1,0.6,0.8,21,4.246027293711912,5.258220133704292
25,16,0.08368193134701156,0.2784506921854993,0.2113064200601757,0.01956540559751105,0.3885640975393394,0.0778456091809608,0.00013406227158692998,0.00030104635468751,0.1,0.6,0.8,22,3.896424174486112,5.996810925465169
25,17,0.0836465511861475,0.28284738676556326,0.22384834643101173,0.037758486453191825,0.00889687329984886,0.07846106811986606,0.00013093087398427001,0.00029303990487685,0.1,0.6,0.8,24,3.934633230457449,6.143206038290339
25,18,0.0812010596935823,0.2761945074468849,0.21647209590249733,0.03920544684233694,0.044786217300172,0.07616368696613317,0.00011986667333344001,0.00027510626493182003,0.1,0.6,0.8,25,4.081203255763904,6.674725835610611
25,19,0.07502278512951469,0.2606901165036343,0.2067952239967196,0.03994934399110627,0.1281749485606747,0.08272086454425828,0.00012069920568527,0.00028048779741927,0.1,0.6,0.8,26,4.43993136268495,5.346766202124327
25,20,0.0653030634304504,0.22355651979006674,0.15778163370714396,0.04303879681746241,0.04031520991501886,0.083721325733852,0.00028525074832086997,0.00035878656534495004,0.1,0.6,0.8,32,2.9247722447942315,5.342537382698092
25,21,0.056737714346534705,0.19634233889970948,0.13511042593093842,0.04435737773394077,0.1016913557881161,0.0870533570100239,0.00027576686522628004,0.00034715183323285996,0.1,0.6,0.8,34,3.165505898537941,4.671138917244251
25,22,0.0564345420586091,0.19973900588514804,0.14654326917283314,0.06490507028616369,0.010924353813978835,0.08729712013993902,0.00026918152312159,0.00034406805742987,0.1,0.6,0.8,38,3.1335360878012817,4.807632114804237
25,23,0.055557783753822594,0.1971485044589568,0.14369049393098832,0.0639841638124777,0.022266811566111495,0.08482114685594352,0.00025407143244215,0.00032818816852335,0.1,0.6,0.8,39,3.0159534483015946,4.741614360676852
25,24,0.05519237779570824,0.19539466546144105,0.14172465759212008,0.07073132025879482,0.019828791087347516,0.08590225753739814,0.00026908304115705,0.00033506694469932,0.1,0.6,0.8,40,3.0833304579521346,4.508661391342543
25,25,0.05520670403015062,0.20375516304674968,0.1663032762008942,0.12172272029300585,0.01043652216535985,0.0899232918436094,0.000195846257176,0.00027763970370583,0.1,0.6,0.8,46,3.084958963580468,4.292669405418834
25,26,0.05375022932878878,0.19275428462319266,0.14637737896256506,0.10520835501862352,0.047858802780028666,0.09275772023867472,0.00017600232539305,0.00024390320264411,0.1,0.6,0.8,47,3.3895843806929795,4.757419529283439
25,27,0.05333333107302377,0.19591542511327634,0.1575579060675437,0.11579028757346656,0.013450766817644507,0.0920873498295846,0.00017417170793583,0.00024098918045188997,0.1,0.6,0.8,49,3.283058072005934,4.884453196253801
25,28,0.053234793828168266,0.20021241381726526,0.16999824884642323,0.12680464886929188,0.010254766159267896,0.09177711410558648,0.00017516461589805,0.00024114635636465997,0.1,0.6,0.8,51,3.304767572387345,4.835673020457591
25,29,0.05318728194087673,0.20462336172681295,0.18256190970825878,0.15330149730573134,0.010018328116786436,0.09177711410558645,0.00017516461589805,0.00024114635636465997,0.1,0.6,0.8,53,3.304649613153428,4.733307489406402
25,30,0.052929590909877394,0.19847719403586295,0.16804669084468396,0.14896083725188894,0.01298892415186703,0.09294094923629212,0.00020631003971666,0.00029596800105798,0.1,0.6,0.8,56,3.520916043604836,4.813817659006723
25,31,0.05257622552635968,0.2114954164979916,0.2055231512365671,0.16815959343356238,0.012656638660240938,0.09047602635103252,0.00025645653694918,0.00029960054857912003,0.1,0.6,0.8,57,3.359002018452004,4.9192838283656455
25,32,0.05159340503920153,0.19251663973394395,0.1688775779989057,0.1674187911163403,0.0337382352987287,0.10820250150576524,0.00024671353360393,0.00045257676403525,0.1,0.6,0.8,60,3.445949368750438,4.162044841166531
25,33,0.05000568834659415,0.1861925607568695,0.16184944917627095,0.16993943836386435,0.029183657867884818,0.10722798946311285,0.00025431483299915,0.00045082659732155006,0.1,0.6,0.8,62,3.5727820997601105,4.358278254239455
25,34,0.04701589059972654,0.17251766838276728,0.14660125907392485,0.17424999161386312,0.05156546808977468,0.11008289348832687,0.00024145423831883,0.00041323590350365,0.1,0.6,0.8,64,4.106327679454603,3.3544469348860138
25,35,0.04120342138849672,0.14925500417688592,0.12080893017076907,0.16700791303902981,0.07508964220203293,0.10132795327173978,0.00022435704643793998,0.00042556017086298,0.1,0.6,0.8,66,3.637493669008317,3.074261733637943
25,36,0.04061889343690552,0.15118999798717978,0.1306194899999795,0.17409224152849934,0.01818290143433614,0.10108757731790766,0.00022428256925858,0.00042566246565291,0.1,0.6,0.8,68,3.633884822995252,3.0489975578527364
25,37,0.04046604196752758,0.15511242376592224,0.1426409766429687,0.21038433235481807,0.012486076811840094,0.10096367145285567,0.00022426395018833,0.00042574432985675,0.1,0.6,0.8,70,3.634355444848216,3.0380089720452528
25,38,0.03702348948567439,0.1304330566617592,0.09989900234915976,0.18548987971651487,0.09765919780266247,0.09798129264177292,0.00022573284568236,0.00041123047012669,0.1,0.6,0.8,71,3.9135538297214265,2.837234100273542
25,39,0.03613381105218107,0.1316056157830524,0.10888683980301186,0.21302644543309215,0.019152640099063357,0.09515786524743526,0.00022741753043095003,0.00044824868031888,0.1,0.6,0.8,73,3.743421982331328,3.056321204780607
25,40,0.034745498743942754,0.12264303329704619,0.09885801486304274,0.2149520680450542,0.037659657521125496,0.10002388144193171,0.00022941283261728,0.00042990816269126,0.1,0.6,0.8,75,4.035325457938949,3.2810047176381394
25,41,0.03432334077979729,0.12168607997056767,0.09782576366290367,0.23440582313509215,0.010973886027511343,0.0971317705126129,0.00022616162647301,0.00043073085470315996,0.1,0.6,0.8,80,3.855490681616271,3.0764053198506867
25,42,0.03380642509265282,0.12360149111372395,0.10761197302532458,0.25880058982432974,0.017892071633763676,0.09713177051261293,0.00022616162647301,0.00043073085470315996,0.1,0.6,0.8,82,3.8410848280871934,3.061971914342916
25,43,0.03380010982871373,0.13276770067977695,0.13312256993323893,0.28096018319711563,0.010240686925159118,0.09713177164377071,0.00022616163393216997,0.0004307308778028,0.1,0.6,0.8,86,3.840666525771594,3.061551821922377
25,44,0.033110258793532216,0.133954483857873,0.14210286839003014,0.27997146302253845,0.01984998054575537,0.096682055672457,0.00022610470133047002,0.00043154802820398,0.1,0.6,0.8,88,3.849723167655156,3.074063786541857
25,45,0.035295235478069995,0.12686404157586878,0.11865338942335779,0.3076542892620898,0.012549890270196498,0.11738447999221399,0.00027195842627441,0.00056495620042366,0.1,0.6,0.8,91,3.5701444634085595,3.195351851831743
25,46,0.03495115246206235,0.12075059149085833,0.10420280691845756,0.293298558616061,0.0164233118643432,0.11622037067441611,0.0002759325365389,0.00061920565207908,0.1,0.6,0.8,93,3.924856071418081,3.2186810333526763
25,47,0.034702970659674155,0.12451393351164991,0.11605818942027409,0.3012870848665664,0.014264533498393002,0.11565535617872472,0.00026886263635262,0.00055709521518188,0.1,0.6,0.8,95,3.726496175302706,3.257995925569348
25,48,0.03441188131782277,0.12345421139736724,0.11489111938815959,0.3059223129677418,0.017581878364701303,0.1141741461141245,0.00028457039915013,0.00059311947226377,0.1,0.6,0.8,96,3.725706371632649,2.9729601248776585
25,49,0.03404403853318651,0.12111418783523709,0.11227676629429445,0.3086188783786866,0.02608367827110693,0.11545538635775403,0.00026838906126673003,0.0005543960978787699,0.1,0.6,0.8,97,3.7352363080168174,3.172305031875376
25,50,0.03361146667513933,0.11866927279947413,0.10955194884408076,0.3256739350751649,0.01695886180513477,0.11551470711307421,0.00027861396077751,0.00057960483912679,0.1,0.6,0.8,100,3.5567953647573662,3.0293889520320008
25,51,0.02867263549397399,0.13100752419590936,0.16196831645421272,0.3969540194590476,0.021972295227959644,0.08162565913926467,0.00022939289802354,0.00029109965342399,0.1,0.6,0.8,103,3.576246954371637,16.679601992662658
25,52,0.028304842040082445,0.12911113361992219,0.159860963172997,0.410044256507231,0.01209371081912987,0.08134297915625285,0.00023101438420809,0.00029030442558591,0.1,0.6,0.8,106,3.615635011756668,16.554088672387454
25,53,0.027970384977789264,0.13189257236585208,0.1706118687649489,0.42303349191468964,0.018923937400408455,0.08159286654417579,0.00021315692197587002,0.00026357599597801,0.1,0.6,0.8,107,4.267729594955338,34.90430116171913
25,54,0.027039868630438273,0.1222630103161164,0.15224380226941991,0.42159749387517975,0.03722827106062625,0.08130129768524043,0.0002075229617431,0.00025879202320477,0.1,0.6,0.8,108,3.575979018147061,16.52224029735688
25,55,0.025732426998417723,0.12082990525182458,0.15833649543780925,0.42393569807861453,0.019184092581409476,0.07691038029816952,0.00022607423747819,0.0004235503766992,0.1,0.6,0.8,111,3.80028004226656,15.334378500692658
25,56,0.023562807418657628,0.11223914293993745,0.15641713016978775,0.452585219848144,0.027420156692962393,0.0779635229270315,0.00023106448755181,0.00042373375437344005,0.1,0.6,0.8,115,4.0321174346823145,15.272581799950512
25,57,0.023517678936564358,0.11651726974285098,0.1688318433300253,0.46648572145482914,0.009243636661323301,0.07801866771298038,0.00023408929150549,0.00042803650962809,0.1,0.6,0.8,117,3.814901495939783,15.650762716389435
25,58,0.023565325402854883,0.09311606427216693,0.10449894373524563,0.3665879622200231,0.009982546419465936,0.07870125274961719,0.00022982391361752,0.0005189723301915301,0.1,0.6,0.8,119,4.02210242389574,16.69172370996507
25,59,0.9124166804876066,1.0040039040114495,1.0787861165303279,1.4369732919684048,0.9509569826741793,1.0,0.0002573320628834,1.0,0.1,0.6,0.8,121,3.8059458693596944,21.673013973698296
25,60,0.912373557874766,1.0037054244030459,1.078453377208119,1.4752017346006525,0.9004092857290396,1.0,0.00026587932537401,1.0,0.1,0.6,0.8,128,3.838041878206473,21.63018771194346
25,61,0.9123344957272079,1.0034596282534223,1.0781797373071642,1.484658680059897,0.9006313975273882,1.0,0.00026584887126113,1.0,0.1,0.6,0.8,131,3.836782067099396,21.63187978110385
25,62,0.9123157663492093,1.0078901047203355,1.0907641909155492,1.513401246684593,0.9006836361202517,1.0,0.0002819036624354,1.0,0.1,0.6,0.8,133,3.876540803562485,21.76664055906116
25,63,0.9122053017032009,1.0027573595174568,1.0774004317068688,1.5084686390629474,0.9030328296362418,1.0,0.0002305971981434,1.0,0.1,0.6,0.8,134,3.852067636574252,21.775582657420987
25,64,0.9121433328139652,1.0068780493215501,1.0896393608752046,1.4985944113191523,0.9030070100519941,1.0,0.00025799365629586,1.0,0.1,0.6,0.8,135,3.877021849674382,21.707687031743266
25,65,0.9120183224216069,1.0060892120987304,1.0887612873964254,1.5080965410387304,0.9046953261908117,1.0,0.0002573086751668,1.0,0.1,0.6,0.8,136,3.779810541796716,21.633010882555112
25,66,0.01999972108940307,0.08623334686961164,0.14250783689626392,0.5940108067756159,0.04256488421194241,0.07746062766422014,0.0038620640754158803,0.0007870407529002499,0.1,0.6,0.8,139,3.966068292184333,14.466521592665918
25,67,0.01978808214169811,0.08879059914160362,0.1529958373419774,0.6176061681948048,0.017006125955846482,0.07750896272937806,0.0038599302781248796,0.0009213284333066,0.1,0.6,0.8,141,4.128430518803299,19.12780414828792
25,68,0.018071694535856008,0.08175946969822899,0.1528258338820998,0.6285071978189023,0.03309762806886992,0.07807760107436254,0.0038651495890374803,0.00083264704443204,0.1,0.6,0.8,144,4.052286579560328,14.59215373236405
25,69,0.01756519218046,0.07859361738314234,0.14930894464125938,0.6315305369526704,0.01967509385131861,0.0772820405548226,0.00386541772173079,0.00085626241300816,0.1,0.6,0.8,146,4.205744201380884,18.43927548582831
25,70,0.017590382560956085,0.07846595719460014,0.14916124800541147,0.632300180731798,0.011810519244694775,0.07725744884824157,0.0038650013507564003,0.00092298946180652,0.1,0.6,0.8,147,4.206401725433446,18.433150298716384
25,71,0.016605412635659997,0.06798497042007547,0.12986147642627294,0.6643852395433766,0.04346713569319394,0.07823329847710393,0.00351853215057957,0.0008401560432266499,0.1,0.6,0.8,148,4.2675083792482,18.32464705093185
25,72,0.01658709973213255,0.07245409932909809,0.14248994645212418,0.6793064989633995,0.010981853361057267,0.07823329847710393,0.00351853215057957,0.0008401560432266499,0.1,0.6,0.8,150,4.260393630761456,18.25726935729509
25,73,0.02368545475803294,0.09298394050308981,0.187493673226827,0.7150796789355689,0.018073603969648695,0.07586721368514883,0.01577640284307951,0.00089067371064738,0.1,0.6,0.8,158,3.4432539660191006,19.56061055872065
25,74,0.023064823991518647,0.08206495065189,0.16765276684669203,0.7078862193755245,0.05618146492560681,0.08198879038970294,0.01586994379526585,0.00042862556083564997,0.1,0.6,0.8,159,3.288455949858944,15.628730670764728
25,75,0.02204432877235349,0.08015035986037262,0.17319351191255328,0.7307377047436839,0.05454072446521676,0.07792265064091754,0.01578823592918234,0.0008058475548489499,0.1,0.6,0.8,160,3.2213788602460296,15.93245896057216
25,76,0.020606897511729935,0.0750250436325432,0.17516195163258397,0.72310707951208,0.07282663047542993,0.07611671032420027,0.01578642917346394,0.00082715570560828,0.1,0.6,0.8,161,3.487886924911575,15.992442797373569
25,77,0.02034487371320586,0.06846883518644159,0.16021156821380578,0.7120624428951067,0.02895696064970137,0.07603934400064563,0.01578962461882929,0.0008254781089645001,0.1,0.6,0.8,162,3.519875860293326,16.16666463578356
25,78,0.019979873678234686,0.06917645877232668,0.16863523258145094,0.7416276217311103,0.0295701357464876,0.07765317307010776,0.01579036136809056,0.0008239768331025601,0.1,0.6,0.8,164,3.445121157224576,16.218382739068314
25,79,0.022506298220557608,0.08047245234226176,0.19622347085936245,0.90313356057235,0.02058602830453056,0.07745799955777255,0.02034601452320895,0.00067041016450884,0.1,0.6,0.8,194,4.040382405573699,19.22855202071396
26,0,0.8660913118538822,0.9593455723491976,0.9536928431472592,0.13788073627986672,0.009368599111474793,0.09227657657350892,9.177410920346e-05,0.00010734623575228,0.1,0.6,0.8,1,10.872150436835756,29.46462435963484
26,1,0.6235727940544445,0.8528272234126074,0.8351689527837953,0.11497070621946717,0.3150928288609655,0.0895830748449294,9.077033984225999e-05,9.849101752815e-05,0.1,0.6,0.8,3,6.632981786255085,21.854475246009628
26,2,0.4325588629210376,0.7415091008231417,0.7187553923506304,0.09027589625452677,0.34885936489543495,0.09939613784050813,0.00045056644089287,0.00048889039420469,0.1,0.6,0.8,5,5.561446412444058,16.427233980448577
26,3,0.4325805025078375,0.7415325744309157,0.7187782763886617,0.09400456463779319,0.010656155072635372,0.0995077172306389,0.00046211082881893,0.00050141671630013,0.1,0.6,0.8,6,5.622632535520009,16.36728346462787
26,4,0.3421661532459958,0.6680256933927452,0.6371504575486369,0.07472728312326835,0.4230412977605595,0.08516578322497857,0.00031800573907225,0.0003500289941327,0.1,0.6,0.8,7,5.078122430915718,14.729304638628092
26,5,0.2893709117583788,0.6167268889475114,0.580130985798554,0.06660193162132085,0.1541488335238304,0.07925494889203794,0.00026261418537002,0.00028700472595821,0.1,0.6,0.8,9,5.376937114250396,15.558668383136672
26,6,0.23961727967224924,0.5601524702375035,0.5171623459420417,0.05794165108775447,0.17147322421245453,0.0797785247825707,0.00022893490050008002,0.000260466555312,0.1,0.6,0.8,11,4.25780911457448,13.125355094973818
26,7,0.22668055556566138,0.5434677076540728,0.4985217659288559,0.06127201616419192,0.05858708558062257,0.08726420284467973,0.00014085435839628998,0.00016956337558068,0.1,0.6,0.8,13,4.879409394530133,13.557872218968026
26,8,0.1891402289532498,0.49050567780808313,0.43955718543572553,0.05544376804233508,0.16209551907180317,0.08793384048809649,0.00020422476919383002,0.0002328414689023,0.1,0.6,0.8,15,4.03533042950593,10.174896399705242
26,9,0.18747875783167764,0.4879684604123449,0.43673771228035513,0.05679163510320148,0.023378014307214277,0.08804510704044458,0.00017101133214966,0.00019525154828472,0.1,0.6,0.8,16,4.004220942804748,10.588428045520743
26,10,0.18508364128709387,0.48879954982588586,0.44531260778325116,0.07263925133584674,0.030773753229082407,0.08793384048809649,0.00020422476919383002,0.0002328414689023,0.1,0.6,0.8,17,3.700540202554908,10.277873679260647
26,11,0.15703428089693428,0.43798166924092946,0.38112828579155467,0.052419983427353496,0.1418910791971054,0.0847862620046829,0.00023719555519773002,0.00026489830301826,0.1,0.6,0.8,19,4.143891634264852,6.940966999634868
26,12,0.1564175762829894,0.43686646192097867,0.3798915634296807,0.054656285804090605,0.014726083004683322,0.08483892645482374,0.00020311309858366003,0.00023438241146296997,0.1,0.6,0.8,20,4.074469980310872,7.243720476852378
26,13,0.15082498991831625,0.43108472933691894,0.38110627320030127,0.06949939678279843,0.06770380526727755,0.0847862620046829,0.00023719555519773002,0.00026489830301826,0.1,0.6,0.8,21,3.913404045938908,7.073424981531895
26,14,0.14995229514068956,0.4294689959594551,0.3793081516473355,0.06646148704135657,0.018116399533835655,0.0847862620046829,0.00023719555519773002,0.00026489830301826,0.1,0.6,0.8,22,3.8223316604339743,7.222618398200798
26,15,0.11324447330194014,0.35399029833153356,0.29533275681638527,0.05428762727432669,0.441642599036179,0.08110927541897907,0.00024233415732165999,0.00035794535587069,0.1,0.6,0.8,23,3.5686410954984966,4.950947176117125
26,16,0.11088886417679139,0.3531999476534046,0.30211605812917797,0.062108366438034815,0.023774395536479167,0.08058690623773167,0.00023046882086117,0.00033832270503076,0.1,0.6,0.8,25,3.3953247161639224,5.081384491701182
26,17,0.10183593766249059,0.3171054705178416,0.24627133088726652,0.0673380122115199,0.18509448836390113,0.097688786169208,0.00085820613022298,0.00174252453660797,0.1,0.6,0.8,26,2.9891173853427526,5.525586464780052
26,18,0.981775866843365,1.1854546755115387,1.1198670361418255,0.9596985923738561,0.9759889837525866,1.0,0.00222574919925465,1.0,0.1,0.6,0.8,28,2.726031104514856,4.824234202121208
26,19,1.0682097767143686,1.2790946671777557,1.229504547348109,1.0770470549693227,0.9911021170163956,0.4244497150752826,0.244056244348318,1.0,0.1,0.6,0.8,36,2.682276198335152,4.960926024525296
26,20,1.0664624926905564,1.2708582650922136,1.2127625581156853,1.0828309093091784,0.9966322556301934,0.4174054329642371,0.24405947633414965,1.0,0.1,0.6,0.8,38,2.659178398749382,4.989587376652176
26,21,0.07746867659569946,0.2720922801201182,0.22709700436623217,0.11735987688582837,0.17459779945307247,0.08530098997968122,0.00025381718338732,0.00033531097861692,0.1,0.6,0.8,39,3.0471013710782007,4.586130336949186
26,22,0.07569240772925095,0.2615061996129364,0.2076354986375485,0.11960325201756716,0.027005023065337475,0.0873798968174824,0.00026066981218702,0.00034601617209631,0.1,0.6,0.8,41,3.355912017552609,4.874015229325657
26,23,0.07307202385386194,0.2582109776660749,0.21164317872063743,0.1358462313833611,0.02378091497448834,0.08672880183657564,0.00018736320405099,0.00025004284218690996,0.1,0.6,0.8,44,2.719804006459896,4.565418569052337
26,24,0.07183845765585145,0.2499684283208853,0.1948311006833232,0.14218189987285584,0.029049008386153593,0.08309747427846843,0.00027726319394071996,0.00045712175031317,0.1,0.6,0.8,45,3.3338123875479013,5.037797877662553
26,25,0.06931932068097038,0.2507218517552967,0.21096926384374062,0.13986645100110193,0.05798951636470023,0.08620775980737573,0.00018003729877458,0.00024260356886566002,0.1,0.6,0.8,46,2.3365910892387127,4.235219099312127
26,26,0.06907118036656255,0.2545779332088255,0.22291935597765097,0.14353726812091486,0.010928298530772462,0.08578169682378695,0.00018339226262012,0.00024982428116098,0.1,0.6,0.8,48,2.404075338512341,4.328955966408134
26,27,0.06595460637828497,0.2437759517195962,0.21088355838391903,0.15202086300610537,0.04044349457776469,0.08648213782605921,0.00019979067955485998,0.00029327141494074,0.1,0.6,0.8,50,2.4737756220530884,3.821857316710063
26,28,0.06468508872321052,0.23953627358432392,0.20617166351288263,0.162140909130913,0.033022112829611934,0.0863923837184493,0.00018315599818062,0.00024251755733632,0.1,0.6,0.8,51,2.3038119654300373,3.743636202847003
26,29,0.06388806269844763,0.2365031321948694,0.20278399316005,0.1732991810503313,0.027177834079629325,0.0859071609515229,0.00025785471394829,0.00037732252241013,0.1,0.6,0.8,52,2.424657165280915,3.6690433247826384
26,30,0.061674819001493075,0.22846758176917728,0.19383305861058842,0.17893730438633093,0.03241258978044255,0.08767549861654791,0.00019271995619193,0.00028639799678085,0.1,0.6,0.8,54,2.2663775345564967,3.678977148205359
26,31,0.06115096102141473,0.23429741888582736,0.21556649626139288,0.2102845297983165,0.014209021101910774,0.09327044269423083,0.00019537289257518,0.00029065497880776,0.1,0.6,0.8,59,2.2214425885393427,3.715111204042955
26,32,0.06110734277084928,0.2379052244848352,0.22720085582877328,0.20593446032133453,0.017523534808991617,0.0937467002834866,0.00029638669718993,0.00054946289743611,0.1,0.6,0.8,60,2.502588355710539,3.459628427984768
26,33,0.060750461031382645,0.2412093938320027,0.238533071264023,0.22165176143816775,0.013705715790124518,0.09377707907689438,0.00029176621687306,0.00054421051878107,0.1,0.6,0.8,62,2.492441068172392,3.486216754266088
26,34,0.0590815218160629,0.2336961895660856,0.2301155477125908,0.23979104326397901,0.03352415594441442,0.08771681199484,0.00154120801915907,0.00097639402052507,0.1,0.6,0.8,64,2.63493830495156,4.986787696870309
26,35,0.05793081440091075,0.23397646207727038,0.2380828050683607,0.2506843241901196,0.02288199692819634,0.08760735065126718,0.00153807894971525,0.0009809751641621,0.1,0.6,0.8,66,2.6602655601773377,4.900971991452776
26,36,0.057094401330363656,0.23489397994986758,0.24673880800198505,0.26194399388361284,0.021739763314034835,0.08779133539168152,0.00167646837212963,0.00106923889496498,0.1,0.6,0.8,68,2.682154039878537,4.812562584305852
26,37,0.07806654884791234,0.264165274182771,0.2922209419313403,0.382674200263184,0.03237413117031518,0.09152609851461524,0.01231255132163518,0.01923516194050445,0.1,0.6,0.8,84,2.7312152284097952,4.207944249318759
26,38,0.07663267712737376,0.2587050474376759,0.28614823512393783,0.38554271935969053,0.06311026516635283,0.09160041565212747,0.0122966263270309,0.01918800476679965,0.1,0.6,0.8,85,2.66724886284104,4.490444813490626
26,39,0.07562133461368814,0.2644323102651334,0.3078509662586897,0.43285285847616944,0.034881521649519694,0.09196110928813722,0.01182672152086965,0.01927775523461006,0.1,0.6,0.8,91,2.6257924892556206,4.40631111122801
26,40,0.07552428811070985,0.2639783361290662,0.3073430097530033,0.4418370753941959,0.034368556154694294,0.09228707128634424,0.011719072851454241,0.01934717797306789,0.1,0.6,0.8,92,2.609284234797767,4.395244087050901
26,41,0.07082296379672427,0.2633733214201348,0.31483511213281223,0.45532212190879856,0.028261404458917824,0.087332903923363,0.01156670535219682,0.014427058219020631,0.1,0.6,0.8,96,2.679067150621823,4.529926923943801
26,42,0.06365792514696555,0.25286647970923787,0.31130997258939475,0.461158710547918,0.03781174318905042,0.08882612487025233,0.01076389321892773,0.009149761465015099,0.1,0.6,0.8,100,2.1320901805297194,3.9489170900320856
26,43,0.06343942379687066,0.25658223398091057,0.32310056647522994,0.47468190202015814,0.025170133696779173,0.08872761687532879,0.01076182172618911,0.0091561223852735,0.1,0.6,0.8,102,2.1314052667200247,3.823025038396396
26,44,0.06336062125710776,0.2608570285261857,0.33551272439796204,0.4883806186957335,0.023585826237475793,0.08872761687532879,0.0107618217261891,0.0091561223852735,0.1,0.6,0.8,104,2.1740456964607686,3.658138059841392
26,45,0.06216248510071508,0.26832638322545255,0.35925045099895864,0.5799994910709924,0.0219225738842493,0.08997681798218901,0.01044655022188082,0.00795692912635715,0.1,0.6,0.8,118,2.06370079552344,3.762793402559979
26,46,0.058734245658719986,0.2514068411888982,0.3328378271536286,0.5566407555466845,0.05456865812348663,0.08345605233833443,0.01056385000978828,0.00787525079158803,0.1,0.6,0.8,120,2.4201899211894293,3.896686221619591
26,47,0.059268647595724436,0.2652994801488392,0.37118757940716635,0.6143374881828196,0.023309421634824776,0.09171434569127192,0.01042585826746116,0.007782782022516819,0.1,0.6,0.8,122,2.1102459817176378,3.5502781102716767
26,48,0.058405538199501644,0.24944942085255858,0.3381384582688523,0.6178302323464397,0.04423277276618147,0.08844467290599645,0.01119087585545895,0.0087176789222537,0.1,0.6,0.8,124,2.0973744711019475,3.442086859818572
26,49,0.058405538171570424,0.2540488780483829,0.3509119042852309,0.6321753844996625,0.02253320222235589,0.08844467290259926,0.01119087583193115,0.00871767899118837,0.1,0.6,0.8,126,2.09737446910287,3.442086856466656
26,50,0.058088224740690225,0.2521151835959153,0.3487416700160586,0.6365057746048558,0.03473843865824547,0.08834867270480168,0.01067279112034603,0.00931891854966775,0.1,0.6,0.8,127,2.067192647600808,3.418667278153828
26,51,0.05807311297725906,0.2505359938422464,0.34693385511728403,0.6786941113298248,0.024433729323960776,0.08794770392400564,0.01060990849626199,0.009970877162798571,0.1,0.6,0.8,136,2.321012407771057,3.621261428770548
26,52,0.057634612588982115,0.25324188488081667,0.35760148826410887,0.6875992299248086,0.028533529079799433,0.08781289968668259,0.0106072267504029,0.00997098825143849,0.1,0.6,0.8,138,2.336374063448719,3.71376526762593
26,53,0.059446952562366005,0.2731830985233048,0.4101998352714623,0.8052525647656176,0.02509569735381609,0.08494572791903107,0.011111541302326031,0.01231401802378347,0.1,0.6,0.8,161,2.371355847520639,3.557361464114153
26,54,0.05818465361757082,0.271215228599281,0.40812927291134965,0.8028049984260341,0.026579505673188033,0.08466744275497551,0.01112377819670469,0.01101682709498113,0.1,0.6,0.8,163,2.544899570751755,3.62893752918842
26,55,0.058460983273372194,0.2689633237863355,0.40550968519009006,0.8219215586213595,0.043718653043641836,0.084360086958479,0.01110820327432002,0.01231910213668967,0.1,0.6,0.8,164,2.362710340706561,3.554090364434452
26,56,0.05449897617354933,0.26486260740104184,0.40889663215677086,0.8450119263641946,0.03402090081171735,0.08684370660913529,0.01011763772961204,0.009468661525206699,0.1,0.6,0.8,167,2.9813630644526863,3.922369793088013
27,0,0.7984851231430246,0.9331575260305783,0.9244962988039047,0.1308541730428515,0.009803869351252178,0.09632788575863692,9.177410920346e-05,0.00014502038733301,0.1,0.6,0.8,1,16.007513303367293,29.46462435963484
27,1,0.5694165991046579,0.8251231951256072,0.8039738385241026,0.10950613586480225,0.33065401981197184,0.12126917650653102,9.111488525766e-05,0.00012498521598227,0.1,0.6,0.8,3,10.96113094036163,21.854475246009628
27,2,0.42411791200710547,0.7361721128205635,0.7124677911061654,0.09100488302029103,0.28736363501443474,0.1317520581424905,0.00029493797419761,0.00040457589670687,0.1,0.6,0.8,5,7.829339072668532,17.69341769061309
27,3,0.41182696603053015,0.7269504944928155,0.7021681058170599,0.08865089453954016,0.06909353676723874,0.13347897324415675,0.00038052171100583004,0.0005219738586238201,0.1,0.6,0.8,6,7.4511112092340595,16.888924112857065
27,4,0.3370437387509369,0.6636600209809256,0.6321594343581474,0.07436322825475479,0.3531117960274225,0.09643185478343343,0.00030339682721985,0.00041313949138521,0.1,0.6,0.8,7,5.475464159748465,14.827783952389192
27,5,0.335856961552174,0.6625495637787243,0.6309392247008603,0.07144173374011485,0.01556059284788619,0.09540021438686624,0.00028203869808412,0.00038384185933028,0.1,0.6,0.8,8,5.570931021054411,15.00326118080733
27,6,0.27961314375978497,0.6064258573475648,0.5685205916607637,0.06197628221451887,0.3305938773358978,0.09205743557313775,0.00023402101664018,0.00031568975801381,0.1,0.6,0.8,9,5.077641467742267,12.975674729127885
27,7,0.23639495261793714,0.5561936404967088,0.5126274179892387,0.05484243360107335,0.15438560437356005,0.09097445956394712,0.00021842852470615,0.0002928562186141,0.1,0.6,0.8,11,4.510129510879798,13.230400561620444
27,8,0.21342776953251544,0.5252840728032179,0.4780616480409229,0.05464326554741142,0.10374589806623198,0.10577875587596557,0.00019670739423987998,0.00026586690343026996,0.1,0.6,0.8,13,3.701563461151836,11.96424589052508
27,9,0.20922092606727022,0.519581400201093,0.47177562729050765,0.05734156630984731,0.039835856905298915,0.1005912845199776,0.00018436033437560002,0.00024636327440896,0.1,0.6,0.8,14,3.6570661827111497,12.092976570671093
27,10,0.1931692394902537,0.49619408005981813,0.44581002652459056,0.05158550001394413,0.13944581075523874,0.09447656627387142,0.00021330047769365,0.00027652121103576,0.1,0.6,0.8,15,3.619190126586221,10.926319644526895
27,11,0.18374507886886965,0.4762677127143617,0.41579837652034124,0.05774008063969885,0.03582194818538317,0.11022547719758487,0.00020724578085423002,0.00029512954091839,0.1,0.6,0.8,19,3.301960795190904,11.095832886260595
27,12,0.18050915633095774,0.4712935224317048,0.41029818201646806,0.06166386590040608,0.03779908772748204,0.10725848534251421,0.00019489872098995,0.00027562591189708,0.1,0.6,0.8,20,3.3199597368423444,11.407631324919745
27,13,0.17804643810750972,0.4675651561454216,0.4061878096381204,0.06631021087188951,0.030333528775026413,0.10416502550581863,0.00018261427926192,0.00023637999689597,0.1,0.6,0.8,21,3.2089059796487573,11.378329835427255
27,14,0.1604739660399556,0.43765376892056856,0.3728772827636901,0.06100111834475119,0.18376967451416276,0.10534954535608614,0.00020793127165981,0.00028088006632904,0.1,0.6,0.8,22,3.235801371145861,10.539035084476266
27,15,0.15392119453661568,0.43099597804016315,0.373195579065379,0.06597983774354466,0.04074441960901574,0.09926732320927732,0.00017596917362025,0.00024466045052785,0.1,0.6,0.8,24,3.368739853973409,9.277089695443763
27,16,0.22957985364120842,0.5103802833470248,0.46758845264395715,0.16307876209478614,0.16055615937961232,0.09387350727583407,0.00055147862159951,0.1031879543422383,0.1,0.6,0.8,25,2.5409388063092564,8.008300634496884
27,17,0.4802726104837486,0.7587769354055756,0.7154386387854923,0.427923198887331,0.35478689626032583,0.1017836007041987,0.00063698752662653,0.418675839794294,0.1,0.6,0.8,28,2.5924935758310426,7.745642831709058
27,18,0.33558225444042167,0.604049925541847,0.5584150260433085,0.2884711691841393,0.3281934090186749,0.09599622137042221,0.00053569175712544,0.25147153147629897,0.1,0.6,0.8,29,2.8593364151118266,8.050279375866115
27,19,0.16046218890989455,0.41439693408939504,0.365653522823003,0.12495599730670218,0.2074463236659014,0.08764421692766836,0.00035522598034148,0.04996933200991027,0.1,0.6,0.8,30,2.7241692930880794,5.794584154236167
27,20,0.19901543810397682,0.45292605981200296,0.4041772094377723,0.16701277849318133,0.08783028665222344,0.08709242047440811,0.00042467066351307,0.09820728503200132,0.1,0.6,0.8,31,2.847789045973464,4.841465376785532
27,21,0.09353369224903867,0.3096823718671051,0.26102021209271875,0.09163394505293175,0.09375700759991794,0.10713872839668337,0.00030858733989299,0.00044440620103373995,0.1,0.6,0.8,36,2.137525775386849,6.137268591622817
27,22,0.0906971787157541,0.30620605854450783,0.2647919505824723,0.09992995001805029,0.03489779143019695,0.1075564946166743,0.00035039294351057,0.00050885149929798,0.1,0.6,0.8,38,2.078804620059236,5.524267163933982
27,23,0.0898257971361535,0.3081769500283118,0.27462906323098757,0.09158535984285919,0.027144869663287056,0.10810093663856953,0.00037528440248364,0.00054376377730737,0.1,0.6,0.8,39,2.09308227977872,5.2824623104043145
27,24,0.08906897965356386,0.30618581101348463,0.2724241474205498,0.10920922661301782,0.022082502387911408,0.10755873225377235,0.00034866693203974,0.00050736608710782,0.1,0.6,0.8,40,2.116809760924789,5.600159014735347
27,25,0.08038584763851007,0.2893291758929157,0.26154567827684766,0.16868887470706714,0.017956355789623128,0.09006394641848947,0.00024581127554701,0.00024057980758269997,0.1,0.6,0.8,53,1.842440720262487,4.943343886071589
27,26,0.07800155074273357,0.2868206498185844,0.2664152051193251,0.17411431807869998,0.04985809939949268,0.08898143649237727,0.00026655062207984,0.00028093847164313,0.1,0.6,0.8,54,1.8245189080294697,4.652453797511891
27,27,0.07789513024580794,0.286449008440246,0.2659991334607581,0.18199750599406295,0.011571405323931331,0.08938770111397472,0.00025286005271539004,0.00026767298986803,0.1,0.6,0.8,55,1.7856250384927703,4.823231880288585
27,28,0.07787807965049441,0.29099610971445977,0.2787143228581271,0.18547916561390287,0.009606037097446517,0.08938770111701654,0.00025286005274190003,0.00026767298996022,0.1,0.6,0.8,56,1.8034221743437524,4.848915345626648
27,29,0.07769479367301904,0.2852615186556459,0.2646463449105165,0.19382046564844088,0.01364160563168867,0.09057280635849208,0.0003701329518106,0.00037528739102882003,0.1,0.6,0.8,58,1.7852459162590877,4.989006512996792
27,30,0.07652996793887093,0.29152039596701795,0.2869569875422603,0.20404557136991977,0.02436468269047268,0.0892212371895615,0.00023469701861807,0.00024844593684128,0.1,0.6,0.8,59,1.7050632470806104,5.046391558268079
27,31,0.460118715318959,0.6780450695076574,0.6887930615783046,0.6275957825659517,0.40457165202599454,0.23831700920834967,0.0002119878600904,0.46475504718301064,0.1,0.6,0.8,65,1.9800879488498344,4.92407091846753
27,32,0.4587070702663466,0.6777390898783067,0.6960882309029955,0.6426054831880958,0.4056603926491107,0.2399644612184833,0.00020904473868262,0.4647562730525857,0.1,0.6,0.8,68,1.948884278429894,4.9569819351814015
27,33,0.07107953071173154,0.2923119749906144,0.3184440032770823,0.3149110289563843,0.011854100506509672,0.09094188659169632,0.00018011327602447002,0.00019930775810508,0.1,0.6,0.8,76,1.7617133543261294,4.930397525680637
27,34,0.06655075467098283,0.27727078527323695,0.30170894790906805,0.3101196390681686,0.0524839850954864,0.08995058122112622,0.00024707150784666,0.00020839367926688002,0.1,0.6,0.8,78,1.672941499956214,5.526252393387584
27,35,0.06434354201843424,0.2700248156261451,0.2936621432836891,0.33379112231735647,0.02275669660944937,0.08867133682025707,0.00022185138395099,0.00018849370945702,0.1,0.6,0.8,81,1.6403036062843566,5.3680245165456455
27,36,0.06241347335575851,0.2722615715115817,0.3114540035400045,0.3663501179882623,0.01931692041442717,0.08876446034136079,0.00024412609300119003,0.00023153343826465002,0.1,0.6,0.8,85,1.6285978304131934,5.1680564715259285
27,37,0.060706337513796754,0.26404279290386556,0.30221816486284037,0.373625193084057,0.022948981307258292,0.09687281004720408,0.00022116826688096,0.00021131883030575,0.1,0.6,0.8,89,1.981870394981816,5.342646506865661
27,38,0.057130918220001645,0.24489018327241233,0.27319952811181875,0.37481710235111093,0.053531798902911744,0.10114610964668909,0.00022660848094546,0.00019798591698974,0.1,0.6,0.8,91,2.065011929986253,5.36617322786282
27,39,0.05696316896428222,0.24884770289844224,0.2852586411360774,0.38769976134145434,0.012254441485146064,0.10113726888864567,0.00022683082630133998,0.00019815791011320002,0.1,0.6,0.8,93,2.042832077224491,5.307440629605699
27,40,0.05642100715570529,0.25154184819676756,0.29591866216991014,0.4093136732743534,0.015650986056065394,0.10052916780905423,0.00022504325702348997,0.00019602126263274,0.1,0.6,0.8,95,2.0371847822464493,5.316047906993935
27,41,0.055966838020373194,0.24114435762324737,0.2690595754226965,0.39566104119060536,0.015929507090075214,0.09887581510024965,0.00020066656434044,0.00017769704935646,0.1,0.6,0.8,96,1.99252643319848,5.238621712056698
27,42,0.055966838020373215,0.2457438147783804,0.28183317497460203,0.4088357886361448,0.010150197783510173,0.09887581510024965,0.00020066656434044,0.00017769704935646,0.1,0.6,0.8,98,1.99252643319848,5.238621712056698
27,43,0.055906843524780175,0.2500708130978164,0.294301828014034,0.3125927948401428,0.011813663185202534,0.09872986669651553,0.00022255949052761,0.00019696403555893,0.1,0.6,0.8,99,1.9879805074714203,5.228072149775542
27,45,0.05490676509262514,0.2365319130985675,0.26390724195346865,0.48466016426623504,0.01347180670663371,0.08585327277425472,0.00027833869885412,0.00195394257020979,0.1,0.6,0.8,113,2.276766196727125,4.955938771841904
27,47,0.053134527454931725,0.23521404247327415,0.27013687975047396,0.5427245268791543,0.015413277196502801,0.08569501440795664,0.00029765778591131,0.00149508053193692,0.1,0.6,0.8,118,2.28534863602023,5.231984206991541
27,48,0.05266665669766235,0.22858594718265984,0.25509953160117466,0.5507142162951989,0.01399072564138898,0.08623973709746563,0.00029753827738257,0.00149179386986002,0.1,0.6,0.8,121,2.194605906010912,5.3295510736339216
27,49,0.05061071918801167,0.2511552168705256,0.3337534771783745,0.5683862551260893,0.06818941068591426,0.09023660290130248,0.00035364975107498003,0.00145676043926591,0.1,0.6,0.8,122,1.8327365587078368,4.234713398768157
27,50,0.050192292348914334,0.25468959691773047,0.34536569589707344,0.5915197425500344,0.0126428545941336,0.0910473406466884,0.00034500397884963,0.00109600887739322,0.1,0.6,0.8,124,1.8158364630354928,4.249252746940557
27,51,0.0504056812404382,0.2547748407035128,0.3454319164147056,0.6011847766340728,0.010767516813863991,0.09063110588172872,0.00035549180406718,0.0014578876197065599,0.1,0.6,0.8,127,1.854830851259896,4.217090395863995
27,52,0.048667767842404244,0.24844886037122083,0.338424775582502,0.6039543660949798,0.044869861662181154,0.08785016755448002,0.00034615061024508996,0.00143996609767553,0.1,0.6,0.8,128,1.7808298557861346,3.780281890316469
27,53,0.04744560747013824,0.24963376616788815,0.34745954889584413,0.6986675899921237,0.011100085368531581,0.08534968700140139,0.00031861506530949003,0.00109041903839276,0.1,0.6,0.8,139,2.134774044261773,4.114574176844996
27,54,0.04665689813080437,0.2449960101425059,0.34225449697937427,0.6975230331153089,0.038951778452552724,0.09067821520345258,0.00035304698729193,0.0008773724935619501,0.1,0.6,0.8,140,2.227921481032418,4.607482807739327
27,55,0.0467148296234689,0.24460240168934855,0.3417948545630378,0.7025197449367161,0.013490152871669036,0.09224179706424038,0.00030909106372999,0.0009536527379546101,0.1,0.6,0.8,141,2.111358586624108,4.175283396578036
27,56,0.04506287202910845,0.23824670591776528,0.33474985242780325,0.7102555933503545,0.045057878125024174,0.08957173468440846,0.00031374929042881,0.00096371009482019,0.1,0.6,0.8,142,2.154509080747658,3.910000289025157
27,57,0.043434720998717945,0.258114386474278,0.39526851712745614,0.7673954287387538,0.00974825087304562,0.07815433162077444,0.00028959323109125,0.0009241578084695299,0.1,0.6,0.8,153,2.29439745969536,4.893393758527633
27,58,0.04644243294915074,0.24240247759451614,0.35431861797937986,0.7832435183997241,0.02529867146527036,0.0913654593500164,0.005305135863553,0.00103722559945827,0.1,0.6,0.8,156,2.1292475835219675,4.2423108872114765
27,59,0.04382978597500105,0.23182504443498783,0.3425903021380102,0.775817955829431,0.03231184204008831,0.08875255993533157,0.00512640561350948,0.00100678473462107,0.1,0.6,0.8,159,1.9543630612049867,3.8889580171707774
27,60,0.04138237781654676,0.2198005935045524,0.32919424484030163,0.802261082769788,0.03617086242633359,0.09106495621295571,0.00504889592539637,0.00091570114198843,0.1,0.6,0.8,162,1.8198641835996563,4.056234615436114
27,61,0.040629101038671706,0.21534547733861392,0.32421249193637475,0.8011619086787454,0.026498895625983614,0.09246451408178942,0.0052096290490930095,0.0008771313418249899,0.1,0.6,0.8,164,1.986365574118972,4.480742921105707
27,62,0.04024100199853185,0.21871194866306623,0.33563323300034936,0.8202094790443676,0.019010041538644922,0.09157276686069545,0.00506998867906153,0.0008785403030926699,0.1,0.6,0.8,165,1.8410398617929544,4.1347818302161325
27,63,0.03970179644499175,0.21013131051127543,0.31839076642259884,0.8339756605571689,0.02152683595527227,0.09482748573048164,0.00509853356678785,0.00086836622594851,0.1,0.6,0.8,168,2.072149320756296,4.221087710940971
27,64,0.03930045597564701,0.21774583362884697,0.3421862929846061,0.9185125867113334,0.013982636227265534,0.08892529557885151,0.00570484484504687,0.00102021710646292,0.1,0.6,0.8,178,1.9771118981370428,3.8104057031189376
27,65,0.03882922891227821,0.2209869130934288,0.35347611390865075,0.922888484581684,0.019268570159018245,0.08958459851824314,0.0052809753713007395,0.0009436561698036699,0.1,0.6,0.8,179,1.9181681655377056,3.874352628495006
27,66,0.0377260924477981,0.21554644583677005,0.3474244902490774,0.9262765951535142,0.04399716542235719,0.08929048327127169,0.00527683888934232,0.00094253230956759,0.1,0.6,0.8,180,1.908930988358137,3.9219691555277567
27,67,0.03611037111720056,0.1954264505372635,0.30965338493832856,0.926313500896225,0.030065753036397583,0.09618683807422675,0.00544976843423128,0.00071379972949264,0.1,0.6,0.8,184,2.3015929655269773,4.109406533653756
27,68,0.035716413105596166,0.2025233848632273,0.3328604730650789,0.9696437260984114,0.014980777494945346,0.0952673532001708,0.00557144108089056,0.00074315228358185,0.1,0.6,0.8,192,2.384266397374524,4.087644774908831
28,0,0.8790140772532952,0.9628531512976889,0.9663098058747971,0.13261249576279985,0.0,0.0,0.0,0.0,0.1,0.6,0.8,1,24.74554070167961,31.29129517649718
28,1,0.754655455810222,0.913145771560324,0.9025573740992094,0.12490621222221766,0.3062886619996409,0.06831820581949208,7.567697124572992e-06,1.2519110117359999e-05,0.1,0.6,0.8,2,22.342454431784024,29.5843128399992
28,2,0.4881499822256555,0.7847396034750332,0.7652156633684944,0.10621091704786591,0.8972141790276894,0.2396799997302217,0.00061648739595967,0.00113894355531856,0.1,0.6,0.8,3,13.681371817773202,15.507648337983357
28,3,0.35677142333367734,0.682001153543377,0.6516793354729874,0.07546426777652723,0.2932714975212129,0.1734432750207994,0.00035449321552038,0.00063531345860661,0.1,0.6,0.8,5,11.192661607230104,14.621915604119682
28,4,0.2862932189520581,0.6129081413424036,0.5750565442502763,0.0615132925554041,0.20751850614279585,0.15109953102706897,0.00025140909238354,0.00043114989261839996,0.1,0.6,0.8,7,10.184191333304176,13.41026356977574
28,5,0.25146318164539283,0.5734668939008456,0.5314490418613617,0.05517431924694343,0.11922429213289794,0.12603389305849086,0.00022232469073814,0.00037111880126449,0.1,0.6,0.8,9,8.103264266786383,15.006968816097798
28,6,0.2496820822645097,0.5712821427597193,0.5290034297361951,0.058851034821249266,0.02645345151009738,0.12781584578868185,0.0001911919135816,0.00032649977648709,0.1,0.6,0.8,10,8.482063682094553,14.651217029410086
28,7,0.22210186786089406,0.5360602091379725,0.48983197657299166,0.0499444107295602,0.2142135472379345,0.12356537757484828,0.00028143530685889,0.00045091949199103,0.1,0.6,0.8,11,8.687093213967405,15.338262055706812
28,8,0.21893319329603547,0.5318463132970017,0.48516794001379815,0.053101677640763165,0.03560526105573666,0.12223727375110649,0.00022692150793307003,0.00036899403756607003,0.1,0.6,0.8,12,8.356926070821231,15.187593696786678
28,9,0.19179706417243936,0.4935389822054039,0.4427270332245328,0.04394850736198448,0.22161747216209932,0.10476220196234749,0.00024229708311693,0.0003836318507539,0.1,0.6,0.8,13,6.254478408943996,12.410848263439204
28,10,0.1893296567093869,0.4898378713391393,0.43862252397405316,0.04755166708626286,0.031356296193340176,0.10422892642920838,0.00019868587174177,0.0003180901731477,0.1,0.6,0.8,14,5.915641945286486,12.256139030806814
28,11,0.16443346598154793,0.44990386884634537,0.39427812088675507,0.03867365820455433,0.23471054126549507,0.09490845526699966,0.00021701935532928,0.0003391904569525,0.1,0.6,0.8,15,5.814679982784786,10.844607325856948
28,12,0.1616599018233205,0.4452129064250084,0.389076017461249,0.042173213193363875,0.03577534298291435,0.09388061691055756,0.00018067658349747,0.00028457166224388,0.1,0.6,0.8,16,5.44823098112339,10.685637762218786
28,13,0.14053955908535873,0.40550462236302937,0.34480759500475466,0.030199622970363046,0.24281856468052296,0.09823730017865152,0.00023977694252887003,0.00050267099479194,0.1,0.6,0.8,17,4.688709304327804,4.420164090094003
28,14,0.13311001702436664,0.3931981113032524,0.3313976917099862,0.03550281810824107,0.06407259965442746,0.07416531885523517,0.00021239446191812,0.00035479471009999,0.1,0.6,0.8,18,4.624185557018863,4.413136047833676
28,15,0.12057825165579346,0.3635119164689446,0.29805030140720973,0.03222935117293222,0.10387033286123447,0.09987525458082394,0.00025317847695501,0.00050203066809925,0.1,0.6,0.8,20,3.996631742167208,3.641358842438151
28,16,0.11317314317800785,0.3478742204791852,0.28075564017689497,0.03579256981004208,0.0939972826533545,0.09099077149216625,0.00022512635827163,0.00041492863360643995,0.1,0.6,0.8,21,3.967296070840969,3.654078140540792
28,17,0.11280108423812003,0.3442518073916586,0.2764831596134271,0.03386548385111113,0.0455630253523204,0.10935037800826956,0.00027900292026799997,0.00074189040577634,0.1,0.6,0.8,22,2.3540227083719008,3.977592462636656
28,18,0.11681144023580588,0.35295446587230095,0.3006706516625578,0.07208470578928612,0.029659939164738573,0.08095945407692683,0.00280453319079114,0.011327552184203029,0.1,0.6,0.8,26,3.374935520120637,4.137887788864105
28,19,0.10284071704660638,0.33945858669483336,0.30186896147614906,0.06691148662406247,0.09511904291466074,0.10077602160696839,0.00027298412250203,0.00067538223177386,0.1,0.6,0.8,27,2.4790842686419765,3.634768128723648
28,20,0.11110285937668181,0.34285463574682795,0.29704163867730504,0.07779565780076281,0.021696538889278,0.08410297643463649,0.0028419077367670903,0.01137322002654651,0.1,0.6,0.8,28,3.022539449960506,3.70795914903368
28,21,0.10608596233409348,0.3277775796808863,0.272779862150695,0.07732915141559672,0.06919579086092882,0.08416423427428359,0.00245280651148835,0.00973952874278352,0.1,0.6,0.8,29,2.948711343652644,3.7636246773554793
28,22,0.096550203811515,0.3065288365850622,0.25677953997864356,0.07626879696767809,0.1668553048599714,0.08456605892463794,0.00246601786647914,0.00973188415120169,0.1,0.6,0.8,30,2.359457696938537,4.252013793203591
28,23,0.08275403661478711,0.2925250429155981,0.25749246957953975,0.06710806357860706,0.09211568184686575,0.08413193651375543,0.00023258983548606,0.0005042972050628101,0.1,0.6,0.8,31,2.6507658030109,5.709564908052085
28,24,0.08015341899577623,0.23398568946281068,0.17496014478838584,0.05664427508348248,0.4169512734411636,0.0943117593400902,0.00310942391720328,0.019962867772619262,0.1,0.6,0.8,32,1.9740430940050624,4.171587860386745
28,25,0.07982042293423523,0.24694468202543673,0.21236215534174435,0.11187330229846904,0.0278041249740184,0.09307451226801776,0.0031084393737729602,0.01994684163348612,0.1,0.6,0.8,38,1.992678403180317,4.372582133078595
28,26,0.07861106651599309,0.24286075542056193,0.20782881879704282,0.12223908922089477,0.0384729685259508,0.09187578842675112,0.00311637022963568,0.01995568669464714,0.1,0.6,0.8,40,1.831513972270986,3.934646850440565
28,27,0.06746555878342789,0.2063039024376958,0.1599008127614029,0.12440062523044826,0.050538654081992006,0.09458833402044427,0.00246193529917812,0.01552486945239585,0.1,0.6,0.8,46,2.216379785213026,4.289198607207237
28,28,0.06815901198503563,0.2226048029248693,0.2159574487881439,0.1806142254339945,0.030605294940478416,0.10784055113535469,0.00296470659855259,0.01745213628432378,0.1,0.6,0.8,60,2.133060847940644,4.478669001512452
28,29,0.06806106010253812,0.20855093369576244,0.1773576998606316,0.15659352465318882,0.02707273195540577,0.1074324334749757,0.00296424110409529,0.01744459139939687,0.1,0.6,0.8,62,2.116931106686593,4.48790367515794
28,30,0.06156811833355053,0.19146467480511303,0.15869738521167914,0.2172731644918251,0.04327563514485393,0.0774506641981191,0.00323918184142704,0.01704091258574331,0.1,0.6,0.8,66,2.282075722994777,3.985913924278597
28,31,0.06045768729180148,0.1863941886865309,0.1530426137259464,0.2075591670660376,0.03831396749524894,0.07838192074752287,0.00277378813392113,0.01739869247898428,0.1,0.6,0.8,68,2.2818518671624606,4.319623288386317
28,32,0.05775413801091169,0.17103656654734886,0.12833072560402548,0.184688480968059,0.043161837785954796,0.07536802172361656,0.00274256695378044,0.01740624695456688,0.1,0.6,0.8,71,2.1630542557622743,3.5291964529157256
28,33,0.057245462679960876,0.1726321885695029,0.13773693661936925,0.19604924903385884,0.03258051466059039,0.07667908364484374,0.00322530808928519,0.017145547799924547,0.1,0.6,0.8,73,2.178877378860225,3.4846514622202065
28,34,0.05690505863224328,0.16639575584107255,0.12313804785304226,0.19533946097264307,0.03295743880246625,0.07684855671266565,0.0032250466483565105,0.017163100943260078,0.1,0.6,0.8,74,2.165620968658762,3.4894955540727146
28,35,0.055593516698443826,0.1670855437176663,0.1316250337910539,0.2020730876109286,0.041977267606204516,0.08201166103760822,0.0034925331361575196,0.01559830457652997,0.1,0.6,0.8,75,2.1760589559335943,3.4125354813663424
28,36,0.0557084371590643,0.16175446453840356,0.11799693718918203,0.1938855821361197,0.025240257803756216,0.07477623182608682,0.00323950294057338,0.01713749425050756,0.1,0.6,0.8,78,2.501357877647687,3.042532120637822
28,37,0.055727414502385254,0.16319236157590222,0.12714905755748848,0.23433044132220204,0.028743321217001173,0.08387572127436585,0.00300940178151861,0.01730801213847227,0.1,0.6,0.8,83,2.1395804277911177,3.93077590853497
28,38,0.05226072160397786,0.14525946093166198,0.10714557316906224,0.2457490113310107,0.05078607989598,0.08736694249293345,0.00299396200504875,0.017371270217030173,0.1,0.6,0.8,87,2.2207267193325264,4.458372626573963
28,39,0.05013542243363038,0.1546853868602896,0.14829749167772158,0.2925937033887514,0.031117933451105147,0.08348586347553036,0.0030156976903475503,0.017359145639032212,0.1,0.6,0.8,94,2.230522900323771,3.1320091108205017
28,40,0.05011302096164978,0.14537852943432994,0.12263033667261819,0.2892095238705751,0.024352917291451046,0.08347086955760709,0.00301571261919569,0.01735977677666322,0.1,0.6,0.8,96,2.2305558004056354,3.1310182612454955
28,41,0.049508958656842766,0.14260552490970474,0.11955095835023538,0.28839100795188,0.03182522654425985,0.08266894725326382,0.00306047904495152,0.01734901926259725,0.1,0.6,0.8,98,2.2488693117955685,3.126129574611734
28,42,0.04914139002504842,0.16422530508327354,0.18189847218017927,0.38630307276397635,0.024480235902641857,0.08188703808238959,0.00308480441816855,0.01728485289656575,0.1,0.6,0.8,110,2.094930224133455,4.336617707576127
28,43,0.048132206898916605,0.1579393436019872,0.17486680256081655,0.4403388058520894,0.04365186248598403,0.08701659236208437,0.00247345280076039,0.01749340361034584,0.1,0.6,0.8,112,2.5381764238512505,4.800406719816542
28,44,0.046156226245034605,0.15752550025169304,0.18220718111472667,0.45567854213315817,0.04313332774721026,0.08560737489215547,0.0024705497774433803,0.016048270516676698,0.1,0.6,0.8,113,2.3827843981916788,5.345028816539071
29,0,0.7818649776943757,0.9266337024531478,0.9171730456460239,0.12941865148794773,0.010354827237144574,0.10202843179119203,9.244536902763e-05,0.00012064604576098999,0.1,0.6,0.8,1,17.303485609098654,29.46462435963484
29,1,0.5515171474213877,0.814189759869907,0.7919797345249693,0.10532257214104573,0.3357215586603059,0.10588085770824221,9.145051516974e-05,0.00011365325412741,0.1,0.6,0.8,3,12.195263774475269,21.854475246009628
29,2,0.4048560631531502,0.7213302474103002,0.6959859631433343,0.0866020197649287,0.30173641059169665,0.1274985883684841,0.00038376755133817,0.00045833781914383996,0.1,0.6,0.8,5,8.000381860619092,13.36926308019295
29,3,0.38970249811176266,0.7090008163342111,0.6824342555859362,0.08575870662905245,0.07416105066383384,0.11389327950212728,0.00027603317199192,0.00034807753016224,0.1,0.6,0.8,6,7.273661511970021,15.189757772833277
29,4,0.3284631963116004,0.6555071675838222,0.6231428019213036,0.07169694520313141,0.3051806153910454,0.09253487313609596,0.00024615687530763,0.0003067228437483,0.1,0.6,0.8,7,6.559654252583568,15.388288429621593
29,5,0.3130819021725149,0.6408362692736441,0.6067932678001811,0.0717828308022767,0.09582147560220976,0.09488834457585707,0.0002122606487738,0.00026795507007393,0.1,0.6,0.8,8,6.179405029261195,13.551013497629414
29,6,0.27790137614872046,0.6044754261731003,0.5665246006030312,0.06297338685071417,0.206490326720109,0.07631480603022131,0.00026077290498195,0.00032949883400883,0.1,0.6,0.8,9,5.172886292645127,12.703253807849324
29,7,0.23711663786065695,0.5572602532814375,0.5140923071365431,0.056166165677379934,0.13994669834632611,0.06638784711842478,0.00022666187420745002,0.00028723858379888,0.1,0.6,0.8,11,5.021690064896146,12.387062058312036
29,8,0.2090636242633469,0.515751064281187,0.46022028724138003,0.04947402307628894,0.1139386407837558,0.06944852374853483,0.00013465644486819998,0.00017197459875283,0.1,0.6,0.8,13,6.184713627455161,12.139459848954491
29,9,0.20861159735367704,0.5151525131279617,0.4595625763657559,0.05421171392853524,0.010104771631300183,0.06893720630264054,0.00012121992562022,0.00015187533307393,0.1,0.6,0.8,14,6.146904081040662,11.992469884279274
29,10,0.19137274288641798,0.49472765122749196,0.4444498944507931,0.05242008736810966,0.15326725776089076,0.07148492308870581,0.00014863301578636,0.00019021475542384,0.1,0.6,0.8,15,5.41904807412229,11.999079229952851
29,11,0.18838494472047787,0.49010935264752353,0.4392865510470115,0.05942234987170624,0.035359842170449664,0.07332179529424096,0.00016127925379651,0.0002067187580118,0.1,0.6,0.8,16,5.046729889596439,12.04270095304937
29,12,0.18119617179825256,0.483589420841667,0.43968328987958033,0.056311507060650696,0.0717028514196423,0.07297823201033207,0.00018899749231282998,0.00024061800788616,0.1,0.6,0.8,17,4.684501526363017,10.669965043368354
29,13,0.15702516533795208,0.439327288620861,0.38286152129860046,0.050753457319200196,0.11846178027645918,0.06479067947565047,0.00017438468241571002,0.00020657753309638,0.1,0.6,0.8,19,4.246029459088973,10.66629947401546
29,14,0.15709199749608144,0.4390765023613517,0.3825278313349879,0.059682398434437754,0.01145197422859626,0.0693794598850349,0.00016832189094539,0.00024009671875069001,0.1,0.6,0.8,20,4.27048734763985,10.645894528588938
29,15,0.14989513569780002,0.4307061863080227,0.38085796495144514,0.05364335171553522,0.08271656056610821,0.06953606768427353,0.00021946819823197,0.00027273077613005996,0.1,0.6,0.8,21,4.270338827786275,7.30119361123116
29,16,0.14734536022891878,0.42618314423587317,0.375851141752115,0.057870291307010685,0.03161887727188839,0.06727635779366391,0.00020960891904292,0.0002592977779082,0.1,0.6,0.8,22,4.0544185603672185,7.470230654432678
29,17,0.12054481380112486,0.3716455613095866,0.3150947979385325,0.04652957978810131,0.32436091446545723,0.071337177447759,0.00025338336878841,0.00033661857096139,0.1,0.6,0.8,23,3.0904080623627035,6.896141019084841
29,18,0.11689651562646376,0.36354374213532636,0.30607537341457175,0.050280858111888434,0.03096141731507587,0.07033017945977219,0.00030595567381315003,0.00044623397581525,0.1,0.6,0.8,25,3.140643266337956,6.767726605216406
29,19,0.11553779955343037,0.3606292790223368,0.3028441091326774,0.052069843139517666,0.02363663942998723,0.06975687444932753,0.00026791137333621,0.00040754601259341004,0.1,0.6,0.8,26,3.1220115488469,6.867588237349591
29,20,0.9224197743054501,1.1607114893287653,1.094309035233818,0.8756646650444766,0.8386192031494973,0.15788211549975423,0.00046424587428654,1.0,0.1,0.6,0.8,27,3.1555063051588736,7.001745309602185
29,21,0.919938925984322,1.145035113189028,1.0760487717456433,0.8704809605244224,0.954966051699127,0.2299751315446516,0.00043058914137073,1.0,0.1,0.6,0.8,28,2.689307664712594,6.427057673506861
29,22,0.8990941133503949,1.1055673414829228,1.0331262893111821,0.8623823000401335,0.9904673978950915,0.14062450405004281,0.0004956810841253,1.0,0.1,0.6,0.8,29,2.409802168910294,4.396315758557991
29,23,0.12902252028622563,0.33615286410083145,0.2711788277905024,0.1165814084552114,0.053812663510944096,0.07397564797604865,0.00034530769095476,0.048748444568974744,0.1,0.6,0.8,34,2.5800595330867115,4.804412684568014
29,24,0.8914840161351908,1.088060700267283,1.021229629110946,0.88696781215456,0.9095924188678692,0.14662442527642933,0.0004696126468169,1.0,0.1,0.6,0.8,35,2.3107025456905674,4.547901757321747
29,25,0.8809877489565701,1.0628188448212814,1.0008732513840313,0.8780880780361162,0.9822265993604191,0.13895054868556883,0.00051852589049924,1.0,0.1,0.6,0.8,36,1.837891861496481,4.336499122535287
29,26,0.8764807368320465,1.047846185059583,0.984178159703559,0.8807089914015722,0.9023121472706118,0.14172052714380837,0.00050509175577319,1.0,0.1,0.6,0.8,37,1.6725995739152597,4.078728996603886
29,27,0.06594241741307574,0.2391967966628262,0.19813503035256283,0.11059756268426515,0.018716189578657574,0.08372568001791977,0.00030632677766808997,0.00053356259397229,0.1,0.6,0.8,47,2.098226256998166,4.245350001611962
29,28,0.06590331067550086,0.24366080227515208,0.21075776686627357,0.12156897089010332,0.009370097944318721,0.08372568001791977,0.00030632677766808997,0.00053356259397229,0.1,0.6,0.8,49,2.0995004307708003,4.24202592095384
29,29,0.06286927804203662,0.22489305834196083,0.174605759669525,0.10013341978910859,0.02178248663925699,0.08061678314834077,0.00023815787060545997,0.00047195615081722003,0.1,0.6,0.8,53,1.9009958110045568,4.09868498427317
29,30,0.06620413061745746,0.23551098416629396,0.20127087293186302,0.17938001998071101,0.014574646109235187,0.0656375268842789,0.0013513158687195,0.006613577386141651,0.1,0.6,0.8,61,1.785291742652984,5.86581996395925
29,31,0.06746113537983589,0.23719768602288532,0.21047830053594208,0.1964946296532423,0.032184866196573896,0.07213920909648006,0.00139808728089736,0.00935150005572473,0.1,0.6,0.8,63,1.837474463272924,5.809286529378074
29,32,0.06560253416253448,0.2373799409474468,0.21843584679251007,0.20666723760314917,0.024808686643817045,0.07079092733739417,0.0012805346564501,0.008497644865279031,0.1,0.6,0.8,65,1.871806439741945,5.858684680988472
29,33,0.06727276627708105,0.2388151886032881,0.21983461350861527,0.21639063641373518,0.018266814449893927,0.07062520835988614,0.00125614650162548,0.01073495958741302,0.1,0.6,0.8,66,1.8364080702057204,5.988032632765395
29,34,0.059818865835733884,0.23293594554191727,0.2216597807614166,0.20890932567450124,0.034067484384987023,0.06559200134267433,0.00106915864086254,0.0036005076650862298,0.1,0.6,0.8,67,1.920975895479028,5.545677838288375
29,35,0.05951838321373404,0.23544286532896458,0.2320641097040612,0.21666003116156457,0.01746572689559392,0.06523044524170507,0.0010965790648244,0.004069933104530981,0.1,0.6,0.8,69,1.9334247626000456,5.5318043131726
29,36,0.0587326970977526,0.23655062163746346,0.24092907376217107,0.22802631034623316,0.021261550939571078,0.06531260855267551,0.00114964941088913,0.00426690272144807,0.1,0.6,0.8,71,1.8580464987313183,5.387607489474693
29,37,0.06497933857202126,0.2500291160088344,0.2779248720797147,0.3784850123350977,0.02148842555835404,0.0904882866717447,0.008029448947954359,0.006675783031680401,0.1,0.6,0.8,94,1.8927822418624067,4.714052417033436
29,38,0.06381739629969292,0.2575306617727912,0.3016930482712912,0.4125093298467335,0.018692133453640118,0.08373598167081155,0.00939110703478389,0.005278707491726891,0.1,0.6,0.8,99,1.896351667602192,4.720203037070349
29,39,0.06338441988280051,0.2796589672192169,0.3646253009930978,0.5027358583378491,0.01823382212352479,0.11949550630409016,0.00065275990169231,0.007010319375880041,0.1,0.6,0.8,113,1.867544780944293,4.976735031585944
29,40,0.06312528923344628,0.2830347441778729,0.3760287218873909,0.5301419912937363,0.020514529955277763,0.1216877167486817,0.0033945163928400398,0.00477228486270773,0.1,0.6,0.8,116,2.1301568944741853,5.400615849979088
29,41,0.060189623417734615,0.26725099380970485,0.36579851443568084,0.5356093299793511,0.08761693116601839,0.1345143007430213,0.00057620184523858,0.008790143075345081,0.1,0.6,0.8,118,2.125538493337592,5.008494492674394
29,42,0.05963241606378979,0.26572280979203283,0.3641262265934567,0.5491174368304425,0.027920107859821255,0.13348767326755342,0.0006062023477031001,0.0085799285693187,0.1,0.6,0.8,119,2.122048857071141,5.026360957363858
29,43,0.054378757152918844,0.2688003053594895,0.3834230751881103,0.5624278519808196,0.017779830607295603,0.11966426474013421,0.0006031897719811199,0.00408163457019852,0.1,0.6,0.8,122,2.1473961527768908,5.008334000149777
29,44,0.05603270450565931,0.25393443549705363,0.3436324209766816,0.5922689007523553,0.024932370355709714,0.11283867591926593,0.00248816135825739,0.00664084141646862,0.1,0.6,0.8,125,2.3012263659906376,5.393802482472308
29,45,0.051353725883818944,0.25791949510663387,0.3638866088624239,0.5780785301911541,0.017291346839264938,0.08118725787538844,0.0030307643886806,0.00454676574760436,0.1,0.6,0.8,126,2.295361121869916,5.092765014974162
29,46,0.054440388601020795,0.2528824836138307,0.35015643644941397,0.599875638739852,0.04425337535343615,0.11285553517281861,0.0031549589952219502,0.00569114725916016,0.1,0.6,0.8,127,2.335853235962095,4.927904235093575
29,47,0.05651482845445998,0.25018935028441547,0.34676438107422636,0.5964470142456539,0.033184354852254745,0.11287851626370729,0.00346077289075128,0.00982455235051656,0.1,0.6,0.8,130,2.1430464173142645,5.53340738333703
30,0,0.8941405501234148,0.9683632919862235,0.9724426161821368,0.13415729486586142,0.0,0.0,0.0,0.0,0.1,0.6,0.8,1,23.779070935152745,31.787767645164948
30,1,0.7778539998730001,0.9230150612216874,0.9135392687139733,0.12769918946216438,0.2816967117371808,0.06856530952957061,7.2517004905666365e-06,1.046172782243e-05,0.1,0.6,0.8,2,20.59329336396532,29.5843128399992
30,2,0.4986627479102837,0.7903844761637969,0.7719324405661573,0.10502975116898183,0.8950890584699824,0.19977268730591718,0.00079170692178841,0.0011954619897929,0.1,0.6,0.8,3,11.931823484360583,14.585460375552138
30,3,0.3696449698511564,0.6931294820669339,0.6641682509560329,0.07792785949162073,0.28499949893666215,0.16501446619292265,0.00036152927999308,0.00054313593362404,0.1,0.6,0.8,5,10.103891964858567,14.537544591742984
30,4,0.30886738284499365,0.6365212199029797,0.601527681975739,0.06692447034537784,0.16767484624882484,0.1344261632971781,0.0002680501944298,0.00040476305078772005,0.1,0.6,0.8,7,8.288371709175744,13.12955468562719
30,5,0.26585089371510556,0.590537730211351,0.5505470522487561,0.05933480454689887,0.1395303095053704,0.11767793245712783,0.00022384134765987998,0.00032842231191295,0.1,0.6,0.8,9,6.93048094700741,14.954403378266925
30,6,0.2661933540751802,0.5908754264742667,0.5508811730799764,0.06389489569846392,0.012714282386015135,0.121669206892392,0.00020356594099593,0.00030684371467066,0.1,0.6,0.8,10,7.070206885481834,14.4127793861737
30,7,0.22532629217727138,0.5407505782851728,0.49517990508613297,0.052117716902312386,0.2960193023734142,0.11412261274564961,0.00019685181030165997,0.0002838110300976,0.1,0.6,0.8,11,5.465382211554537,12.076004212497743
30,8,0.19708376171923783,0.5057503855248228,0.4638954938465974,0.049939568095380776,0.1252349437895477,0.11208786933400301,0.00022904927294197,0.00033056055655125,0.1,0.6,0.8,13,5.430258733094619,11.908439708657395
30,9,0.19651625297598796,0.5003269781144375,0.4502098976514496,0.051048951141136265,0.0160628872798465,0.11208299392587621,0.00020813742959004998,0.00029174606134765,0.1,0.6,0.8,14,5.479315191206942,12.014145993823991
30,10,0.179915841181482,0.47958480589680086,0.4348519284243047,0.04996953566904817,0.1531250570622303,0.10563566936122011,0.00020106239129792002,0.00028800376611421,0.1,0.6,0.8,15,4.15160734888007,10.412034376289604
30,11,0.17500221610549654,0.47145089648113475,0.42577284404677695,0.05270962201964244,0.05932112991520372,0.108147888240929,0.00018854908957111,0.00027135989249467,0.1,0.6,0.8,16,4.273074645357592,10.625385390638854
30,12,0.16281833051547065,0.45068585934658006,0.4026477381178237,0.04971221388164034,0.1315652348988894,0.10812281358419873,0.00025469844353924996,0.00037371247039277,0.1,0.6,0.8,17,5.148048033995535,8.995198300433756
30,13,0.13261061433391025,0.39247592263431785,0.3377883953696915,0.04003113109279231,0.18137105415702026,0.11446907679454901,0.00029150339579779003,0.00034533000372852,0.1,0.6,0.8,19,4.892352913627544,9.656424655120652
30,14,0.11276192704910695,0.3517766779293276,0.2927633572848096,0.04196803700163839,0.08325582317235682,0.0906153134195408,0.00024678359507351,0.00033549371298644004,0.1,0.6,0.8,22,3.4181589399289423,7.037419185208172
30,15,0.10869694228069673,0.3409057973518109,0.2805754670476042,0.03986105981412468,0.07658807178727005,0.09722189873431432,0.00028997928811516,0.00045673212338018,0.1,0.6,0.8,23,2.893065638703235,5.9352468101824005
30,16,0.10130538064135983,0.3230366941587992,0.26072066310326975,0.04065268994954294,0.11128356752652972,0.09486371482192853,0.00026653921919791003,0.00039831439449366,0.1,0.6,0.8,24,2.7485922039816213,5.94235585663196
30,17,0.09864382899737692,0.31627204018988886,0.2531979438728212,0.04191806769745802,0.04850116489216204,0.09452373145003362,0.00025402650138145,0.00038167226989946,0.1,0.6,0.8,25,2.9492305985848573,6.186837758873384
30,18,0.09657503228153869,0.311290122885707,0.24768100863570225,0.0435533018477696,0.03707821467609189,0.09291894429420856,0.00022523960113185002,0.00029387189419823,0.1,0.6,0.8,26,2.801105938117522,6.366608837689692
30,19,0.09533785373102491,0.3127945662108503,0.25702285914209955,0.04879702972220055,0.026631168390121404,0.0911117880670002,0.00024143623536669002,0.00036324272053252997,0.1,0.6,0.8,27,2.788907020106427,6.151725833517471
30,20,0.08079162535178441,0.27026938791041333,0.20959537802446068,0.04743851787021634,0.13597911221860629,0.09745241471809953,0.00031252586325181,0.00058851345370527,0.1,0.6,0.8,29,2.477839073130535,4.40143372031091
30,21,0.07671721068534659,0.26208544780329573,0.20814093445144763,0.053683039100564246,0.04651965722063071,0.09745241471809953,0.00031252586325181,0.00058851345370527,0.1,0.6,0.8,31,2.4026654774484504,4.007372544474666
30,22,0.07216813084211464,0.24765385610682006,0.192085557989441,0.05610835583433626,0.09310965828016728,0.09700848675778272,0.00029988265184027003,0.00057553854332366,0.1,0.6,0.8,32,2.1513557088829165,3.719111619818594
30,23,0.07157099575463674,0.25050416285097593,0.2029225019001099,0.05904832870792505,0.019816659117436856,0.09701862061236369,0.00026043609154495,0.0004904238711953499,0.1,0.6,0.8,33,2.170716058016798,4.21063203590074
30,24,0.06523066242713568,0.22921004446946053,0.17923223921506615,0.05958171734196244,0.13228970778012392,0.09566593552240744,0.00028460382764281,0.00052942700928103,0.1,0.6,0.8,34,2.0780104451950825,3.806937700682777
30,25,0.06481338951510186,0.23252459855374846,0.19058380932431343,0.07667613789685994,0.012420028456909118,0.09490772977874508,0.00028707271378443003,0.00053338477673571,0.1,0.6,0.8,37,2.1036791475297303,3.7183892137666814
30,26,0.06296775333586932,0.23089922037871813,0.19644315075852026,0.08831487691419238,0.045101965375571776,0.0945665125612572,0.00024744558857865,0.00044965242011065003,0.1,0.6,0.8,38,2.040213774214964,4.115548495188151
30,27,0.058129976689179234,0.21032801403288462,0.16596639931590287,0.1325694678189483,0.017338159390921506,0.0890709702630905,0.00020033404169703,0.00035933607401702003,0.1,0.6,0.8,49,2.8806914712481686,6.420733236474486
30,28,0.058435558291487555,0.20565188301389803,0.1605248556652858,0.14051944384449172,0.050425185844604925,0.10057880310276639,0.00036940418616133997,0.00141540156156878,0.1,0.6,0.8,50,2.823874696817438,6.4234116838231134
30,29,0.05451369950629938,0.2016855616806835,0.16402405809032017,0.1403029942648844,0.04523975082380266,0.08698676753023743,0.00020407244541299,0.0003699133771243,0.1,0.6,0.8,51,2.62474017222411,5.5638624532419065
30,30,0.05665832748162676,0.19800230331294558,0.1519800091985004,0.15399623601580867,0.021200101117755336,0.10363780932075486,0.00034819452741268,0.00139071201007982,0.1,0.6,0.8,52,3.025237941927978,6.268088998725086
30,31,0.05462590729872167,0.19665221886532705,0.1582108333005944,0.17136572203517536,0.026104944569867575,0.0997542341904702,0.00032450690462172,0.0010190283157780699,0.1,0.6,0.8,54,2.942313249960485,6.273771684167105
30,32,0.05633541598079324,0.21189704737975001,0.19793811440544076,0.2047474379967811,0.013120880994184188,0.11832809472657069,0.00022986430140912,0.00101577697742971,0.1,0.6,0.8,60,2.3833919116028173,4.925845003149199
30,33,0.05438932030590183,0.20426340244986277,0.18944880658099472,0.21039769063029234,0.056333158289997944,0.11782284755951491,0.000219045206776,0.00100914121947517,0.1,0.6,0.8,61,2.573154821301654,5.231368120858072
30,34,0.049984580310298315,0.18698627069417775,0.1552742652396657,0.18614413951522865,0.03750658281748734,0.09100875262843004,0.00022947835330107001,0.00033150121058314,0.1,0.6,0.8,62,2.3385883054651613,5.228492451333668
30,35,0.0557882146511509,0.20300884332660582,0.19528628092156178,0.22818759956566487,0.023231363658893715,0.12737095508827395,0.00031449425938252,0.0043961734596846295,0.1,0.6,0.8,66,2.572802497894675,4.943638164759491
30,36,0.04794713679005048,0.19626034884548726,0.19619219771419227,0.25294335866024364,0.01852650415087669,0.09191292083108275,0.00026776898920433,0.00042794132075195,0.1,0.6,0.8,69,2.420837312659464,4.6185462950314
30,37,0.046392140312270326,0.19021202771052417,0.189481101052547,0.2596146456772922,0.02640167515079946,0.0900601752710328,0.00026934878917897,0.00042917527382494,0.1,0.6,0.8,71,2.4974137878324725,4.666089160644503
30,38,0.046203935524977216,0.18447611054238605,0.17543158819449237,0.26786981085567035,0.011985016307015107,0.09168759115727676,0.00025171634472054,0.00036170300737471,0.1,0.6,0.8,74,2.631658744927181,5.17141633232468
30,39,0.0462572061838987,0.17977614676380566,0.1625347380046656,0.27218014693852494,0.010869561529399722,0.0925311021561615,0.00025911028171036,0.0003754602082161,0.1,0.6,0.8,75,2.6535746735942967,5.017677458732647
30,40,0.04590368261814546,0.18251292215888545,0.17322427975988028,0.2759617248562853,0.02109507160371515,0.09354257581256524,0.00025721294931542,0.00037250644656638,0.1,0.6,0.8,76,2.619558304193327,4.960107715067391
30,41,0.044586019275561474,0.18730905445532114,0.19391687825025883,0.2701813226385248,0.03240066247458061,0.08927669186191438,0.00025567463386287,0.00039880789449356997,0.1,0.6,0.8,77,2.4183162861999548,4.785932187459862
30,42,0.043603321150983275,0.17611656516777238,0.17373286552234155,0.2730117775575219,0.030875722759121562,0.09003160720751538,0.00025911926925569,0.00110301304880169,0.1,0.6,0.8,79,2.4523959040946006,4.8789791743226685
30,43,0.04201606262524209,0.17551724496872156,0.180783985651955,0.2839288768214423,0.022819413535904276,0.08998493904917061,0.0002587644269168,0.00040224719482089,0.1,0.6,0.8,81,2.449068641521188,4.882266890495719
30,44,0.041304569148587426,0.17266866170134823,0.17762635486073555,0.2915528203269466,0.025139095385946015,0.08874996527580259,0.00025729321596112997,0.00041521468734182003,0.1,0.6,0.8,82,2.265792561670878,4.7738611833984805
30,45,0.0408736041283962,0.16993173956433127,0.17455700452955852,0.3036830436330333,0.018041412472941575,0.09076105795278108,0.00026099999744831,0.00041796618971840004,0.1,0.6,0.8,84,2.355772371936273,4.808494836778957
30,46,0.891022210820559,1.0141540578320547,1.0104143581823588,1.157969885084463,0.8698043275770174,0.5990551886151537,0.00028816717079734,1.0,0.1,0.6,0.8,85,2.360710290230361,5.054859328386227
30,47,0.04416298258288373,0.1640209223044302,0.1598113716482627,0.3229588326087414,0.02607348316043005,0.10040590074076308,0.00026118759890294,0.00488380648574364,0.1,0.6,0.8,87,2.3717056206330045,4.951590951837024
30,48,0.03919361568182943,0.16238288979310028,0.1661655714874901,0.3312452904085581,0.014105160345059755,0.0888996222221382,0.00029022797507461003,0.0005130269736301799,0.1,0.6,0.8,89,2.552651408394136,4.945545850733573
30,49,0.039350233373078455,0.1664255129367061,0.17828029609862517,0.34471533099242774,0.012423003177766697,0.0888539567104164,0.00029319207532909,0.00094987576606472,0.1,0.6,0.8,91,2.5420393216829527,4.903478531050176
30,50,0.8469030668325982,0.9607025690339772,0.9631471237435115,1.151943428519301,0.8826389507910198,0.19496396432304383,0.0002317925365631,1.0,0.1,0.6,0.8,92,2.8126279680669555,5.162348615921143
30,51,0.036006911538415565,0.15311008310022817,0.17106886834203455,0.3800537385176636,0.05274496044076938,0.09768163946424406,0.00036839287390879,0.00029438412170979,0.1,0.6,0.8,93,2.231238054401397,6.071898279275399
30,52,0.034994400511050655,0.15233824257519177,0.17785737311457953,0.4011316614121434,0.020709403579203,0.09831569361710334,0.00035643841180940997,0.00029851467765651,0.1,0.6,0.8,96,2.1575609190092013,5.989266339820266
30,53,0.033006160919223954,0.1385797150760182,0.15492031237541837,0.4072937651403333,0.06121979694600847,0.09497419515975009,0.00044028515122695,0.00031606734991931,0.1,0.6,0.8,97,2.532399926009639,6.014331783998882
30,54,0.03244784707306918,0.14035999544392844,0.1645591346007427,0.3886068531900272,0.02606297201070488,0.09470699798196168,0.0004400699051972,0.00031458740711792,0.1,0.6,0.8,98,2.527928094903481,5.868453854146704
30,55,0.03234893756526648,0.1398190898237904,0.163956637469288,0.3929270339551788,0.013130026459879478,0.09480997369696773,0.00043701197284951,0.0003091700542914,0.1,0.6,0.8,99,2.5488224489053866,5.905558673724016
30,56,0.031463173139552894,0.1351918505889113,0.15880901560454014,0.41395963386671114,0.023234097248413143,0.09457333647898472,0.00043373142921018,0.00031420255070486,0.1,0.6,0.8,101,2.4893485212727144,5.934421648326068
30,57,0.029976538221214804,0.12649227272576674,0.1491106478603733,0.4523726933266351,0.02283653654559886,0.09650134143426532,0.00039480779981393996,0.00027634674223967,0.1,0.6,0.8,105,2.7400561144557187,6.103861572417404
30,58,0.028674685137458186,0.12633526631042494,0.1566512840416375,0.5777637366616127,0.0104348991519568,0.09171425475113933,0.00023951583702657,0.00031507310363004,0.1,0.6,0.8,133,3.1279101071822426,5.91662748568587
30,59,0.027449299131906912,0.1190723411506135,0.14855907405928573,0.5911443028799743,0.0307715190625005,0.09224348741079617,0.0002586852818514,0.00032921840564507,0.1,0.6,0.8,135,3.304722868509825,5.638579279911829
30,60,0.0273855599151592,0.11769285519166912,0.14699937161432503,0.5909159641860942,0.019061674024963348,0.09425224713946628,0.00026220473682408,0.00034535209336305,0.1,0.6,0.8,136,3.253196246174737,5.498281868153917
30,61,0.026648242537990283,0.11421826076658681,0.14315038106668962,0.5987598419830263,0.02876393198944323,0.09272086855693552,0.00025947765241849,0.00033614788816321,0.1,0.6,0.8,137,3.337185185666548,5.626467999449263
30,62,0.026373659865635134,0.11274515116623383,0.1415135407641533,0.6072722183709504,0.013859378799321318,0.09270434146045532,0.00024434306668596,0.00031984209912651,0.1,0.6,0.8,139,3.010866667010199,5.402405436120503
30,63,0.02617855229459107,0.11603048902644605,0.15282018919687992,0.6224156389749017,0.013602153212784499,0.09304741006256262,0.00024293602840802002,0.00032438576790066,0.1,0.6,0.8,141,3.084151082946808,5.437390921528154
30,64,0.02546029266000658,0.10729446294033024,0.13544466252364135,0.6302569769441271,0.021546014051768588,0.09296645135456284,0.00021401274309913,0.00033518963613574,0.1,0.6,0.8,143,3.084966113777859,5.483551795528072
30,65,0.024728133664619716,0.09988138491362698,0.11957180330956399,0.6271297653082409,0.024650795741814186,0.09057480690044192,0.00023395553808838,0.00026220088249052,0.1,0.6,0.8,144,2.63040155741876,4.799388542307356
30,66,0.023079736702851954,0.09321673035792002,0.11978202404672778,0.6443088524957341,0.03148988582653755,0.09265550861839597,0.000246807079125,0.00028318210808085003,0.1,0.6,0.8,147,2.9695639297151164,5.480149932403408
30,67,0.02168228587667398,0.09089699623138084,0.12489277447760498,0.6826044942601435,0.028250590460945153,0.08944725143099111,0.00024324994208933999,0.00026376694686373,0.1,0.6,0.8,149,3.258897452851908,5.8269955295954645
30,68,0.021660068142249973,0.09503441790668095,0.13714516644316727,0.712053087373844,0.010869467726493892,0.08992332429643143,0.00023482163570158,0.00028695686899699003,0.1,0.6,0.8,151,3.2597296591190488,5.690953993789264
30,69,0.02155793424133574,0.0898533070778826,0.1237255472351267,0.6961009139301024,0.012634775322926284,0.08990125301087737,0.00024391277936171998,0.00026853002789856996,0.1,0.6,0.8,152,3.160856957922713,5.989680883414451
30,70,0.021108198727349686,0.08755465183646265,0.12117864657693249,0.6886553343772015,0.013467843363127455,0.08905499191371018,0.00023472617012316,0.00025393550863656,0.1,0.6,0.8,155,3.000842309953988,5.303700635756115
30,71,0.019819289042857742,0.07433603477957183,0.09880465317545688,0.6900905937357255,0.03432393514719601,0.08937795584057937,0.00026860938562794,0.00026857351161912004,0.1,0.6,0.8,157,3.406739355562045,6.779537011615568
30,72,0.018419890305278103,0.0687046462217382,0.1001712155820997,0.6901420691779412,0.06944401946495973,0.09104680456773684,0.00028152062159078996,0.00027209317667969003,0.1,0.6,0.8,158,3.467207347764942,6.232707468883943
30,73,0.018034903890948625,0.062163360180011465,0.08524913230409,0.7045997761098727,0.012890184701212972,0.09002253067994476,0.00026766968132933,0.00026941293289343,0.1,0.6,0.8,161,3.323647119719622,6.611738950568361
30,74,0.017621224755575666,0.09616229876867745,0.18432467316962423,0.6725318787959453,0.025482892112523085,0.09004013607632654,0.00026407353856995,0.0002692574025866,0.1,0.6,0.8,162,3.29715055451024,6.561546904893202
30,75,0.017667262001471708,0.07314078226826427,0.12042356305978462,0.7851726618964833,0.009495419049959267,0.0908063904387795,0.00025513685314885,0.00025288201544659,0.1,0.6,0.8,170,3.390916792438215,6.407374616415735
30,76,0.017392317335808174,0.06588275241507735,0.10467586209169365,0.7770116618413331,0.025657813903689895,0.09210797076105588,0.00026000813721839,0.00025435056341933,0.1,0.6,0.8,171,3.4982190110884788,6.5725927232353705
30,77,0.01674113525755847,0.07115094955300655,0.12585872955236704,0.8091394653062363,0.031572416180745216,0.0910536594707025,0.00026034591777369996,0.00026759710800429,0.1,0.6,0.8,172,3.301610449625672,6.114029836699038
30,78,0.016322456585049265,0.05917477391523202,0.09722316055345032,0.784140160009733,0.025317710411636798,0.09081183326966984,0.00026374584420063,0.00026657170474664,0.1,0.6,0.8,173,3.156325636715493,6.438613911436457
30,79,0.016295835501214467,0.05902900016996577,0.09706161281267306,0.7886416288237211,0.010246690991375393,0.09074147867182988,0.00026359770538169,0.0002670484923585,0.1,0.6,0.8,174,3.179632066295875,6.441580052714361
30,80,0.015400973472095377,0.05147279115149873,0.0886287507268485,0.7866687652549281,0.03199308393185501,0.09273250183572315,0.00026408514404489,0.00027057593565672,0.1,0.6,0.8,176,3.3476049263480925,6.427222911820428
