Run,Equation_Index,Hybrid_MSE_Train,Hybrid_AIC_Train,Hybrid_BIC_Train,Hybrid_MDL_Train,Hybrid_PSM_Train,Extrapolation_Divergence,Sensitivity_Interpolation,Sensitivity_Extrapolation,Lambda1,Lambda2,Lambda3,Complexity,MSE_Test_Interpolation,MSE_Test_Extrapolation
1,0,0.8469216453057813,0.9583185292800979,0.9513955319246646,0.14494417647703492,0.01958263045243445,0.09757868222658594,8.861105154716001e-05,0.00013727376188964,0.2,0.6,0.1,1,13.089856425920146,29.46462435963484
1,1,0.5765550316806537,0.842116861126884,0.8283396344600071,0.12699067477686288,0.4147568621473341,0.1557382141956265,0.0008563261527664799,0.00110040812941802,0.2,0.6,0.1,3,6.892321886701513,14.276639369627066
1,2,0.4295567677499683,0.7426793111053518,0.7186210912887202,0.09976815040843266,0.28579415577840744,0.11339002594220635,0.0008749652230058899,0.00111711021235485,0.2,0.6,0.1,5,6.719644286110709,16.46563854205786
1,3,0.41783468644669947,0.7332464114708703,0.7083688280271746,0.09925784783413781,0.06307151054281769,0.10380001368906189,0.00052979649281057,0.0005485372661893,0.2,0.6,0.1,6,5.971136928207853,15.332833167123203
1,4,0.36105342988572586,0.6862689959850377,0.6560745003426822,0.08613383035611571,0.2918193935422688,0.10252984042705596,0.0009591813281754,0.00124935577194047,0.2,0.6,0.1,7,6.454015167677085,15.016053914465123
1,5,0.360510479022786,0.6858264247128364,0.6556111676394748,0.09239774306841678,0.022396350062204213,0.10122903153660183,0.0009652291703853,0.00122213144499778,0.2,0.6,0.1,8,4.665617321569218,14.681124910992857
1,6,0.32424293335739607,0.6518490750750598,0.6180801273385346,0.08372219675343409,0.19894154349889376,0.08956574450197843,0.00070508042356591,0.0008208965851672099,0.2,0.6,0.1,9,4.58424092106464,11.59332880730974
1,7,0.29431447762819046,0.6215028688572003,0.5844004744076681,0.07896382196200188,0.18784556897020344,0.08402897597757193,0.0010494452755548099,0.0013543770045834,0.2,0.6,0.1,10,4.727096961082463,12.65492177522426
1,8,0.2834974724291499,0.6049802406821512,0.5581446475363618,0.0759103013317317,0.09869341760432417,0.09465487890225435,0.00071400197261502,0.0008602172130327201,0.2,0.6,0.1,11,4.504053104038573,13.380889710899057
1,9,0.240932274223317,0.5589132755512957,0.5145097008012813,0.07137545803412393,0.16619592791184898,0.09431783734224289,0.00101141953505511,0.0012169457778959,0.2,0.6,0.1,13,3.679845970546298,11.80882354995702
1,10,0.2056008073514988,0.5100870762037961,0.4601230348333442,0.06581217238614102,0.16215238285895361,0.09582524475514752,0.0011181843668461098,0.00136482518156153,0.2,0.6,0.1,15,3.6446842274705857,10.4457528141161
1,11,0.19731545557339222,0.5017988808953724,0.4585557814534243,0.07029056350692711,0.05599720732420507,0.09573857766279924,0.0011025576641503,0.0013459311089894601,0.2,0.6,0.1,17,3.826793397795948,10.885958459678807
1,12,0.18947341009986476,0.48563843756025665,0.43306204330174836,0.06983478570786938,0.07771560026500116,0.08887672483292638,0.00121723833563882,0.0013625490977875999,0.2,0.6,0.1,18,3.552239324762595,7.428283940322431
1,13,0.1757321859590031,0.4573594547481385,0.39376349760783264,0.06722828354000306,0.0926714365970344,0.09651914150283533,0.00115678971730808,0.00145167444091437,0.2,0.6,0.1,20,3.847001797011548,9.54078295323976
1,14,0.1542468409500285,0.4276264968969835,0.3759901812479799,0.08578971442839467,0.13188634751203526,0.09524079340017624,0.0014010556697272802,0.00156713565281562,0.2,0.6,0.1,22,4.063094923041829,7.896751754657279
1,15,0.15351656996063257,0.42579295557719304,0.37389810255422545,0.07703200422602789,0.033683508391057465,0.09789753652568009,0.0012821109579064301,0.00151970610190271,0.2,0.6,0.1,23,3.880179439669651,8.01640706266584
1,16,0.15335361116364465,0.4300687257099504,0.3863104846403431,0.07963054325244232,0.022422722901080695,0.09791372798455704,0.0012889681380372799,0.0015303290535106698,0.2,0.6,0.1,24,3.898173275017335,8.042270442988439
1,17,0.153093558872631,0.4295457278640981,0.3857261842898971,0.09826367546371852,0.02209086936297624,0.09651889108190176,0.00170035009763769,0.00204681256963305,0.2,0.6,0.1,26,3.5082505103591743,9.415724039235696
1,18,0.1409085641099094,0.40390232431276096,0.3570702341362705,0.10228536277900634,0.17512535421075584,0.10180414212330591,0.00168074893784627,0.00175518739227459,0.2,0.6,0.1,27,3.712263873771877,7.99624039378768
1,19,0.1354234353623485,0.3980859867273348,0.3583779396117976,0.09157042871328837,0.07392830900335443,0.09612984744996902,0.00167617355954368,0.0018818108254040102,0.2,0.6,0.1,28,3.6926766499075794,8.270085022765517
1,20,0.1197527943741758,0.3612306935247558,0.30991591551027653,0.08868988459915803,0.10836988216411335,0.0871812654328808,0.00158560704424363,0.0015474347414658998,0.2,0.6,0.1,30,3.230469356316984,7.5538373189807535
1,21,0.10346522617512104,0.3237696440889694,0.27585536000307725,0.10793518087331073,0.04857085061736747,0.08709601225706129,0.00181014177835969,0.0021863921846881898,0.2,0.6,0.1,38,2.627058946473026,5.193526983530653
1,22,0.10220141406158967,0.3242671499649212,0.2840182189611865,0.11771331732796009,0.032041894962144594,0.08927464326625163,0.0017632966758932798,0.00211113134675632,0.2,0.6,0.1,40,2.6344347769799805,4.767959192257015
1,23,0.09624170590442244,0.30936470037382857,0.26753441743377127,0.1199729009729692,0.09880670512271235,0.08484241439699639,0.00173096191074293,0.0020798800928277903,0.2,0.6,0.1,41,2.381405857179218,4.813190745738976
1,24,0.09553538108759305,0.3178667217877925,0.2997600863253676,0.17913884704011548,0.025082961354433858,0.0943272952107032,0.00149688862095264,0.00222167196185028,0.2,0.6,0.1,49,2.367184624885653,5.476973277932091
1,25,0.08495933180429911,0.28357606458097606,0.254062351665971,0.17395885268102323,0.18364478735710446,0.08829680038329003,0.00166142516659609,0.00248798037906935,0.2,0.6,0.1,50,2.4962125596578826,4.741040343297204
1,26,0.08290042658976028,0.2813331996678783,0.25920455758600996,0.18359214605017307,0.0391545523196,0.08910355218419734,0.00163448341332555,0.00243431691357614,0.2,0.6,0.1,52,2.481109951483433,4.891780412097967
1,27,0.08162960531074066,0.277552788797286,0.2550128485271558,0.18641950652880052,0.03990582047843776,0.08839441964250637,0.0016382841902235798,0.00242353346416714,0.2,0.6,0.1,53,2.5482266712434254,4.6411422500175865
1,28,0.08309634764127671,0.27326415182616787,0.24236132449149828,0.18034866843032904,0.030527843151516094,0.09720192926802942,0.00180274567925825,0.00363750892251274,0.2,0.6,0.1,54,2.759996141592307,4.744592938397721
1,29,0.08144089853203335,0.2807180012656773,0.26614938987863174,0.20540694757482195,0.019575313726674783,0.09032085247526143,0.00160593912524668,0.00235804068886494,0.2,0.6,0.1,56,2.49706878194218,5.353201094155955
1,30,0.08216786685494627,0.27912786607917695,0.26418237310514703,0.2109946032994553,0.03061526816127553,0.09879419886940516,0.0016527071174790402,0.0025799441142721103,0.2,0.6,0.1,58,2.877951231506179,5.551683530681658
1,31,0.07529183105828689,0.25374952798203737,0.2284013525211642,0.20824458560270456,0.13357875442429049,0.09369595036237945,0.00160372188380822,0.0025010949018293297,0.2,0.6,0.1,59,2.8699314271433005,5.9893273945044125
1,32,0.07488162765545056,0.2532785463620953,0.22792101945760088,0.2079826579468676,0.020016509974248725,0.09224243836888268,0.00149208927770824,0.0022011604053390798,0.2,0.6,0.1,60,2.8139138757139976,6.234806530901827
1,33,0.0659423207750622,0.224580773375186,0.19614298966292437,0.2108603631147618,0.17514656975365284,0.08433402090866206,0.00166028164899829,0.00262348111019478,0.2,0.6,0.1,61,3.02793648882702,5.806231574565619
1,34,0.06510202356874664,0.252514280776556,0.280769957849102,0.446867059889732,0.01913242995550185,0.08502921979777282,0.00211208364025118,0.0023496091499620097,0.2,0.6,0.1,104,3.1403113033547485,7.078077206323661
1,35,0.06286232072830565,0.24373922820387556,0.2710009252977207,0.458578775284994,0.043840222963053635,0.08517117227636359,0.00211074470790133,0.00228389995178744,0.2,0.6,0.1,106,3.373579616850154,7.082228823054459
1,36,0.06331851899717067,0.25331653007538846,0.29691471719048884,0.49617401071994527,0.01910320484108836,0.08772569386460696,0.0020562950834961302,0.00231008947357085,0.2,0.6,0.1,112,2.9238390020606446,7.044888372749534
1,37,0.06170069176342458,0.24682100158348066,0.289682720530577,0.4951815865657789,0.05657987157838281,0.0845809897561125,0.00298470491546903,0.00323928047770446,0.2,0.6,0.1,113,3.366868293296837,7.021486146787641
1,38,0.05819755516211206,0.23247208902628091,0.27371309988110054,0.5179709353395742,0.06035054376028656,0.08477622454000434,0.0029459503074293703,0.00302837860423707,0.2,0.6,0.1,115,3.363858811695135,7.413102752164208
1,39,0.05922763631236232,0.23734765766718954,0.2866508388933919,0.5332945435903701,0.026003855880894596,0.09179484729179296,0.00277765910043417,0.0026646960760779203,0.2,0.6,0.1,116,3.379798068395775,7.065540051105257
1,40,0.059104785503577534,0.2366728353497054,0.2858939798919715,0.5376515150666222,0.024542217505196667,0.09184867530597228,0.0028246851314937703,0.0027792837091555602,0.2,0.6,0.1,117,3.266631110898093,7.136071742926869
1,41,0.05874223243354256,0.23511445751927013,0.28415910963309843,0.5327032813017883,0.029272742372038894,0.09185771907421764,0.00282871309778913,0.0027821122817914797,0.2,0.6,0.1,118,3.274143603291616,6.93481093613362
1,42,0.058630196953103085,0.23941543423643555,0.29660659638650505,0.5650957960415656,0.021683888021004804,0.09179484721699047,0.00277765910093267,0.00266469608237547,0.2,0.6,0.1,119,3.372350626702615,6.901477469880719
1,43,0.05957123563944868,0.21787646516968753,0.24176886712756132,0.5253302836066497,0.030159805109092316,0.09274838725524263,0.0043580864999794595,0.01317821658406577,0.2,0.6,0.1,123,3.2288884355293064,6.137743649650901
1,44,0.06002089762267028,0.22657657664372352,0.2666774121217146,0.5714068552146765,0.025590456724411344,0.09129819330066499,0.006528298310373939,0.01041995941528807,0.2,0.6,0.1,126,3.328413482168646,6.442729618361394
1,45,0.06104452394642488,0.23208964033209378,0.2803484288635229,0.5829105235131625,0.025097515744147356,0.0946775320849758,0.00714637613566655,0.01052059601654007,0.2,0.6,0.1,127,3.3314287535310583,6.46739453028088
1,46,0.06053390166295114,0.2302957179965208,0.2783659790291318,0.5823176094226598,0.033762633928641206,0.09394612454126475,0.00717630073551771,0.010551849130081729,0.2,0.6,0.1,128,3.315168673745676,6.514712592329953
1,47,0.0594528554719704,0.22425350563271465,0.2640965667171364,0.5795818932719626,0.0258837292677536,0.09047248312598394,0.00670334158308762,0.01060802949882212,0.2,0.6,0.1,129,3.1702966374865404,6.3673199233383215
1,48,0.055219124586300156,0.22437563269555333,0.2723570521577808,0.5930842035268618,0.0199377236233003,0.0873573514951799,0.00215853381287457,0.00250466783908912,0.2,0.6,0.1,131,3.213143025135268,7.220308707387182
1,49,0.05836298773135851,0.21709813598481337,0.2485520681744489,0.6157801269472781,0.024349140638226886,0.09188124295640429,0.00610539264597711,0.00484686210076625,0.2,0.6,0.1,136,3.2045506495048244,6.797802320408979
1,50,0.056080461901729675,0.21637156070671462,0.255554421728919,0.6420217455146607,0.03248239664430731,0.08480908867441025,0.00605883558484749,0.0054048311906584896,0.2,0.6,0.1,138,3.405814145692254,6.768189026444627
1,51,0.056290611849782006,0.21264535253638409,0.2512546775991199,0.6526917160187556,0.051721022651094246,0.09113687660799283,0.00610621803766021,0.005957203632453,0.2,0.6,0.1,139,2.9142494801417413,6.895359264024465
1,52,0.055118205124990674,0.21491569164955412,0.2615311122961178,0.6514329053035155,0.03021155609197067,0.08806308747541972,0.00591626462328604,0.0048263224573158,0.2,0.6,0.1,140,2.9789796723317474,6.766438578934634
1,53,0.05497562050982028,0.21439784074226118,0.26095866385342703,0.6664864552426678,0.02438732854095538,0.08786547798239797,0.00592165952584507,0.00483217642183609,0.2,0.6,0.1,141,2.963925024547488,6.672962371847732
1,54,0.05248126123809882,0.2075047573171582,0.26093989999253175,0.5343683619916548,0.08787783501925331,0.0879259878413424,0.0054880910948669,0.00741569965370117,0.2,0.6,0.1,142,3.345523754515208,7.00993879745841
1,55,0.05282584279394662,0.21949292082275335,0.29714070167426526,0.7124335828611591,0.024125512601968786,0.09430996003689184,0.00535845770303542,0.00470995323534008,0.2,0.6,0.1,152,3.394146804450976,6.942523132490615
1,56,0.04902138387823669,0.20629676849369183,0.2675687502540917,0.8620111111610811,0.019081341943526176,0.07940765624908294,0.00432409205418631,0.00319562596567454,0.2,0.6,0.1,170,3.2373113035351864,6.707212881581091
1,57,0.051893448011185575,0.21244522442816233,0.2817016667152542,0.8720732755339589,0.027956092378264425,0.09089989835703728,0.00569041745293594,0.00428583385088257,0.2,0.6,0.1,171,3.047722160958206,6.985758553333455
1,58,0.05034708662200293,0.20693445702880983,0.27562413107399986,0.8936244514733097,0.031179594621016406,0.08874939734255158,0.0057545106931761,0.00324957164264533,0.2,0.6,0.1,174,2.8639486621617527,6.682602735838602
1,59,0.0495460910474571,0.22394006070052838,0.32524169715128914,1.0186938578229627,0.021083216904294308,0.08765672066150607,0.00486372949927483,0.00432053214224298,0.2,0.6,0.1,195,2.8104686199952864,6.646772554198771
2,0,0.8773923038922229,0.9704767171573088,0.9648337266673378,0.1489436348372593,0.020413139150765324,0.10173320939439785,8.792394336514e-05,0.00013742905866666002,0.2,0.6,0.1,1,21.73034360222208,28.895647767692
2,1,0.7869664777527791,0.9307276739809891,0.921349254520117,0.1347786146883891,0.20421808742335434,0.0685751386722694,7.545453570267952e-06,1.0338059721000001e-05,0.2,0.6,0.1,2,20.42263599209333,29.5843128399992
2,2,0.5073756263303786,0.7978860309922389,0.7797161182071677,0.11075646849032707,0.8916357847627259,0.1294491884453261,0.0007345466780239301,0.0008299192732569899,0.2,0.6,0.1,3,12.704018825639118,13.828726050692763
2,3,0.38637960444598135,0.7087285768980522,0.6806817803079489,0.09122754991941259,0.27690437762092684,0.12047926936865458,0.00078062798190151,0.0009671815732485,0.2,0.6,0.1,5,10.086453929360736,16.765719489150523
2,4,0.30932277405697217,0.6372461986421413,0.6017810723733866,0.07320237581029304,0.20805346852952578,0.09117945007136016,0.00081743331660762,0.00099056419027307,0.2,0.6,0.1,7,8.272135843632332,15.05576012606247
2,5,0.2652617502479644,0.589870146409723,0.5497426690621854,0.06223938564389007,0.1308750308052626,0.06033412828190997,0.0008856812999193499,0.00110361515022839,0.2,0.6,0.1,9,6.4774618985351,13.092693501450462
2,6,0.23537519932417655,0.5538370377807056,0.5097251536280161,0.058763441412508,0.11343861775820367,0.056125465909752835,0.00097695705562925,0.00122888139020008,0.2,0.6,0.1,11,5.39697313534022,12.802735136614098
2,7,0.2199376476266861,0.5375669272321155,0.5054246255675456,0.07356512672251443,0.1369151865474939,0.12234524253413767,0.00095353683266882,0.00172505739531775,0.2,0.6,0.1,13,6.542159678292957,6.316236919963333
2,8,0.16541603213527623,0.4538974065626396,0.4129825736594848,0.053856921830767165,0.2428377700593772,0.09185248828435502,0.00104011251207647,0.0018101044176744199,0.2,0.6,0.1,15,5.208062203470777,4.992569848226962
2,9,0.1503743782126222,0.42684786360493565,0.38300968734218516,0.05379892665462764,0.09267265564497418,0.08562044578752401,0.0011283095640931599,0.0019423732827461699,0.2,0.6,0.1,17,4.217654168550851,6.444089449022743
2,10,0.13972713273178808,0.4101797458516095,0.3721430259683394,0.05623050521420537,0.07763000713900246,0.08412722864387326,0.0011658228102678701,0.00199190678873277,0.2,0.6,0.1,19,3.722303966485248,6.319557706432972
2,11,0.11250263495956445,0.3446505281755418,0.298911029707534,0.04316393828877711,0.4130302597420567,0.0930700712611934,0.00232986637533191,0.00347107431097635,0.2,0.6,0.1,20,4.371212102823602,3.849761882117241
2,12,0.10282282387762072,0.320415126611447,0.2793707634127432,0.04542173436194893,0.11096315314629995,0.10414781473392942,0.00193326924853129,0.00321039419795553,0.2,0.6,0.1,22,3.61417438766466,3.3710408853864022
2,13,0.08682896613060825,0.27795595661833994,0.23237800980249917,0.04098375002444766,0.13552408796202584,0.09212076314834444,0.00202146630054798,0.0033426630630272796,0.2,0.6,0.1,24,2.961048119714977,4.6847435183030175
2,14,0.08293608703281019,0.2637626053035535,0.21648913724047808,0.04327108269451985,0.10719796243463911,0.09651896416160813,0.0019296144464273999,0.0032048664415784004,0.2,0.6,0.1,25,2.961960658310288,4.514137985623968
2,15,0.07611147153578184,0.2453844853460325,0.20369071944685743,0.053714343879351964,0.08688827244927784,0.0961367996086102,0.00200628509328153,0.0033244674194244997,0.2,0.6,0.1,27,2.8466009697000687,3.7659394986206975
2,16,0.07228842128085546,0.22707952429799025,0.17565895006899576,0.03665122642494233,0.09994104474946863,0.09624998397098128,0.00202011238475574,0.00335849156865622,0.2,0.6,0.1,28,2.5996623070174785,3.827553831088155
2,17,0.07270600996751532,0.22732049955116437,0.17587246552793023,0.044374645351747524,0.021984072216940702,0.09871727994084274,0.00202489674703537,0.00324096829312873,0.2,0.6,0.1,30,2.6236021067963264,3.7660541152394975
2,18,0.0689237161104227,0.22018496882798347,0.1756791222897214,0.053878570286695564,0.05184901390784195,0.09465249240711857,0.00198229990455072,0.00329368294810908,0.2,0.6,0.1,32,2.662415885816936,3.699841287458448
2,19,0.06878357488838437,0.21975746530558768,0.17520746345408086,0.0598292269096835,0.022664365085650506,0.09289235743382648,0.00237968754816362,0.00406794829969208,0.2,0.6,0.1,33,2.745102634738623,3.5276927885663887
2,20,0.06538151211712272,0.21158810047333587,0.17377981438199647,0.0854696845674487,0.02944331266862542,0.0936250125388226,0.00210519569283932,0.0032983950200061703,0.2,0.6,0.1,41,2.853889052334385,3.7527686310985935
2,21,0.06348095592621203,0.2207018568747134,0.20699360440080372,0.13534374665376075,0.022450755575954686,0.08840085981616339,0.00218202343492892,0.0038122782224220995,0.2,0.6,0.1,48,2.9306129039549647,3.705876814923799
2,22,0.06024071060862073,0.2118448806915097,0.18980599268736154,0.22104578963877874,0.017019826225977388,0.07031516784010361,0.00311991584028589,0.00562244040077112,0.2,0.6,0.1,64,3.004900737828958,6.589603980359204
2,23,0.05470980618186158,0.1871558617373974,0.15476624230737873,0.2188417909183178,0.12620482404459532,0.067092702380707,0.00295405704747225,0.00479444003059868,0.2,0.6,0.1,65,3.500071536702236,5.854366588770028
2,24,0.05341285411405868,0.18033490860373383,0.14712848945481816,0.22543697177416927,0.05771133583636642,0.06961198580564346,0.00282814125760224,0.00457962201094218,0.2,0.6,0.1,66,3.543275391823472,6.855158183966077
2,25,0.0529762930850911,0.18014152738635747,0.15446880296291557,0.23287449844696234,0.04959584485611923,0.07239009096827638,0.00316842916856661,0.0057225765336714396,0.2,0.6,0.1,67,3.44756317502936,6.999419475150799
2,26,0.05045686390327757,0.17235929319862775,0.1534225357585449,0.24210312612182017,0.05394991615702625,0.07407413699884809,0.00318544646739932,0.00570166630796506,0.2,0.6,0.1,69,3.415616708416178,6.981943431098717
2,27,0.04932944449372148,0.16675197640925768,0.1471670424210404,0.21989165317911652,0.024032586097378662,0.0748727893667723,0.0031532933087417897,0.00558398099111259,0.2,0.6,0.1,74,3.201261826031119,5.829840378551811
2,28,0.050050189003757864,0.1676077379125813,0.15555395538737157,0.36008480535178244,0.02093148666915772,0.06499222545069551,0.00729490316977027,0.01995445751117514,0.2,0.6,0.1,95,3.143394057513707,6.030874578320774
2,29,0.046456897532105475,0.17434346544305784,0.18631434270132197,0.4053952921016388,0.020938799802697056,0.06449888110347932,0.00455090515079017,0.0108130791689499,0.2,0.6,0.1,101,3.207325620898847,6.211029638549062
2,30,0.045201850407538345,0.1645795203486934,0.16781761384194877,0.4082172194646466,0.04496901659269725,0.06413548641018424,0.00424981273926995,0.01113995311400953,0.2,0.6,0.1,102,3.1367988514584497,6.479594125643781
2,31,0.04402287999122854,0.16369534847795872,0.174494748428065,0.4199188887515137,0.021633870365757965,0.06557111881298973,0.00362084463472484,0.01142331851603293,0.2,0.6,0.1,108,3.119688773927304,6.050983727033112
2,32,0.043534697386168664,0.17223644862880672,0.19935996909259493,0.4376113579699886,0.01639408613905656,0.06341770952353556,0.0035897058273667904,0.011470961956558511,0.2,0.6,0.1,111,3.214930263127211,5.775492303182396
2,33,0.042259229854454156,0.1653393406635207,0.19166667750824334,0.47210761861775413,0.024250570154483526,0.0641545745411489,0.0035713536014020998,0.01159633345670822,0.2,0.6,0.1,116,3.216697492643742,5.834623045962762
2,34,0.04307784647422362,0.16408832930347894,0.1976505227242142,0.5083071817988322,0.03056354058602868,0.059779728679808394,0.00766544765537574,0.02039208819893078,0.2,0.6,0.1,120,3.5082113510895674,5.970143419371766
2,35,0.03891500272746212,0.15306250797384469,0.1856639745564911,0.5248574909034711,0.020151459191151133,0.06294348079592517,0.0038841497292014604,0.01151210871501861,0.2,0.6,0.1,132,3.6161913912627006,6.34284075212659
2,36,0.03984758978863372,0.16133100731542882,0.21002077630059104,0.5537207640726973,0.03068591718296452,0.06517809366231188,0.0047732576740597,0.01539645865168501,0.2,0.6,0.1,133,3.2709312609781254,5.728073014491796
2,37,0.03859992746760556,0.15433503262253015,0.1946907896359001,0.5478335429113852,0.024612714859108705,0.06481121772780181,0.0038802325379455405,0.01168243402260068,0.2,0.6,0.1,134,3.4278111954303423,5.751370112807443
2,38,0.036717871796074775,0.14876632051025918,0.19614655520255303,0.5687584591023823,0.07506691384040423,0.06459694366205956,0.00396622570815775,0.011643053678633889,0.2,0.6,0.1,135,3.4571311634665185,6.311958750770798
2,39,0.036519583969852075,0.14139665573893667,0.18024757417019652,0.5318716552092485,0.02588662408888908,0.0660219801960504,0.00405964254213827,0.01196358323370578,0.2,0.6,0.1,137,3.546666505728388,6.359459666995993
2,40,0.03451515530249688,0.13668945474223915,0.18270967884940803,0.537063795146448,0.03349514802397599,0.06446271616987108,0.00388997015497149,0.01194100913919344,0.2,0.6,0.1,140,3.3807772673031424,6.02964889031102
3,0,0.9642833708345959,0.9998575671830529,0.9978501719209324,0.15517710757443884,0.017621651020399275,0.08778581206603546,9.031977727618e-05,0.00010296740826477,0.2,0.6,0.1,1,14.961640076473866,28.895647767692
3,1,0.876173949745876,0.9658571712060685,0.9604500326848897,0.144620856987661,0.18711941703469726,0.06850582989372875,7.895862779124421e-06,1.034122417076e-05,0.2,0.6,0.1,2,13.68875858866604,29.5843128399992
3,2,0.5437707620364979,0.8274745658198761,0.8106203233562816,0.13194430690131229,1.04435915506974,0.21855880905259423,0.0008557660831484401,0.00133933609332008,0.2,0.6,0.1,3,10.309447036400792,14.29096871035034
3,3,0.42623301138465874,0.7412796503068985,0.7164496910849295,0.09976949855144296,0.2320217339987989,0.1407969666342121,0.00077528244338001,0.00119475338323952,0.2,0.6,0.1,5,6.591866314079854,14.214902074581236
3,4,0.3496772913784352,0.6760167245646793,0.6445309350993235,0.08408057953241627,0.19201885550029707,0.1086784775408077,0.0008637484078749299,0.00127393948928368,0.2,0.6,0.1,7,5.908334833801098,12.880663183771752
3,5,0.2951578238014401,0.6219794534669418,0.5844504913536803,0.07509683484157634,0.17584458496844865,0.10552964155069103,0.00095744044138936,0.00141909029455139,0.2,0.6,0.1,9,5.439737501367577,14.759330919084857
3,6,0.24064217485828202,0.5584078237212272,0.5139678340911018,0.06257091098417929,0.19555198717874497,0.0931424877273834,0.0010477602186655401,0.00152205770281617,0.2,0.6,0.1,11,4.912291479322701,11.865572166081549
3,7,0.21767019886261135,0.5265713492758252,0.47828779831960383,0.06264404740813194,0.11954245201400769,0.10380783741442734,0.00110206178724233,0.001620330273362,0.2,0.6,0.1,13,4.147836228151353,10.406249093736363
3,8,0.21359819745141878,0.5211078166481031,0.4723035544195158,0.0651875837055198,0.047277311805537174,0.099689753244913,0.00106186700788202,0.0015481493531552802,0.2,0.6,0.1,14,4.191206832961695,10.465996867971883
3,9,0.2009699043408573,0.5014210072801598,0.4501830950728542,0.062257614232595536,0.1467508538083181,0.10758600804778215,0.0013920610040602899,0.00227573879714696,0.2,0.6,0.1,15,3.616239386923449,9.805892078791375
3,10,0.19639809622308566,0.4941692077278327,0.44208450926810405,0.0653298832767846,0.06591436687738188,0.10937334045283595,0.00122626559589129,0.0021057141934696802,0.2,0.6,0.1,16,3.6002799402285777,9.785424340973762
3,11,0.18362293570601193,0.4782572896494149,0.4320621856128181,0.06554430990598559,0.13892353191513418,0.1081004926600762,0.0012365357285134,0.0016343060907655,0.2,0.6,0.1,17,3.678339555289246,7.697232194688054
3,12,0.179912669135057,0.4728604014984084,0.42619404766346536,0.06837360032162426,0.04532786451255038,0.10226460945331872,0.00116042476662044,0.00150591373550953,0.2,0.6,0.1,18,3.586699250443253,7.978287667538775
3,13,0.1523068330042951,0.42222381301365336,0.36267988790752403,0.050800979397269616,0.25673715423301674,0.07917473543308765,0.0014699614698801,0.0016821737698066,0.2,0.6,0.1,19,3.1106672422611785,6.9817580194912665
3,14,0.1489200022384146,0.41578362014733644,0.3555232657874033,0.05447266128056041,0.05329349143329156,0.07898841361186693,0.00138670006625192,0.0015479901333668,0.2,0.6,0.1,20,3.189703838545508,6.713747080973197
3,15,0.14326134472644453,0.40269257686612553,0.34791035440326734,0.060132543515447605,0.16032632852249154,0.1091830767305855,0.00150329880915333,0.00214669606881451,0.2,0.6,0.1,21,2.933367769292089,4.804842780412551
3,16,0.1331058168877971,0.38327082930021783,0.31931523197662454,0.05166743796763703,0.06786902247475712,0.07949181036762192,0.0014910364411629099,0.00179255981031704,0.2,0.6,0.1,22,2.8552210761526315,6.118887747860314
3,17,0.11932948356877351,0.34814869215549576,0.28716846364693166,0.05404899421867476,0.28830068866276437,0.11039702698871656,0.0015850203082479,0.00225326910016517,0.2,0.6,0.1,23,2.189674730212498,6.160350652227969
3,18,0.11502201337286092,0.3377969311974856,0.2756764637193622,0.056847028600221644,0.08112485208309614,0.10935243923660665,0.00151372943903958,0.00215766323764243,0.2,0.6,0.1,24,2.2039079841476243,5.692321563313717
3,19,0.10838162066546837,0.3227709230339808,0.25907065269291923,0.05244672759279787,0.10529429435672244,0.10323908670287704,0.00178362555487088,0.0023077458671702,0.2,0.6,0.1,25,1.710768755383691,5.082954987834793
3,20,0.10057084837557283,0.3005610260674708,0.23430768312370368,0.052577453289445894,0.15122308948022975,0.1056502266268324,0.00163331661268962,0.00221871612364292,0.2,0.6,0.1,26,1.6575911174005886,5.169813764586188
3,21,0.0987777218474178,0.2946798832015798,0.2277194607754563,0.05450262946989062,0.058338364034255796,0.1081017162655015,0.00145549923394605,0.00216105438018579,0.2,0.6,0.1,27,1.6471718341248225,5.095460233614741
3,22,0.09583576178172215,0.2912392930007735,0.23158697803685743,0.05811765286899726,0.06527041405118983,0.1056502266268324,0.00163331661268962,0.00221871612364292,0.2,0.6,0.1,28,1.74519507316661,4.719754787426999
3,23,0.09258770777316433,0.27635604408852615,0.20732321058314054,0.06170960175317511,0.08534607886861459,0.10722203038639996,0.00173407035229973,0.00238673168580445,0.2,0.6,0.1,29,2.0678271908275367,5.082898025420631
3,24,0.09015666638398978,0.27468608895862895,0.21319391110827665,0.06349151414077944,0.037643617717397874,0.1045487088563712,0.0015642004724613998,0.00212418075328751,0.2,0.6,0.1,31,1.7121390603296065,4.275314787285945
3,25,0.08248285437858374,0.26224591522917473,0.19996061475419163,0.06291127491862414,0.05708329322249313,0.07704828323275673,0.0016968153673572101,0.00211957736929519,0.2,0.6,0.1,32,1.5782884295549673,4.447827654430273
3,26,0.08278489517916056,0.2564305682400696,0.20056327508575658,0.06679065000706476,0.1112591371487717,0.1028715037417075,0.00161675855471944,0.00219291913587923,0.2,0.6,0.1,33,1.5184541956990043,4.039082190833533
3,27,0.08098475863190345,0.25134931733397675,0.19495151061914626,0.08945097333766394,0.034898822746239684,0.10096870014335817,0.00161691333789256,0.00213554095970835,0.2,0.6,0.1,35,1.456519007036439,4.2060338116796405
3,28,0.08036640383688907,0.24882854435510401,0.19212466274990866,0.09245477774660192,0.037172203234343365,0.10196991856282252,0.0015985262394762,0.00213091823422991,0.2,0.6,0.1,36,1.4557769395559166,4.255316053764492
3,29,0.0773443172013043,0.2388955822133001,0.18108782615439784,0.10744870172439466,0.04953265184655614,0.1007412964946646,0.0017029989414245402,0.00230700535551384,0.2,0.6,0.1,38,1.511203933427563,4.519033460729562
3,30,0.07605695519272716,0.2370870682552573,0.18664348287327343,0.11280140623631539,0.035935422837887775,0.1043588408660984,0.0017499265148998501,0.00237994625723423,0.2,0.6,0.1,41,1.6119465052640105,4.310644115048729
3,31,0.07356108052365065,0.2363438135594751,0.19362741224124191,0.13317993282945784,0.028347631001896523,0.09753516289646205,0.00174362026936019,0.00217723887389264,0.2,0.6,0.1,44,1.5828515467426425,3.490591199605558
3,32,0.07500288126313374,0.22974934903483626,0.17831783465306106,0.10872812223473721,0.05168554032944512,0.09660544309692123,0.00671394749557442,0.0021520254639336997,0.2,0.6,0.1,45,1.5502027284332234,4.071820530566048
3,33,0.07351090561943154,0.2274203916107422,0.1833230398988445,0.1293266391861828,0.06634979028794566,0.09660562218476063,0.007552958909206579,0.0021605571205625803,0.2,0.6,0.1,46,1.5868240899906794,3.752017443669097
3,34,0.07033353112790776,0.22085332508401712,0.17623322254606338,0.1368669239125587,0.04876649390077013,0.10179153705901704,0.0024567809138502103,0.00294867374896981,0.2,0.6,0.1,47,1.833097264620374,3.337279910939742
3,35,0.07320306967100142,0.22276747208179856,0.17800069849987113,0.14011676995344155,0.03282779669406474,0.09788258434766384,0.00606683868942535,0.02124403239087043,0.2,0.6,0.1,48,1.7608258496484748,3.3424449879549383
3,36,0.07320306844005162,0.22736678770198462,0.19077401532472313,0.15154480465874576,0.025341079503632853,0.09788258144666906,0.00606683810553316,0.02124402998967427,0.2,0.6,0.1,50,1.760825826530963,3.34244492410914
3,37,0.06402697080890356,0.2057875643117727,0.16730596302124168,0.1495885491820698,0.11675362440362942,0.09408184844621542,0.00182416979607768,0.00565015937597968,0.2,0.6,0.1,51,1.7284790631179037,3.3263311702657985
3,38,0.06436467998074451,0.20507077015005445,0.16643020594044558,0.1606786256303174,0.025221166832599545,0.09730990856234528,0.00185739703550118,0.00590597450581727,0.2,0.6,0.1,53,1.74600953053558,3.304923683693892
3,39,0.06451236805676089,0.2020860014795559,0.16297387288538856,0.20091550693605767,0.02836298747613841,0.0982772342523966,0.0035037555567141603,0.0059610513707144,0.2,0.6,0.1,57,1.961934853510361,3.2470929271767943
3,40,0.06559884096332792,0.1928992535622774,0.14475789189552835,0.20158946885918777,0.03276840994044122,0.1116778641118018,0.0037198409970174997,0.00767269274453702,0.2,0.6,0.1,63,1.724317581008596,3.256555028821067
3,41,0.06305377955126765,0.18629119966192204,0.14504567041448357,0.22262124992975255,0.057512574328606764,0.11145093833275237,0.00386804511958594,0.00828319643584109,0.2,0.6,0.1,65,1.8211614833946976,3.07700205884505
3,42,0.06267725394176102,0.18900481354666443,0.1557107963873944,0.24666853367366023,0.02930495067506315,0.11268040697996398,0.00369833211820865,0.00767440747684252,0.2,0.6,0.1,68,1.8161645639280384,3.130920053312973
3,43,0.06005697296629282,0.178992877301302,0.1446148652316118,0.26434326439030803,0.052733860818032795,0.10885569512593969,0.0038541199546898,0.0101946995925666,0.2,0.6,0.1,70,1.832190343984843,3.0566138526155835
3,44,0.0597148935170143,0.18141341122950683,0.15494131750709064,0.2147905914327761,0.03214773697287503,0.10984732122521071,0.0038317792694471603,0.01028554480019413,0.2,0.6,0.1,72,1.8334944292105944,3.0686508294360846
3,45,0.059133505921000695,0.17883610716637202,0.15207374311202035,0.275862736706809,0.040038906511303735,0.10983699375314178,0.0038351811583967796,0.01020081705299468,0.2,0.6,0.1,73,1.8125371782862705,3.13415517507993
3,46,0.05563318100980905,0.17511115675085034,0.16333351294673815,0.32638589681324237,0.03601298598103029,0.10834330672427002,0.00374974771358672,0.0051150799110552,0.2,0.6,0.1,79,1.6862820324622558,3.517553692060864
3,47,0.055045562022356706,0.1720279994264278,0.15989158650847113,0.3171878826826505,0.04282060173635937,0.10753148661197998,0.00416207335514688,0.00518850888346471,0.2,0.6,0.1,80,1.7155945235255423,3.4961018964783497
3,48,0.05410648460050967,0.16782670679218598,0.1552225889612071,0.324367827374814,0.0483021640454438,0.1070146157143466,0.00421945887276065,0.00525212486212304,0.2,0.6,0.1,81,1.719042928962507,3.5077418033437744
3,49,0.05386857771834229,0.1712667258247001,0.16670483854034124,0.3415639405348556,0.031174058604534562,0.10698164788709016,0.004226235808820139,0.00534518496334273,0.2,0.6,0.1,82,1.692117636612564,3.5848307435693343
3,50,0.053574847272635194,0.16977114539607782,0.16503747402927071,0.34966185217017975,0.03324692038868339,0.10689147134593042,0.0043076081558293304,0.00528084715185863,0.2,0.6,0.1,83,1.677696545066959,3.579227074784968
3,51,0.053813295650685274,0.16990569694936034,0.16515725979931614,0.34989086825757676,0.025513250432006602,0.107187123947077,0.00465712254091812,0.005251079133475009,0.2,0.6,0.1,84,1.68457541347022,3.5609929550909447
3,52,0.053358893969100665,0.17318285228021832,0.17648462639147153,0.37621699205255027,0.025583488661303982,0.10774308332639078,0.0037161019848587695,0.00752612039970946,0.2,0.6,0.1,90,1.6562039753142257,3.646946946013625
3,53,0.0511524656045082,0.16085801669609387,0.16271645703122747,0.403512948139418,0.049947071047525785,0.10955847610945069,0.0038366077980216,0.00764843258728494,0.2,0.6,0.1,93,1.715254811096794,4.228812557213271
4,0,0.8471855383844323,0.9582346926200492,0.9513469524622106,0.14464660309350605,0.0191867639689037,0.09559539567105928,9.493716685976e-05,0.00010722534575984,0.2,0.6,0.1,1,13.040061715331635,29.46462435963484
4,1,0.5774442676867245,0.838809442714361,0.8256901032281089,0.11951617430423148,0.389870010716615,0.1114656059090984,0.00050394091603144,0.00046825780627921004,0.2,0.6,0.1,3,8.719929030288716,15.479649207675216
4,2,0.5560478887660417,0.8267636743127372,0.8121991348907814,0.11990040971305287,0.09706042114786562,0.11449810288661677,0.00070128577131766,0.00065162904301968,0.2,0.6,0.1,4,8.864707953398392,13.98618109273724
4,3,0.42132217981866527,0.7380067094436088,0.71253424976818,0.10059028900107805,0.5866417147310041,0.1531243114400406,0.0007047035836377699,0.00109429977458185,0.2,0.6,0.1,5,7.336547791394227,14.665688848219276
4,4,0.5418259197620015,0.8567009141547866,0.8218472092820143,0.23877106209650809,0.2268806364521365,0.25783185292960364,0.02261255340194602,1.0,0.2,0.6,0.1,6,10.036117374119527,11.68619144704774
4,5,0.33999712308521546,0.6671673858080134,0.6351942893202269,0.08089202212674049,0.28996213586216896,0.08513672134773002,0.00116059197902339,0.00121273921177522,0.2,0.6,0.1,7,7.004100357851257,14.42964170386005
4,6,0.3288296482434848,0.6612394432814847,0.6362849725004011,0.08274225139844169,0.07660239647629621,0.08425604638281194,0.0009796081285229998,0.00102594285314766,0.2,0.6,0.1,8,6.767150701931115,14.701670699708504
4,7,0.28301887156595007,0.6085989709180659,0.5694679317619963,0.07192459926430037,0.325951721894711,0.10978888856195783,0.0008846883087844,0.00130723778854548,0.2,0.6,0.1,9,6.458990341571592,15.034469411214523
4,8,0.2737145071626422,0.6037926881511316,0.5724822731241711,0.07284778678650869,0.03596753104484746,0.07793333209500455,0.00106872998884367,0.0011439023454713,0.2,0.6,0.1,10,6.154605018130162,12.675364143828183
4,9,0.22355883215234554,0.5360551174803424,0.489202717415245,0.05558229454104579,0.3923330988821953,0.0883878599004779,0.0009738101691050599,0.00142519728086912,0.2,0.6,0.1,11,6.123197808653483,12.161858920938997
4,10,0.2058436667801138,0.5106156561199361,0.46083080484441974,0.05448513976466556,0.09365598276248152,0.08992662944383326,0.00125862166968437,0.00174687331814864,0.2,0.6,0.1,13,5.845689935841233,12.255700738222172
4,11,0.18208097878891066,0.477185123019667,0.42409138484094255,0.05483942750869811,0.10217535417691409,0.06944677363448701,0.0012404497940872,0.00132704423515989,0.2,0.6,0.1,15,6.694453673754633,8.637118384480454
4,12,0.16347661575282108,0.4493532516608528,0.40059333554730825,0.055079268831067466,0.11516025964053647,0.07708888665783481,0.00127267106455995,0.00138482815065772,0.2,0.6,0.1,17,5.740217640001071,7.635570500923073
4,13,0.1472884898739466,0.4222225181830285,0.37805103432183906,0.05457137759646855,0.10366758370092866,0.07708888665783481,0.00127267106455995,0.00138482815065772,0.2,0.6,0.1,19,6.103711844307528,8.328652912034617
4,14,0.1296238957183945,0.37620918106279916,0.318701837692834,0.05412851664952955,0.1088481170422199,0.09786329137587396,0.0013865167988852101,0.0017890307906406999,0.2,0.6,0.1,22,3.9633155709457566,4.091712492800152
4,15,0.12433826513706546,0.36843903489163526,0.3177080971779252,0.06902612974292806,0.05538287198528989,0.09786329137587399,0.0013865167988852101,0.0017890307906406999,0.2,0.6,0.1,24,4.188416638951533,4.573266150086148
4,16,0.11769754363916776,0.3573423027483188,0.3057363502294026,0.06277030013407212,0.06180316115599051,0.08132092993543145,0.00135421793944621,0.00153218766395089,0.2,0.6,0.1,25,4.216912317771357,5.166547720298439
4,17,0.09277752410336784,0.2889631681588519,0.2294449557246481,0.054987581202156285,0.4221870583872611,0.08896016551659794,0.0014792434978122,0.0018970349214302198,0.2,0.6,0.1,26,3.685021756659819,5.859042303620728
4,18,0.09059449968902811,0.2861955464670289,0.23396717294568736,0.0629044611545573,0.04186333754315299,0.09141958446131238,0.00143148925899017,0.00184141280703198,0.2,0.6,0.1,28,3.6016553572436085,5.230248037897917
4,19,0.07746184332219347,0.2446480190847163,0.187733112870282,0.048381226686726085,0.1390605971013673,0.09096467080454959,0.0014551774480356199,0.0018520719867266202,0.2,0.6,0.1,30,3.032246886256641,4.183840015900443
4,20,0.07381362438582834,0.23980447764409726,0.19014491859221927,0.06507808810947213,0.027173066466521522,0.08405429340771989,0.0015721818499525898,0.0018517439191524199,0.2,0.6,0.1,35,2.8869109660306376,4.070584654704694
4,21,0.08486400384097872,0.2554738753758954,0.221436594178332,0.1825274707262367,0.03315979292430108,0.0939433655311446,0.01832397783989276,0.01050397302595751,0.2,0.6,0.1,51,2.5828722469914323,5.035575723904982
4,22,0.07359798924964993,0.237398483344568,0.19484196065766488,0.1634918140423349,0.029071141322673792,0.09356552207512382,0.00244763717827525,0.00231425810294144,0.2,0.6,0.1,53,2.571427884314656,4.382177724446089
4,23,0.07219245453652458,0.2342194680898851,0.19138470106856995,0.16991964383743743,0.0339012101481853,0.09125687861621212,0.0020286779535598097,0.0022722375398561,0.2,0.6,0.1,54,2.5270418937712047,4.378355108796523
4,24,0.07207161298535356,0.2338425315445661,0.19096760164515225,0.18933899096959877,0.021715961073232995,0.0911574879943829,0.00202456610465486,0.00227262828802533,0.2,0.6,0.1,55,2.538595495124879,4.355803209789902
4,25,0.07170394784542741,0.23705286170968232,0.20219252502947535,0.19285969460360364,0.02779966329729847,0.09125687861621212,0.0020286779535598097,0.0022722375398561,0.2,0.6,0.1,56,2.52272507420944,4.494267520904748
4,26,0.0744407178384626,0.22189875198541836,0.19175708235415292,0.20308352748212052,0.1185862814171531,0.09236239275020476,0.018326241176223203,0.01051184261772261,0.2,0.6,0.1,58,2.473678418913985,4.363888381548771
4,27,0.07374001077968673,0.2243215411003133,0.20213100701735415,0.21425306487985368,0.03599785015483004,0.09128072156318556,0.018344367784595188,0.01053005179374037,0.2,0.6,0.1,60,2.566470741010149,4.488995769615725
4,28,0.07370766453757625,0.23799119812663336,0.24030841629514893,0.23823804009939178,0.030439387997435337,0.09128071992983128,0.018344367558458398,0.01053005259388021,0.2,0.6,0.1,66,2.5670830833116107,4.504147996907336
4,29,0.07002967506680399,0.21373160935721922,0.19799559654793267,0.23429082589669117,0.11725688047976163,0.09046617951625367,0.018597968819482922,0.01091537809294245,0.2,0.6,0.1,67,2.724439013189551,4.763184259678973
4,30,0.06967719171794794,0.20557317855471618,0.18118721962489975,0.3034292156829317,0.033017889149713445,0.09156561667150248,0.01915017019060676,0.011930567037428801,0.2,0.6,0.1,79,2.917302450486188,5.394779869239336
4,31,0.06930122206512757,0.20860431763430407,0.19221583198400885,0.3243788772325237,0.03548858034979409,0.09144912955753304,0.01916980435185893,0.01198299589607084,0.2,0.6,0.1,81,3.0202343272541987,5.530452960669432
4,32,0.06965981637458604,0.2109342071479227,0.202331758098248,0.32518349272711045,0.04204943013663783,0.09602795825221691,0.01965553117600281,0.01156525094540658,0.2,0.6,0.1,83,3.03893486308938,5.404833197245495
4,33,0.06972203323719449,0.2108739537484093,0.2097511253989282,0.34686702126122315,0.04544013100894835,0.09797378272032183,0.02095817671087209,0.01471211075709478,0.2,0.6,0.1,86,2.799966722033354,5.496182914118684
4,34,0.07295435045828047,0.2356089035814114,0.2751374408652675,0.5748976291120699,0.03758911832130613,0.09997023304894789,0.025674324035905936,0.01918117013080249,0.2,0.6,0.1,127,2.845514260094045,5.497571631287926
4,35,0.07302783827767445,0.2401673566955559,0.29535568328706485,0.6075027805720089,0.04753941346120144,0.10016615793790591,0.027766799604388222,0.020744449063384122,0.2,0.6,0.1,131,2.9433020566157566,5.565868144626771
5,0,0.799663883062082,0.9392469413683948,0.9301987387764222,0.1394032591559995,0.019318173439839176,0.09627090878843272,8.861105154716001e-05,0.00010825051224332999,0.2,0.6,0.1,1,16.636630383757815,29.46462435963484
5,1,0.5765278818200898,0.8329409289839351,0.81167908591978,0.11803319465477678,0.33241371725767516,0.10482828985965686,0.00017923898556671,0.00021570816062430002,0.2,0.6,0.1,3,11.089581295997403,21.854475246009628
5,2,0.41713472430061005,0.7332091620471411,0.7080231627685574,0.09747209108729674,0.33236484458674226,0.11606408296314821,0.00084868886271472,0.0010213688330119699,0.2,0.6,0.1,5,7.661682809722552,16.5447371363478
5,3,0.3609677004706228,0.6859082934540056,0.655841016199912,0.0849383513452899,0.1438906472618362,0.09575256909732235,0.00080532942110332,0.0008585573309665299,0.2,0.6,0.1,7,4.793465169343609,13.116422041986764
5,4,0.30416508944354165,0.6316049053275471,0.595414900066974,0.07619464610945695,0.17564832638889094,0.09481255623445703,0.00089640027329606,0.00098129162255933,0.2,0.6,0.1,9,4.770849052745682,10.64412161109064
5,5,0.25333142459449604,0.5745456034147576,0.5320257429901502,0.06648004266336317,0.1798829617807454,0.08924271669004111,0.0009904543662900699,0.00111541135747954,0.2,0.6,0.1,11,5.346862216118502,10.014513070760165
5,6,0.21724569376837335,0.5269147079665757,0.47892594409882094,0.061110732693993246,0.15870936352934437,0.09273311268022763,0.00108347809124397,0.0012393941026915402,0.2,0.6,0.1,13,3.9980954770622046,10.477765429357987
5,7,0.216285829961251,0.5258490339216825,0.4778192723576607,0.06499522100830771,0.020703339146726046,0.08951386129004887,0.00100384846384256,0.00112033295958665,0.2,0.6,0.1,14,3.7613298979298606,10.683493037628732
5,8,0.19762772607256482,0.4975186617968934,0.4461043232373216,0.059469210395205405,0.19276380859625072,0.09677573386364936,0.00123068842396321,0.0014411553445052802,0.2,0.6,0.1,15,4.084091896381677,11.216691172581095
5,9,0.1890204346448585,0.4840199331052172,0.4310919940896564,0.06054533520782533,0.097290959270856,0.09690677211806883,0.0010304138675679701,0.00134308412859556,0.2,0.6,0.1,16,4.18368339462777,10.536977665193705
5,10,0.1684508253545873,0.4481982441019538,0.3910729736382458,0.052456972079027525,0.23541032404110615,0.10209161623437561,0.00143164851913765,0.00178530118963619,0.2,0.6,0.1,17,4.041548658225332,10.28784305644552
5,11,0.16606336754773499,0.4441497421219713,0.38660321263875014,0.05627126171236928,0.04260515249343888,0.10099025356230625,0.00128612052844814,0.0016555272730505901,0.2,0.6,0.1,18,3.89428953056234,10.415490922211344
5,12,0.16142053944580786,0.43634670336458237,0.3780138726498104,0.05656782564501823,0.06037313912572613,0.09749776140159104,0.00108765572024316,0.00138510751354844,0.2,0.6,0.1,19,3.738193624278845,10.250942439227227
5,13,0.15378745770912053,0.4235236377719679,0.36393900232066667,0.057900972990565666,0.08235385774586608,0.08780168373054342,0.0013535734223228501,0.00172660080341525,0.2,0.6,0.1,20,3.291261355593493,9.30657569273372
5,14,0.14731646563450412,0.41120328497231906,0.35739871526397504,0.07728692166446337,0.05331703844610883,0.11048608448284195,0.00090404629494666,0.0017044791085059,0.2,0.6,0.1,24,2.718605295137648,4.379260946718092
5,15,0.1178936545888176,0.35217319547278647,0.299527453720954,0.07158191954539467,0.20023426474644357,0.10071941534713443,0.00141829557675385,0.00267408693678717,0.2,0.6,0.1,26,2.5875533687001964,5.306459282414554
5,16,0.11175096809136797,0.34984776700863107,0.319846581865434,0.0907033654096124,0.06967541851053119,0.10288134879644176,0.00150178506307924,0.00276470845375273,0.2,0.6,0.1,28,2.3029773975056744,4.603623556435061
5,17,0.10280614005978274,0.3185683076188281,0.26984108576901605,0.07996967049364269,0.08110058804828084,0.09946922369051889,0.00107395357993676,0.0017846449311745502,0.2,0.6,0.1,30,1.975764382579135,4.547527964947088
5,18,0.10308262099564743,0.31164191745893827,0.2542567134427779,0.08716722903494423,0.029333490854810716,0.10676856003846558,0.0017327197062592802,0.0027934021725069,0.2,0.6,0.1,34,2.043515115770134,4.680392713705544
5,19,0.0967198335190506,0.29939787949793295,0.24837915698996402,0.09183444560895081,0.06688847718778476,0.10470709976621939,0.0011402899136582199,0.00198386954392361,0.2,0.6,0.1,36,2.01696609677738,4.160654813762584
5,20,0.09332293782208739,0.28856779468911503,0.23627885356409684,0.09555297625455962,0.08701399268860152,0.10508701938248932,0.0015947786715584202,0.0026126083481198,0.2,0.6,0.1,37,1.967852962332752,4.473723456585629
5,21,0.1977115840093583,0.396424219004339,0.3595136206494737,0.23722462124515795,0.13946465308914238,0.3737940603984851,0.01136005398790315,0.47900491417598196,0.2,0.6,0.1,42,1.9202962467848284,4.869415273817394
5,22,0.21168213782095865,0.42373377518440336,0.4260973566069243,0.2856998350184127,0.1883646123412918,0.3920442707169794,0.01281710466431748,0.6181278670634459,0.2,0.6,0.1,44,1.9992899343011,4.94386707724404
5,23,0.20949150173809267,0.4324421111302042,0.45885406742715906,0.314294613026254,0.1590515174277118,0.38976782507726726,0.012692310900979609,0.6144573837081705,0.2,0.6,0.1,46,1.9219094197014408,4.98769603659606
5,24,0.20910057645179697,0.4316335811096308,0.45797758195268184,0.3139178746830672,0.1502760004360857,0.3893161141192017,0.012671305102794789,0.6134273793089297,0.2,0.6,0.1,47,1.8983233866373024,5.044615679283778
5,25,0.2072596668783243,0.4190831049965205,0.428831570629601,0.2962109292770659,0.158418996194947,0.3799755633566714,0.012931284047020361,0.6189256079294423,0.2,0.6,0.1,48,1.8873638897646392,4.529073746789321
5,26,0.2893757987548106,0.5107469087703669,0.5592063341189635,0.4546609216056271,0.2517389286319578,0.6272205079302097,0.013295354961090031,1.0,0.2,0.6,0.1,54,1.7730264001188254,4.382659475680914
5,27,0.28494528152792287,0.5014065635108798,0.5565421157063,0.47047644753362017,0.258192936722175,0.6236982136933127,0.01333166026792681,1.0,0.2,0.6,0.1,57,1.9321173099739253,4.11378922703166
5,28,0.28423248637211096,0.49384884282325403,0.5404598036102626,0.46570794881385025,0.25074712971245494,0.6241573507778091,0.01341697347412445,1.0,0.2,0.6,0.1,58,1.8236185109456264,4.263621131396151
5,29,0.2849587353944604,0.49215055434281196,0.5383844312414399,0.4704531684854082,0.2537373197877532,0.6328885789407425,0.013236731725731902,1.0,0.2,0.6,0.1,59,1.83746630693852,4.077686319280707
5,30,0.28500784837784304,0.49136915760532507,0.5374742777707908,0.4745354543363006,0.2414450175703856,0.6346987282839577,0.01323108536263016,1.0,0.2,0.6,0.1,60,1.8225290439521564,4.086798884048248
5,31,0.2827545326906463,0.492021106956981,0.5460379462498695,0.4808048876612647,0.2466380108411947,0.6261812022948289,0.01336092457966224,1.0,0.2,0.6,0.1,61,1.781362961609022,4.040792879693454
5,32,0.2830736786415984,0.4920838404216368,0.5460611765883155,0.48874581969274256,0.2346680784120374,0.6288492304920218,0.01315958519986179,1.0,0.2,0.6,0.1,63,1.794421622207505,3.993525998386212
5,33,0.2763887117409447,0.4719837025534327,0.5089628821460589,0.47435879462070774,0.2450928348440897,0.6063881891012844,0.01206290275926597,1.0,0.2,0.6,0.1,65,1.982818110416308,4.235567368634705
5,34,0.27961676086147264,0.4937583299615723,0.5709265573624662,0.526647629776065,0.24199846113235612,0.6250385265802787,0.013857507275180031,1.0,0.2,0.6,0.1,69,1.556597183567566,3.790094646118519
5,35,0.27957315044005426,0.49307054453124255,0.570140426997541,0.5265845490596417,0.23600810566864192,0.6257107723588012,0.013936611564834219,1.0,0.2,0.6,0.1,71,1.6323564770401782,3.847903487589373
5,36,0.27242285829310786,0.4849933530834688,0.5693975683190421,0.5532633185501485,0.27108886752915506,0.5991623736543753,0.01404407534813087,1.0,0.2,0.6,0.1,72,1.7116851834279971,4.314509316676707
6,0,0.7315123572904201,0.9111383093172443,0.8986769758456961,0.13303127477874344,0.021412708877398746,0.10672361445063176,9.131643205062e-05,0.00013196128042021,0.2,0.6,0.1,1,21.93838345927109,29.46462435963484
6,1,0.5113901488246377,0.794736296696047,0.7688882558906387,0.10903268052667187,0.3646682185757853,0.11669834639378658,0.00018091072982398998,0.00026715507130536996,0.2,0.6,0.1,3,16.18542845970604,21.854475246009628
6,2,0.3770992910790273,0.7008805557340974,0.671717374818421,0.09045615869708769,0.3195078416579716,0.1307790119578736,0.00071360859233853,0.00107097233668451,0.2,0.6,0.1,5,11.178500682216082,13.685207032308446
6,3,0.35816517574357887,0.6838325526563214,0.6531044692470885,0.08707803250806177,0.10328711301225667,0.11535045364821847,0.00055737459790252,0.0008744882538721801,0.2,0.6,0.1,6,10.492117555132024,15.1242896315639
6,4,0.3114163220495426,0.6390056635919302,0.6032525666609075,0.07676822518422582,0.27942271415267006,0.11268824750485724,0.00079859663907451,0.0011651799351334899,0.2,0.6,0.1,7,8.513100696502745,15.13793180239509
6,5,0.3012961146887421,0.6284924852653909,0.5915707391563308,0.07775876294292967,0.08261097505517027,0.11228780992575045,0.00066923735445347,0.00102803137963999,0.2,0.6,0.1,8,8.068311947804734,13.377550140959206
6,6,0.25346090411801986,0.5748790614339053,0.5324792544944299,0.061705921983517396,0.29686729146039564,0.08582747339810363,0.0008873667301304599,0.0012818488224021298,0.2,0.6,0.1,9,7.770671992066681,13.10986860160062
6,7,0.24722302590394413,0.5675782333398155,0.5245318270050672,0.06287753486495425,0.04926130082014157,0.07881355105438685,0.0006460198050690701,0.0009689981869924,0.2,0.6,0.1,10,7.396562914477401,11.941417733645544
6,8,0.2074797268573641,0.5136423852963872,0.4643329587213254,0.05166797183935233,0.33722883272764237,0.0850439157080167,0.00098046471159108,0.00137995202853317,0.2,0.6,0.1,11,7.44231898766013,13.557832570252106
6,9,0.19659391704562926,0.4980202989381155,0.4470841967024857,0.05100815047485325,0.09958760039472637,0.07936403278141561,0.00085110542697004,0.0012428034730396702,0.2,0.6,0.1,12,6.791540269824382,12.08399834991688
6,10,0.19481073505470714,0.49378630693799874,0.4420755991702171,0.05466556717916002,0.05822000106044309,0.09105855263470139,0.0012386867668133798,0.0017366618871521502,0.2,0.6,0.1,13,5.913324096250499,11.80473375062202
6,11,0.1785617031724448,0.4684093840752633,0.4139780564615397,0.051433104107139714,0.15668662732729796,0.08605673822689999,0.0008306601938055499,0.00117767154916311,0.2,0.6,0.1,14,5.9219735175816455,11.392119560582074
6,12,0.17355233987241328,0.46472380289272747,0.4175609218997152,0.058761227113665895,0.040637893114824505,0.0848706909107326,0.0007827641436127601,0.0011235413022717198,0.2,0.6,0.1,16,5.960835117795016,11.35716078234652
6,13,0.2674324883975304,0.5393909375555318,0.4874009434401376,0.17741277529530158,0.38168208746731125,0.17137189191859833,0.00111088973845898,1.0,0.2,0.6,0.1,17,5.069072430812469,8.140461881208294
6,14,0.2955784140861656,0.5467761754163795,0.4974564421630677,0.2240621107192624,0.32670639243922317,0.427716628101527,0.00148179197345417,1.0,0.2,0.6,0.1,19,4.292221382587383,6.468702043777867
6,15,0.2913296611539965,0.5415323057917879,0.49927427266401625,0.23030518278483808,0.21428670827443336,0.427716628101527,0.00148179197345417,1.0,0.2,0.6,0.1,21,3.793399801506138,6.66990373359391
6,16,0.24684039563612484,0.49474333032208884,0.45202876859309804,0.19208078877373147,0.16696745273751348,0.2145682579533968,0.00128266410447479,1.0,0.2,0.6,0.1,22,3.78426348638678,6.772641047148882
6,17,0.24881364048690066,0.4965266816413463,0.4537749701313267,0.19767233213057114,0.147666994911464,0.22534520136066055,0.00121072439856545,1.0,0.2,0.6,0.1,23,3.9530025723431073,6.479299371713674
6,18,0.2460892150615081,0.49750812169151204,0.4627543111929485,0.2009392268468776,0.15270906230168868,0.21482667738394232,0.0012836099708836602,1.0,0.2,0.6,0.1,24,3.8685139251939846,6.763651942774263
6,19,0.11879192942752029,0.3543297402559583,0.3019213888178184,0.05900292252771213,0.08852255030862186,0.10181753921539649,0.00117326545075708,0.00250795133088088,0.2,0.6,0.1,25,2.992980501355502,5.809631532504607
6,20,0.11553448954377442,0.34538542455629395,0.2918986353950833,0.06281076383493205,0.07672297742141132,0.10510485890171295,0.00109040371367719,0.0024252191673346498,0.2,0.6,0.1,26,2.967516774051903,5.488160315955553
6,21,0.10617506419926358,0.3239820165352491,0.2682754887936216,0.053360482183187244,0.13286875673919507,0.09520055771036565,0.00151704929672257,0.00206846684143706,0.2,0.6,0.1,27,3.3209850687715585,4.638345181310686
6,22,0.10418252749925148,0.3163416109340302,0.2596137821446745,0.06121257680974333,0.07402696742468101,0.10253280491856327,0.0012992888437461099,0.0026884510777840697,0.2,0.6,0.1,28,3.377453526428654,5.149469675534839
6,23,0.08645061860560456,0.27595289919759763,0.22269724631520613,0.0495510196321664,0.257435928106929,0.08719398044067664,0.00099049548072649,0.0014204488696381,0.2,0.6,0.1,29,2.3823489054438687,5.002943106305414
6,24,0.08275657654803394,0.26307344877626865,0.20829505126254505,0.05253042155273222,0.09639207082838247,0.08975594906654874,0.00110992703839365,0.00153794668624958,0.2,0.6,0.1,30,2.334198466147897,4.572886936210127
6,25,0.08285437969155227,0.26310150099298135,0.20831156797858555,0.05612314420473365,0.019483746574603573,0.09042708795269108,0.00110324666045604,0.00152970354464226,0.2,0.6,0.1,31,2.33351712546498,4.428347123189214
6,26,0.08041037852694592,0.25998503714914256,0.21250772835348525,0.06728225176070883,0.03344558097057228,0.08989952007584913,0.00112080508165287,0.00155493363054382,0.2,0.6,0.1,34,2.296963537933748,4.524994366407137
6,27,0.07315070506294181,0.22913848565436204,0.17790426311217813,0.07109316029660499,0.11698395412059845,0.10093212174913405,0.00128063087081442,0.00252931786758482,0.2,0.6,0.1,36,2.371209370053658,5.114600660603999
6,28,0.07296358351397661,0.2360457791953113,0.2008280870606866,0.10279029355707614,0.03924151312191035,0.10383509420311884,0.0013689497020624099,0.00263023324457915,0.2,0.6,0.1,37,2.075652034507661,4.748735659548739
6,29,0.07090196087046839,0.2329431668614167,0.205029138909323,0.11134023778998428,0.0437696660933304,0.10383509420311887,0.0013689497020624099,0.00263023324457915,0.2,0.6,0.1,39,2.2061959833619125,4.490304393759489
6,30,0.07010346380820545,0.22455182874880467,0.1880012257900655,0.11747941039150109,0.04595038071184434,0.10515788110783877,0.0014206764889015898,0.0026885242827432597,0.2,0.6,0.1,40,2.2838227942360003,4.696415742724025
6,31,0.06780902924024378,0.20840393239265273,0.15479358629888001,0.10107688451366019,0.03953842637657865,0.10159716152029337,0.00148882452815188,0.00287657116775004,0.2,0.6,0.1,42,3.162550351689223,5.635558991421904
6,32,0.06763525531224603,0.2294800808625629,0.21647380813415248,0.14958902028603047,0.023870411237288645,0.10428854786289814,0.00133512748038123,0.00276545612393418,0.2,0.6,0.1,49,2.040643906029787,4.586444423909276
6,33,0.19031779811022698,0.3255463191596779,0.29356953377938055,0.2602009978415139,0.28419775198454644,0.24101045945291463,0.00367657312779222,1.0,0.2,0.6,0.1,50,2.895163813386417,5.341062603175591
6,34,0.14485813800274022,0.2667100183952764,0.2252598936964511,0.21803092601917645,0.173826836112354,0.15199408867188485,0.0031396396196803496,0.7538533862168069,0.2,0.6,0.1,51,3.033391653577481,5.430486125796373
6,35,0.0662136000101124,0.18057545894627355,0.13802694100424948,0.15407920785618098,0.04991965465192082,0.10072619437775562,0.00546058254356069,0.07832510846908261,0.2,0.6,0.1,54,3.5479798988685256,5.794989054476328
6,36,0.09150313509542049,0.20282692681467346,0.16734192231007333,0.2061738888445131,0.08702426161316458,0.17783881288216058,0.00359494393006946,0.21008706277704,0.2,0.6,0.1,56,3.586677289208022,5.51074978444932
6,37,0.06237584832597663,0.15803086219079795,0.11277776924280482,0.17590607880145714,0.11394921497307552,0.10600389600189215,0.005815176611238581,0.07953554029281956,0.2,0.6,0.1,57,3.466041580538468,5.564079341726158
6,38,0.061252965720984716,0.1588940881327557,0.12144135993601504,0.18655341625259966,0.0512597675019995,0.10432167708694204,0.00570268499719764,0.07927963583531544,0.2,0.6,0.1,58,3.7072326927645887,5.794863157110825
6,39,0.06194377585910728,0.20417984233851338,0.24826840910002262,0.3587261535417296,0.0336430900559341,0.09941499364763753,0.00237934180650219,0.11958727639763451,0.2,0.6,0.1,85,3.2676401261644163,5.143308480175422
6,40,0.06648515734796877,0.20433177467500863,0.24779576436672673,0.3716283300481192,0.05487015936770402,0.09921684327554718,0.0025571873919956597,0.17571268924548322,0.2,0.6,0.1,87,3.910994666334026,5.734024543100338
6,41,0.05939987679777773,0.1984631535827687,0.24962169431373932,0.4263450277974298,0.036799074039830286,0.1009390711359878,0.00212196837258106,0.11263931281829902,0.2,0.6,0.1,93,3.250865497843712,5.071108390722964
6,42,0.07176967738494196,0.21110946254030075,0.2848876846395358,0.5610766354540847,0.05281789618471877,0.099134299953531,0.0030626488338001403,0.26743708043862563,0.2,0.6,0.1,115,3.3129044024539325,6.308833711170363
6,43,0.07009384810985486,0.18396981227860976,0.24668196532106224,0.5613845092126616,0.12514807617619952,0.10322834753462065,0.00324883696037421,0.2886533337098114,0.2,0.6,0.1,117,3.842243718874247,6.7136417077542205
6,44,0.06855011290093677,0.1968377788163816,0.2916992139392113,0.6066503905475084,0.07865730321820327,0.10473806920135245,0.00336054115624426,0.2780766890514223,0.2,0.6,0.1,118,3.6396419492124776,6.609727391610498
6,45,0.06835871552885295,0.19657287598367956,0.29142412981160143,0.6541087648353461,0.05065290451652177,0.10470178204933492,0.00334848420663151,0.2764638899870736,0.2,0.6,0.1,127,3.628334363090432,6.600699310667014
6,46,0.06935306253572535,0.19719265551668153,0.29199271546933,0.6596972079931847,0.05428560618822712,0.10492644849188745,0.00329968919695364,0.2870466091921529,0.2,0.6,0.1,128,3.644404925027763,6.567936903519556
6,47,0.7646471379774216,0.9221191958992622,1.081333181691534,1.6158637399728277,0.7494788254438116,0.2423038662430995,1.0,1.0,0.2,0.6,0.1,177,99.25451496006224,103.9204812774428
6,48,0.7368606642053429,0.9094674439695893,1.100933503367765,1.6845524414810598,0.722757807544899,0.10670836816401683,1.0,1.0,0.2,0.6,0.1,193,66.22562836553656,133.71450881366195
6,49,0.7366512456716228,0.9174194320623521,1.1250927573809113,1.7213416736127374,0.7231327621350886,0.10670836806368751,1.0,1.0,0.2,0.6,0.1,197,65.97768919815357,133.228294935485
7,0,0.8160542915330647,0.9468115486226661,0.9384492503733015,0.14259786405871008,0.02081286720483519,0.10371668731584549,9.019766567700999e-05,0.0001541114225988,0.2,0.6,0.1,1,15.512390819361212,29.46462435963484
7,1,0.5755298331042137,0.832204749574422,0.8109021697412453,0.11755350631223617,0.35054262345572906,0.1029226711815451,0.00018082559969656,0.00026018678283149,0.2,0.6,0.1,3,11.136550655184791,21.854475246009628
7,2,0.4123287129905744,0.7292542976158524,0.7037032412576787,0.09583620672252215,0.33981000047996357,0.1127387502178154,0.0007640865869628499,0.00094286392871675,0.2,0.6,0.1,5,8.174220283047006,13.385275942392338
7,3,0.3983638459031122,0.7178542109672037,0.6911950325710807,0.09520161485572946,0.07825276113802017,0.1055535653837345,0.0005505714521127899,0.0006547603401171099,0.2,0.6,0.1,6,7.367133765951158,15.213414543669346
7,4,0.34029486220236876,0.6671858354174247,0.6349756128544455,0.08238534369208965,0.30260996881751734,0.09670214020388383,0.00085555674480743,0.00107405259734683,0.2,0.6,0.1,7,8.258936396597127,12.051745253017906
7,5,0.3257734674389648,0.6534720458475631,0.6198500408107408,0.0817406454398648,0.09167062852065597,0.09132370459335457,0.00066285985996172,0.0007818521137289,0.2,0.6,0.1,8,5.883471346865916,13.46577931434142
7,6,0.27692255985662395,0.6020341450245872,0.5624105967250843,0.07118505108409245,0.32536784131803576,0.09846238817396699,0.00098881320458856,0.00127174689433114,0.2,0.6,0.1,9,8.207851785403237,12.530900071133996
7,7,0.2672113862178501,0.5917880851117345,0.5515624725647738,0.0691434798308733,0.04706629310011249,0.07475322676379151,0.00075433001780629,0.00091304078235897,0.2,0.6,0.1,10,5.4998137449660165,11.431499362592106
7,8,0.22204156339733083,0.5348201201360769,0.4880609545402335,0.05660676423228975,0.34879346617769835,0.07794671740553584,0.00103780296208545,0.00132434256682271,0.2,0.6,0.1,11,6.907910782028367,11.358740750965175
7,9,0.21217113317143546,0.5211638705638765,0.4728610923824814,0.05739218610607242,0.09572679261170126,0.07867181955968068,0.0008460171256391201,0.00106208027958139,0.2,0.6,0.1,12,5.588473883030527,12.171472699633584
7,10,0.19244354580606338,0.49020849247611537,0.4381102850051036,0.05356282575966697,0.21166659729440418,0.09091064339953749,0.00109461861998377,0.00140974141524749,0.2,0.6,0.1,13,6.563281818509392,10.16436173111016
7,11,0.18627090021775503,0.48056603308628476,0.42739476342385724,0.055579016370155825,0.07420143512239041,0.0907732492486034,0.00093385221598167,0.00118378578672383,0.2,0.6,0.1,14,5.155980010948429,10.855492580343656
7,12,0.1844327648740462,0.47732923182585035,0.4237520642750383,0.06110925860744985,0.029464487246687696,0.0919083715530585,0.00111046918542048,0.00140785663786764,0.2,0.6,0.1,16,5.217301813755755,10.363955397491452
7,13,0.16800797727748334,0.44813689460151795,0.39110824907180974,0.05387424657392473,0.1956002007753907,0.09792870513098352,0.00125787413582594,0.00199068560138166,0.2,0.6,0.1,17,5.964765630919226,9.369599927603591
7,14,0.16464576442848006,0.4423560361935564,0.38471302793532386,0.06032326285547386,0.051538572755845606,0.09660193707700007,0.00117954028309147,0.00166592416410638,0.2,0.6,0.1,18,5.940454406577769,9.343837585827233
7,15,0.16351689131837926,0.4396822211100321,0.3816512119232334,0.05799364299621658,0.04084005822308686,0.09919468106067827,0.00146569181052123,0.00236690413805474,0.2,0.6,0.1,19,4.587242342628413,9.470679235375236
7,16,0.15236944827871154,0.42010523735834526,0.3600487237309943,0.05985109039198894,0.1224386344255376,0.09169334318682429,0.00133241495024392,0.0016460094166789198,0.2,0.6,0.1,20,6.032709779476566,9.183249297531244
7,17,0.1494806634032442,0.41856238335391166,0.3659220740472559,0.06174873912746146,0.058760826067020364,0.09459598512902376,0.00125357059078127,0.0019483174619575098,0.2,0.6,0.1,21,4.635598940685025,9.68100507294366
7,18,0.14849606945549898,0.41192876329727507,0.35088160813608266,0.06438531555368265,0.03143134470393236,0.09517569954175034,0.0011542472455430299,0.0016486779147467999,0.2,0.6,0.1,22,5.229015393606377,8.537465510144745
7,19,0.13331387753660814,0.38271017873706414,0.32580471630323427,0.05945933512192948,0.2273983832136274,0.10354650565716957,0.0013477399459830498,0.00240260544190967,0.2,0.6,0.1,23,4.858325719564355,7.291105038354605
7,20,0.12913637864045005,0.373735972984253,0.31584639478043053,0.06317084014034101,0.046713255942818374,0.10141898296860119,0.0015564351761273,0.00276648397115888,0.2,0.6,0.1,25,3.784528603375104,7.223830240653026
7,21,0.12740509189916216,0.3702259877052013,0.311977572688829,0.06793705052780373,0.03947066691505738,0.10005347332555067,0.00147501470723068,0.0026323654424903202,0.2,0.6,0.1,26,3.649614766315629,7.103752872580704
7,22,0.11890792191559744,0.35452982025318047,0.3021422566698963,0.06567784216509588,0.1391337328029486,0.10105792622750324,0.00144316703096835,0.0025726028443385797,0.2,0.6,0.1,27,3.897975786785299,7.100388729052503
7,23,0.10589052921456507,0.324085184175621,0.26844894705427164,0.05858438354379975,0.18497516668832423,0.09418742320497818,0.0010499723051934401,0.00170933237942353,0.2,0.6,0.1,28,3.580700868619872,5.974019540829975
7,24,0.10347764114017721,0.31575429982648984,0.2590519779664638,0.06098288193815296,0.07509033818469134,0.09803663327837132,0.00143504849286941,0.00273466391261948,0.2,0.6,0.1,29,3.2166389737289807,6.331183053858124
7,25,0.0944667192191171,0.29307207240490846,0.2339702413726445,0.05985024747924153,0.14160005491883998,0.09091404632531924,0.0014438789184732501,0.00245049088291474,0.2,0.6,0.1,30,2.8959630412956288,4.788109944297096
7,26,0.08966528500105779,0.2790926816613029,0.21842371783669393,0.0655931489682487,0.09906497620426617,0.09052884784461668,0.00139896432674487,0.00237077493450066,0.2,0.6,0.1,31,2.700717346685626,4.813421143017534
7,27,0.08416170794995904,0.26691069117630556,0.2125325146284778,0.057314731184974974,0.11507720768105566,0.09028633222997227,0.00131433478207781,0.00220363218580528,0.2,0.6,0.1,32,2.7827743316221536,4.770520267732868
7,28,0.07698703604999473,0.2428461778974925,0.18572485878071923,0.054208037527688116,0.15908229797851034,0.09186427724096564,0.0011900128091828599,0.0018973569244261,0.2,0.6,0.1,33,2.6359585840762096,4.795820861828313
7,29,0.07606282152080611,0.2395604089721891,0.18206225780487678,0.05681383637551258,0.03853981325229719,0.09215649227469452,0.00117814958944528,0.00188258752617485,0.2,0.6,0.1,34,2.636447762729273,4.830018080932591
7,30,0.07520747294870803,0.23553410314575,0.17753221367550132,0.059487547398468565,0.045435927774091035,0.094625782641411,0.00109672912054866,0.00174846899750629,0.2,0.6,0.1,35,2.4892874730273795,4.559832389489756
7,31,0.07357317820985708,0.23768835420257559,0.18773158865742537,0.07447833088804018,0.021761416295586318,0.08825232953416914,0.00106419735403453,0.0016367872462924303,0.2,0.6,0.1,37,1.9283699953087177,4.21223263960567
7,32,0.07358556396883384,0.23625800429837357,0.18607148234945067,0.09222945467514856,0.030993667316325052,0.09092766735092336,0.00112883306887808,0.0019279697750058601,0.2,0.6,0.1,38,2.034554450185892,3.816009520552512
7,33,0.07178283573047005,0.2346637122868248,0.19196275632160512,0.09712916766095726,0.05377325099485536,0.09050725170673508,0.00110973800561884,0.00187451028803305,0.2,0.6,0.1,39,1.974782721563768,3.9262565284425817
7,34,0.07067895907434879,0.2357923128886473,0.20089511131161233,0.10658647020171025,0.028198710243705877,0.08969724206907283,0.00107513991871407,0.00176300041048669,0.2,0.6,0.1,41,1.966598965246518,3.907069498107498
7,35,0.0702048520904515,0.23901683283817485,0.21215318581139345,0.12071539767789737,0.02101838100032551,0.08903523471751533,0.0010814360939432799,0.00173965147900119,0.2,0.6,0.1,44,1.9948224681498803,3.920656480360138
7,36,0.06946139896682897,0.2266652049842936,0.1830784047068223,0.12079521944003534,0.028354281760242052,0.09005256262567196,0.00105515820153947,0.00152115556870032,0.2,0.6,0.1,46,3.288194874428489,4.816280687139181
7,37,0.06946139915192266,0.2266652049781749,0.1830784047007036,0.12852106734969204,0.018795834211728455,0.09005256260260272,0.0010551581995928302,0.0015211555653316402,0.2,0.6,0.1,47,3.2881948849700184,4.816280696734836
7,38,0.06710074310675791,0.2135644546592463,0.16083614789296966,0.12622734096173985,0.04476374262770067,0.08999279410533341,0.0011541373696873501,0.0016427700627651798,0.2,0.6,0.1,49,3.493968766189938,5.087980373878642
7,39,0.06508549062796515,0.21384958080810346,0.1764305466225887,0.13101648612321276,0.06958814985132725,0.09038058277388356,0.00123283722007941,0.0031971276093129804,0.2,0.6,0.1,50,2.776975559146571,4.868476940569208
7,40,0.06270898497883015,0.20076786315344752,0.15424790731101198,0.1323626373187914,0.06610079505538487,0.08999279410533341,0.0011541373696873501,0.0016427700627651798,0.2,0.6,0.1,51,3.315587925619475,5.23277772071466
7,41,0.0605582697309447,0.19314609518344333,0.15328781502389924,0.13693805374258575,0.09711019625704793,0.09459090941933981,0.00143477108439517,0.00238783933200259,0.2,0.6,0.1,52,3.3650124135414274,5.528477274610706
7,42,0.057620758577739954,0.18288790835167784,0.14194212556526994,0.13759122098710427,0.0748151373525738,0.09200432365570496,0.00130896477178507,0.00196633609927233,0.2,0.6,0.1,53,3.142122627615673,5.574634033279136
7,43,0.0579845385349599,0.18771830155482414,0.15492693768156107,0.15323178093606288,0.020292943835150897,0.09388394218267676,0.00132287724454781,0.00217490556581526,0.2,0.6,0.1,55,3.2836896277939807,5.280231878056206
7,44,0.05535598124959161,0.18203031342213224,0.15628561635796406,0.18126322820442195,0.03384261163024725,0.09236388345804544,0.00133631974358528,0.0020238364380975,0.2,0.6,0.1,59,3.446105272934836,6.020293673856518
7,45,0.05272473358421408,0.1688680295132915,0.1415888012905449,0.2105230602477997,0.03293703546086809,0.08811819147621829,0.00345106127170009,0.00199656018391261,0.2,0.6,0.1,65,3.1503833532709966,4.599699842459237
7,46,0.05067249832295349,0.15822102367757163,0.1297025914180098,0.2077657797065819,0.08335793171406403,0.08666440210634498,0.0044816216404088,0.0019159368824634801,0.2,0.6,0.1,66,3.6576645480598176,5.1718086153321545
7,47,0.0506768769152876,0.15341124387642163,0.11668799566646174,0.19632396946867567,0.021834528125427317,0.08696572636394453,0.00447038115455171,0.0020005721076840803,0.2,0.6,0.1,67,3.608269350070872,5.417519733177397
7,48,0.04934585208488039,0.15429815170783268,0.1329245338409001,0.21775263001923334,0.07170140095013824,0.08858772882104249,0.0048344878936719595,0.00181399174009422,0.2,0.6,0.1,68,3.5816441608754164,5.25835716662202
7,49,0.04839979217661309,0.15568967160920294,0.14216800293185072,0.22861393527194868,0.02591765116889055,0.08761488409973782,0.0045624761616957,0.0018154542080494902,0.2,0.6,0.1,71,3.5313444977564727,5.275454197573104
7,50,0.05371656145860622,0.1499030929907007,0.1348104782746585,0.3359913130836911,0.0332680558330358,0.08312426100181655,0.0053064936200593795,0.08748641260549248,0.2,0.6,0.1,88,4.206342204262076,5.368039955049204
7,51,0.32113899333582846,0.4368611207946056,0.46215262779519894,0.624524190626294,0.3215909112401475,0.9707533057792777,0.00445290258691864,1.0,0.2,0.6,0.1,89,4.313084243292841,4.33710037314394
7,52,0.32305011667651096,0.4291081043912237,0.44551635161462577,0.6262207317151697,0.3360910755479173,0.9862072982724716,0.00450430012190866,1.0,0.2,0.6,0.1,90,4.169130766907223,4.292848171774857
7,53,0.14026006162293436,0.23903263328066043,0.25442611349831945,0.4514668845305151,0.13609339876782203,0.08198910490897515,0.00408355365199123,1.0,0.2,0.6,0.1,93,3.813167134838919,5.157335253141036
7,54,0.3221883681054573,0.42442025612176904,0.44782974651276963,0.6553989025087766,0.3050601104976717,0.9859956146303521,0.00639439746864366,1.0,0.2,0.6,0.1,95,4.326318160981233,4.704880948082
7,55,0.31955724984686906,0.4152750442084423,0.4377833109938025,0.6519927464895677,0.32283415634109713,0.9795812665321074,0.006581939466844421,1.0,0.2,0.6,0.1,97,4.350075077383461,4.63402818569371
7,56,0.3168496497271604,0.40616585118154924,0.42025151298441377,0.6357276331285149,0.3038872392983798,0.9682494299963814,0.006507786580819359,1.0,0.2,0.6,0.1,99,4.2902815191352905,4.5941643965283125
7,57,0.3233176342766869,0.4115646336132389,0.4255030826997519,0.6596087345309544,0.30801140465371735,1.0,0.00709425443068927,1.0,0.2,0.6,0.1,101,4.383073583593331,5.326678351041398
7,58,0.32226457479940673,0.4055009914237475,0.4187509557528525,0.6623137379436184,0.3393742238590579,1.0,0.00714178616441353,1.0,0.2,0.6,0.1,102,4.32117494782925,5.212486225820852
7,59,0.32200824027239994,0.40399202195058515,0.41707038302512345,0.6618981337285583,0.30867131041817386,1.0,0.00715912585960137,1.0,0.2,0.6,0.1,104,4.323206327800938,5.222374258400926
7,60,0.32193010537172584,0.4080986123581254,0.42929424999855603,0.675316346738542,0.3057532048392704,1.0,0.00717553913963037,1.0,0.2,0.6,0.1,106,4.323512680216255,5.189035529998108
7,61,0.2755270250838154,0.3745367580822503,0.420123583215393,0.7010216894169372,0.2587726459463162,0.7706997714415812,0.006607938435565131,1.0,0.2,0.6,0.1,116,4.04778223850537,5.469741794733328
7,62,0.27532889316765463,0.3739535076926779,0.419487503188383,0.7052827289990199,0.2606743661159482,0.7701141804226407,0.00660831873210183,1.0,0.2,0.6,0.1,117,4.048882129451772,5.447082882527397
7,63,0.04904070731842012,0.14251091782643302,0.1797947166772732,0.5115651520483239,0.03312600789781995,0.08153325904927869,0.007987413757635401,0.10718992244216703,0.2,0.6,0.1,120,4.004327077566359,6.08504139990027
7,64,0.04885307765180703,0.14585626308152846,0.19116845729210238,0.5204083060084927,0.03556865438542174,0.08169542925176629,0.00799352698100288,0.10718866587215584,0.2,0.6,0.1,122,4.007841181505901,6.031494203485242
7,65,0.041376289949575665,0.14711903057485817,0.21626345547933593,0.7547507257551627,0.026160720596755865,0.08735293192738466,0.00968758354833712,0.02141595980801096,0.2,0.6,0.1,168,3.2104873958241047,4.58122717925133
8,0,0.8671845904141935,0.9664125563449688,0.9603496593856217,0.14756107203851745,0.020065263361597308,0.0999890745789399,9.42557364322e-05,0.00010895003950006,0.2,0.6,0.1,1,11.596956621550538,29.46462435963484
8,1,0.5639584716533208,0.8354034574307612,0.8206942080913314,0.12621347368853206,0.4619656781245992,0.16361993039592793,0.0008032308924341199,0.00100658714885223,0.2,0.6,0.1,3,7.898478899685332,14.496418029080228
8,2,0.4169672917644354,0.7346902769033073,0.7087816281038797,0.10004924031779296,0.31714164738068495,0.15525678029963869,0.0008974866288663201,0.00111553718835229,0.2,0.6,0.1,5,7.681723038730017,13.612594812618312
8,3,0.3418206983175316,0.6688911237878887,0.6363103530175946,0.08392831936100154,0.19499664296786806,0.1211730211259617,0.00098809184282585,0.00118187001541595,0.2,0.6,0.1,7,7.240585014021814,12.435216076839174
8,4,0.33837176060545443,0.665507702899141,0.6328024361918521,0.08522639097145819,0.02901364918599487,0.11152829666567114,0.00049326889185648,0.00061903018816538,0.2,0.6,0.1,8,7.046416955509608,12.449804871305188
8,5,0.2988994960912882,0.6257951575609442,0.5883898367486217,0.07657738218186713,0.2641277117695265,0.1191709676494314,0.00099076992766347,0.00115772004680631,0.2,0.6,0.1,9,7.73012042092307,14.427349627740568
8,6,0.25006104137575813,0.5696457160461118,0.5261711665503999,0.06766018156081843,0.1767848446864116,0.1063989486089139,0.00113988653627713,0.0013927488087925601,0.2,0.6,0.1,11,4.680972117346792,11.594417518517549
8,7,0.24818035428080198,0.5676965529862366,0.5241834606957705,0.07042233787312273,0.022466961005489984,0.09999380068700817,0.00068128204416104,0.00087529697094371,0.2,0.6,0.1,12,4.616636040693297,11.5532311090761
8,8,0.21558990553748242,0.5245514170461621,0.4762908347071396,0.06047919876510892,0.26135661227387535,0.09325119166436716,0.0009876873028985499,0.0011936859910668901,0.2,0.6,0.1,13,4.355737014012126,11.046853584778146
8,9,0.21428344127602383,0.5224812802930796,0.4739325695765029,0.06493301292925624,0.034528328620401526,0.09592900941308548,0.0009100741780975801,0.00110093918968172,0.2,0.6,0.1,14,4.248670117295621,11.238878002232658
8,10,0.1888364304749283,0.48338830890612855,0.4303268453743003,0.055828074991320656,0.25071711245618183,0.09884703447187207,0.0012704545121951598,0.00152053610956709,0.2,0.6,0.1,15,4.765276499095108,11.132848727080027
8,11,0.18426846340877062,0.47668546186943517,0.4229972000418845,0.05805362526588911,0.051484505538871066,0.09388589469392664,0.0010475019502897902,0.00122683657485357,0.2,0.6,0.1,16,4.511781828460923,10.975062038344088
8,12,0.18237027444084614,0.4732660201018979,0.41914074673283785,0.06050751352208913,0.0422423030845108,0.09639886907215942,0.00096988882548882,0.0011340897734684,0.2,0.6,0.1,17,4.422759490118918,11.180213255591712
8,13,0.18065882589609195,0.4752767332131979,0.4290770925856364,0.0678176068021432,0.02592116935709173,0.09432063237004196,0.00100932986254636,0.00116296488314496,0.2,0.6,0.1,19,4.475379995407544,11.127693152841006
8,14,0.14121553225370942,0.4005784930017302,0.3457819746067852,0.05501217292264111,0.2400753269956387,0.0996949264132557,0.0013827772760759,0.00196575860970339,0.2,0.6,0.1,21,3.219453188697353,3.9706619017539753
8,15,0.11998141481407766,0.35288018002177485,0.292683544333233,0.05057952920260482,0.15868225540866485,0.09977371258127692,0.00148122172602083,0.00209760729740406,0.2,0.6,0.1,23,3.2332135724527107,4.949002287134322
8,16,0.10481714355923122,0.3148706993466459,0.25041211933998064,0.052136540563405,0.09340748742934474,0.09741577388883751,0.00179633295487863,0.0019784441642023603,0.2,0.6,0.1,26,2.268348738521211,5.01421803651068
8,17,0.09841223382309469,0.3022784290991846,0.24408734569902046,0.05369255533155309,0.1171960059903057,0.09557301340283894,0.00184970835922127,0.00215835537686952,0.2,0.6,0.1,27,2.06647999750255,4.65191491623794
8,18,0.09253705746709692,0.28452589880895895,0.22428888973603156,0.05173955843544157,0.12504385204177065,0.09882621128841627,0.0014467210771712,0.00159907837654835,0.2,0.6,0.1,28,2.0205046111249687,4.823813868434464
8,19,0.0912175709390735,0.28066716630338934,0.21999933042619255,0.05402976106409328,0.042773554167179074,0.09884497537963516,0.00137931902165024,0.00150859768247334,0.2,0.6,0.1,29,1.9565778341472555,4.556530032697946
8,20,0.08316496741330534,0.25501366579311585,0.1914276523528054,0.05035329041752768,0.16942837909314767,0.09923719503761984,0.00148606785628554,0.0017796574923251598,0.2,0.6,0.1,30,2.3174351641481663,5.287670744940042
8,21,0.0807513517641287,0.24121961620212262,0.18323817109322696,0.054580828181043664,0.09084100475734244,0.11126935596652172,0.0036695373946109998,0.00805837656412718,0.2,0.6,0.1,32,2.20907678871416,4.467383342189422
8,22,0.07940000816690539,0.24087227755429125,0.1904971703085151,0.0630615368915738,0.039786107551343854,0.1100728975752158,0.0039922627750016,0.0092875744512787,0.2,0.6,0.1,34,2.2013233684308617,4.221668505013456
8,23,0.07929613246738226,0.2406677037382272,0.19027823284511222,0.07290013355218299,0.025803293043522968,0.11126935577779033,0.0036695373247661103,0.00805837672499593,0.2,0.6,0.1,35,2.070987841902786,4.287969251500527
8,24,0.07726313958849118,0.22741297857903695,0.17527003476306402,0.06801113801513263,0.11710046414191251,0.1211782703619819,0.00414521123403816,0.00800917120586828,0.2,0.6,0.1,36,2.236024297495527,3.8665541762099336
8,25,0.07589801606076628,0.2244329120690981,0.17204014568348927,0.07309056614607189,0.03951433869089131,0.11797603573746678,0.003941403115948721,0.00794460386461293,0.2,0.6,0.1,37,2.199764224124987,4.022828514014292
8,26,0.07470541202226344,0.22407359045651043,0.179275488519404,0.07547437493033243,0.05641812751623828,0.11713954313649722,0.00430789034089232,0.00911858708247261,0.2,0.6,0.1,38,2.156726428800686,3.776850648006689
8,27,0.07176929228412414,0.2145385789258794,0.16125794435314872,0.07616308449335381,0.040687898247054585,0.10629206485291882,0.00399759092732045,0.01060661494779217,0.2,0.6,0.1,39,2.7809599901328275,3.633042959345374
8,28,0.06911525301159296,0.19796142891624222,0.14256871911149885,0.0803450882589704,0.08070747741335779,0.11745778658588572,0.00409063374340605,0.00884748891882228,0.2,0.6,0.1,41,2.425675665636002,3.696308942778576
8,29,0.06660841413607753,0.1926295371655036,0.14430158682510777,0.08795152496632444,0.05492346421363155,0.11516592393121534,0.0044133018942486,0.010352502833606069,0.2,0.6,0.1,43,2.7739064485526588,3.257207906239828
8,30,0.06608867864246415,0.19153031259482103,0.14311601358224899,0.0941972401846356,0.030800498355240596,0.11376811093620501,0.00432107382437072,0.01034928000756264,0.2,0.6,0.1,44,2.7599696423598945,3.296806481894412
8,31,0.06448084161735868,0.1904156915875957,0.14956869550745666,0.09612544571187584,0.05656348833583547,0.11229724941565992,0.004234642764303119,0.01036306263285085,0.2,0.6,0.1,45,2.6595630501409646,3.2106298616608204
8,32,0.060311465733292206,0.1900490498287286,0.15725825158479892,0.18408665537472124,0.022659949923714222,0.10076862425901553,0.00251298320374648,0.00452045360855644,0.2,0.6,0.1,56,2.0449811431429823,3.552251511918743
8,33,0.05983283511633085,0.19240660682877112,0.16752943433543668,0.19947834810312837,0.03544908444685586,0.10073079422148172,0.00259097245132258,0.00475558992550015,0.2,0.6,0.1,57,2.076532064650764,3.6080008535466894
8,34,0.05907859706114552,0.1933249015209192,0.17619061524907265,0.20651555153190998,0.03329993991199344,0.10152280046929878,0.00257374549619965,0.00461713667150927,0.2,0.6,0.1,59,1.974593745809728,3.647282479960622
8,35,0.05563782306649211,0.17247337122607992,0.14529470916386,0.22664641563731558,0.04644563489791422,0.07433499442035336,0.00837761593388861,0.027162158198905318,0.2,0.6,0.1,63,2.149375100080968,3.7066101230341753
8,36,0.05522089003739745,0.16723228833023374,0.13184702342958188,0.23821285447309498,0.02308387082891462,0.1003058557711691,0.00278761697466999,0.00522444713913603,0.2,0.6,0.1,65,2.016806655835178,3.642755031629736
8,37,0.05345746639231893,0.18159107541834804,0.18608338066882743,0.3304419038295929,0.025565582988383722,0.10065994736733681,0.00289434288334325,0.00534352900530728,0.2,0.6,0.1,81,2.175613515486928,3.642175939058114
8,38,0.05036439517760472,0.16800138547023324,0.15595903523373653,0.34616964645231546,0.02283385769063268,0.08462703966291316,0.0031739874620490298,0.00833617599952345,0.2,0.6,0.1,84,3.004629781057251,3.699751284366564
8,39,0.05004945215926059,0.17127911086334022,0.16726614688095107,0.34658002757363554,0.026991719601511248,0.08523816937574182,0.00294259722963677,0.00808054930382671,0.2,0.6,0.1,85,2.813014927383009,3.757770237889875
8,40,0.049800300753447456,0.17443711227908645,0.1784271969258289,0.37683910383223984,0.02841315589034802,0.08522567914599674,0.00301397631499493,0.00839958322136102,0.2,0.6,0.1,86,2.8454631519229427,3.719664987453376
8,41,0.04866917241755832,0.16982303152575218,0.17331473687803353,0.37969616859048894,0.04490020664724874,0.08457119108367014,0.0029459400949873897,0.00808895733551896,0.2,0.6,0.1,87,2.787582299280292,3.758336018850414
8,42,0.04734512476686025,0.1563103666299477,0.15054755634846906,0.37250492396489016,0.04767138392116408,0.0865177338183036,0.00332196326154314,0.008407670001943469,0.2,0.6,0.1,89,2.8548521441739947,3.470062642534567
8,43,0.04486059412050038,0.14876378831316583,0.14981099272271503,0.4226027731761351,0.02875524515798884,0.08591785637259718,0.0033603116378016196,0.00863518470226498,0.2,0.6,0.1,97,2.8943935820492626,3.45874575889672
8,44,0.044859905082025815,0.15335635829315686,0.16257674807927752,0.43661879388566954,0.02008652789707105,0.08592124584744679,0.00336052125540545,0.00863547665670834,0.2,0.6,0.1,99,2.89471782725542,3.4587694381814003
8,45,0.044102818744079085,0.1546796803872933,0.17172049200112674,0.4619092584696627,0.02192130620351258,0.08479390179561443,0.00342806917968752,0.00902406213660213,0.2,0.6,0.1,108,3.0454657796960887,3.650337129948352
8,46,0.04008144754942409,0.14076160289903905,0.163955906146257,0.6162675828561538,0.022832140545865846,0.07837872977728659,0.0037617757723561102,0.01347847126048054,0.2,0.6,0.1,137,2.370306592847289,4.392476099716747
8,47,0.03991569594962783,0.1443195028394512,0.17556665143828037,0.6385417514082615,0.0203427208057357,0.07850298511435061,0.0037747353806537203,0.01346958645852446,0.2,0.6,0.1,143,2.380016700543544,4.357396646248056
8,48,0.03919006693817176,0.13930118562630336,0.16995509377211013,0.6681585847585709,0.034663405738738065,0.07935290785004129,0.00389203342441343,0.01337972802064186,0.2,0.6,0.1,145,2.4758242549956675,4.180733398016354
8,49,0.03871152795650034,0.1385422012692423,0.1691573329447134,0.7224533173013643,0.019324372217182348,0.07724920090154556,0.00391235891856077,0.01329883048997967,0.2,0.6,0.1,155,2.8093325804779354,4.150989108679172
8,50,0.03823714895246145,0.13609965824927825,0.16644354781129891,0.7668250462464933,0.02138933878180463,0.07624868755376624,0.00415053601507264,0.013449062163761669,0.2,0.6,0.1,161,2.720772324188054,4.207866323916225
8,51,0.038208080056459676,0.14053699464592176,0.1790366185188904,0.7924357222730898,0.01939610576814739,0.07624868755376626,0.00415053601507264,0.013449062163761669,0.2,0.6,0.1,164,2.7299887020215494,4.218891006263163
8,52,0.04048432798771761,0.18742026196605258,0.30746970566776727,0.9501972911889637,0.022272291571373105,0.08395533873228334,0.00637532809793728,0.01047382588249661,0.2,0.6,0.1,180,2.601086787702138,4.160168341123301
8,53,0.04034367153561821,0.1910159128928922,0.31912068246031394,0.9761715414277468,0.023222005791947338,0.08419883944070419,0.00637666180161261,0.01044281636774435,0.2,0.6,0.1,184,2.62628611468404,4.13978833488655
8,54,0.03911613677601354,0.1881619689034273,0.32358707752668436,0.9908156626060306,0.0653266151603336,0.08434642916233961,0.00648307935566766,0.01052339361019458,0.2,0.6,0.1,185,2.600814436434126,4.053675161889298
8,55,0.037349121288284416,0.17163520552072092,0.3050522830538312,1.0063569346542596,0.0344302342170723,0.08147342589270283,0.00896116077915205,0.013847105587357088,0.2,0.6,0.1,194,2.6630769797488267,4.557776449710154
9,0,0.8043165087686724,0.9415106948980743,0.9326527084313304,0.14046022406083736,0.019898257274211618,0.09915069501864494,9.086892550117e-05,0.00013596915181927,0.2,0.6,0.1,1,16.329259251134744,29.46462435963484
9,1,0.5193732365169651,0.8057561831409298,0.7883942405021708,0.11346948460694402,0.4522127529987334,0.13338836063572126,0.00062680330824146,0.0007993893540160699,0.2,0.6,0.1,3,12.255292496018258,14.480190806655749
9,2,0.4047053410880916,0.7238308272983277,0.69731459504424,0.09655877675863755,0.25958431292153744,0.12804545455408528,0.00083482949812342,0.00108477422949257,0.2,0.6,0.1,5,9.045300030524142,12.923246772720546
9,3,0.370331867162479,0.6898441565804561,0.652296193427127,0.08811077574411097,0.09496132945673157,0.10861275864998243,0.0005410535960053201,0.00072239985070553,0.2,0.6,0.1,7,8.894552256769988,14.842247244399427
9,4,0.34768635138857096,0.6740760180864225,0.6426169576369106,0.08855626523720349,0.12664243826152569,0.09731867020343812,0.0010077679575413502,0.00135583010239203,0.2,0.6,0.1,8,5.737762871625508,14.607050766754236
9,5,0.31744574065296144,0.6405454906371041,0.5974474956682608,0.08065901371232284,0.19842152990277626,0.10735893353867221,0.0006310046955487799,0.00084255640353946,0.2,0.6,0.1,9,9.411111407021927,15.014314177326398
9,6,0.27811169197507335,0.5993597856103695,0.5522597461481739,0.07197320742148341,0.11830692057705525,0.07822369236607647,0.00071736971868422,0.00089375345912331,0.2,0.6,0.1,11,4.6629196968163775,13.380889710899057
9,7,0.2688447225736934,0.5887693194232446,0.540434477084694,0.07398649821208535,0.07913197793562178,0.08017942159988695,0.00064109030637702,0.0008145263164258899,0.2,0.6,0.1,12,5.974677295714473,11.96090206940847
9,8,0.2544337371727194,0.5738114997692655,0.5302224374525918,0.08105620703105669,0.20182172611874,0.13449597324509477,0.00040798305824952,0.00139068145296539,0.2,0.6,0.1,13,6.088249729130073,9.74379102376242
9,9,0.22124587430918893,0.5301605372131534,0.4818819901990601,0.07511125019859327,0.1446528861306356,0.12344666557852395,0.00049404831250002,0.0014489085013364,0.2,0.6,0.1,15,4.254955767782799,10.255442371567373
9,10,0.2204899761433189,0.5288842944157658,0.48040914836032905,0.08014385649463551,0.03560592734103294,0.12604166804173672,0.00041794552184093,0.0013428246127334602,0.2,0.6,0.1,16,4.053705814490913,10.433557248285512
9,11,0.21972950480142536,0.5274733610006493,0.4787555812191155,0.08336967570501833,0.03869557647940951,0.1300006716209679,0.00033779784132951997,0.0012664916533004901,0.2,0.6,0.1,17,4.266099326372327,10.145092735902006
9,12,0.1974557808439318,0.4971284348878717,0.4456374566329862,0.07069891512345672,0.16208586174154396,0.09845830573550887,0.00112924027602229,0.0015704486108066198,0.2,0.6,0.1,18,3.539419725883645,9.514080750220051
9,13,0.21443859074458324,0.5123732009552584,0.46712584651717454,0.10032431526825497,0.14648578919117272,0.17306320452197219,0.00091038588161614,0.1309572294008359,0.2,0.6,0.1,19,3.4116485784094066,8.23645882361193
9,14,0.19684641534980832,0.4845025123773095,0.4364009830140981,0.09631639674076409,0.11853315084064445,0.15382659862372447,0.00171995038294223,0.138455924707997,0.2,0.6,0.1,21,2.6578869721066387,7.62720991908691
9,15,0.19197382482875497,0.47640823773597524,0.4274675725534403,0.09924175784318016,0.08790979970122577,0.1512735582019292,0.00159053560438666,0.1376386333401104,0.2,0.6,0.1,22,2.745358481057212,7.61970094633261
9,16,0.17332042000940678,0.4605401901392942,0.4192950206321016,0.08824431244734211,0.053924074733394514,0.11250103769886984,0.00156337627780746,0.053033526434388446,0.2,0.6,0.1,23,3.245917026450506,4.974775056763594
9,17,0.16913333490361268,0.4480035034677367,0.39764399577581516,0.09218886854025857,0.07755158271639014,0.11441407183209788,0.00147124387597082,0.05359450670033039,0.2,0.6,0.1,24,2.6809022418160984,6.072569996447672
9,18,0.1636678694073962,0.4234036331643654,0.368687826982697,0.09278536485797478,0.2633830925240031,0.14141951024347046,0.00196962323783329,0.1361023742881055,0.2,0.6,0.1,25,2.9545331247661424,6.588047143220164
9,19,0.14843218726827215,0.40747864112204163,0.35979855499072516,0.08896305516992681,0.06179694546585818,0.13046988407103194,0.0017226086320769,0.05497306085352267,0.2,0.6,0.1,27,2.3300584910285926,4.7134634609075885
9,20,0.12168564798873738,0.35108867317310644,0.30483884621776947,0.09321653579368352,0.2030289291112106,0.12343449712191357,0.0018454315553766702,0.05519249277837205,0.2,0.6,0.1,29,1.5157671454156738,5.53919894290749
9,21,0.12044640664665217,0.35289822824458367,0.31453451027538104,0.10855532449628182,0.03599936131784705,0.12339685829906866,0.00166199140961799,0.053949720582029834,0.2,0.6,0.1,32,1.4992814721759586,5.944441957153808
9,22,0.12026348565268685,0.35133785301914794,0.31272197317486655,0.10627441824446636,0.0444935394526164,0.12497068145168008,0.0019260157466264901,0.055930694954701585,0.2,0.6,0.1,33,1.5294742418436158,5.21372047837596
9,23,0.12007647453869075,0.35085064855792153,0.3121796955489429,0.10921560905048988,0.03454555919898398,0.12497068145168008,0.0019260157466264901,0.05593069495470154,0.2,0.6,0.1,34,1.5301884710742324,5.258710591281606
9,24,0.10030440762448732,0.3034578113068815,0.26729883748285804,0.10713512543049444,0.3184793538275606,0.1174259876011384,0.00184164607357091,0.05266458087010092,0.2,0.6,0.1,35,1.9909046660215928,4.7015974388921125
9,25,0.09394853970126703,0.28088401759212284,0.23461196689442088,0.1119131730528722,0.07846460706607374,0.11316382187173626,0.0018987322013637598,0.052696974594143034,0.2,0.6,0.1,37,2.1828017637602293,5.058412414521665
9,26,0.08926716888185159,0.26959119510918306,0.22966428068052638,0.12957819750100077,0.05264048136048528,0.11460372691187111,0.00181045530122912,0.053275288580607684,0.2,0.6,0.1,41,1.6957766342908978,5.187780806138237
9,27,0.08879798151120624,0.27197124591255734,0.23993628749192064,0.14771589203330918,0.03320657967235336,0.11575064025218687,0.0018524843760859499,0.05350041709767507,0.2,0.6,0.1,45,1.712394078081261,5.195594109575805
9,28,0.08665430289603322,0.26490243408159225,0.23207807379919504,0.14595110891556246,0.03959414238310866,0.11315588094707921,0.00225035243485141,0.05547111041791847,0.2,0.6,0.1,49,1.814245673210797,4.281322035975712
9,29,0.08866294365849428,0.25875175647699017,0.22463465073201824,0.15957046351331441,0.06775370260861817,0.1447590843308355,0.00144214707038667,0.05000616410302405,0.2,0.6,0.1,51,1.3969354641031064,3.511088517788299
9,30,0.08474187616444051,0.24809478908002228,0.20546611375232496,0.15947317347384554,0.0491809122750627,0.12492294220683689,0.00226334599067493,0.054039357581851036,0.2,0.6,0.1,52,1.706710649792626,4.656166905472246
9,31,0.08023625998200244,0.23868426531323333,0.20275087882572163,0.16246977695011774,0.06845141195128829,0.12045239884215168,0.00217453286925324,0.05428075881615772,0.2,0.6,0.1,54,1.6735919408650255,4.6102609842924105
9,32,0.0799172204740185,0.23629007814793226,0.20003615817234782,0.1659152361294969,0.047640645299490345,0.12335342163659943,0.0020312784781130002,0.053761184263539305,0.2,0.6,0.1,55,1.5774419961694257,4.434387807529825
9,33,0.08002076783666147,0.24068070421765725,0.2125537012583088,0.17753551650895946,0.03373163537745158,0.12396327721482577,0.0021423592647905,0.053955497036954306,0.2,0.6,0.1,56,1.5202006968669552,4.696358880470642
9,34,0.07838431489412664,0.23476649529686408,0.20598115182892002,0.18364113839392038,0.04826805405084858,0.12270396330512727,0.00227021425928782,0.0548224036963337,0.2,0.6,0.1,58,1.6323428183851356,4.300092913535449
9,35,0.07690428518738598,0.22950054907936746,0.20013632468321843,0.1899536581770257,0.06085338729159738,0.12238136817520662,0.00219354111107779,0.05448429392379335,0.2,0.6,0.1,59,1.5625857199491882,4.115870786601026
9,36,0.07569463983328673,0.2264185582357823,0.1967707560762359,0.19259939022057232,0.03782351690726693,0.11917890634706887,0.00226099326061154,0.054769451883039874,0.2,0.6,0.1,61,1.6227556209003005,3.9912540575273336
9,37,0.07563733824622221,0.22520943926059922,0.1953868093586163,0.1964300108486675,0.03992987896932426,0.12107621233562715,0.00221661852678812,0.05462365822444848,0.2,0.6,0.1,62,1.536409159659733,3.859151399259068
9,38,0.07563141718748558,0.22864357029123428,0.20681905113587967,0.21625739558489881,0.04039390363927753,0.12339234274448241,0.00212401078733381,0.05445737541346039,0.2,0.6,0.1,63,1.6299029636894535,4.442892361725105
9,39,0.07306024330865406,0.2224485590082718,0.20007812469768257,0.21352551973073858,0.05765846195996424,0.1163431921402833,0.00224685179093674,0.05418331108630163,0.2,0.6,0.1,64,1.5645383599116292,5.5608887536120335
9,40,0.0769292463432978,0.23504452260474099,0.22895122948699026,0.23345621138936934,0.037685177471021195,0.14142931298596778,0.00133058632031669,0.04977028269582942,0.2,0.6,0.1,65,2.0674729407618075,5.171603884726496
9,41,0.06613447462268512,0.1950700364127312,0.16965717383391296,0.21765192482758422,0.181042607966319,0.11397288315387462,0.00227161561534525,0.05422708161280636,0.2,0.6,0.1,66,1.5050837102778187,5.796546927444576
9,42,0.06652480054317841,0.19887623989094225,0.18146384633772203,0.2301126261327,0.034753696012129034,0.11804779824053799,0.00219404606278619,0.05398844393374439,0.2,0.6,0.1,68,1.44980957816322,5.913855539969897
9,43,0.06391082141830695,0.18578935149893677,0.15934378861349,0.2270774425568814,0.07322215734637763,0.11358955969976454,0.00222229611581378,0.053871882130080595,0.2,0.6,0.1,69,1.4556773619411214,5.668613877268117
9,44,0.06421945123808959,0.18160978091017474,0.15451144957103416,0.24323217024449786,0.04213468450362097,0.1207308082662693,0.00235971391908224,0.054732587993151186,0.2,0.6,0.1,72,1.4839624980119897,4.493371012958343
9,45,0.06362380310075752,0.18407861546707777,0.1649317697922557,0.25505152724147634,0.03655282283913315,0.11993528953966257,0.0023572754974519198,0.05472514031077683,0.2,0.6,0.1,74,1.5500126303755069,4.480167360107588
9,46,0.06313200996771537,0.1815249303637906,0.16207976097676827,0.2584953324190597,0.04616420048416209,0.12042022159251091,0.00233940688138482,0.05471973853643388,0.2,0.6,0.1,75,1.5210909245058062,4.445141293906136
9,47,0.061825915019212266,0.17994424340274784,0.1604588169819779,0.2653758391931924,0.031952157211418135,0.11475072303008912,0.00223931182860179,0.05443593676948122,0.2,0.6,0.1,76,1.4729407581363068,4.590697319884985
9,48,0.061454407098921866,0.18268749638587467,0.17116087493658458,0.2776183386599953,0.04092864801517929,0.11500349071442759,0.0022615318683152402,0.054281070368365006,0.2,0.6,0.1,77,1.5069437632529603,4.558299386409427
9,49,0.06072353722910362,0.18379048019035565,0.18004147865003023,0.28937924182233205,0.03640936453377222,0.11506455409533825,0.0022373108421418703,0.054412362165054295,0.2,0.6,0.1,80,1.4600342985448116,4.653739970238647
9,50,0.0651199975457257,0.17946270774412756,0.16694744303982986,0.30183226795518314,0.06555404338121541,0.14415396393606744,0.0019996509410121098,0.05278697236672728,0.2,0.6,0.1,81,1.9349210422440668,4.670017987322638
9,51,0.0639572519841769,0.17746246318591463,0.1648269839699444,0.29604996001868966,0.04057495862025309,0.14083862384417212,0.00196973741166325,0.050237108844621584,0.2,0.6,0.1,82,1.8621726942817,4.604996969880146
9,52,0.06370608228606657,0.18084423868186772,0.17624493737798066,0.3131382543635848,0.037856274922803,0.14085218909394245,0.00196940198615701,0.05023704230240407,0.2,0.6,0.1,84,1.863200424052256,4.547094001433715
9,53,0.06372441195951169,0.17466663664958576,0.1616653737146979,0.3169340195391227,0.04639681950457106,0.14291456719195977,0.0019484275000271798,0.05062212041475037,0.2,0.6,0.1,85,2.079617506697992,5.5339194748318405
9,54,0.06287564651226499,0.17634150849815342,0.17121829207973138,0.3289694789539931,0.04205684331138432,0.14166583411670136,0.00193581695051909,0.05014488298979887,0.2,0.6,0.1,87,2.073321120852209,5.56661030025437
9,55,0.05984149017824884,0.16718456093585046,0.1687159775157694,0.3379815764937231,0.06000670389912599,0.13953534545566793,0.00197327981709993,0.05107479955023444,0.2,0.6,0.1,90,1.988589902038096,5.309087914330589
9,56,0.060345691331492424,0.1660304646737616,0.16732816958364233,0.3683953525515069,0.03809332423374899,0.13606208400403588,0.0047373793629855,0.050578441140328334,0.2,0.6,0.1,94,2.000759195533597,5.231164697138522
9,57,0.06007409744914054,0.1646860166287471,0.16583282935080856,0.3723080817805854,0.0427902962618887,0.1360910332682727,0.00472256167009494,0.05052273626852479,0.2,0.6,0.1,95,2.0056218553440748,5.153574150268776
9,58,0.05537437151427635,0.17657639980154746,0.2101652974699038,0.4169554122749605,0.03269856570694678,0.11784127727238788,0.00334346166497735,0.05271226266992054,0.2,0.6,0.1,102,1.862054184348215,4.70400164430614
9,59,0.05481868465910496,0.17709951855709793,0.21836900575326643,0.4295181689591031,0.04370200034239145,0.1192757338106436,0.00333711116877992,0.05279171654027952,0.2,0.6,0.1,104,1.804297205181308,4.7138497458890125
9,60,0.054555495232284174,0.16740405793228455,0.19229272639984765,0.4019388213464954,0.031484246798147326,0.11800033039418545,0.00338995309744744,0.05295081127137733,0.2,0.6,0.1,107,1.8056018518572128,4.673056599007415
9,61,0.06327443502566393,0.16772193820477518,0.1839052868240908,0.4453254047665574,0.05408368207398,0.15702998560197523,0.00631404185948935,0.05353044977143342,0.2,0.6,0.1,109,1.6135054141596594,5.278829063118643
9,62,0.06308723967120018,0.1673160513471128,0.18346889321749255,0.449500128235685,0.04196883506039919,0.15677031354144588,0.00621723196883996,0.05327169183685617,0.2,0.6,0.1,110,1.5255453515301307,5.080028249216924
9,63,0.06305454408072579,0.1717431411503626,0.19605062488098468,0.47739696411029314,0.040907620996276,0.15677031354144588,0.00621723196883996,0.053271691836856185,0.2,0.6,0.1,112,1.5122332470998607,5.106565838102721
9,64,0.06262510165788313,0.17598799111546037,0.20847780770925167,0.5000045322640949,0.03999429886320359,0.15514581939981836,0.0061935069327113,0.052380045897942484,0.2,0.6,0.1,115,1.452452479381046,5.016343271640398
9,65,0.05397747568973919,0.16974366486383843,0.21763863168736267,0.4659224263882308,0.08050839799378486,0.12248251584763954,0.0046920153459255,0.055733980059690894,0.2,0.6,0.1,116,1.7996639309918545,5.684742336559124
9,66,0.04967733990947674,0.15879799317367443,0.19823495991971007,0.5040513007595229,0.03268901489456397,0.11128175882085978,0.00278810319073595,0.051217819223806305,0.2,0.6,0.1,120,2.027046849933217,8.521454273030615
9,67,0.059025985926381856,0.16079007483123953,0.19167211598621975,0.4923321305634532,0.04868666435973941,0.1584635818468087,0.00352013282861798,0.05209078120126116,0.2,0.6,0.1,122,1.7703853336220694,5.263273116377972
9,68,0.05206217307717309,0.1625858349066542,0.21729530594262006,0.5091480522638118,0.0685931290594708,0.12228336770444855,0.0049645677999113295,0.05723874794203217,0.2,0.6,0.1,123,1.6644423435964488,5.59908646261526
9,69,0.058764771841400984,0.16268672562656827,0.20894699807815267,0.5209554285342642,0.05429964711440938,0.15959525680172673,0.005084492222489851,0.05325070316621268,0.2,0.6,0.1,124,1.8753661722854296,5.416065904336268
9,70,0.04656441025940453,0.14431048420358142,0.189724062058404,0.5313608301206048,0.07262533154441622,0.1101734217521145,0.00363761172990194,0.0519340870571298,0.2,0.6,0.1,125,1.9741540774522628,8.432921936596253
9,71,0.047171220311033206,0.12762861447052898,0.1631414158394865,0.5034510048099344,0.07659019952383381,0.12259320757444885,0.0042113235021866,0.05562798660795758,0.2,0.6,0.1,127,2.239525284293096,5.5483100526777935
9,72,0.04391873106661154,0.11549550334793306,0.1498088581275677,0.5165031801528187,0.051484587537224596,0.11524906419641516,0.00423772864524678,0.054975122445231075,0.2,0.6,0.1,130,2.042356419887456,5.237489753079132
9,73,0.04356139225544464,0.13198120397232047,0.20633808412590884,0.5939120473224592,0.03572576302757539,0.11572521791664421,0.00482798708734005,0.058537318813888836,0.2,0.6,0.1,141,1.8112337318491665,5.276945672804056
9,74,0.04395160217857779,0.13354320368332856,0.21561516345940768,0.6373496914484073,0.037590931900408804,0.11678349020949912,0.00617236967525315,0.05859571610055634,0.2,0.6,0.1,146,1.699564696900928,4.827146567690278
9,75,0.04993940880621676,0.13799822224967212,0.21986522241861395,0.6917638981150719,0.041278048740249346,0.11849029032280856,0.01506869240934099,0.0644936427255535,0.2,0.6,0.1,151,1.707424612628116,7.752004822948409
9,76,0.04359613714984634,0.1380133534858467,0.23584901378092754,0.6999999018088809,0.03821157115942846,0.11544984747340788,0.006616715501362801,0.06303071624695852,0.2,0.6,0.1,155,2.158213317514428,7.317373432385298
9,77,0.049720958460513776,0.13379766320797723,0.23025823748227245,0.7489675562613343,0.05882816909009883,0.11912119308070956,0.01789427719829271,0.067549663193972,0.2,0.6,0.1,159,1.823738085892352,7.848495920657566
9,78,0.04700376909518337,0.1270109972029135,0.22293286167214565,0.7353240827219824,0.06675615156790554,0.11638040303518556,0.015867028895165412,0.06501333251443556,0.2,0.6,0.1,160,1.9273246367619543,8.445096152050771
9,79,0.047541859188421486,0.1198465702889748,0.21475195930816604,0.7545603987858139,0.09294609949087415,0.11792159034613423,0.017854824969488838,0.06830535130285358,0.2,0.6,0.1,161,1.9554804429574584,8.335557450712663
9,80,0.04754185954663971,0.12444602804293799,0.22752545707475633,0.7793915227311974,0.04112785574096729,0.11792159042670144,0.01785482603349961,0.06830535074595638,0.2,0.6,0.1,163,1.955480392013461,8.335557536146542
9,81,0.04753103100869689,0.10598617489181118,0.17636260019525896,0.6665748810743305,0.04146768415842617,0.117917337580187,0.017853942184790462,0.06829546247081698,0.2,0.6,0.1,164,1.9544947371972987,8.324837860870842
9,82,0.04545684156102864,0.09637466489757884,0.16576082850175522,0.6585471683025522,0.0987036542068582,0.11914698094970555,0.01634836651654267,0.06638816888781608,0.2,0.6,0.1,165,2.2122711304045666,7.4309530505915005
9,83,0.0364446473251918,0.10692663492130129,0.22430628774202907,0.8433143704121175,0.03579002016326658,0.11316274004497232,0.00670665505231101,0.058750534567055056,0.2,0.6,0.1,179,2.200783219330514,8.459286446811106
9,84,0.03552998861840479,0.10360374255591472,0.22066920930797776,0.8565415567388219,0.03732670716251362,0.11101673107982987,0.00664346669903781,0.05799471449037284,0.2,0.6,0.1,182,2.0163676270980018,8.448074030807105
9,85,0.03212817313316581,0.08285436253138061,0.19766813148670287,0.8598316598418881,0.08855386856256033,0.10686470702570254,0.0066955981900176,0.05775051655571419,0.2,0.6,0.1,184,1.9566948842653464,7.9903139681163715
9,86,0.03184761430247493,0.07305898002538559,0.17906426355051297,0.8814045055132935,0.03697459891119219,0.10754239263468075,0.007112926059524941,0.058080449123699515,0.2,0.6,0.1,190,2.0048385404381674,8.12204717115681
9,87,0.03221430528551753,0.08163034752572082,0.20385568841604432,0.8928149193043723,0.03862495051062159,0.10988715300201275,0.007148835096631339,0.058241440946689885,0.2,0.6,0.1,191,2.10441040258218,8.262671516994825
9,88,0.03172512825472798,0.08088174548082838,0.20307358551521984,0.9034137835796408,0.03334084061511124,0.10908981232534624,0.00665693513798588,0.05825967907930263,0.2,0.6,0.1,192,2.1217951939341493,8.250778876832088
9,89,0.032247971008224116,0.07618410020176528,0.1901218147488759,0.9072406818996288,0.03428716485216386,0.10943209238083378,0.00744887757812962,0.05892225985179585,0.2,0.6,0.1,194,2.1642410471412488,8.34667813788849
10,0,0.8345400222211564,0.9532479419293705,0.9457923410789245,0.14326501670155953,0.0192257567913944,0.09579158688768777,9.154018532534e-05,0.00012515302661642,0.2,0.6,0.1,1,13.997412680909108,29.46462435963484
10,1,0.5937703298711867,0.841579798532935,0.8215440179447708,0.1188661421654359,0.33954858375742275,0.09376573473936492,0.00018165130122179998,0.00021484510145552,0.2,0.6,0.1,3,9.621339928342708,21.854475246009628
10,2,0.42275830751475935,0.7369807356189447,0.7124717557792436,0.09692406738510385,0.34396469709048366,0.10446632991726393,0.00099088507435735,0.00117195309309191,0.2,0.6,0.1,5,7.462704573313102,16.215428523444054
10,3,0.31049280603216284,0.6384476945200656,0.6035268790020205,0.0709360637011595,0.2813518540604897,0.07260085558701741,0.0009508446870065799,0.0011934292649105,0.2,0.6,0.1,7,9.74805670524274,15.878159791686825
10,4,0.2626273961641217,0.5866787856113621,0.5459310052021255,0.06301718726107158,0.16357446971289766,0.07123688892834228,0.00104271415050299,0.0013303419301406798,0.2,0.6,0.1,9,9.138908199926863,13.340699317957776
10,5,0.2278815081002336,0.5425948066249514,0.4965996812927138,0.05953500263406095,0.15106033785084644,0.08346672309938075,0.00091498677971734,0.00115461319298288,0.2,0.6,0.1,11,6.269019080965428,13.845422298380717
10,6,0.2096434064853166,0.5178325821355341,0.4691230679528784,0.06057465506687142,0.08666726802365798,0.07901577779702734,0.00112705659725389,0.0013616401476167401,0.2,0.6,0.1,13,6.501725679170798,12.004675763919831
10,7,0.1997222527989403,0.50161783419897,0.4507707750073063,0.061843688844307,0.12704929221968564,0.0929404462498126,0.0010053335646419402,0.0012599089061264,0.2,0.6,0.1,14,5.724809684494967,12.613525155486872
10,8,0.18184982227016136,0.4742622314871831,0.42043198467686627,0.05759968803456489,0.17276377954363034,0.08741778188318405,0.0012174033733145999,0.00146693585027664,0.2,0.6,0.1,15,6.003190555911086,10.479114132086432
10,9,0.16835635916156472,0.45504102592353557,0.4066932097866087,0.05913005231456067,0.08465650870944685,0.08741778188318405,0.0012174033733145999,0.00146693585027664,0.2,0.6,0.1,17,6.397041309924707,10.84466547492972
10,10,0.16821562366875223,0.45942081328015255,0.41922644499643064,0.06974932714723128,0.0188493842656056,0.08735386742669243,0.00118332455429534,0.00142587185912116,0.2,0.6,0.1,19,6.30565864646623,10.920452138175513
10,11,0.1682257895657446,0.4594287738255122,0.41923382752834587,0.07517068522271513,0.018364808051326096,0.08737634131341865,0.00119514817229073,0.00144011897679605,0.2,0.6,0.1,20,6.336722868058226,10.893388687290958
10,12,0.15491580308167177,0.4136905110891069,0.3587665431137595,0.08101648753408956,0.36933062878467865,0.1696839161049956,0.00140740159737882,0.00422444869058818,0.2,0.6,0.1,21,4.762801353695893,4.205607831154588
10,13,0.1548134157063052,0.4178117156470754,0.3709808360008016,0.09024874302016965,0.037508641575082304,0.17099124645570454,0.0013764973390582801,0.00418811022889865,0.2,0.6,0.1,23,4.8414492460317815,4.304254454364219
10,14,0.13591606837007758,0.38399342856681734,0.33389863150304766,0.07400478983078275,0.11890565356248062,0.14666952693958818,0.0013680511345139199,0.0035325760960759995,0.2,0.6,0.1,25,5.329341336071407,6.634333833405565
10,15,0.13125834597716174,0.3679746093661917,0.3158012048965289,0.08989358255082397,0.1284192227294948,0.1577389623614662,0.001500351065826,0.00435911971903738,0.2,0.6,0.1,26,4.470862490471993,5.423774408775888
10,16,0.12178745757592593,0.35260081405867977,0.3066128984188728,0.07310939745762242,0.13187284452859224,0.14666952693958812,0.0013680511345139199,0.0035325760960759995,0.2,0.6,0.1,27,4.335794365790152,5.645824995134255
10,17,0.12177046426336752,0.35255744149212287,0.3065646242943336,0.07908008878448318,0.03075705053312867,0.14666952693958818,0.0013680511345139199,0.0035325760960759995,0.2,0.6,0.1,28,4.3412422058342965,5.651232742179044
10,18,0.10606218224111645,0.28790466174020923,0.23337719080312458,0.07576484280759367,0.25890575282933204,0.199768804169845,0.0015193830378694901,0.00516059531649496,0.2,0.6,0.1,30,3.223183475665545,5.440395406857751
10,19,0.08463583863231276,0.2592999650148374,0.20359260830643633,0.0587451087283281,0.08400029245930768,0.10972072646452544,0.001695303776011,0.00256985301221426,0.2,0.6,0.1,31,3.0191673883745085,4.550782293952845
10,20,0.08561542920823169,0.2407140194400904,0.18188526786336198,0.0629633068638203,0.19096520189681476,0.15407565371606696,0.00167086436504938,0.00435954422680871,0.2,0.6,0.1,32,2.150266475511847,3.972405560462696
10,21,0.08359990510540631,0.22606197532762085,0.16526765851976646,0.06432220641432615,0.13521432472552414,0.16824581312464346,0.00155439079693224,0.00415039226686144,0.2,0.6,0.1,33,2.643324392948372,4.37588565965045
10,22,0.0833981114174274,0.22819613310023093,0.17522956651665406,0.0878010316042053,0.04428912260441642,0.17155038161131594,0.00146593284204946,0.0040633416593952604,0.2,0.6,0.1,35,2.3524677860952763,4.347913734794833
10,23,0.08336040728284234,0.2372522969244505,0.20061776304271373,0.07797423905056244,0.036417860518756485,0.17155038161131608,0.00146593284204945,0.00406334165939525,0.2,0.6,0.1,36,2.314356090453378,4.311335896023049
10,24,0.06939407026828166,0.21173025833762396,0.15838589361045022,0.06712182535638728,0.040938821985199374,0.10704545337449127,0.00145702997524518,0.00188860588642547,0.2,0.6,0.1,37,2.229761605796405,3.668442136619365
10,25,0.0649558171039673,0.19573416494252915,0.14063544540477813,0.06586818122538551,0.11139213929053415,0.10498151673764652,0.00138398804801429,0.0017465304022506699,0.2,0.6,0.1,38,2.447178367942916,3.882849758603255
10,26,0.06295973768985405,0.18916089241900985,0.133374782213637,0.0672486743308259,0.0565559151377233,0.10277022176078054,0.00132106359870563,0.0016492300736666,0.2,0.6,0.1,39,2.397693987973209,3.659578613293272
10,27,0.06260435053911355,0.19236324899439547,0.14459530743992483,0.07399353781401656,0.025465941160024645,0.10269822848504243,0.0013162706685592499,0.0016452693094474598,0.2,0.6,0.1,41,2.345800561106907,3.644630795328762
10,28,0.06407956053873337,0.18835154036125223,0.13227643558597163,0.09698706676737859,0.026686332491924692,0.1103152477411737,0.00159968868737277,0.00236547391376627,0.2,0.6,0.1,43,2.8662586987611145,3.648299489144781
10,29,0.05868955569698729,0.16977638787881355,0.1117478049792203,0.09450193008210257,0.1214969624050342,0.10497977052836024,0.00134756178857868,0.0016675209599776599,0.2,0.6,0.1,44,2.7163506615837183,3.7668710403344434
10,30,0.05829642549164382,0.16575060097832114,0.10718914044454488,0.10454808960530283,0.0362340063192618,0.10811371080511803,0.0014285598906323299,0.00181116704418847,0.2,0.6,0.1,46,2.8983468357475304,3.8123657419997694
10,31,0.05816536262068141,0.16517524774105033,0.10654877880736198,0.10818192542691604,0.025972239888330292,0.10811371080511803,0.0014285598906323299,0.00181116704418847,0.2,0.6,0.1,47,2.825904939902313,3.765632400238948
10,32,0.05705793764481299,0.17063058653846577,0.12796715117268728,0.11792534979048189,0.041961650652855606,0.10663686620502669,0.0013830993745472,0.00168933278305635,0.2,0.6,0.1,48,2.829203066148962,3.55110424068148
10,33,0.05525945972569055,0.16843564125890018,0.1332193025754718,0.13081039874262224,0.04049411470068816,0.1046270822217878,0.0014373835236795,0.0017695306620821101,0.2,0.6,0.1,50,2.8799008172720684,3.517598868759165
10,34,0.056914498317735214,0.18959354791927227,0.19474100717062534,0.20196636630940173,0.026333979912977718,0.10510764016075233,0.00281394432417389,0.01897919217543071,0.2,0.6,0.1,65,2.857078251670146,3.442890557481236
10,35,0.05628884741990692,0.19130192173015875,0.20429664743768516,0.2248329221961226,0.03289586590167798,0.10510764016075236,0.00281394432417389,0.01897919217543072,0.2,0.6,0.1,67,2.960362131721882,3.5033687931660737
10,36,0.056624581370919934,0.19448291596453032,0.21539843148142146,0.23583010752431577,0.03847263352006834,0.10457621579515472,0.0031460987532965904,0.02629119004863519,0.2,0.6,0.1,68,3.0777305619068454,3.768314201663667
10,37,0.05461752959009942,0.1896865736575057,0.2102018599469109,0.23472319477285233,0.0444619280350692,0.10481105717067644,0.0025216056299288197,0.01703088507259964,0.2,0.6,0.1,69,2.775592209977402,3.691070260952386
10,38,0.054103565674882434,0.18403715084561728,0.19630131649976887,0.23584542782619267,0.024789725609460384,0.10514587960115966,0.00238414760261604,0.013494000021577149,0.2,0.6,0.1,73,2.703604391093374,3.217761603540281
10,39,0.05249249324365461,0.1699446085064909,0.16539042036386342,0.25519847180785626,0.04705945870454198,0.10211866354808781,0.0023668999742407298,0.01232943957416196,0.2,0.6,0.1,74,2.918099052645528,4.054900490687673
10,40,0.05297651818108626,0.1691926916148356,0.17198049988650735,0.26323744633988894,0.046286715236860024,0.1020577655883655,0.00406007972196197,0.0224065064663053,0.2,0.6,0.1,76,3.0069903509125004,4.00010391625098
10,41,0.051197469949550475,0.165750065834305,0.16830153412377394,0.27419042262359267,0.027753211042975564,0.10205294742006592,0.00440682249775623,0.00682511165235466,0.2,0.6,0.1,79,2.768174802933033,3.835690616468922
10,42,0.04966788869836167,0.15578634459413696,0.1496204521702828,0.27228809799772835,0.05088392472635484,0.10618131021101265,0.00241507266347303,0.00496434920819534,0.2,0.6,0.1,80,2.550486706193139,3.3085703090357588
10,43,0.04829671195274962,0.16831459074390917,0.19420949474075636,0.29491195962355,0.055396776890283946,0.10283133291861586,0.00228819027238631,0.00995409466177165,0.2,0.6,0.1,81,2.935597415157966,3.789579082254199
10,44,0.04987286743564859,0.16123776201174203,0.1783890197067228,0.30549059171786935,0.039976126578689014,0.10196640836478862,0.00365991790163225,0.02908467986302138,0.2,0.6,0.1,83,3.059869615964528,4.0785938099287
10,45,0.049138555822528754,0.1646799341509044,0.18994581038105476,0.3129864677205881,0.02637823393663541,0.10196364207072213,0.00460299096237771,0.01711135577344359,0.2,0.6,0.1,85,3.026403856432806,4.07354752973488
10,46,0.04895843157811822,0.15828400871387832,0.17514930640953622,0.3131292804294177,0.036626431281071445,0.10195912205648967,0.00498793387186531,0.01689990207615793,0.2,0.6,0.1,86,3.16070393421694,4.040375653411942
10,47,0.04882514457736029,0.16686418515062817,0.20000968008322406,0.32515326933000155,0.028525602404483118,0.10176198090397943,0.0033737120431134603,0.02681025568366268,0.2,0.6,0.1,87,2.8517716729839493,4.153539243029101
10,48,0.7372199578981486,0.8411186622335165,0.8496939843633021,1.0188473361865709,0.7143514322997351,0.13061857403986496,1.0,0.8741082324469185,0.2,0.6,0.1,90,3.136292045532676,3.2716294110772366
10,49,0.06706727988704911,0.19175196341379883,0.24088848348025146,0.42208366675991593,0.04615748949556719,0.09584673935324092,0.03974005683841444,0.00893713741168099,0.2,0.6,0.1,97,2.8689972557679257,3.591973900952686
10,50,0.06658609373798334,0.20412540792092343,0.27765228892350946,0.4571721297648871,0.04476864889088006,0.09691194095714409,0.03978340731156234,0.003962336357358339,0.2,0.6,0.1,103,2.79980576856485,3.5735849701738696
10,51,0.7125252606364223,0.8167840626593956,0.8329409506238885,1.086767236259117,0.6924318553738367,0.10346279999929212,1.0,0.6915165058385103,0.2,0.6,0.1,106,3.180549176460332,3.7289281226648
10,52,0.7137958821182464,0.8116218481191777,0.8268840366027982,1.0962709891791669,0.7381640289804209,0.10299634170237719,1.0,0.7199997565331153,0.2,0.6,0.1,107,3.115159325621638,3.5750522545239405
10,53,0.1642508115341616,0.27490256090037624,0.32208973729758256,0.5731006171008519,0.15413759289471776,0.19441413331008278,0.009041209648551731,1.0,0.2,0.6,0.1,111,3.137929916427405,3.4736662151617423
10,54,0.1667809305863617,0.2877659153039609,0.3589975402000799,0.6064890055741757,0.1597779379377208,0.12707875005200675,0.03697601769704742,1.0,0.2,0.6,0.1,113,2.866751936654003,3.608229553194325
10,55,0.06065640964015989,0.17863289562724918,0.2569938565331715,0.5177275146210335,0.06973990181840058,0.09605447655275572,0.03810088982392494,0.01042408390270104,0.2,0.6,0.1,115,2.955712294664723,3.623942598509888
10,56,0.7561149016107246,0.8685129139814183,0.9461117387634664,1.2788506045158572,0.7418973152355789,0.19869390661983488,1.0,1.0,0.2,0.6,0.1,133,2.818939114990904,3.575307760853534
10,57,0.7563807074339319,0.8687506959446182,0.9463456067518029,1.232438647336659,0.7400505939409202,0.20005265723044272,1.0,1.0,0.2,0.6,0.1,138,2.963559269764028,4.089134492184799
10,58,0.7048734723861737,0.7997329133283513,0.8523001368040148,1.2589911573295913,0.7021436191290632,0.1029478037360021,1.0,0.6867426774651619,0.2,0.6,0.1,140,2.737004703664493,3.582712587168075
10,59,0.7095773554498557,0.8043138942875776,0.8568644792144577,1.268300346599053,0.6948463613994472,0.11026243383865564,1.0,0.7194026665010167,0.2,0.6,0.1,141,2.729935491699255,3.7084344623574697
10,60,0.7360011949801961,0.8348698611742548,0.8955309566050879,1.3047215199415048,0.7237473280512312,0.10255675980476582,1.0,1.0,0.2,0.6,0.1,142,2.7230353280672333,3.697025908817741
10,61,0.7359445238348289,0.852931371923746,0.9462507773920349,1.372432903196409,0.7207265616675622,0.1025567346804731,1.0,1.0,0.2,0.6,0.1,151,2.8033717841800185,3.702708614159272
10,62,0.7203979688553747,0.8406744167022507,0.9419900048204808,1.3763285195221446,0.7142975288312713,0.10252492290048591,1.0,0.8472434607252557,0.2,0.6,0.1,152,2.728719982445471,3.6971919690885393
10,63,0.7202974265940885,0.8398171491005475,0.9410299308422456,1.390988058734292,0.7105279302129193,0.10258369382991347,1.0,0.8476453399326127,0.2,0.6,0.1,153,2.8176914198006173,3.779357679902344
10,64,0.7530223997148436,0.8648907745333528,0.9575158284044603,1.3722260034863325,0.759688962180315,0.19307317508710828,1.0,1.0,0.2,0.6,0.1,154,2.9661914246611523,3.116453008988864
10,65,0.7530929165378298,0.8636649662139246,0.9561145309350795,1.3767739970902455,0.7478837264208665,0.19470662980715886,1.0,1.0,0.2,0.6,0.1,155,2.921637621861437,3.1734450360602016
10,66,0.753981713674393,0.8634562969077879,0.9557575762797732,1.382166258448569,0.7438283000233566,0.2002295249060261,1.0,1.0,0.2,0.6,0.1,157,3.010650966590472,3.2327642722630703
10,67,0.7527014939912662,0.861030688652345,0.953177130487462,1.3993509662943726,0.7468789102558284,0.19494915566595591,1.0,1.0,0.2,0.6,0.1,158,2.857110480274098,3.2201623990260115
10,68,0.7500829297629156,0.8425429034544679,0.9325574772030653,1.4003209037966304,0.8480407543656241,0.19684135100901018,1.0,1.0,0.2,0.6,0.1,159,2.6479375719026392,3.2989873138971784
10,69,0.750071081248649,0.847065581341295,0.9452456883777369,1.4154749097042427,0.7395892344222607,0.19684135100901018,1.0,1.0,0.2,0.6,0.1,161,2.654541769167818,3.3061621398786185
10,70,0.750047867155799,0.8420092954706194,0.9319571936664091,1.4269244429177999,0.7399165669842062,0.1971209612441189,1.0,1.0,0.2,0.6,0.1,167,2.6246890807763883,3.31658002171407
10,71,0.7499182148198715,0.8509855334334201,0.9572692148124785,1.38599592602452,0.7394381478612376,0.19655745662487206,1.0,1.0,0.2,0.6,0.1,172,2.684894621307207,3.2971097183110047
10,72,0.72889182527102,0.8319857692965965,0.9460993973576407,1.535758117174192,0.7196882405161938,0.09378315592645411,1.0,1.0,0.2,0.6,0.1,191,2.942281520106728,3.40735151100767
10,73,0.7285538409034064,0.8343436788736383,0.9563781256513381,1.5515884681723993,0.7251503637816095,0.09378315592645411,1.0,1.0,0.2,0.6,0.1,193,2.7399725004114552,3.204435903893626
10,74,0.7446126804438677,0.8635883764607448,1.017625953678991,1.6542680915673575,0.7533943017353323,0.17868709879388975,1.0,1.0,0.2,0.6,0.1,195,2.932100988987828,3.518059314299521
11,0,0.914901195840713,0.9833778913726083,0.9793567418726616,0.15151832481774266,0.018961924035940707,0.09450031934742899,8.434422091439e-05,0.00011253633906273,0.2,0.6,0.1,1,14.327498833159115,27.239312292100102
11,1,0.8885940320564054,0.9704510505579522,0.9655623104275468,0.14590600165465273,0.05795372213941829,0.06853256203134292,8.047776585855061e-06,1.388251098935e-05,0.2,0.6,0.1,2,12.751802092203397,29.5843128399992
11,2,0.6048674057979138,0.8493105694555604,0.8297288724677727,0.12370335924472073,0.7716168505914587,0.11230636145090422,0.00018590198589149,0.00023651790693928,0.2,0.6,0.1,3,9.064022140309977,21.854475246009628
11,3,0.4101854122763416,0.7279330130329206,0.7020431447366582,0.09667474034820629,0.3939947455516089,0.12084000247760071,0.0008493356072421301,0.00099642881376964,0.2,0.6,0.1,5,8.535596293274788,12.892990688873532
11,4,0.3865714187529383,0.7084460311847508,0.6805785972724215,0.09349277982075425,0.12402590046231292,0.11140749497325146,0.00070759486506031,0.00084405945771601,0.2,0.6,0.1,6,8.575889320397124,14.428900632701987
11,5,0.34933672180651415,0.6758807492126389,0.6442774536471388,0.08722542732375961,0.2135666870931693,0.11282539232626909,0.0009894852738312802,0.00126412203242743,0.2,0.6,0.1,7,5.674780824289593,14.6875269429243
11,6,0.3332657048747144,0.6606892126598146,0.627648285008906,0.08525114541441998,0.09424614656398327,0.10190906731426408,0.0006021507224707199,0.0007302054269640601,0.2,0.6,0.1,8,5.591270607918593,13.740901140970454
11,7,0.29081877520252586,0.6177233105453743,0.5801581977905012,0.07377666311260077,0.24841199806326994,0.08589090519080472,0.00097352009172843,0.0012375581355519199,0.2,0.6,0.1,9,4.838269589845224,12.917190352052296
11,8,0.2565858574572947,0.5785484342162327,0.53643407532226,0.07076053025778603,0.13496820989257474,0.09098517738933508,0.00105764786513768,0.00137571638744502,0.2,0.6,0.1,11,4.278250022422148,12.616470960006207
11,9,0.23132393647525323,0.545551716176827,0.4993917883374018,0.07109905671065798,0.12495656436498555,0.10516981560068869,0.00101265458500667,0.00132238514142768,0.2,0.6,0.1,13,3.4871087396078844,12.585974342171884
11,10,0.2258872822888958,0.5380659748858893,0.49102583094806895,0.07712544484146512,0.06710971664667754,0.1062022888716407,0.00114487953895291,0.00149061125909143,0.2,0.6,0.1,14,3.5588311373761043,12.096021191338693
11,11,0.21404188271072289,0.5258145650723142,0.48500835577577345,0.07263297796162353,0.12143538702217137,0.10739857632861098,0.0012596050189335102,0.0016030389120965,0.2,0.6,0.1,15,3.324598203749216,10.52297967832857
11,12,0.1987313721304951,0.5031460509992448,0.45982880888271205,0.0728997642135997,0.08608037061248332,0.10470328978017267,0.00137496309235833,0.00182001697326857,0.2,0.6,0.1,17,4.344120182099346,6.987577573920282
11,13,0.1959836272925184,0.49897357753405913,0.4552079163555268,0.07925317470725278,0.044559008215741665,0.10403839687320664,0.0012752543185510499,0.00169869185576057,0.2,0.6,0.1,18,4.192664041318031,7.247165734504563
11,14,0.15915124109255527,0.43762766711802253,0.38713057229254094,0.0560957530794135,0.3652713911054392,0.09474077444340104,0.00140249486242285,0.00177604541399507,0.2,0.6,0.1,19,3.542238013251493,4.086548647506101
11,15,0.14280615951011472,0.4042256549134143,0.34978871651007293,0.05643390917954481,0.12244422029804558,0.10172928453967008,0.00148972657985209,0.00189094034113037,0.2,0.6,0.1,21,3.0966353097190207,4.856288142664948
11,16,0.1346388269637855,0.3858033914420657,0.33649259594017916,0.07734146854003106,0.046887426353670957,0.12129011923251395,0.00149804904970451,0.00223036635278186,0.2,0.6,0.1,28,2.745529142852374,7.07489961746101
11,17,0.12129467897765489,0.3544638556129407,0.301610881008153,0.07848419613282502,0.20595344600808588,0.12075600599118404,0.0016279638296539001,0.00258949606461874,0.2,0.6,0.1,29,2.632634268357472,5.761520964772702
11,18,0.10848448612051947,0.3265587764647767,0.2782449278701695,0.07889827436784111,0.1176974267686606,0.1199202083179279,0.00139883649989527,0.00226053548644994,0.2,0.6,0.1,31,2.46561422923317,5.899201937680972
11,19,0.10406231766627355,0.31426034634182354,0.2645494463711706,0.08192472920671472,0.060720860375524766,0.119377887499784,0.0016060336512639401,0.0027463513872917,0.2,0.6,0.1,33,2.4708156460767468,4.879239358983341
11,20,0.09452008270679686,0.29546228787442824,0.2515337665283251,0.09819978336809393,0.04726025312824465,0.10602108326398751,0.0022410850335584697,0.00331718006520964,0.2,0.6,0.1,38,2.242771217103809,4.435056069366198
11,21,0.08877090030183497,0.28270328092763397,0.24500172832636916,0.10380539972956011,0.07238606782484804,0.10573027859492437,0.00216309296201478,0.00310453612258082,0.2,0.6,0.1,40,2.129088652716866,4.544806810172956
11,22,0.08429195979399097,0.26785827522423367,0.22845646991714927,0.10680074163363429,0.06628646178830959,0.1064225466626946,0.00225612919488781,0.00317382586321146,0.2,0.6,0.1,42,2.053250043121104,4.408720355195891
11,23,0.08330161209610362,0.2646104845443656,0.2248427056010786,0.1095390394525071,0.04160648643978961,0.1064717536588378,0.0022198509987824003,0.00319721665882402,0.2,0.6,0.1,43,2.034164734425288,4.140182747247852
11,24,0.08434553041472183,0.2629214571664501,0.2375921538644034,0.15114377738984977,0.04286003924952983,0.11243789423518664,0.00945456214592027,0.007955507768481319,0.2,0.6,0.1,50,1.8233049767422564,4.359916536148417
11,25,0.07783116724744431,0.25495082015301895,0.22939124435431182,0.16311276598218494,0.0347723998420462,0.1097940461242484,0.00139007486170629,0.00231447841479051,0.2,0.6,0.1,51,1.5739095247900177,5.13661443599746
11,26,0.08236161852422672,0.2584763146755947,0.23275796671945498,0.17213991650769656,0.03199613522741039,0.10849319849371027,0.009127938934093239,0.00778387288106554,0.2,0.6,0.1,53,1.7329168327925055,4.420348732007733
11,27,0.07929877245785992,0.24962296117319915,0.2155426385866111,0.17655217018017338,0.030165386393009558,0.11664682296125342,0.0025626081195809303,0.00495930498122769,0.2,0.6,0.1,55,2.4694752815538843,3.574531974668968
11,28,0.07805450105894256,0.25029547758325565,0.22396779560894198,0.18677773985950444,0.03590923879595333,0.11570111958581845,0.00255369529592518,0.00493448664072489,0.2,0.6,0.1,57,2.491869247740552,3.6119384700143926
11,29,0.07627877111727543,0.24608599372357706,0.21937769784311092,0.18175723879693956,0.04369725829809518,0.11275827359646733,0.0023161247430976,0.00383257910333099,0.2,0.6,0.1,58,1.7092316371422254,4.95908608399433
11,30,0.07627877070313273,0.2460859936258125,0.21937769774534635,0.1896089140731238,0.02432491642245601,0.11275827332289408,0.00231612469070843,0.00383257898716695,0.2,0.6,0.1,59,1.709231646517447,4.959086120893149
11,31,0.07521699182425151,0.24695784491104947,0.22800814401577096,0.20033816839024907,0.03486308551569382,0.11275616173288869,0.00225675797541221,0.0036846685067388704,0.2,0.6,0.1,61,1.5340236791771156,4.839698973956603
11,32,0.07270780242680197,0.24631617745285142,0.23511636253312804,0.22159688363604965,0.02710962134275023,0.10665716244715169,0.0018420384741009497,0.0034868335249924496,0.2,0.6,0.1,66,2.4442377511406126,4.081896105944484
11,33,0.07260146947600318,0.2505215618361657,0.2474512715991421,0.23711267092377636,0.025051236301626992,0.1066571623531031,0.00184203847480867,0.0034868335184378902,0.2,0.6,0.1,67,2.528239008742013,4.000001080472053
11,34,0.0764091362759958,0.24712592258000346,0.23547179036777544,0.2456170369731454,0.038587310051624295,0.11185321892001679,0.00639247313457546,0.014101828386479179,0.2,0.6,0.1,69,2.167039513138485,3.709284661183635
11,35,0.06995482043516434,0.22512295112638708,0.2036267562564983,0.23489321541248387,0.10894976593772977,0.11129038429450336,0.00351173374854786,0.00608037244799413,0.2,0.6,0.1,70,2.25614236943776,3.862323941014968
11,36,0.069333766312591,0.21899508865584166,0.1891871105801064,0.23828639205007188,0.028177730476461237,0.10960994961475304,0.00365296404477468,0.00549904208571909,0.2,0.6,0.1,72,2.195824704509003,4.091194377069884
11,37,0.06821615735045558,0.23430540138924752,0.23689541240022485,0.2740587266671857,0.039410165377697315,0.11005283413112318,0.0027990400150240497,0.0052585673139045495,0.2,0.6,0.1,73,2.070993578585357,3.5540797964028084
11,38,0.0689721742830725,0.22507983540349508,0.21120323886487521,0.25429839645875774,0.031281835987302095,0.11243703007686678,0.00357554374789659,0.00604142710464178,0.2,0.6,0.1,74,2.213645662863254,3.8877464741756462
11,39,0.06796679925280355,0.2212641819594187,0.206963873966667,0.2613666673361587,0.03596718597756655,0.11239986766999917,0.00345714320015911,0.00617145076350874,0.2,0.6,0.1,76,2.1448996251632684,3.885702807976654
11,40,0.06769851158669876,0.2298155590202097,0.23180634300325292,0.28204699103683784,0.026483516543833262,0.11169955266974092,0.00349006351302902,0.0059501954779769,0.2,0.6,0.1,78,2.052116192614264,3.6326516622472944
11,41,0.06679034939316815,0.2143829611597235,0.19922702659693367,0.3019872660061516,0.04621655647675231,0.11110399546337121,0.00487589591330538,0.007158690615970501,0.2,0.6,0.1,80,1.89707356531616,4.344459962300963
11,42,0.06635818501801777,0.22206567164279187,0.22309597238054463,0.35292906062817225,0.027428627633112105,0.11087076461780332,0.00483138262689842,0.00705577350371908,0.2,0.6,0.1,85,1.8918306932386963,4.385474266473328
11,43,0.066321678077932,0.2260294774694452,0.23514353987741973,0.35698064863040246,0.030688482528240944,0.1115166524615285,0.00545054065791692,0.00368207190658574,0.2,0.6,0.1,86,1.752777550553991,3.763875311884787
11,44,0.07171724416274032,0.22799680384622878,0.23660160296591576,0.3279001519253421,0.05822876847254975,0.11109945126482881,0.01403144986673505,0.017769642746154852,0.2,0.6,0.1,87,2.777461834954592,3.984018568456184
11,46,0.07916112779998245,0.2508839201114351,0.2767672794449612,0.40018812250456554,0.04092275095024121,0.12388170082401048,0.017403679412590762,0.026521706162229867,0.2,0.6,0.1,100,2.2746782513877104,3.6810196973597593
11,47,0.07872279142742458,0.2576832420993078,0.2996215631615983,0.4435768953397265,0.03948122063139918,0.12401409285472469,0.01770641269290256,0.02639444787527152,0.2,0.6,0.1,106,2.2205499572725325,3.8316731138919335
11,48,0.07968456881042357,0.26690479194459354,0.3175645520163191,0.4724026738336711,0.0430002920182874,0.12390357476737499,0.01738006730555235,0.026351958453226732,0.2,0.6,0.1,109,2.482736143326863,3.852506772365254
11,49,0.07871911912576492,0.26754211601725225,0.3259282616590808,0.4712806389015333,0.043521001044705646,0.12390357476737499,0.01738006730555235,0.026351958453226743,0.2,0.6,0.1,110,2.387017004781312,3.913097066400865
11,50,0.07816984035010795,0.2592315874030426,0.30148441822616007,0.48942961768838456,0.03780891170944706,0.12200368643589869,0.016623609276163482,0.02455918947164654,0.2,0.6,0.1,119,2.3988852591748566,4.000142582877317
11,51,0.07875526355548262,0.2617733809757284,0.31180542536730543,0.5070697688025979,0.04695653401302014,0.12787229175055898,0.017231485919385787,0.02353966845249738,0.2,0.6,0.1,121,2.618050995649984,3.629222206605334
11,52,0.07629293924074307,0.2535392816096823,0.30271339232777744,0.5085964892151397,0.0856320347812348,0.12858654466444477,0.01586309383524995,0.02390777851638476,0.2,0.6,0.1,122,2.6965047685335257,3.5664962128130147
11,53,0.07569958149020976,0.25104985999998314,0.2999434440484455,0.5121905672469661,0.05331198734944583,0.12861910297749327,0.01587704229710628,0.02369168935791725,0.2,0.6,0.1,123,2.7740521448908813,3.8147921624947214
11,54,0.6632497321423144,0.8356540059157573,0.8916111025738301,1.1446919027458,0.6627369706525006,0.12482735273961214,1.0,0.02486039101174252,0.2,0.6,0.1,126,2.7623500628410853,3.843520723479233
11,55,0.6670887699790469,0.8731266325650403,0.9715221479233366,1.1358718454965187,0.6285071148810907,0.12724676776236413,1.0,0.02599889861407891,0.2,0.6,0.1,137,2.3911682820782394,3.929328148958304
12,0,0.7628740634091948,0.9235660998499897,0.9127946759349989,0.134708266739481,0.018886227991360225,0.09409823561228804,9.22216157529e-05,0.00011247899450876999,0.2,0.6,0.1,1,19.38070553991819,29.46462435963484
12,1,0.5440446709105113,0.8139449408400155,0.7905887882122301,0.11239101624709345,0.3415767589992844,0.10249102500576776,0.00018250500435706,0.00024356194985571,0.2,0.6,0.1,3,13.506297578176806,21.854475246009628
12,2,0.400691802828554,0.720198091746728,0.6936241852674417,0.09331509580628478,0.3137953879292528,0.1127259796497901,0.00075052739491092,0.00100161590838892,0.2,0.6,0.1,5,9.0214627658166,16.934003069699806
12,3,0.400555876106893,0.7246990484314549,0.7062821751377399,0.09794642069330163,0.024025254830953444,0.11290038083227291,0.00077497606921288,0.0010342438727855801,0.2,0.6,0.1,6,8.952612996387288,16.840946671235933
12,4,0.33403091266490476,0.6616153295000331,0.6287214626283387,0.08119808514886412,0.34228184272251744,0.09841975110928224,0.00103202443594339,0.00137478306241836,0.2,0.6,0.1,7,6.849710107820935,14.584980576762684
12,5,0.3012780930607314,0.6243999235934606,0.5799895686685228,0.07289662507360227,0.1024926289299443,0.0846773041289529,0.0006321095254752001,0.00088373917429876,0.2,0.6,0.1,9,7.866963669669878,15.750983224313613
12,6,0.2531550285161403,0.570224240880494,0.5197572290645899,0.0642829002656997,0.17063123686349022,0.08146856331405264,0.00072043277449219,0.00099550724659461,0.2,0.6,0.1,11,6.596386953207266,13.380889710899057
12,7,0.2291321774888403,0.538916404927921,0.48466833985385016,0.06448232606686544,0.11531857285458624,0.09189241802356149,0.00081104620211886,0.00112475589998379,0.2,0.6,0.1,13,5.561736505471518,12.139459848954491
12,8,0.22463651476068297,0.5329974567757005,0.4781426092075117,0.06738396730496694,0.04920605017094897,0.08943331905525712,0.00073443724300119,0.00100948638086452,0.2,0.6,0.1,14,5.573625105307007,12.247238589404438
12,9,0.20930578641106407,0.5106081420805564,0.4530208740994402,0.06280306689897207,0.15969298988731886,0.0971019510971417,0.00108771104937759,0.00146219288351013,0.2,0.6,0.1,15,4.721102788125263,12.27411735028474
12,10,0.2045994195792291,0.5038365706169299,0.44553604172747185,0.06583318854431101,0.055948420458597166,0.09508685213972115,0.00101110209025992,0.00134692336439086,0.2,0.6,0.1,16,4.7352948564839545,12.39718994307954
12,11,0.19526627883900446,0.4902120211307161,0.43048199446329144,0.06881107976193099,0.09206111496174654,0.09041141196613112,0.0009498617576020101,0.0013244736125662799,0.2,0.6,0.1,17,3.7998127005430633,7.529586023011943
12,12,0.18274224058759272,0.46660715187905494,0.4105513698306943,0.07296744750452189,0.14467261375543944,0.1484994212714587,0.00064916524979576,0.00310883297509431,0.2,0.6,0.1,19,4.373739694517581,7.768452226672951
12,13,0.15802116186304474,0.4225248404591546,0.35461279891582,0.06805051780670404,0.11741128941101603,0.11441979202407335,0.00073392280154994,0.0017810952888603598,0.2,0.6,0.1,21,3.2760709265751315,5.429144285245783
12,14,0.1391295792453243,0.3960523657208278,0.3407292023428513,0.06312216957240488,0.11685425942777417,0.10065640720379487,0.00129267685561286,0.00191324653923273,0.2,0.6,0.1,23,2.847093031801609,6.125062894609803
12,15,0.13650947454209691,0.3908147227108034,0.334934934405685,0.06743946486113384,0.049172161781423696,0.09940028991039253,0.00121212950855316,0.00179458740201995,0.2,0.6,0.1,24,2.6669648941648108,5.905345716312434
12,16,0.11972362752485635,0.347462623537658,0.2789812887254611,0.057062141956953416,0.247003735646896,0.10147323535599781,0.00121577602857754,0.00190065208402283,0.2,0.6,0.1,25,2.920422202550608,3.855707796426723
12,17,0.10609355370430949,0.3142413752768689,0.24210210416951308,0.05022465570331855,0.20673890915614215,0.09411586165509575,0.00206808111048744,0.00299441176564559,0.2,0.6,0.1,26,2.582916809917166,4.078260908997623
12,18,0.09934509836015878,0.2949144059661891,0.2205345142844583,0.05151382169253638,0.13510307903184313,0.09946042285629852,0.00128697023110092,0.0020022655584093,0.2,0.6,0.1,27,2.612097888007204,4.492129739339568
12,19,0.09256742976175965,0.2824945830459446,0.21451674053369063,0.055388875615102945,0.06470357888329642,0.09267133274315008,0.00131693142564397,0.0020242697181089902,0.2,0.6,0.1,29,2.297311222004494,4.480542624811001
12,20,0.08869009434702087,0.26985844203911946,0.2003978452073401,0.055503270879077984,0.09561102067636755,0.09544686271383546,0.00122106190237701,0.0018925397900000098,0.2,0.6,0.1,30,2.286274479223868,4.112435071500381
12,21,0.08771072902219587,0.27213252851110076,0.2106218616477466,0.0610617725964962,0.03099257623151785,0.09314675419864274,0.00138111017195379,0.00212627141070836,0.2,0.6,0.1,31,2.1321302500608765,4.387876251100816
12,22,0.08528797097127523,0.25732337904927366,0.18634684411169028,0.06248263327539841,0.0867608358466091,0.09972526383764374,0.00126513388302872,0.0018724452133477398,0.2,0.6,0.1,32,2.206445502791483,4.606027420462977
12,23,0.08418082369719805,0.2536432306772775,0.18224453913709587,0.06489485106846696,0.042474805053948426,0.10008727678701823,0.00124117285131677,0.00186269481329531,0.2,0.6,0.1,33,2.1910818385465207,4.615614190570092
12,24,0.07490188247241383,0.22742375069127657,0.16074114330179531,0.07317223936890638,0.19691636497225576,0.09798223469504527,0.00149644247343888,0.00235437059106157,0.2,0.6,0.1,34,2.210561261455909,4.168486153922431
12,25,0.07330961729030167,0.22426725660301533,0.1573384524398527,0.08913095251642202,0.023938010097783294,0.09223884151568315,0.00175021312856922,0.00254514863463367,0.2,0.6,0.1,37,2.197726585846861,4.056976693063502
12,26,0.07122174086481577,0.21781069410554674,0.15019745293471648,0.0906067065050419,0.05423083881950702,0.0908126404179037,0.0015884111116572799,0.00236501766399312,0.2,0.6,0.1,38,2.282236206615913,4.151552463377928
12,27,0.07156983952688159,0.2200410543153339,0.1601786528290055,0.11263922612380636,0.027921566340586765,0.09681902968833084,0.0016970603563932,0.0034704985557468004,0.2,0.6,0.1,41,2.007581902050428,4.213030522604418
12,28,0.07149657006131277,0.22437199457783477,0.1726532394843738,0.1310829501227462,0.021501876008466158,0.09681902968833084,0.0016970603563932,0.0034704985557468004,0.2,0.6,0.1,43,2.016502384232828,4.247772652736868
12,29,0.06945059566180734,0.2051310444224423,0.1432987137134079,0.13252294524193192,0.12212432319792584,0.10807910898341237,0.0018783424185463498,0.0050837715062407,0.2,0.6,0.1,44,2.6827192242151296,3.963913490605897
12,30,0.06585324479289886,0.1970097565864835,0.13448881477893992,0.1325199747609328,0.05639481741111764,0.0986033337906704,0.00178033399884935,0.00434824824127982,0.2,0.6,0.1,45,2.418806395623027,3.8899598014232666
12,31,0.06508957276621699,0.19858506504754472,0.14389640757180255,0.15068518910971215,0.02989472608574441,0.0986033337906704,0.00178033399884935,0.00434824824127982,0.2,0.6,0.1,47,2.445054053744904,4.032949723295848
12,32,0.06487794668551808,0.21183694478353407,0.18161998057331583,0.12388384358982246,0.023705146028706315,0.09833643630620667,0.0017304276218192802,0.00419558876997366,0.2,0.6,0.1,48,2.4388615011859485,4.08607789225703
12,33,0.06077895834785529,0.18676680772964735,0.13094875234768913,0.17313942252653608,0.03314793677258508,0.0890659020220303,0.00196054607793612,0.00410566100154331,0.2,0.6,0.1,52,2.508851743707446,3.863027173216257
12,34,0.059496921241796154,0.1773251849295498,0.11280130269585988,0.1716842409486011,0.03281697735506559,0.08850938008819834,0.00192303696120638,0.004080636012699141,0.2,0.6,0.1,54,2.5911304964148325,3.8956458414573936
12,35,0.05946059908663773,0.19557282375650306,0.16372827722977448,0.16002774661674227,0.02012865526074034,0.08850938008819835,0.00192303696120639,0.00408063601269915,0.2,0.6,0.1,55,2.5851817844076423,3.861899201428028
12,36,0.06468966217294421,0.21303095029855457,0.20547504498743785,0.2904235455010536,0.02555805121589181,0.10155438923609225,0.0021066686381476,0.03416063514724007,0.2,0.6,0.1,76,2.569897687447152,4.747301977068618
12,37,0.06383717312727018,0.2055720287877183,0.18954387205313614,0.2926645781061081,0.039966600768705056,0.10042038365342745,0.00210841938151426,0.0342056689982492,0.2,0.6,0.1,77,2.6448358548086603,4.621561888113918
12,38,0.06318638873577809,0.20800264530363585,0.19992350363649328,0.3224660451027537,0.030326568737394363,0.09964685604232226,0.0020833108807209897,0.03412704744717503,0.2,0.6,0.1,79,2.537962415246719,4.677469226187842
12,39,0.3788811818116548,0.5153802393106707,0.49857784861691706,0.6328881515045356,0.36943200548483723,0.0993484661707299,0.5131058424364654,0.13697221691601721,0.2,0.6,0.1,80,2.5073487056900285,4.37414290135719
12,40,0.3783747097542415,0.5178443751914424,0.5089760975401197,0.6456357420170771,0.34753322731240965,0.09975400612792193,0.5129766277592102,0.1368147152904665,0.2,0.6,0.1,82,2.4046724582769605,4.356092360660508
12,41,0.3781378714844122,0.5213716995689268,0.5205544919540256,0.6587051434168179,0.34769687745335415,0.09984906238230115,0.5129717618349132,0.13680508869176783,0.2,0.6,0.1,83,2.4199574232651697,4.414487153438526
12,42,0.6986213019469026,0.8386551766720072,0.8373683905507237,1.010429887801104,0.6748431635265344,0.12153692028196761,1.0,0.38565096753735456,0.2,0.6,0.1,85,2.9101960356729166,4.3905020477253
12,43,0.6953634468724529,0.8385475915497331,0.8452228282818367,1.0160039742843139,0.6708477627259489,0.10873277305322009,1.0,0.38295554520348396,0.2,0.6,0.1,86,2.515770652479928,4.293819982875515
12,44,0.694866767530464,0.8281759974509441,0.8259078716864485,1.0148870640006076,0.7003145422653322,0.11344026769044362,1.0,0.38389867591455273,0.2,0.6,0.1,87,2.9680977105153543,4.549001235382503
12,45,0.6934704647934431,0.829280029354834,0.8348812831998412,1.026732824826493,0.6680335383544658,0.10956205731271462,1.0,0.38366482485524467,0.2,0.6,0.1,89,2.9306116085434963,4.579090563373224
12,46,0.6934704644084357,0.8338794857322029,0.8476547283977647,1.0490114176048673,0.6602789617865228,0.10956205379791599,1.0,0.3836648241072008,0.2,0.6,0.1,91,2.930611247867233,4.579090607743083
12,47,0.6972787332739357,0.8369100503157723,0.8505725175119608,1.0527615517982596,0.6700584233819409,0.12532505696587506,1.0,0.39242436484385096,0.2,0.6,0.1,92,3.0520697529974745,4.674175556164542
12,48,0.6955846684793864,0.8392859272175998,0.8610458715192115,1.069017232462125,0.6666700100410679,0.12200522417299686,1.0,0.383616245109147,0.2,0.6,0.1,93,2.959957458282957,4.794272934551783
12,49,0.6646876151223473,0.8092763145164206,0.8386735988772743,1.0896566218814947,0.6342701511316864,0.09599356657704912,1.0,0.13703690936745486,0.2,0.6,0.1,113,2.827465112844909,4.777073374282016
12,50,0.578440062529033,0.7216049525093873,0.750796973388829,1.0339959744214264,0.5522877290362285,0.5470831100128262,0.5627192939676132,1.0,0.2,0.6,0.1,115,2.8445421660475407,5.327550719678088
12,51,0.5785297078770435,0.7238899769755969,0.7609101427814383,1.0426543524928216,0.5566057869312605,0.5511622162577984,0.5626035103620195,1.0,0.2,0.6,0.1,117,2.762571811071523,5.339579110843681
12,52,0.6618329414185816,0.7989589365574825,0.8348005856653238,1.1411812059068112,0.6483094444053471,0.09359254232585083,1.0,0.1457364646728962,0.2,0.6,0.1,121,3.071515921288998,4.674907265459591
12,53,0.6432340712466581,0.7834066614261963,0.82720143196052,1.1269058191447467,0.6263682981078641,0.0927205393444004,0.9699551046091344,0.14580351349876317,0.2,0.6,0.1,122,3.0568280048264707,4.5086229741860375
12,54,0.6613215452218141,0.8059980382921965,0.8579531391820951,1.1595568132477105,0.6335569490241199,0.09313988996752245,1.0,0.14581826082902513,0.2,0.6,0.1,124,3.0742687726194595,4.55704629987334
12,55,0.6613212288468338,0.8059973837323231,0.8579524193904106,1.164065122840209,0.6332119265520822,0.09313874355859268,1.0,0.14581821897694186,0.2,0.6,0.1,125,3.0742207868657605,4.556909197029362
12,56,0.4787343457347263,0.6407251241412466,0.7252224665682924,1.0895841731034548,0.4513163050213451,0.09005972199764634,0.5548182775982591,1.0,0.2,0.6,0.1,144,3.491554944095986,4.377808658091201
12,57,0.481587694961921,0.6846271836917143,0.8426419672420299,1.0806446264985514,0.45468178477543264,0.08931325192430702,0.5599714941559433,1.0,0.2,0.6,0.1,147,3.6463684909931975,4.409554498353641
12,58,0.6771123422098205,0.8476417853019591,0.9559155487016668,1.4817816686127498,0.6518050205041397,0.0903337810163746,1.0,0.32554654238995706,0.2,0.6,0.1,177,3.723046293351818,4.4356579051471945
12,59,0.6770640374399478,0.8519429933329723,0.9683554346801265,1.5075761081815875,0.6510866262654245,0.09023988448305598,1.0,0.32588056430780216,0.2,0.6,0.1,181,3.683788978099467,4.344675732748854
12,60,0.6769492798740719,0.8472184466191512,0.9554552485160348,1.4954553428761488,0.650598099486826,0.0897803948550736,1.0,0.32567778312650597,0.2,0.6,0.1,182,3.680356800746938,4.346950657531626
12,61,0.6772089723986492,0.8517501317671013,0.9681148060447947,1.5169996987948262,0.6532256801042976,0.09009550076108896,1.0,0.3284670849571939,0.2,0.6,0.1,183,3.7348715681670006,4.421076781453111
12,62,0.6768196647086053,0.8462223937839974,0.954336696367093,1.5044810378709692,0.6544955730008531,0.08941648473638644,1.0,0.3272840057227723,0.2,0.6,0.1,184,3.772214545451372,4.37968774311598
12,63,0.6767481286434937,0.8455859619929086,0.9536205622306283,1.5135945076143693,0.6527150132895169,0.0892567968863407,1.0,0.3283007910960427,0.2,0.6,0.1,186,3.836433453294286,4.470778175756946
12,64,0.6769845575759781,0.8638274342286851,1.0045028802263127,1.589549321918465,0.6512515370977249,0.09202746403803827,1.0,0.3261044322735543,0.2,0.6,0.1,198,3.49757658488804,4.357796221121325
12,65,0.6888186875539678,0.8750984091660179,1.0156942378845149,1.6247793481803499,0.6650151622688779,0.09688496088912255,1.0,0.4361328426701679,0.2,0.6,0.1,200,3.451134663746036,4.357618501678812
13,0,0.7476448770155584,0.918058960716519,0.906437279157182,0.13461246337959587,0.020903316787604608,0.10417400364512468,9.22216157529e-05,0.00013183089127929,0.2,0.6,0.1,1,20.682351368241115,29.46462435963484
13,1,0.5174894982609383,0.797939792149512,0.7726806360505897,0.10850041594691032,0.36918647260910226,0.10666791136538645,0.00018250500435706,0.00024036292955230003,0.2,0.6,0.1,3,15.57354852072016,21.854475246009628
13,2,0.35573022831253587,0.6818918081812317,0.6508613533100579,0.08338580838717957,0.37997638717514853,0.11801893026581756,0.00085113492011357,0.00112096259257913,0.2,0.6,0.1,5,12.320205529195784,16.584006534983455
13,3,0.3495759684227888,0.6760787943770236,0.6447434421158891,0.08322183016058396,0.03704670882495319,0.1039060604154964,0.00045634077995914004,0.00057176807661933,0.2,0.6,0.1,6,11.858529118795165,15.881381477986208
13,4,0.28706762719180096,0.6135137126698313,0.5750181833025576,0.06626077651843418,0.3873585576449135,0.1064431636319344,0.00085076576114942,0.0011070718640977,0.2,0.6,0.1,7,10.14502938689856,14.991669796938142
13,5,0.2870883936729201,0.61353351503833,0.5750353301072277,0.06629784237765321,0.02209934191985533,0.10655185485385446,0.00088073158171192,0.0011465374800802,0.2,0.6,0.1,8,10.122991661404145,14.906559701379098
13,6,0.24578363095890068,0.5662670960174657,0.5232060494127676,0.05464908834671352,0.2469000381651868,0.07189726440681779,0.0009389197783370099,0.00123257177280098,0.2,0.6,0.1,9,8.044273784237653,12.97726351626888
13,7,0.24589506755053603,0.5663712490658875,0.5233053421946091,0.0547838473525195,0.015463669501788692,0.07250418255927006,0.0009733045837377601,0.00127785728476447,0.2,0.6,0.1,10,8.023785923736469,12.879345260099754
13,8,0.23667045942146078,0.5591420641372257,0.5229301241410098,0.06579560054329905,0.0811210413096313,0.07189726440681779,0.0009389197783370099,0.00123257177280098,0.2,0.6,0.1,11,8.102279203401975,13.360398977802202
13,9,0.21147067502569822,0.520524700022813,0.4722457203264499,0.057668316610871795,0.11529519608131826,0.07377836448431355,0.00102469689562187,0.00127833836088952,0.2,0.6,0.1,13,6.673607077886115,10.510009464035594
13,10,0.2065350304531349,0.5136301056377823,0.4646395445700844,0.060170810775522415,0.050802179568426586,0.0715262090695481,0.0008312217501194499,0.0009677853676626101,0.2,0.6,0.1,14,6.661626374363238,10.967194194322584
13,11,0.1842024577260861,0.4812831396229859,0.42890608172464023,0.05237942370414783,0.18675523969414554,0.058279388715146964,0.0011916951970445898,0.00151230551108406,0.2,0.6,0.1,15,4.640304110466179,10.248692150117384
13,12,0.1796279216190041,0.47394077060512946,0.42074372977487257,0.05531434325438737,0.053879597698265363,0.058122175139904766,0.00111507806669306,0.0014324884223182101,0.2,0.6,0.1,16,4.625448739441004,10.382258706148704
13,13,0.17369295475248467,0.4684254102546817,0.4222581218899388,0.06396410485802612,0.06874348255502023,0.05801166133390031,0.00116433439194543,0.0014770259012202099,0.2,0.6,0.1,17,4.800266899184103,10.599552919767156
13,14,0.17037029930488518,0.4628476401599599,0.4160512084324495,0.07107067416896527,0.044497094502106566,0.058122175139904766,0.00111507806669306,0.0014324884223182101,0.2,0.6,0.1,18,4.76017748439369,10.697220147012631
13,15,0.16209549672970697,0.4421427434826434,0.3850848587044374,0.054897099283263494,0.12159197517794358,0.06938933542137389,0.00125068518328865,0.0017607687541158,0.2,0.6,0.1,19,3.942530764375574,9.616756673443204
13,16,0.1581512559869896,0.43801295321483436,0.3879267759152309,0.08095856570161283,0.03205493754060424,0.07916408702800423,0.00123618646569368,0.00141455054616779,0.2,0.6,0.1,23,5.580189457080867,8.939653037834988
13,17,0.1411385232150763,0.4108074383711123,0.35830737669563417,0.07851484132062861,0.13354083697766067,0.04980304720093839,0.00124742359904496,0.0016288620059004201,0.2,0.6,0.1,24,4.172308173570247,9.006211066453599
13,18,0.13249826739757337,0.3909967815969315,0.3360089050896072,0.07455517057090782,0.14007718138091074,0.06063042426739853,0.00132638844339198,0.00154953016481817,0.2,0.6,0.1,25,4.3703581106465,9.570456762327854
13,19,0.13525540955531634,0.38790507646262096,0.3244739986908575,0.07152970780428457,0.030699523523671283,0.07997034034465972,0.0013411928057325,0.0016627725052629002,0.2,0.6,0.1,26,4.595216851244768,7.858351170046291
13,20,0.1300524477608203,0.39037538887153556,0.342971564491163,0.08265398759765175,0.029165663126553422,0.06063042426739853,0.00132638844339198,0.00154953016481817,0.2,0.6,0.1,27,4.246658362918469,9.287154927722744
13,21,0.12762298892872354,0.37426554654638844,0.30956865462929045,0.0756077809005944,0.06279603218658826,0.06744415888254907,0.0014313947834308,0.00179775212391328,0.2,0.6,0.1,28,3.1658828310549114,7.626215983137705
13,22,0.12576682267222505,0.3756312039913022,0.31882266871011955,0.09062168534774717,0.02109330178155969,0.06489947095195604,0.0011650290091788499,0.00142693470931069,0.2,0.6,0.1,30,4.351178127647731,8.546786751410245
13,23,0.10866772922097769,0.3406467380860418,0.2875677377410225,0.09277803705766484,0.08906337564598274,0.06316900562645009,0.00129990150973664,0.00156822177799563,0.2,0.6,0.1,33,3.277583762941392,8.929053532994592
13,24,0.10599390993174021,0.33250495020511966,0.27839831791614383,0.09467078482712404,0.0669000289610447,0.06747454833234293,0.00142436284257482,0.0017246895358449198,0.2,0.6,0.1,34,3.0391132137315955,8.4071383949012
13,25,0.10214789286745242,0.3279705079759937,0.28106092768044816,0.11279683965564277,0.02648339524658094,0.06516706704134391,0.00138636227373045,0.0016832407154515699,0.2,0.6,0.1,38,2.989467478508544,8.660764537124896
13,26,0.09939958986601698,0.3202566389902799,0.27244360642938653,0.11798695960518614,0.0373410180729545,0.0666908606258296,0.00135485663664512,0.00163609519838388,0.2,0.6,0.1,40,3.1036993324236635,8.31100162156115
13,27,0.09350595193802434,0.3026969079128155,0.2454451640089249,0.13029450280764235,0.044804290668428615,0.056990142306226045,0.00160441516960996,0.0018569104913573199,0.2,0.6,0.1,42,3.3225942676393614,7.611081652609954
13,28,0.09364572576341983,0.30633211974628133,0.25705869373451223,0.1419739674951547,0.018323244213269276,0.06135577128022146,0.00145747267430407,0.00168861534853347,0.2,0.6,0.1,44,3.540277676653458,7.770054208246179
13,29,0.09346374049435602,0.3060211130931881,0.25672482250399303,0.13864515287155357,0.014374605775459088,0.06084697634659188,0.00144730190418617,0.00167840912569456,0.2,0.6,0.1,45,3.5335275085509195,7.597936775002254
13,30,0.09179461203647175,0.300009998408013,0.24995101020467847,0.1557575555745682,0.052818570151551,0.06419894532440387,0.00154377880215423,0.00177161503585665,0.2,0.6,0.1,46,3.498948714285171,7.899023477326316
13,31,0.08600442141894594,0.2829180798762519,0.23091214262370796,0.14668470809996426,0.06368243063416311,0.0651767326698505,0.0014550173425448899,0.0017279971644426,0.2,0.6,0.1,48,2.568880115710373,7.167821359176145
13,32,0.0813895853617215,0.2745240938687647,0.22927936382351508,0.1580312441797673,0.049646406886457245,0.06337084014295871,0.00128587495229672,0.00144268076593995,0.2,0.6,0.1,50,2.827777098280445,5.531919689348627
13,33,0.07687793539905743,0.2578991660663326,0.21065735665656093,0.1760327992508801,0.040050522443892636,0.06796264212376799,0.0014186720905204199,0.00194008277627385,0.2,0.6,0.1,54,2.6502529632300447,5.738945727165657
13,34,0.0747376044475558,0.2573491444417515,0.21779238186266023,0.17878973381073113,0.03875499316938665,0.061975734471883794,0.0018977266858219402,0.00283734162093327,0.2,0.6,0.1,55,2.7832218561802047,4.879511473937447
13,35,0.07337633263758515,0.27150497238630644,0.26417852532613695,0.16306174502011428,0.02161178613580357,0.06146105656495064,0.0018710438689271101,0.0028261658776779002,0.2,0.6,0.1,58,2.702581978466136,5.084027567199769
13,36,0.07050858630182068,0.248816394904736,0.22344453326019362,0.240118029364803,0.022439471134120807,0.06853778299868714,0.0020611220237866197,0.0028366350903157,0.2,0.6,0.1,70,2.5098288988519486,5.230187041402168
13,37,0.07051598810325592,0.2513641087748531,0.2338409957724298,0.25321729080235233,0.024336592111406503,0.0739799894406636,0.0016668811528551702,0.0025889510892927,0.2,0.6,0.1,72,2.366416591937485,5.168022215813444
13,38,0.07051598802361052,0.24676465160550623,0.2210675497825287,0.26480606265945195,0.016055181899286317,0.07397998936950015,0.00166688115001378,0.00258895110652929,0.2,0.6,0.1,74,2.3664165866938376,5.168022210748551
13,39,0.06905079233520385,0.23962388299463427,0.2055829570110425,0.28445991127467485,0.023663999881785545,0.06760580114457723,0.0019727451233305703,0.0031030957667145297,0.2,0.6,0.1,75,2.838930232967245,6.147994584820546
13,40,0.0649518186923834,0.22601713031275958,0.19048986466073006,0.2763929888362088,0.05244600143927411,0.06574060384514267,0.00188155555463494,0.0028505854540197403,0.2,0.6,0.1,77,2.916532240970497,6.577532477127168
13,41,0.0641383616279691,0.22974399782401111,0.20238167011193503,0.29814822856297696,0.013926576289314376,0.06216424371230288,0.00177144086310553,0.00275010486543873,0.2,0.6,0.1,80,2.793989666341771,6.164508363033573
13,42,0.06257235127758635,0.22420555096578082,0.1962284856409453,0.3194237388190253,0.01680635305613692,0.061789299465393556,0.00176068647842808,0.0025747237547855,0.2,0.6,0.1,90,2.833582244518193,5.421868966570107
13,43,0.06065670826343196,0.2259771352255943,0.2135010507099121,0.3632332108020233,0.056979213576331886,0.06193355066916523,0.0018426545585249299,0.00249038310927644,0.2,0.6,0.1,91,3.5077908062633067,6.438378060869585
13,44,0.05991139028110013,0.2187689792714432,0.19783444135030118,0.34664816704492546,0.01725588153288605,0.06212587871782049,0.00162810224341493,0.0024670542656961,0.2,0.6,0.1,95,2.685140917652253,5.557656166711667
13,45,0.05874859226590735,0.21792226331588557,0.20450996223546816,0.3827848094479082,0.047191833219120925,0.06333022619088421,0.00176441586967203,0.00245864540405917,0.2,0.6,0.1,96,3.01371951961218,6.075016830820616
13,46,0.056919328657059336,0.21307013342164424,0.19920019724956375,0.24134407117792256,0.01783532354009887,0.05946799210698685,0.00172200320683355,0.00242121465605431,0.2,0.6,0.1,101,2.9922382354530934,5.729174183913065
13,47,0.053261479435043294,0.2025467216843182,0.20262234739070525,0.43502423901445564,0.03220323248617987,0.0592646864660854,0.0040575832788674595,0.004202283377252701,0.2,0.6,0.1,108,3.406952914416748,5.330444181834077
13,48,0.05280472129200753,0.200009119543437,0.19977698587211726,0.43864739418851917,0.030577396074541654,0.05939989099807038,0.00423589247630002,0.00471667057436138,0.2,0.6,0.1,109,3.3540731524521736,5.1644583496868215
13,49,0.05275975536508732,0.19508468240885757,0.18663725669081443,0.30414620787452384,0.015636814023799364,0.05959909480482524,0.00423801012001844,0.00471505442426481,0.2,0.6,0.1,112,3.339590006859716,5.175832124339567
13,50,0.05158821057001163,0.19971004666829398,0.20710933666345108,0.46633629200594756,0.040350138437375865,0.05899697555663388,0.00425730358958112,0.00443016641796716,0.2,0.6,0.1,113,3.404141653932637,5.208240342223789
13,51,0.050460615671814715,0.19546316862716048,0.20240461379548214,0.4795268264347765,0.022382582436454346,0.05745701964393866,0.00440524626066556,0.00467540957026648,0.2,0.6,0.1,116,3.552498617674696,5.085313795189748
13,52,0.050735229195376375,0.18596009794702972,0.1764686139548597,0.31007199865529717,0.01720863117270276,0.059987333528380246,0.004324427815680329,0.00456060023693731,0.2,0.6,0.1,118,3.3928531829471344,4.930603308643876
13,53,0.05064013900886736,0.19953915026522723,0.2145516119006953,0.49268530189718956,0.015917928036189254,0.059038996365883334,0.00445876055804744,0.00506806507716047,0.2,0.6,0.1,119,3.538562379974478,4.841074802486711
13,54,0.05093103647276611,0.19508128566854963,0.20189766927054303,0.5384713229483385,0.015616719727905565,0.061307181307625414,0.0042984103580327,0.00486218929484521,0.2,0.6,0.1,123,3.199756740933938,5.460959460044767
13,55,0.049467714129515006,0.19690353157618776,0.21170187538943655,0.5428167746629318,0.024008372107036435,0.06225540250956753,0.00246665898492712,0.003178047615948,0.2,0.6,0.1,124,3.3484959716941383,5.156919714189064
13,56,0.048458294168778705,0.19820797316004723,0.22084687432120526,0.5529309999578823,0.030916045803128005,0.06049242697798825,0.00248810114759327,0.0031536263223240304,0.2,0.6,0.1,125,3.329703315724409,5.143549431711416
13,57,0.04876275810244711,0.1979207735586524,0.2204734053191839,0.5574898870128455,0.018778709672097393,0.06332960481906612,0.00235343241993006,0.00304689360610857,0.2,0.6,0.1,126,3.2801366910714185,5.102714518708621
13,58,0.048421471597612224,0.19237526733251303,0.2066658011361298,0.5571043932182064,0.018704232994771888,0.062447306118849,0.00236780447389222,0.00305919716657036,0.2,0.6,0.1,127,3.327356459313405,5.00668161914895
13,59,0.046721208268908354,0.19008287668103419,0.2117936856676821,0.5531601653785789,0.05241421882939104,0.06088804777242286,0.00249145651625271,0.00322405017504818,0.2,0.6,0.1,128,2.783694885605486,4.788948175334042
13,60,0.04391005295582585,0.17313253166067066,0.18529460353787933,0.6103569569821751,0.020831227936836474,0.061394597596871436,0.00213485680383416,0.00248698108965591,0.2,0.6,0.1,138,3.4791113172801578,4.786644694959942
13,61,0.043230932826584176,0.17367877714811272,0.19353210539455765,0.6296553715546858,0.022446243045376898,0.06253037754512146,0.00211404515158129,0.0025280470239018903,0.2,0.6,0.1,141,3.4244746205395824,4.58413434410523
13,62,0.04195806618676404,0.16937520502394032,0.18879622014110176,0.6500351892095932,0.02519746680660596,0.05997947192603951,0.00217218376091988,0.0025114189395154503,0.2,0.6,0.1,143,3.534108472912344,4.837110801696471
13,63,0.04193948265248408,0.1693460429577656,0.18876554698169035,0.6544014603844299,0.013575617333605686,0.059907220600975294,0.0021704851820209,0.0025078384797028097,0.2,0.6,0.1,144,3.5295800660055776,4.836517363062822
13,64,0.04172424362848224,0.1667171649108816,0.18579320480968248,0.649573875161904,0.022558546763411652,0.06199100610328978,0.00216372445732199,0.00248513173165205,0.2,0.6,0.1,146,3.5958243271871173,4.659040566670559
13,65,0.041093751405053246,0.1633236032922812,0.1820074772610784,0.6793789317199127,0.020214087204917335,0.06226860792612452,0.00219380326363753,0.0025217178081116303,0.2,0.6,0.1,149,3.6110991417597615,4.794744513693296
13,66,0.03660797099701089,0.1497073911008556,0.18216256814627202,0.6937835045535341,0.04021315297660029,0.06301751161949391,0.0018842812614499702,0.00275157150063734,0.2,0.6,0.1,154,3.8318461123238414,4.309380253389241
13,67,0.035647361804960837,0.14094374221350958,0.1647787326023029,0.7013156978279673,0.02516181857964325,0.06212595262461075,0.00183519888033223,0.0026647238793321,0.2,0.6,0.1,156,3.732268658494455,4.483244183226814
13,68,0.03539753282337509,0.14334206354257045,0.17507999550608838,0.7274089073790595,0.01744619888217979,0.06238604272654872,0.0020187278912911803,0.00302588360540121,0.2,0.6,0.1,160,3.70951194454784,4.516771242656777
13,69,0.035007997808889295,0.13087124832740982,0.14586145648540833,0.7274628714663873,0.017652126563644177,0.0620044733773991,0.00256367838222584,0.00317211216136602,0.2,0.6,0.1,166,3.698629727025612,4.484852817789171
13,70,0.03463450126045547,0.13466839078243448,0.1577732422438251,0.7483987291795868,0.01700739854003225,0.061302122316123475,0.0024309375835918903,0.00260535120696677,0.2,0.6,0.1,167,3.754663892238349,4.218340475269793
13,71,0.03439189889036346,0.1390197792211056,0.17029783092661996,0.7525864398517821,0.013786955942684472,0.06172641046513285,0.00188666828852909,0.0026118856612394902,0.2,0.6,0.1,168,3.558580250535099,4.4063361366461455
13,72,0.033790642822246024,0.13941078411845648,0.17836438258514734,0.7729414905913433,0.03935378251319833,0.061662353007058156,0.00224906511912197,0.00261163075544606,0.2,0.6,0.1,169,3.679503614620672,4.366472904751395
13,73,0.034113053166754205,0.13381330175142475,0.16441048196375,0.751713978984568,0.02384499084269426,0.06111356784832226,0.00329963924169908,0.00354915056277076,0.2,0.6,0.1,170,3.538189936554204,4.074009896216941
13,74,0.032858332523543,0.12901054715411434,0.1591190694494992,0.7633068084504325,0.03898784510488729,0.06208265467184695,0.00232097917703854,0.00269601545198784,0.2,0.6,0.1,171,3.6843593190089465,4.162721252803195
13,75,0.03272489366641152,0.13806481957832856,0.18451998676602643,0.8913410803298627,0.013952507812760298,0.061271379038809436,0.0023174332508106,0.00302957677918495,0.2,0.6,0.1,187,3.7691248414628618,4.908335086994174
13,76,0.03258000138178118,0.13700015800495455,0.18332893418878285,0.8910819273344435,0.017225240508434846,0.06149447576375061,0.0023332781682340797,0.00303153953411151,0.2,0.6,0.1,189,3.7737501162242566,4.903649272224891
13,77,0.031889516454762,0.133508908048576,0.17945318111961123,0.8991333974245863,0.02371244637580769,0.06121230826209154,0.00228724403574582,0.00298388440737523,0.2,0.6,0.1,191,3.864994308026896,4.906769235856668
13,78,0.03178946106338135,0.13294950199269384,0.17883077154861346,0.9035221956973619,0.017120774143582308,0.061202649712238065,0.00228921109942044,0.00297050282233438,0.2,0.6,0.1,192,3.864252766933229,4.9133398627791856
14,0,0.9322700485361585,0.9910120699917047,0.9876037060674208,0.1552507729925034,0.021174110742546992,0.10554015622310631,8.801901613939e-05,0.00013268088242094,0.2,0.6,0.1,1,17.645932846271442,28.895647767692
14,1,0.821161156891948,0.944612773317078,0.936804274331629,0.13866269537377085,0.23802558116915576,0.06853481503283496,7.391445276752201e-06,1.594004585626e-05,0.2,0.6,0.1,2,17.841252506096627,29.5843128399992
14,2,0.5555042023740614,0.8196187768810573,0.7971807663250152,0.11220343915179233,0.7639936003917771,0.090252710308078,0.00018369308230432,0.00020716681938585,0.2,0.6,0.1,3,12.456444733892438,21.854475246009628
14,3,0.3997071476857594,0.7191376151416046,0.6925290575576455,0.09246462071074213,0.3372601043548754,0.10896040961509837,0.00077563837873293,0.00083866925534044,0.2,0.6,0.1,5,9.065206090109593,13.336828549370548
14,4,0.34914654980216586,0.67064826614931,0.6314628886562147,0.07935729931675531,0.12972250136477712,0.0851260636934666,0.00054480863135833,0.00062083682808403,0.2,0.6,0.1,7,8.290304104956485,14.340016285279605
14,5,0.3348291759029248,0.6619323281140163,0.6294733737764793,0.08278399828102087,0.0903381933282219,0.08073403533141423,0.00106589084804082,0.00122511312715419,0.2,0.6,0.1,8,6.672041546319314,14.54222079344506
14,6,0.2999285264737415,0.622993159186535,0.5788174737796496,0.06998581006226416,0.19497456555376744,0.06732907389574341,0.0006347597309018001,0.00073396810882184,0.2,0.6,0.1,9,8.5822632499514,13.238438010122303
14,7,0.2503853898267339,0.5679848471637949,0.5178596851678189,0.05986638799206923,0.1630230686767455,0.055200522434109875,0.00072277874704119,0.0008666489912427799,0.2,0.6,0.1,11,7.088324828144232,12.092798541206731
14,8,0.22118243425129075,0.5318094513562294,0.47787972662377703,0.05536269082391612,0.10649003894522285,0.04233719217674996,0.00081119856857805,0.00098943313112405,0.2,0.6,0.1,13,5.412694716170219,12.139459848954491
14,9,0.21837840698715105,0.5278045835665112,0.47335652815853757,0.059615191722599485,0.03580603452843007,0.04553714694076459,0.00073251305856731,0.00088120245355137,0.2,0.6,0.1,14,5.602003874269586,11.992469884279274
14,10,0.20092603063188738,0.5035873576770746,0.4464732684022589,0.0527752561524275,0.1445725385933751,0.041125724322290856,0.00108987719530928,0.00132032961584323,0.2,0.6,0.1,15,4.507633847113339,12.27411735028474
14,11,0.19634610866661248,0.49685759617664127,0.43898280756652014,0.05614983285226011,0.04760761865168608,0.04142083159405391,0.00101119168529854,0.00121209893827055,0.2,0.6,0.1,16,4.68520251347511,12.257632683932732
14,12,0.17944116607060168,0.4650011143662694,0.4024100459832598,0.054450892647034385,0.2612934594878968,0.0904450016498612,0.0010622818486785098,0.00165158874023126,0.2,0.6,0.1,17,5.225204881181133,5.04906175557224
14,13,0.16757402233646934,0.44506908310357646,0.380229482785847,0.05442651545305371,0.07761732125559012,0.08994910654732997,0.00115070167021537,0.0017743728801125202,0.2,0.6,0.1,19,4.46010833590396,5.858448482054617
14,14,0.16084541338374994,0.4327344714878313,0.366491692838305,0.05657584456570731,0.08995695066699304,0.0906570671959082,0.00107201616020463,0.0016661422025398402,0.2,0.6,0.1,20,4.433251083213589,5.530893263118732
14,15,0.1536907558721917,0.4230525226435521,0.3633793561021047,0.05541223198394026,0.09541908386135814,0.08994910654732997,0.00115070167021537,0.0017743728801125202,0.2,0.6,0.1,21,4.5353929352530615,6.38437472154539
14,16,0.14807043926637106,0.412020070574565,0.35109081373219825,0.05805244849462507,0.0829704474112468,0.0906570671959082,0.00107201616020463,0.0016661422025398402,0.2,0.6,0.1,22,4.4731148055751175,6.010575817213626
14,17,0.13640667673036158,0.389438414000318,0.32609415721877577,0.05408535352464798,0.14083211070728793,0.08269386386841446,0.0016208270463616702,0.0021919649173976702,0.2,0.6,0.1,23,3.786991662323045,6.042938181190992
14,18,0.13183119355716927,0.379563467132858,0.31509579324186276,0.054313456330430304,0.07505943780711252,0.08389856313340552,0.00137795997441408,0.0019019070644038,0.2,0.6,0.1,24,3.801070049018546,6.00214743475477
14,19,0.13218286596326212,0.3844416607235677,0.3281324633961283,0.07309716781898808,0.019044302400236787,0.08596836527035066,0.00137358873764945,0.00196830835406745,0.2,0.6,0.1,25,4.062557708651947,6.224210277790014
14,20,0.12288428778578055,0.3594068363134931,0.29265028759306494,0.05491746148601595,0.13373937769733937,0.08458422950746192,0.0013202830881179,0.00186302054694706,0.2,0.6,0.1,26,4.186504682517427,5.1905320957676135
14,21,0.11573121355067752,0.35274940947261235,0.30059902977910263,0.07530328985386149,0.10878535804081575,0.08145551755865076,0.00152391286879351,0.00248893546405235,0.2,0.6,0.1,27,3.118635704253081,6.1188141451931575
14,22,0.10841163866557511,0.33009135723348276,0.275082941487682,0.06786175297781989,0.16394240832843252,0.09449314838178399,0.0015979192189775001,0.00231293664098958,0.2,0.6,0.1,28,2.7915925527618817,4.051035140754497
14,23,0.08683783253765368,0.2764551959550757,0.21581570753798698,0.05984540027683165,0.15959073223006767,0.07514213614495455,0.0016863390405143601,0.00243572078087084,0.2,0.6,0.1,30,2.400297692834376,4.802404594009298
14,24,0.08656888540777703,0.2759268883418222,0.2152395271598728,0.06605919909428648,0.01903860867322253,0.07448490421383593,0.0017256475330108601,0.0024688555632071197,0.2,0.6,0.1,31,2.357006964995428,4.816595340065811
14,25,0.08383596726337804,0.2713611996015793,0.21777527783040182,0.06407839081708562,0.07048373173882765,0.07579529862616222,0.0018131010579985102,0.00258481796205911,0.2,0.6,0.1,32,2.1912815959128698,4.596717930671492
14,26,0.07945208241143575,0.25528378757572756,0.19977182434533497,0.06986784544524949,0.1156517999226567,0.08096199278218277,0.00172325883261488,0.00246353109771891,0.2,0.6,0.1,33,2.0797544162147537,4.227181308376031
14,27,0.07672859562536825,0.24015786535825326,0.1826487567037138,0.11046142119768529,0.036987209002385474,0.08845084351767636,0.0015394842274744501,0.014063340123099349,0.2,0.6,0.1,39,2.1747948189572504,3.50097318370592
14,28,0.07463945842670548,0.23230741649693043,0.17388505411670532,0.08330172185918854,0.04352553099523479,0.09222857498966083,0.00170036174701129,0.007850057894626051,0.2,0.6,0.1,41,1.8966288710834245,3.4141172370924924
14,29,0.07233329831001852,0.22347841259863735,0.16403158165303575,0.10613308777389065,0.07283814990890654,0.09339869872021368,0.00170510671629602,0.00785540581101231,0.2,0.6,0.1,42,2.211810302598018,3.1984900817397497
14,30,0.07065675573582747,0.2227943450851006,0.1709609747865325,0.13013368156878868,0.03439073582215316,0.09236069063572841,0.0016467213870499501,0.007055439366500239,0.2,0.6,0.1,44,2.311848054288385,3.299136977161901
14,31,0.06947348056669897,0.21964048435979378,0.16750157590944975,0.13651883545810808,0.03528616287522445,0.09039659502666134,0.0015686644837682897,0.006946123952520341,0.2,0.6,0.1,45,2.2379274226377244,3.4315755617327435
14,32,0.07856911552969344,0.22482012596372955,0.17207696093074082,0.13060178161252234,0.040525588532661125,0.08231620741656427,0.01586601595630977,0.04260431842753441,0.2,0.6,0.1,48,1.7324066988585909,4.004897324513148
14,33,0.07198494068737886,0.2245175952148747,0.18767447097971066,0.17306999177571278,0.02850625374581084,0.11478675351088174,0.0016135554827750298,0.00780943306492769,0.2,0.6,0.1,54,1.9842619903049907,3.982868105040315
14,34,0.06607812666334621,0.21616326023859775,0.1789457241855145,0.18262092813028014,0.038751357757407096,0.09287985311447353,0.00135227023585808,0.0027819905972501597,0.2,0.6,0.1,55,2.0289378720648017,4.183905339908444
14,35,0.06531744841279384,0.21335323083075652,0.1758232344877529,0.1979738889673187,0.02360389602986111,0.09302117302815618,0.0013243699804672301,0.00222313670775417,0.2,0.6,0.1,59,2.082060775486841,4.142736521238142
14,36,0.060843484336400466,0.20327394606394095,0.1723745695487391,0.21334159450984225,0.03826897917925978,0.08147703712307695,0.0015883771190968302,0.01351650908266908,0.2,0.6,0.1,63,1.9858293779485283,4.450846409040943
14,37,0.06052451213358766,0.2066926055739045,0.18383794175849916,0.225130429473653,0.021858595368551628,0.08697845310985947,0.00125765485884558,0.00413744413978113,0.2,0.6,0.1,65,1.9579342838582,4.433934488357005
14,38,0.06031131001236383,0.20169897861165614,0.17064320803587896,0.22081292719207513,0.019800268399580417,0.08046386406541062,0.00160130956186653,0.0135681381010573,0.2,0.6,0.1,66,2.0109111580161043,4.522396347609981
14,39,0.059060321408676786,0.20379652259436926,0.1882143035964239,0.25633145638602506,0.030197373271081546,0.08166728341968085,0.00171591852412857,0.01684839168152057,0.2,0.6,0.1,70,1.9794216289644424,5.116836575790831
14,40,0.06208303333108047,0.1956794638029904,0.1634605277596713,0.2672761619177767,0.025618835203076742,0.10134324906176777,0.00143390245545814,0.01553797326371773,0.2,0.6,0.1,75,2.3089697235413738,4.236035171886931
14,41,0.05892166656614716,0.1956191729852954,0.17135202068587388,0.27222957232047795,0.03132841914066086,0.08300167073624966,0.00176814730851602,0.023298658598680792,0.2,0.6,0.1,76,2.0886090139420643,5.163472354784604
14,42,0.06497178418352104,0.2024786325957312,0.18582470066179912,0.290888318505118,0.05579508824989339,0.09903882253474976,0.0019654246952355197,0.062261598297039186,0.2,0.6,0.1,77,2.137749815708092,4.585953423571932
14,43,0.06314519602747926,0.19000102098957614,0.1642828952259658,0.28404876496912757,0.07259329697726401,0.0958593075962341,0.00184260120127935,0.06934986953823619,0.2,0.6,0.1,78,2.094356622534638,5.248526861806972
14,44,0.0623769345455332,0.1862104012268634,0.1600501336219683,0.29441554471766385,0.0348471009924773,0.09548370540835435,0.00195388674768235,0.07066072791479419,0.2,0.6,0.1,81,2.5382487233169537,4.966566628424982
14,45,0.061678154240680114,0.18358079062083446,0.15713869169353425,0.3068252635685783,0.03437966671835698,0.09487561590135302,0.00196042839067733,0.07047446038756158,0.2,0.6,0.1,83,2.5814974813641163,5.197492270224414
14,46,0.054622001413652,0.1849983218002488,0.17479864277896778,0.32622449981713486,0.021699602093308186,0.08265808595743464,0.00146525658710289,0.029418490813741482,0.2,0.6,0.1,87,2.540479206599534,5.2915040580129045
14,47,0.09674884593149623,0.22559465818498398,0.21517240085843883,0.3715831242347711,0.07427127318129788,0.08131655546067962,0.07469237319571385,0.01841146821357007,0.2,0.6,0.1,88,2.078554638315081,5.1142854350857885
14,48,0.14797598331450618,0.27180195933961004,0.26065166623208225,0.4706059121033863,0.12299988798851712,0.07300202397381847,0.00161676783268337,1.0,0.2,0.6,0.1,93,2.4813622510276603,3.5977700514079816
14,49,0.6472846500049921,0.7646571828616034,0.752576196519064,0.9830989991459947,0.6642030218296491,0.07818287771947417,1.0,0.01025128732316844,0.2,0.6,0.1,94,2.4969248331688774,4.531728880162727
14,50,0.07609396385614974,0.19211859427514277,0.17984462973687948,0.4289684014132162,0.05068675743189041,0.0871509473595127,0.0039682623140130996,0.26018728450956685,0.2,0.6,0.1,96,2.5850045971605384,3.780240404172946
14,51,0.07531764951911313,0.19011787929586263,0.1776682274287717,0.4323856440054579,0.054364190708591234,0.085502343351057,0.0038246731414250503,0.2598849250475472,0.2,0.6,0.1,97,2.5061900391977656,4.245817165779639
14,52,0.1457477947563131,0.26315797577485195,0.2585977812394252,0.4992025508735892,0.13083663415029684,0.07298524585396976,0.00291102257467129,1.0,0.2,0.6,0.1,98,3.218976248339648,4.250919211110928
14,53,0.046608861773970514,0.1612141842795231,0.1562533517912961,0.4215199183158833,0.038363223400069146,0.07298512277852329,0.00259478298168613,0.01790456004012703,0.2,0.6,0.1,99,3.0948322897233043,4.072183109696043
14,54,0.046630601807966084,0.16557221128937089,0.16874803616842798,0.43549059800011947,0.018988711326698944,0.07303002288338623,0.00265794565432028,0.01834039605125202,0.2,0.6,0.1,101,3.0914008165427656,4.050928807390445
14,55,0.048939751552089725,0.15611758926618588,0.14258009043436826,0.4182014374352371,0.039618654063873014,0.08102095173461238,0.00268168343112607,0.03197440392951782,0.2,0.6,0.1,102,3.124127479648762,3.9845732894362
14,56,0.062227941068083846,0.17854512131551475,0.1813470042278032,0.5166332441164622,0.03434787881834281,0.08359967068639579,0.00253849393283693,0.16072866944644576,0.2,0.6,0.1,117,2.875493652553591,3.830509657027436
14,57,0.614933010106176,0.7321997709323622,0.750181696546392,1.0521324337277136,0.6486106483115914,0.08177210291608102,0.9501440982507869,0.02669004491588458,0.2,0.6,0.1,118,2.6300007472512505,5.504569405881735
14,58,0.5838440432423443,0.7056824298682682,0.7393608610608959,1.0536733231892867,0.5674640121469423,0.08230519567142662,0.898324989440422,0.037039715579019264,0.2,0.6,0.1,122,3.0868680360403378,5.530081848552483
14,59,0.24424976269391405,0.36530658299100116,0.3988752171424329,0.7230105179590697,0.2225449418154821,0.18648955532784167,0.13742869401812946,1.0,0.2,0.6,0.1,124,3.10742288791855,5.498327039540538
14,60,0.40417963982174177,0.5431058870829256,0.6092966352162777,0.9483689266558782,0.3804450408037422,0.08231031514803466,0.4389182558912451,1.0,0.2,0.6,0.1,130,2.5743696748110088,5.500589646458579
14,61,0.04496498771671357,0.1540814181639099,0.17091742459118406,0.5654434117925344,0.02640320031368424,0.07606605821537894,0.004646921889089,0.03129872464825193,0.2,0.6,0.1,133,2.6486127831749617,4.859372948869944
14,62,0.046483833984247935,0.1547332104333787,0.17144779513001795,0.5757245866346608,0.02595124267546185,0.08049854699683631,0.0052969642443305796,0.035794898639721864,0.2,0.6,0.1,135,2.746417398585111,5.259716339686706
14,63,0.0421461510432555,0.14677524031063333,0.16298398190228885,0.5733346688977491,0.027974267719337947,0.0669488704042531,0.00469802649214641,0.0316808774907429,0.2,0.6,0.1,138,2.610147388921117,4.970761404307366
14,64,0.04350315527712888,0.1470024481292923,0.16305361734870139,0.5987874832278038,0.023674212162341533,0.07617432064886191,0.00476165054758638,0.02906269608555983,0.2,0.6,0.1,141,2.795648300032885,4.916591023686261
14,65,0.041335974071118026,0.1461133364945496,0.1698761948717035,0.620589806182623,0.03138837572904015,0.06688916581981574,0.00493157983889225,0.03264393352532114,0.2,0.6,0.1,143,2.8331455863706823,5.00030502118041
14,66,0.044818755237612716,0.15759312510845527,0.19753708850292295,0.7821056425908752,0.023714036627334106,0.07480951915911858,0.008865427327147141,0.03078433226300271,0.2,0.6,0.1,167,2.677788365798094,4.847221938522969
14,67,0.0443408763131577,0.16618412827013943,0.22245823756116248,0.8374993118702924,0.023064993474151096,0.07480991041270117,0.008856473666527311,0.02635620771027571,0.2,0.6,0.1,173,2.675923994905052,4.847146850798894
14,68,0.04855254791240597,0.16924954531943076,0.22536463472115437,0.8387876365577539,0.0354916188750946,0.0748177702222325,0.016058413011929652,0.027860157463137258,0.2,0.6,0.1,174,2.687191051875564,4.851605546878695
14,69,0.04698332861116327,0.16549855985635575,0.2213111993524022,0.8536146231193567,0.04172383474141654,0.07442573589630985,0.01473444249279553,0.02583724342882681,0.2,0.6,0.1,175,2.66256373831445,4.847406614201935
14,70,0.6477354399493177,0.7752473915712604,0.8473800823742802,1.447652514521728,0.6273926097565301,0.07488641708827184,1.0,0.12129913982064715,0.2,0.6,0.1,180,2.766319062809833,4.822749991208469
14,71,0.20155077471451063,0.32903586245251004,0.4011649431383947,1.0061205981767984,0.18111848666041785,0.07479536872150301,0.1099491832723198,1.0,0.2,0.6,0.1,181,2.746825532549733,4.814750962744063
15,0,0.9437051348099376,0.9943057769416798,0.9914044303115291,0.15532570400538517,0.01998079233613359,0.09956888374048181,9.072177324538e-05,0.00012582524089998,0.2,0.6,0.1,1,18.89258611392145,30.857157751522813
15,1,0.8390996484209466,0.9517076388352312,0.9447055477107853,0.14063347617846686,0.22281730326887494,0.06832872591477726,7.251700490566638e-06,1.07907665769e-05,0.2,0.6,0.1,2,16.484206256496275,29.5843128399992
15,2,0.5800512587454443,0.8352302382843414,0.8141744456224023,0.11902562833777842,0.7382417025266625,0.107169019389277,0.00017961718054251,0.00018894398067054,0.2,0.6,0.1,3,10.858805835791909,21.854475246009628
15,3,0.4164644833182626,0.7328901005660302,0.7076078537045757,0.09777561110827225,0.34057337383706904,0.11874240181851281,0.0008642722487018001,0.0009091504418428899,0.2,0.6,0.1,5,7.766343110659298,16.503890090667145
15,4,0.41626933041782194,0.7327250421610867,0.7074315240374596,0.10138345769418688,0.024868340223585438,0.11852805110966522,0.0008307317244921999,0.00087386829266987,0.2,0.6,0.1,6,7.755235888566465,16.60580657190084
15,5,0.3335752281676741,0.6609724634468727,0.6281983767489536,0.07978369708523529,0.4003294518146537,0.09066020414112877,0.00086374978648263,0.0008731493087355,0.2,0.6,0.1,7,6.373648292407509,14.924054116023346
15,6,0.27701628778253884,0.6027740531023117,0.5636330927507659,0.06887241977866752,0.1791516767480795,0.08095143126067403,0.00098030658633844,0.0010365413998999,0.2,0.6,0.1,9,5.808160199364522,12.8320499120706
15,7,0.22832862624646708,0.5430898441997122,0.4971493965022359,0.05967509922013124,0.19064291034899258,0.08305353820457391,0.0010710283595838199,0.00116236664079988,0.2,0.6,0.1,11,5.706065880974052,13.26363624889018
15,8,0.2112435894685568,0.5189726626463532,0.4701726975384537,0.06227459895547556,0.09170510543296267,0.08880603801398286,0.00111935293118923,0.00123873702346874,0.2,0.6,0.1,13,5.67179387739749,11.50835555320836
15,9,0.19108415297383308,0.4891562404683791,0.43710185884030106,0.06116139334534391,0.1005647672262079,0.08339676408982835,0.0012086417026494901,0.00134976875807862,0.2,0.6,0.1,15,4.521930046040725,10.181308206139237
15,10,0.1849586666157992,0.47927244230329274,0.4260926593266666,0.06362112775815289,0.07458536440123678,0.08404507706509193,0.00113304508044896,0.0012558031761253899,0.2,0.6,0.1,16,4.632529801649694,10.31628393130804
15,11,0.1791538163607374,0.46923065493416405,0.4148357298164405,0.06440721321077365,0.08005240532828843,0.08695152575606649,0.0012890207375382099,0.0016222630769612,0.2,0.6,0.1,17,4.555452312371196,8.184183300565481
15,12,0.1745000744352593,0.4621838653400249,0.4071207090646008,0.06695393767511289,0.05137715004763061,0.08158698139081007,0.00120847339047851,0.00150642754524796,0.2,0.6,0.1,18,4.367560231522194,8.1622582539949
15,13,0.1663039487493411,0.4478648982508555,0.39119950721733737,0.0610859826152518,0.09760298640378029,0.08038854846808217,0.0013706585250687201,0.00152950233043427,0.2,0.6,0.1,19,4.969312204813824,9.777535208029269
15,14,0.1441474370339442,0.40650557177163554,0.34520892102767725,0.05798648454562259,0.134729815737883,0.07818917262081923,0.0014599472965289698,0.00164053406504415,0.2,0.6,0.1,21,3.618906977193221,7.561929585916714
15,15,0.13690961674649701,0.39626488149613465,0.3414592701179193,0.06285664044581271,0.059682207288555694,0.07887854388497283,0.0013399293211920399,0.00152238009594482,0.2,0.6,0.1,23,3.517919919085441,7.40601233916836
15,16,0.13441503855069975,0.39056400217791654,0.33507024460200724,0.06742360293652164,0.03462934213070762,0.07970621667854154,0.00165400429357935,0.0018539963231079498,0.2,0.6,0.1,25,3.615394336130399,6.988383019193839
15,17,0.1322281592097736,0.38641200355747635,0.33050312464628945,0.07520296388217877,0.03770042825687656,0.07869469697374112,0.00126433270974616,0.00142841452624942,0.2,0.6,0.1,26,3.659610294665329,7.759444823477477
15,18,0.1263886332699954,0.37717480190996344,0.32777857594814036,0.08492142195530085,0.10247311130839012,0.08154749528365238,0.00168050098313322,0.0018992390821479601,0.2,0.6,0.1,27,3.62545357525264,6.631815569186496
15,19,0.12360684871766611,0.3701556219277943,0.31991248997840976,0.07093877680385212,0.06061925524363609,0.08420691158714963,0.0015146171478534602,0.00232721301806477,0.2,0.6,0.1,28,3.723650924942994,5.97343275112993
15,20,0.12359252257900091,0.3700954208519245,0.31984320581993997,0.0742444792422767,0.018471913567818618,0.08409829155797506,0.0015837638509611101,0.00234027135591268,0.2,0.6,0.1,29,3.739509289188778,6.058755876494232
15,21,0.13759213705645887,0.3686563399398512,0.3081062652551958,0.09423578581089523,0.14820712682600412,0.0873342682632104,0.00331599848984629,0.2050082135978096,0.2,0.6,0.1,30,2.873167860321939,7.149496011385549
15,22,0.105303802357174,0.3246995307627813,0.2619519256179539,0.06758145335907226,0.12746201151944284,0.07079608946414137,0.0018048800112427199,0.00204668919409818,0.2,0.6,0.1,31,3.1868055938999804,6.222701609085953
15,23,0.09004333369065139,0.28585795654249235,0.22627611551017704,0.0624967366485198,0.2716271336084626,0.07579571170442673,0.00155329669959964,0.0023609226091949502,0.2,0.6,0.1,32,3.052030813482768,5.946000372405365
15,24,0.08802237432091506,0.2804516506540315,0.22029164955468983,0.06720084026225884,0.045505630499144925,0.07455127196597394,0.0014932556755344099,0.00230556323905099,0.2,0.6,0.1,33,3.156265491896567,6.355855979629354
15,25,0.08801952060734201,0.28504268595158067,0.23305588095729457,0.09095267755275004,0.01606133207411287,0.07455127196597394,0.0014932556755344099,0.00230556323905099,0.2,0.6,0.1,35,3.134239967018236,6.234853639792846
15,26,0.08772095077363393,0.2841238889480939,0.23203155100348719,0.09730780750430613,0.02143017865958978,0.07439081809793345,0.00156555972485261,0.00233749849020441,0.2,0.6,0.1,36,3.126162878654186,6.247205689192158
15,27,0.08734327888855832,0.28761938197111087,0.24357777138068964,0.10071496334637299,0.022316677175810002,0.07451958617790504,0.00150410841961966,0.00231533441160066,0.2,0.6,0.1,37,3.1367629331626468,6.195165146337183
15,28,0.08405351605832238,0.2617620268401263,0.1917252079221319,0.08134894224259735,0.09211330939567913,0.0789169680749461,0.00177549041143472,0.00167139376602021,0.2,0.6,0.1,38,2.614947864150723,7.035742479447057
15,29,0.08168718929481006,0.252036989106672,0.18078396864323376,0.08277503269759859,0.08006838338212931,0.07424507404810707,0.00443174886325918,0.00543753905200171,0.2,0.6,0.1,39,2.688338634837053,6.512436199075914
15,30,0.07908025297100407,0.2474667684375902,0.17589147961793106,0.0836658044582069,0.032862300167100504,0.07616122666758271,0.0015877094683642598,0.0014864805564184,0.2,0.6,0.1,40,2.348072030832063,6.174030073778125
15,31,0.07798470581824987,0.24602399838250885,0.18181882469546415,0.09346163292160525,0.058334117910576876,0.08088366129518955,0.00174824477684867,0.0018053838595494102,0.2,0.6,0.1,41,2.6830066267026824,6.698079758525429
15,32,0.07363965210069866,0.23167907518483258,0.1658697931463334,0.09282219304608526,0.09898939602408713,0.08041753991979488,0.0016710481954147001,0.00170970373428742,0.2,0.6,0.1,42,2.670929589339616,6.013623370847398
15,33,0.07320160544016636,0.23573366925552425,0.17807999684249926,0.10329832841771236,0.01743609076823127,0.07873493317534144,0.00161048854844659,0.0016213791674625701,0.2,0.6,0.1,44,3.169955532173101,6.627599932844854
15,34,0.06653833980861756,0.21537601454445457,0.15554151874656055,0.10044972633326521,0.13069944912437087,0.07327939849040287,0.0016518149134995702,0.00169831887784275,0.2,0.6,0.1,45,2.8290952767471627,4.799794728066801
15,35,0.06646790184529348,0.21334501808555503,0.15323494672900262,0.10368844753790533,0.026324743374501303,0.07519479709583829,0.00165747434233799,0.00190066728143339,0.2,0.6,0.1,46,2.8164755680565765,5.680446693696684
15,36,0.06139050892439735,0.19987958604370945,0.14594822671004282,0.10582020183130088,0.11756171096534249,0.07327939849040288,0.0016518149134995702,0.00169831887784275,0.2,0.6,0.1,47,2.722237934752971,5.069557271265179
15,37,0.05794563068394917,0.19133386920395254,0.14410940027076882,0.11316342131671366,0.053090642063659516,0.07214355198576053,0.00173662985987132,0.00185617884504693,0.2,0.6,0.1,49,2.5925024046618708,5.0532193034793655
15,38,0.05388123820479208,0.17916811707586153,0.13822530280041334,0.13095594293443855,0.06381548073241215,0.07212645430495648,0.0017126879622764099,0.0018435526004194802,0.2,0.6,0.1,51,2.4210405384220697,4.717450281508211
15,39,0.05161138506942172,0.17509787954365874,0.14138626796879158,0.1396659688429993,0.039343455937590165,0.070882995028863,0.00160871285820994,0.0016983325586894498,0.2,0.6,0.1,53,2.6082547926587347,4.599548031305514
15,40,0.051604540347697875,0.18426710680594166,0.16690021782139564,0.18284959540230572,0.01534586382308903,0.07088299502886303,0.00160871285820994,0.0016983325586894498,0.2,0.6,0.1,58,2.608447146477518,4.591340432501767
15,41,0.052588658287743964,0.17385592451343523,0.13981886633621476,0.18773415425999707,0.02023372432551128,0.06912755500434568,0.00467625281181026,0.0031787536631085896,0.2,0.6,0.1,63,2.966028934166781,6.00945446977852
15,42,0.05645927390749116,0.172596378033249,0.13781037896849269,0.23185676725665524,0.03504002619191127,0.0822794875332086,0.00666016178727961,0.01865177820690574,0.2,0.6,0.1,66,2.832477622642249,4.8927071267847335
15,43,0.055451697851039226,0.1741872721374664,0.1472843722564822,0.23060244518229397,0.03671530352045275,0.07969785841639869,0.006869760059507871,0.01822024221772638,0.2,0.6,0.1,67,3.129128694228956,5.75851486402868
15,44,0.054786585240885886,0.17154957977386054,0.1443604185027198,0.229788119546141,0.0363692216268937,0.07947885403097872,0.006782022116845909,0.01813789533487414,0.2,0.6,0.1,68,3.1326546047532795,5.79241333295448
15,45,0.05503431988288349,0.16947962288814344,0.14195489564029856,0.23400513388993077,0.03978080453884922,0.08427268338948517,0.006618390075195569,0.018525122565427148,0.2,0.6,0.1,69,3.0198283376395323,5.401384739971132
15,46,0.04911417422410231,0.15771159174970475,0.1293429790451446,0.24007633367169973,0.029177292951382692,0.07773778765312958,0.00397303058768885,0.00446898534661598,0.2,0.6,0.1,73,2.844562632802343,5.597397225450974
15,47,0.04843629562862414,0.15645507294257063,0.13551928410086928,0.3059932620380045,0.023783431584689676,0.07895599052416988,0.00465571474838832,0.00497596738129668,0.2,0.6,0.1,81,2.700144819475618,5.549586409999977
15,48,0.04697246535951159,0.16342996080873395,0.15873360271639056,0.33932094027145854,0.020589618024895527,0.07391475679919471,0.0043768473888223195,0.0041063286225236206,0.2,0.6,0.1,83,2.81974096450506,5.794152280565701
15,49,0.046521273177741095,0.1399540757214872,0.10942334581400853,0.302486691216059,0.04204980046373495,0.08176022348973506,0.00484260825182941,0.00496626621120815,0.2,0.6,0.1,86,2.760413727979663,5.43905351545272
15,50,0.04622255129402099,0.14806020776972387,0.1337653042726171,0.3201362856241148,0.025385080068704935,0.08033851834186764,0.00517863774058566,0.00481189076065406,0.2,0.6,0.1,87,2.6814859304002057,5.985745843705002
15,51,0.04592093415193416,0.14121866138549743,0.11847531155591948,0.31907241114825075,0.033823110561762536,0.08209560345756317,0.004866085828836729,0.00502674055137306,0.2,0.6,0.1,88,2.834172045064319,5.332641061057667
15,52,0.04551532669863219,0.13792595136426314,0.11477541550016138,0.3231909809620488,0.040909783755267895,0.08336223901000048,0.004928500569352999,0.00522900939240203,0.2,0.6,0.1,89,2.765800286254257,5.457146240203783
15,53,0.04523551195275831,0.14216901554964936,0.127181769462679,0.33990286452596463,0.02044162031964108,0.08210610650603069,0.00488336523454891,0.00540263390453591,0.2,0.6,0.1,90,2.7780617144492536,5.44685050116467
15,54,0.04401810412350051,0.1484505148616261,0.14957213608493028,0.3788185424594888,0.020616427766879004,0.0781686595931795,0.0051056323603051405,0.00394443042303265,0.2,0.6,0.1,98,2.6685222226268985,6.582685914117359
15,55,0.043705404707697466,0.1499625840986283,0.1663985165468084,0.4448821884912216,0.02534227997562945,0.08490443209451078,0.0051151440951028105,0.00502277406899034,0.2,0.6,0.1,109,3.2438051077586136,7.144422221992079
15,56,0.0437054047491402,0.1545620412595374,0.1791722184886354,0.4587403868647233,0.020552329558033582,0.08490443215546914,0.00511514408709396,0.00502277405288803,0.2,0.6,0.1,111,3.2438050958795994,7.144422242636906
15,57,0.046321591081469285,0.15795064425900837,0.1902009277569122,0.48798114886854693,0.03313649162229037,0.08353647529742028,0.0114318950798244,0.00499275219411984,0.2,0.6,0.1,114,3.1742013960234328,7.061584366921188
15,58,0.04469123718807501,0.14294321711426208,0.15826457770439292,0.5254030103547147,0.027098518567426025,0.07969577471665837,0.01128178031854055,0.006892521341642791,0.2,0.6,0.1,122,3.1423301895238085,4.690484324024189
15,59,0.04495054662022905,0.16775567713732276,0.2392380791563846,0.6394303716973501,0.029221313713388448,0.07944779345054566,0.01421960309301629,0.00949870439113344,0.2,0.6,0.1,136,3.157533270143149,4.724755014887727
15,60,0.044487095697215956,0.17154299249754257,0.2511514478073813,0.6725353632507635,0.026210380587430495,0.07775957212551105,0.01431006792103566,0.00846608366820089,0.2,0.6,0.1,138,2.8207864287949747,5.232200792353712
15,61,0.044505304737517556,0.16107763771573033,0.22416074770735853,0.6655141709001308,0.03430924745098596,0.07796050701687578,0.01453965433822286,0.009689753058729909,0.2,0.6,0.1,139,3.175739375896344,4.7344033229686
15,62,0.0446218929289292,0.16527642575160925,0.23646231324783307,0.6807443842641789,0.027330007909422565,0.07781848537666443,0.014936322392984942,0.00989085721955861,0.2,0.6,0.1,141,3.1716188317805702,4.743616309032763
15,63,0.04302207285961457,0.1726804257090027,0.2677296740754345,0.6983946612798702,0.058538382852706496,0.07842584693020324,0.014283373919136099,0.0069602445003152606,0.2,0.6,0.1,142,2.8945296466973214,5.959283582421168
15,64,0.04122494420415515,0.15692178040854865,0.22742660647775176,0.7139777439972831,0.02330311007672594,0.07982233559326243,0.01078659107586516,0.00752576605841186,0.2,0.6,0.1,152,3.1255476285357866,4.486098513530337
15,65,0.04154698014105572,0.17022674577303462,0.265141850318352,0.7624642392828669,0.024318191624445318,0.08021675781446816,0.01160811465843657,0.006767998129548159,0.2,0.6,0.1,161,3.1578799332091645,4.680513697755863
15,66,0.041209586396420056,0.16820432651849057,0.2628887448749517,0.7633840577487103,0.03547170198256363,0.08021279120942211,0.0116173399973667,0.00692290050881036,0.2,0.6,0.1,162,3.1303121175625424,4.65154007358975
15,67,0.04188318257974048,0.1683466361049475,0.2629581982938821,0.7765885849297898,0.026344286447878302,0.08230511969543172,0.01216496545049928,0.0073105876981003,0.2,0.6,0.1,164,2.876599035207566,5.3100375669381785
15,68,0.041009476793621234,0.1681950177540938,0.27045094450801416,0.7862334025005473,0.05143699455433182,0.08184167205459081,0.01220146558002355,0.00739361195505704,0.2,0.6,0.1,165,2.846668160744952,5.277009251409021
16,0,0.8930092796749579,0.975717337032244,0.9708158095795477,0.14949728052897915,0.019092570510699815,0.09514399027739184,8.948948471289001e-05,0.00010078764393712,0.2,0.6,0.1,1,15.989630306442388,27.239312292100102
16,1,0.8669835747369674,0.9625432950917658,0.956770457901368,0.14365748545479975,0.05786862666881011,0.0681199006868958,7.146368279231185e-06,8.923227797216812e-06,0.2,0.6,0.1,2,14.37652302552648,29.5843128399992
16,2,0.5871281257590538,0.8401182174414903,0.8194346938152751,0.12156036856494365,0.7838579147662535,0.11511700858672799,0.00017802290600944,0.0002402268651797,0.2,0.6,0.1,3,10.44497439427732,21.854475246009628
16,3,0.58289166967841,0.8401443758455137,0.8189229029277357,0.12502847198001954,0.05717749293363531,0.1381674845648419,0.0003756217309018,0.00081700870675035,0.2,0.6,0.1,4,14.363032713649767,25.943113328555167
16,4,0.3943203838669178,0.7156881941537019,0.6882602977109015,0.09425208644972655,0.7575930929653649,0.12756111506432016,0.00085844548650284,0.0011583996283001199,0.2,0.6,0.1,5,9.574789347878252,16.49849011495382
16,5,0.38839020415838166,0.7103813330963645,0.6827198438908513,0.09414312909553325,0.0357337086134671,0.11282262476856716,0.00046566311753933,0.00059350965687162,0.2,0.6,0.1,6,8.859784832139558,15.75439457644688
16,6,0.31786687986645384,0.6461232457818561,0.6109718852836078,0.08009698031172323,0.4072153809118987,0.12115613885959768,0.0009479349712157401,0.00125918727223724,0.2,0.6,0.1,7,8.146815538764342,14.70515337264372
16,7,0.2567137405548687,0.579464229064702,0.5376346212954628,0.06270526599517273,0.1874046944282338,0.08328093447530319,0.0009666809455876901,0.00128835068365703,0.2,0.6,0.1,9,7.37175758543646,12.855051993434754
16,8,0.23663948898296433,0.5547193499710746,0.510267271595055,0.06184053977688531,0.08230866510982934,0.07527337488438521,0.00105584069209667,0.00139383167398952,0.2,0.6,0.1,11,5.565585231480671,12.55016120055308
16,9,0.21235359619825753,0.5222012074522293,0.4741173190152272,0.0570585349029377,0.20153123871940828,0.07335215231270145,0.00106022442453515,0.0014150564920193801,0.2,0.6,0.1,12,6.763561167092777,13.288136763449492
16,10,0.1996734470332593,0.5032802522553459,0.4530939843512692,0.05577395663184225,0.049699813055299254,0.07204238448457823,0.00098694655636094,0.00131617420235711,0.2,0.6,0.1,15,7.096636623442382,14.137792049291669
16,11,0.19234153096851878,0.48810246117942657,0.4285765510393815,0.057929890091046175,0.07673852874914368,0.07067763614994585,0.00100099950666025,0.0013317329349624,0.2,0.6,0.1,16,5.2914225645279735,12.39718994307954
16,12,0.18828179820753532,0.4858009508167295,0.4336397984564507,0.06980993087986648,0.053927199641884666,0.0717073427396258,0.00107610630286992,0.0014216551926896,0.2,0.6,0.1,17,5.292799553537336,12.44948477448093
16,13,0.18171774831744786,0.47546420059620453,0.42216435999537816,0.07217292175312622,0.07291461907448113,0.07067763614994585,0.00100099950666025,0.0013317329349624,0.2,0.6,0.1,18,5.569752582086861,12.66888915706674
16,14,0.1625901940967286,0.4385099616109229,0.3733802230805078,0.05250879677507367,0.20234597575940058,0.06868538755992648,0.00149900468236612,0.00229481069988215,0.2,0.6,0.1,19,6.348066069100193,8.859792392050101
16,15,0.15838727650241233,0.43161588883542723,0.3658064224546011,0.055627835091234555,0.04849748933070221,0.06518828514874184,0.00127842741433413,0.00182346552528778,0.2,0.6,0.1,20,6.188240600986117,9.027075019065062
16,16,0.14657338363318315,0.40658860805160324,0.33762234674057473,0.050680815480825016,0.17756215808342674,0.07850921755589801,0.0015814402889851,0.00245215353910639,0.2,0.6,0.1,21,5.0121369684381465,6.6069781605142905
16,17,0.13997998424921157,0.39379815396685763,0.3234416998251978,0.05269919914987638,0.08713017047352277,0.07635416981828753,0.00150918559303107,0.0023163282847167297,0.2,0.6,0.1,22,5.124692982646119,6.955507605439919
16,18,0.13503933324951886,0.38465513057925016,0.3133826482407514,0.05235719415294273,0.061976769519747135,0.07206805053690817,0.00128860832499909,0.00184498311012236,0.2,0.6,0.1,23,4.970687029692398,7.128930969516851
16,19,0.13027700992370692,0.37550147003642736,0.30328567972346454,0.052185714447264844,0.06295977470603464,0.06874944563264004,0.00112769213262444,0.0013857297300539201,0.2,0.6,0.1,24,4.8301197306581685,7.264456436867486
16,20,0.12808676679499162,0.3715127396745415,0.29892089515898645,0.053558699841530395,0.0329403207238724,0.06615717494308566,0.0009412097649154399,0.00108083193918793,0.2,0.6,0.1,25,4.736822492212539,7.507515807681976
16,21,0.12808547737537265,0.3685466061599216,0.2952216046695583,0.06125792563067369,0.06199104031404673,0.08112400765037761,0.00167991683559632,0.00192715792280603,0.2,0.6,0.1,26,5.135850961343383,5.406976739158461
16,22,0.12281770660151212,0.357617997733249,0.28315031227248416,0.06413765117421058,0.0744270387452748,0.07787262548402488,0.0014597865372082,0.0015886710744033201,0.2,0.6,0.1,27,5.0165233717309805,5.619421013494602
16,23,0.10927186223655583,0.3234188935970749,0.24497272514115334,0.054675824569953985,0.21960435946163248,0.08206516421860582,0.00169579530681752,0.0018680449903913901,0.2,0.6,0.1,28,4.628647183772896,5.31832547590164
16,24,0.09885048879959793,0.3172104274239607,0.2689458718596032,0.06584193645672652,0.13698249768304605,0.07246730373086768,0.00108370777368242,0.00120689345245514,0.2,0.6,0.1,29,4.439895362644748,6.537146118658866
16,25,0.09885818411677491,0.29933617074314317,0.2258229481683766,0.0699365616247197,0.0544728638950055,0.08206516421860582,0.00169579530681752,0.0018680449903913901,0.2,0.6,0.1,30,4.695800150839275,5.875806707491062
16,26,0.09383678642904118,0.2866762690483898,0.21182104349405217,0.05910922620992446,0.08523648027128108,0.07895544073179325,0.00147716492277951,0.00155406382488265,0.2,0.6,0.1,31,4.600559419195761,6.029046840888331
16,27,0.07778136733775924,0.23768349140255338,0.16473095561765355,0.052187045312672944,0.3387693097601989,0.08852127960964935,0.00147171620246677,0.00150226501336504,0.2,0.6,0.1,32,3.4539691680977933,4.576494989340773
16,28,0.0674305828976441,0.21520770120416144,0.15523726479644845,0.05868338814818551,0.1024676493487217,0.08048700256310821,0.00105876557401941,0.00118047506734415,0.2,0.6,0.1,34,3.2430932402921333,4.696477314995134
16,29,0.06735007013698087,0.2193435877741485,0.16748779053075957,0.06882986195837922,0.018436477374802897,0.08082072041828128,0.00105416078201781,0.00117423781918433,0.2,0.6,0.1,36,3.237745982008924,4.638814330696286
16,30,0.06629410910333117,0.21054885144127594,0.1500327409876858,0.06415784417684411,0.041828007385649596,0.07971244027288779,0.0015308899243755701,0.00160841098170381,0.2,0.6,0.1,37,3.1595601603841423,4.253926237846036
16,31,0.06314705206884284,0.19673143264587653,0.1345793570252001,0.06807361011708785,0.10109215946735703,0.08275648736129435,0.0016005337187253998,0.00169438337965791,0.2,0.6,0.1,38,2.7534716606115057,4.135643046473247
16,32,0.0604270009469049,0.18746472863923969,0.12432144585538854,0.06511178001676055,0.06765000661058418,0.08007697487735702,0.00164696468354399,0.00182283287110384,0.2,0.6,0.1,39,2.631901454006093,4.140258156314308
16,33,0.06021603065770862,0.19163970944652042,0.1366382712999504,0.07545540629178439,0.018688540677211565,0.07903605068278065,0.00174131322633009,0.0019432216742244,0.2,0.6,0.1,40,2.5856083239126773,3.988343516339961
16,34,0.06013393734374087,0.19127035274892304,0.13622562796490242,0.07536172876843446,0.019267253163880765,0.07914184051664833,0.0017312554048696399,0.00193036715993475,0.2,0.6,0.1,41,2.587759737218402,4.001757302324606
16,35,0.05965268744309552,0.18838030415333243,0.1329731134495525,0.08179476967746528,0.03585332871117026,0.08088880531474966,0.00168821322863211,0.00186884927338706,0.2,0.6,0.1,42,2.6156816684191297,3.796224610993282
16,36,0.057388931692613186,0.18406007904313257,0.1433221451032722,0.1232464920667025,0.03297995854176665,0.08561253458463898,0.00180661866414394,0.00509657176743752,0.2,0.6,0.1,48,2.8286806073261435,3.9279124487041135
16,37,0.05751819515486051,0.187599121294047,0.15485920891204824,0.1307419115591095,0.02370221782459976,0.08769782843474253,0.00186196551136808,0.00557369957917048,0.2,0.6,0.1,50,2.7364144035544835,3.8784243956057054
16,38,0.057195440782625014,0.18693333273077237,0.15414261293057893,0.14198735191749048,0.02158310767390712,0.08686399775900892,0.0017874454041765,0.005520147854703171,0.2,0.6,0.1,51,2.678306176072965,3.936758551147981
16,39,0.053830568726732274,0.17198188173524967,0.13748916197697755,0.13788174091622343,0.10591450356126984,0.0862254491227191,0.00253939197513175,0.00338615313317776,0.2,0.6,0.1,52,2.962182425720333,3.951246831746965
16,40,0.052028679056542085,0.1686097041044808,0.14139416888384346,0.1628199740092414,0.041906257109707745,0.0861998168238511,0.00253905874505047,0.0030892514797650197,0.2,0.6,0.1,54,2.738752884603948,3.780180265100261
16,41,0.04992956135821255,0.15734945209770165,0.1288126356927241,0.1757709737655543,0.08685668839735576,0.08504995258166168,0.0030998313608440803,0.00634668396713441,0.2,0.6,0.1,55,3.327669135720174,4.985089023896007
16,42,0.049756752621760374,0.18119828204987953,0.1936790732754632,0.3293742534455501,0.019060239530880707,0.07758299008871652,0.0050597206087977095,0.005016523405781461,0.2,0.6,0.1,90,3.5627262538921145,3.747774356359306
16,43,0.0481690356293837,0.17951157463504538,0.19949285451504187,0.34061448052880033,0.03203470842663645,0.07676669755513688,0.00451029058610926,0.00668833631625042,0.2,0.6,0.1,92,3.6541482344297327,3.642825451224227
16,44,0.04812923710463757,0.17638666337954587,0.20344700196723114,0.33513061482534684,0.07643529462679205,0.07679531530884179,0.00757133300733379,0.00792024824921965,0.2,0.6,0.1,93,3.79725702031619,4.653959391301062
16,45,0.04722537881699845,0.17006305698283283,0.19635608869982663,0.34219338655928333,0.04071612380184461,0.07772262171911987,0.007736829746945411,0.009742730544005759,0.2,0.6,0.1,95,3.950903397978105,4.346838866132203
16,46,0.04564029493478485,0.1703119961121456,0.2043889877237361,0.3838265286482709,0.022469856135931526,0.07501538102908453,0.00747740983873908,0.007722025315241091,0.2,0.6,0.1,104,3.872120483042412,3.998148788216332
16,47,0.04551946301439274,0.16975334107651333,0.20376859832905345,0.39307063741617526,0.02339125076372842,0.07501760340929929,0.0074708520873748106,0.00762774042101681,0.2,0.6,0.1,105,3.8681288839091192,3.9953995694987294
16,48,0.047211793551077554,0.18344209103442188,0.241725908469158,0.4539204139479533,0.023480562593790364,0.0832064066023579,0.008212454396545681,0.00816118835233827,0.2,0.6,0.1,117,3.495894482537772,5.012609773121386
16,49,0.050044491706376704,0.17105556328341223,0.21967961208034048,0.46848022246399745,0.042882203176038615,0.08415746839424769,0.01630222805429657,0.01133316110546512,0.2,0.6,0.1,122,3.415604845092425,4.508076337981498
16,50,0.0488109214276522,0.16852467934450063,0.22450335416273304,0.48986415695142255,0.0383069309798176,0.08450556473932709,0.015433673127507869,0.0170514662609192,0.2,0.6,0.1,126,3.648630753361535,4.293076521766821
16,51,0.04804713861939551,0.1672305817062041,0.2306737910604851,0.5362498881884032,0.0315368846038031,0.08461515828244451,0.01631413049067221,0.015401742634953289,0.2,0.6,0.1,137,3.7909126640189807,4.330690463497102
16,52,0.049300160563894135,0.17762364452425947,0.257406309927315,0.6228372448770658,0.029562014901365317,0.08461818217602872,0.0174570779971544,0.02125430578450185,0.2,0.6,0.1,155,3.3596523216636616,6.04441270734635
16,53,0.047685453934243685,0.16367956693382732,0.23422513059986586,0.6174256323365858,0.08354499681600057,0.08473131904911683,0.018232115252441318,0.017005157008278652,0.2,0.6,0.1,156,3.514706575575885,5.815863965602121
16,54,0.04727784741497996,0.16429589602307237,0.24252561887046983,0.6730099758677173,0.03243696162485771,0.08471854467347249,0.018492138682452218,0.01899079643355043,0.2,0.6,0.1,166,3.5587497395431926,5.497875073029984
16,55,0.04693141731897025,0.16672955515721655,0.25288465064668114,0.6811110810352266,0.03631328380149028,0.08477654736144304,0.0185956365060393,0.01860634870162122,0.2,0.6,0.1,168,3.616489956625892,5.480628586919197
16,56,0.046920393357544866,0.16666410581971774,0.25281169951851173,0.6933476141196168,0.030320045157533317,0.08477067920769835,0.018570556936315617,0.01877237758693495,0.2,0.6,0.1,169,3.611313290939511,5.480431654941111
16,57,0.04538050096350307,0.16811586791847163,0.2697654101916508,0.7074987207797804,0.07289649924517484,0.08466562163848587,0.01856466737172947,0.01642364013294107,0.2,0.6,0.1,170,3.660633792932648,5.708262273600765
16,58,0.03698318054689828,0.16937751885814747,0.29498716749848675,0.839534845622612,0.02320974467689747,0.0781740012803074,0.00953452104123633,0.0079628517511734,0.2,0.6,0.1,197,3.687066796316948,5.221864363625544
17,0,0.9580769164622007,0.9907091470777768,0.9973135168137419,0.14042203277314427,0.0,0.0,0.0,0.0,0.2,0.6,0.1,1,18.81097672977773,31.0799746379862
17,1,0.8495036693711425,0.9557168052021416,0.9491634229742315,0.14177515901007878,0.26781113891609715,0.06852221705376538,7.61427871996818e-06,9.85275214407365e-06,0.2,0.6,0.1,2,15.701902955668729,29.5843128399992
17,2,0.553914621326667,0.8260127961476662,0.8111971716059713,0.11750325669552059,0.8626311894006865,0.12265142049768862,0.00045073830842901004,0.0005633754683775801,0.2,0.6,0.1,3,11.41841698840332,15.96524621119534
17,3,0.5431144527456666,0.8204178897934806,0.804721770047339,0.11751330646553404,0.07192537586447792,0.1312628011989994,0.00110553421259414,0.00138180146479774,0.2,0.6,0.1,4,11.686391262898672,12.265694315859577
17,4,0.42003028111544943,0.7351327052326305,0.7102825865335094,0.09723938700141496,0.4894035453405053,0.11117104757167315,0.00073671266664767,0.00099680051967279,0.2,0.6,0.1,5,7.595317900170911,16.987770474019804
17,5,0.40826341518922626,0.7261716832590537,0.7001835080083434,0.10173588523799956,0.08189036085002793,0.11681910387060006,0.00071732087631721,0.0009153919158499601,0.2,0.6,0.1,6,8.601111192953091,13.647576265176564
17,6,0.3163819079460097,0.6440386953838328,0.6090018320111803,0.07723152249978635,0.48309947507650974,0.10580832930518873,0.00090566124076126,0.0012300464672317202,0.2,0.6,0.1,7,7.9071128058277536,14.854453524434474
17,7,0.2568711825111445,0.5792779142274028,0.5375282953268208,0.059278534926338326,0.18755568546117624,0.0790751693002708,0.0008944768124688101,0.00119138616020882,0.2,0.6,0.1,9,7.431849901154515,13.130445409594076
17,8,0.25564627383858046,0.5777309419219399,0.5357658922847766,0.061783820914716805,0.0278011993873157,0.08049498952793704,0.00099638029272683,0.0013292654809755901,0.2,0.6,0.1,10,7.418514993977197,12.827452511447788
17,9,0.23404580025208285,0.5497875906673692,0.5043493379775935,0.06401542888613769,0.19690703176968025,0.09404773669702304,0.00111145873567435,0.00146390232002794,0.2,0.6,0.1,11,9.527122411635414,14.628588398424512
17,10,0.19434560673661996,0.49445611676324297,0.44310770481582273,0.05112542273302694,0.1671623561839443,0.07835807308486104,0.00126323035009315,0.0016264459178350701,0.2,0.6,0.1,13,8.129090288369227,11.262558288430178
17,11,0.1899596738505535,0.48786242021837406,0.43581359577764595,0.059804348526801304,0.051966739465729356,0.07659684605897539,0.00120217783920599,0.0015631214034624,0.2,0.6,0.1,14,8.151823635140298,11.94754143177708
17,12,0.17758558602498042,0.4673653741735991,0.41291945996543905,0.05457198690585278,0.13907477843499472,0.08034014170819795,0.0011592084125026801,0.00149082775393416,0.2,0.6,0.1,15,6.152587115689413,10.6017882607499
17,13,0.16543002080153763,0.44013073068387715,0.37463956004201293,0.056453838540062834,0.057031580534759686,0.0941626235484905,0.00111533799261885,0.00184747383773153,0.2,0.6,0.1,19,4.693822922529772,5.656949939532808
17,14,0.15896802258006948,0.42816088452046064,0.3613179209949852,0.058773486254209785,0.08798314292318395,0.09442492613084918,0.00103150844264433,0.0017472385310764002,0.2,0.6,0.1,20,4.628703150186212,5.371529848286686
17,15,0.14488973922671716,0.40883864954959914,0.35504801822355386,0.07152753428605364,0.18573502124899122,0.09921618749506818,0.0006186464032085401,0.00109055250055321,0.2,0.6,0.1,21,4.205406574177087,7.78673477775763
17,16,0.1394778669586517,0.39069429227707786,0.3269530638022786,0.05774735374577692,0.11355465241835337,0.10930833821629546,0.00079956239347458,0.00156993667419057,0.2,0.6,0.1,22,3.62276277597976,5.02059357337267
17,17,0.13697602415351595,0.39270879023191063,0.3371268277249115,0.05834561146862998,0.020645440633266218,0.09537359881081317,0.00127275081288016,0.0020701173205244497,0.2,0.6,0.1,23,3.84065348654608,5.1543595011382175
17,18,0.13438911790928598,0.37915916292156493,0.30682154130829264,0.05960768056678185,0.04208633356914819,0.09181027704146652,0.001268074233952,0.0017856990778088299,0.2,0.6,0.1,24,3.92037200310712,4.28164631662202
17,19,0.13054118260784667,0.36880204180289217,0.2951417592034793,0.06062083368434741,0.05350167705504991,0.09714852027369189,0.0015702146429278497,0.00277213567328406,0.2,0.6,0.1,26,3.4022286793770697,4.3415388427084896
17,20,0.12031442157152338,0.347875458469041,0.27934585536204765,0.06398720227619757,0.17773403182447348,0.10540482519025969,0.00127382243539104,0.00209444329811865,0.2,0.6,0.1,27,2.648213248938504,5.026043687086578
17,21,0.11867714259361231,0.3477528442831845,0.2868221391691972,0.06615277559723136,0.0505719819189796,0.10721120515007121,0.00127818062520982,0.00214073899533976,0.2,0.6,0.1,28,2.4455677884138463,5.300564303565322
17,22,0.10857965315786092,0.3147800928914917,0.23494105127288764,0.05782608316255905,0.152551659617144,0.1017696136156869,0.00127471492694438,0.0018585253741055098,0.2,0.6,0.1,29,2.551437385820036,4.301008201162708
17,23,0.10230693135954422,0.29550951997065433,0.21334800274943402,0.05629808783898319,0.08144775192793605,0.1068577482954137,0.00156125507161393,0.00278149112896004,0.2,0.6,0.1,31,2.059534946210603,4.361637211206791
17,24,0.10106255859119646,0.29714444625357556,0.22285567351056743,0.07878709925217656,0.0273746549669549,0.10537573889520344,0.00156438977906891,0.00274499407303896,0.2,0.6,0.1,34,2.12129724215981,4.414761737209644
17,25,0.0865055924006087,0.2669877702539279,0.20482166038297778,0.13369499659964643,0.041865273648390794,0.09720610119636011,0.0011517534784682801,0.0019374681845134,0.2,0.6,0.1,44,2.500076422106609,4.269888608622457
17,26,0.0864945781153788,0.2669533835088426,0.20478341002728812,0.14798581083426227,0.02037500293129066,0.09720537993542779,0.00115176059747616,0.001937489416555,0.2,0.6,0.1,48,2.4896009072521865,4.323875333410385
17,27,0.0856317900646966,0.2640408749681534,0.2015317592503857,0.14723406167661685,0.037705370317959924,0.09478444399536629,0.00141129254070772,0.00611258465927976,0.2,0.6,0.1,49,2.386873610513385,4.307990227530899
17,28,0.08083621845159737,0.2767745786114861,0.2542376357596066,0.21336979415026505,0.023185818326686456,0.08289851444667079,0.00198765456454509,0.0032675203092259104,0.2,0.6,0.1,58,3.1313132233079126,5.412230234545066
17,29,0.08082471361363067,0.27471848627578827,0.2518481449976224,0.21748001184619387,0.03598626757581393,0.08704441429350886,0.00212780717337075,0.00307705236481625,0.2,0.6,0.1,59,2.98155215675124,5.341133869147159
17,30,0.07966830633086282,0.2836278513940094,0.2846741968984898,0.2356048990001661,0.029761533587067297,0.09019625627565855,0.0019308444508200399,0.00265616835601541,0.2,0.6,0.1,62,3.060017503590557,5.081971338511344
17,32,0.08460084731586333,0.27552768259366683,0.25960819736306334,0.1965302345365023,0.03975852775231835,0.08551932915605404,0.01205061109839514,0.01693111895654814,0.2,0.6,0.1,64,2.974952026326367,4.861174397894029
18,0,0.8410036168183934,0.9549565005915545,0.9478539589026522,0.14273194013346124,0.01780938519708643,0.08872408548733204,8.950606464605e-05,0.00010864460832391002,0.2,0.6,0.1,1,13.402679904838816,29.46462435963484
18,1,0.5845309576685146,0.8443305208590683,0.831460528313153,0.12345738616968173,0.3816517250404504,0.12790048693521297,0.00053510363908761,0.00056405220772264,0.2,0.6,0.1,3,8.084758227894184,15.227727233607752
18,2,0.4306262775564863,0.744150402035425,0.7200005917898394,0.10183055988666034,0.3133486415855302,0.12483350473680199,0.00088963546178578,0.00095206020103035,0.2,0.6,0.1,5,7.203088117769863,12.64924660639246
18,3,0.36327041838090157,0.6886441028714301,0.6587343178902194,0.08923406270225619,0.1686902654373839,0.10197632798663343,0.0009416164890806499,0.0010202552320871601,0.2,0.6,0.1,7,6.214447003787475,11.498128891357904
18,4,0.3084127458825165,0.6365462266853187,0.6011835467764135,0.07860133024345704,0.15611780061286126,0.08240829205946203,0.00103508575307491,0.00116251998094264,0.2,0.6,0.1,9,5.474268176749481,13.302240806059404
18,5,0.2787336753930256,0.6095267119776536,0.5787398751776877,0.07708215099860338,0.10913475107427462,0.08366403640231375,0.0009917861201787699,0.00113750928114024,0.2,0.6,0.1,11,5.273426947661652,13.958049936045413
18,6,0.22962435860852343,0.5501591762435192,0.5128571267652429,0.06677027714757797,0.18148418411693934,0.07476846294396625,0.00108550950277301,0.00126115425261194,0.2,0.6,0.1,13,4.084339900472168,11.593215376213111
18,7,0.19981226638097618,0.5072284238129937,0.4648858989532812,0.06383510789020737,0.1455013745974882,0.08307956782460056,0.0010957383154212,0.00130425773789131,0.2,0.6,0.1,15,3.864205818867708,10.749201567568836
18,8,0.19098227505783022,0.4979445891054238,0.46220740173036146,0.06810798856456868,0.0565771129124989,0.08307956782460056,0.0010957383154212,0.00130425773789131,0.2,0.6,0.1,17,3.880154595645182,10.983488675708443
18,9,0.18829489373650227,0.4941229401239097,0.45803619057526307,0.0716782154513399,0.03449509620370123,0.07969315992155686,0.00102889209381212,0.00119654760694688,0.2,0.6,0.1,18,3.779077349333039,11.15033705792235
18,10,0.17299326918795838,0.462531516554401,0.41471470033577507,0.06950919119478495,0.21080319082600693,0.10057818203807041,0.0013904598560372798,0.00201873763487355,0.2,0.6,0.1,19,2.618285553560257,4.08234671222027
18,11,0.14854905787565628,0.4191208245875184,0.3666821843239588,0.0642912301717744,0.13587982542130994,0.08767553517443806,0.00148392912003154,0.0021610023837290203,0.2,0.6,0.1,21,2.562042598225319,4.630424045526411
18,12,0.14854905788156958,0.4191208246004562,0.3666821843368966,0.06997257194294985,0.01864162455942894,0.08767553519804748,0.0014839291313509,0.00216100239797206,0.2,0.6,0.1,22,2.5620425948658867,4.630424038651779
18,13,0.13725507273215765,0.39623701615307333,0.34854888736997586,0.06173406696158703,0.1886951557696931,0.10152355614703908,0.0015642420271207598,0.00211271725032923,0.2,0.6,0.1,23,2.592697709966179,5.360920089227848
18,14,0.131954265945709,0.38455127805447176,0.3355336289120059,0.06429989465215928,0.08930419934344536,0.10223420533180223,0.00148126469666575,0.00198525232406512,0.2,0.6,0.1,24,2.5763629754037387,5.062481442872445
18,15,0.12934260936594827,0.3798449739931989,0.3303993773852032,0.06562633807573731,0.04242915105497757,0.09802769685549134,0.00138944120957339,0.0017564558552773698,0.2,0.6,0.1,25,2.6221322413514314,5.5120771011976455
18,16,0.12749732081760182,0.37585104954974796,0.32597044792412005,0.06771074790028628,0.04264663172373094,0.09777454657678421,0.0012892106926436799,0.00142260973852258,0.2,0.6,0.1,26,2.571013123015897,5.983233461228682
18,17,0.10556715915587524,0.3224541660680545,0.26658074919599883,0.06186743200751101,0.3255942970732797,0.09492636579511632,0.00151982898349439,0.0020879915097300897,0.2,0.6,0.1,27,1.901695525299944,4.81641075008496
18,18,0.08704370404667376,0.2821816304235261,0.24468005825549374,0.1381148876839323,0.0413624716059091,0.09578806976711646,0.00175160450011294,0.00253863486725203,0.2,0.6,0.1,42,1.6346831281401613,3.8907038735283823
18,19,0.08138320666572853,0.2759372324902049,0.2531354354078718,0.14666874983749392,0.034357917234836007,0.09280493115022737,0.0013873559468906,0.00211683612232332,0.2,0.6,0.1,48,1.8126073302768,4.227297402007154
18,20,0.08051167923596865,0.27448039349221043,0.25905016978802836,0.1445484993514438,0.05714083028564904,0.09722762268703024,0.00161330368006239,0.00237433012311738,0.2,0.6,0.1,49,1.5241522305297457,3.850490327388576
18,21,0.07469416817169196,0.2571195742691174,0.2398457173791833,0.14700639779186603,0.11350049706431646,0.09280493115022734,0.0013873559468906,0.00211683612232332,0.2,0.6,0.1,50,1.530835505218899,3.698628461125213
18,22,0.07392900463232586,0.2543892223128255,0.23680484809721042,0.1502963507429582,0.03544541017179655,0.09269801751646424,0.00144311130176467,0.00216190385038159,0.2,0.6,0.1,51,1.6346134082032029,3.8467792744045983
18,23,0.07300949089583354,0.2561491465868255,0.24643671009418538,0.15638882626660244,0.034866709414859955,0.09188963313492804,0.0014324701793528899,0.0021992211517316298,0.2,0.6,0.1,52,1.5227510275829157,3.916221530755241
18,24,0.07244262906599006,0.24406409896928713,0.21763952947810114,0.1407268668577096,0.03834258865844619,0.09263274777806953,0.00169041092878171,0.00250919769683885,0.2,0.6,0.1,53,1.5104853671035898,4.685130511278251
18,25,0.07121036938926756,0.24541928025720203,0.2343125850219297,0.16983545046433696,0.038576585000870085,0.09954477400006152,0.00156088106385917,0.00220072624323131,0.2,0.6,0.1,56,1.8348744500441767,5.533326474866984
18,26,0.07106144648451027,0.2394697009720214,0.22000292534536184,0.17254856129919008,0.03082552059301143,0.10097287230625118,0.00157436059206215,0.00221803905855829,0.2,0.6,0.1,57,1.8169154380465016,5.440847152045491
18,27,0.07150562617304872,0.23019589122987832,0.20176532031811112,0.18248147668924966,0.037120423641930266,0.08968613556194961,0.009172150814711861,0.0023444159291162,0.2,0.6,0.1,60,1.762531608144315,4.025947159023854
18,28,0.06972287983709972,0.22906933124965492,0.20820950492713908,0.1920259570188987,0.03862484146670229,0.08762619756382295,0.00920726688179863,0.00238729942950295,0.2,0.6,0.1,62,1.781775433844723,3.854578523423673
18,29,0.0697376662670072,0.22900681347609855,0.2081351287885624,0.19203864319695138,0.023631274714174706,0.0878431095550405,0.009205189056428451,0.00238577682558926,0.2,0.6,0.1,64,1.7760827941930812,3.851157367830772
18,30,0.06949960271141581,0.25971794059084263,0.2958745114228337,0.2542812362367143,0.033228923817617724,0.08771038870163832,0.00956494723946948,0.00248004031827852,0.2,0.6,0.1,65,1.8193701489940024,3.8690907262244063
18,31,0.06970554406026575,0.2640858278034575,0.3083498704297488,0.2709288694551896,0.02558663252811619,0.08900939959897859,0.0097303547578794,0.00247408704691826,0.2,0.6,0.1,67,1.7985803608106727,3.9355972779061226
18,32,0.06774256293950244,0.22859451884677573,0.22291353378518786,0.23010799887934058,0.03929692923197309,0.09111571235279312,0.009184347350982471,0.00229420043110401,0.2,0.6,0.1,70,1.8407972555900287,3.930709275145652
18,33,0.06675776994990906,0.21662357136837523,0.1943251146488475,0.2591217499641542,0.02698424723602438,0.08927194888149813,0.00915952256305509,0.00223648134612344,0.2,0.6,0.1,74,1.7845861665737324,3.731841789298089
18,34,0.06584287040048555,0.21822013073837387,0.20378145364159367,0.2624144951042688,0.03936507582441978,0.08845324677913566,0.00908336859100657,0.00211712166689388,0.2,0.6,0.1,75,1.77888205723296,3.583315024672199
18,35,0.06605987365053606,0.21782567213246223,0.2032948431164631,0.27549845914248583,0.028465662351497577,0.09025581407290591,0.00917091922139764,0.00217901530683309,0.2,0.6,0.1,76,1.812582556470788,3.75361674196887
18,36,0.6607290812482126,0.829405150464674,0.847347408574546,0.8781094710836416,0.622722603002994,0.09134916569778638,1.0,0.006593406036925061,0.2,0.6,0.1,79,2.632977144940241,4.492459653559901
18,37,0.6613815466565808,0.8284406452357002,0.846140767533556,0.8706777324507167,0.6324437328957104,0.09732276253435677,1.0,0.00643198033911239,0.2,0.6,0.1,80,2.8994739208549327,3.9313197156608464
18,38,0.6600624136579453,0.8197602250985254,0.8288736318771326,0.8907094906954215,0.6407109985381333,0.09490229523637056,1.0,0.00697484502657004,0.2,0.6,0.1,81,2.676019407209586,3.963284752913253
18,39,0.6596651505068097,0.8223406097903357,0.8393864987829988,0.894120373743401,0.6259551216302225,0.09555109119151581,1.0,0.00686681760261684,0.2,0.6,0.1,83,2.690539730843367,4.082085835300709
18,40,0.6595445957147881,0.8218390881712169,0.8388284539986889,0.8939783372532613,0.6212405399527743,0.09555109119151581,1.0,0.00686681760261684,0.2,0.6,0.1,85,2.6960894728035565,4.117383841499187
18,41,0.06640158802976893,0.24532864077039154,0.2947510423191849,0.32644690740465176,0.040796038619012494,0.08285971433314562,0.01714649125326575,0.00358412530608148,0.2,0.6,0.1,86,2.585941454900526,3.574550505681464
18,42,0.06571968839454015,0.2239180218713332,0.240298526015223,0.28962939695379447,0.04486934648068182,0.08384271076930795,0.01689539100357679,0.00356887599751041,0.2,0.6,0.1,87,2.6774405517981337,3.515611424349788
18,43,0.06798415562736448,0.24871359705085222,0.3058955217142901,0.35779026128888775,0.0314349456782714,0.09474210045106388,0.01715187869007566,0.0043220167662415205,0.2,0.6,0.1,89,2.697354612967414,3.5032297759323505
18,44,0.06467767872322476,0.23743722421774174,0.28594834555146054,0.32376554429490323,0.03996807764692379,0.08384492517329681,0.01709981885026211,0.0036090333822645,0.2,0.6,0.1,91,2.6799368801038224,3.3703277888175727
18,45,0.06319207192889464,0.23133350538528477,0.27166777591070274,0.34209469959653394,0.02595695182285261,0.08479277565586706,0.013777887843282469,0.006846535555693969,0.2,0.6,0.1,94,2.4376983351538155,4.411083836404085
18,46,0.06150177542562886,0.22013744639239546,0.25157472682132226,0.3546130855549407,0.06293968275664265,0.08401998780155022,0.01370574112221574,0.006841228920692879,0.2,0.6,0.1,95,2.4722733337382894,3.9095488997352015
18,47,0.05992542051429912,0.21853291200449595,0.25747018481283535,0.3526883902822302,0.059486783040687434,0.0824075213921316,0.01383266511095218,0.00692443967939751,0.2,0.6,0.1,96,2.6269947326716747,3.813695504961936
18,48,0.05874545973091064,0.20570670801401067,0.2354467587514049,0.3337584463796021,0.07843189562425976,0.084259022137941,0.01460867348731898,0.0068307831381707205,0.2,0.6,0.1,97,2.5622979672305064,3.5632785023719373
18,49,0.057527273651145155,0.2143776042525651,0.2680756573828857,0.37132333501799897,0.04054430092014662,0.08368561438533015,0.014581214064338249,0.00680079652754869,0.2,0.6,0.1,99,2.621890610910303,3.752351535218589
18,50,0.054576728487286744,0.19416109703266873,0.23035364682449253,0.38186007189306387,0.035221328522870875,0.07973778046154659,0.014610744343663459,0.00675594910847888,0.2,0.6,0.1,105,2.756323028586795,3.993929314242792
18,51,0.05445652974721075,0.19791497036856337,0.24217811053468005,0.3947718949285964,0.028101682112461213,0.07998534909355311,0.01455552545289191,0.0073048826196771,0.2,0.6,0.1,107,2.578528090826518,3.996893920852005
18,52,0.054449959631471874,0.20248291573990343,0.25491643874850745,0.40789418469382566,0.02555153459400564,0.07998534909355311,0.01455552545289191,0.0073048826196771,0.2,0.6,0.1,109,2.576657340423986,3.9882883617882494
18,53,0.05251774134904646,0.19573742627490234,0.24748536037147076,0.4284375623310041,0.05972987821831345,0.0763697340695072,0.01468441814972125,0.006978923870922089,0.2,0.6,0.1,110,3.0510196831837977,3.631163170783667
18,54,0.054195247303489937,0.21528431805809614,0.29965353544093815,0.47113913892546494,0.027235552306125763,0.08290289620765262,0.01547588564294144,0.00730137735998908,0.2,0.6,0.1,116,2.8232812641688896,3.62053838432848
18,55,0.053809469574454406,0.19040696329154932,0.2336937586837249,0.42986022773664523,0.031995256647400654,0.08565182057065548,0.014622602897915348,0.00688924117802831,0.2,0.6,0.1,118,2.66917087441344,3.6062074545809
18,56,0.05263242952178929,0.20809540125089857,0.29166752506402516,0.4828889930430578,0.05628438897191608,0.08229406310443851,0.01545843448480116,0.00726413060079979,0.2,0.6,0.1,119,2.811808783107152,3.729595398858197
18,57,0.052310233462461136,0.2114787170783016,0.3030986946850227,0.5054793813596473,0.027645626987101896,0.08127378300743457,0.01559818004349835,0.0074728891429892905,0.2,0.6,0.1,124,2.8864622727723983,3.855678812452497
18,58,0.05187461113138403,0.1968020748257252,0.263837396247159,0.509655689157367,0.026672626840738088,0.08303347622707473,0.014583660186403419,0.006786863478311251,0.2,0.6,0.1,129,2.6153259511215023,3.48965647225567
18,59,0.05219503170148561,0.21474188298430735,0.3143636483256845,0.5469272385865583,0.029348302265052043,0.085356006275771,0.01466634211664026,0.00678292718884463,0.2,0.6,0.1,131,2.6188956861577863,3.473249008751412
18,60,0.05219007211456671,0.19565797830937814,0.2624874607193959,0.4960225535470358,0.029159067320374932,0.08603507017611045,0.014694267295688429,0.00689273842909083,0.2,0.6,0.1,133,2.656863085098516,3.6339436485145673
18,61,0.052074613193469774,0.2134941072270032,0.31295703681821696,0.5374488837270737,0.029913272528399527,0.0857142980786901,0.01477594534729576,0.00699125786228925,0.2,0.6,0.1,134,2.7271167098065767,3.625086710259161
18,62,0.0517888180970571,0.19409024118677376,0.26075500284459463,0.5372486633733268,0.02748046782465128,0.084254808679586,0.01496474256273668,0.007727063142677989,0.2,0.6,0.1,140,2.66291364316372,3.584574438645094
18,63,0.05176544422552235,0.21388620264327002,0.3209748831175407,0.5790497572807328,0.05003395172910576,0.0847144022568039,0.015979996250338,0.00820302638218981,0.2,0.6,0.1,141,2.7639188531777377,3.6201541785942566
18,64,0.05120136904609485,0.19894643364529196,0.28143204405375477,0.5878054067034147,0.02830164941189946,0.08676489468775168,0.01475560531416592,0.007204219901263929,0.2,0.6,0.1,144,2.68623117596527,4.027622706343731
18,65,0.050558374161386296,0.19728134321220714,0.2796235483725147,0.577672400536125,0.03383805115453835,0.0848555954814036,0.01473408012150236,0.00718578630331846,0.2,0.6,0.1,145,2.665013276191949,3.874716152212716
18,66,0.05000237855377729,0.19465454213218122,0.2767067907354984,0.5816830171726244,0.03386341836516401,0.084538682441301,0.01471820864255364,0.007312441443776491,0.2,0.6,0.1,147,2.658272015895308,3.935173592198156
18,67,0.04987483769038988,0.19417369223096898,0.276176479360266,0.6095611500280905,0.027685794035727025,0.08437503776960731,0.01471520971782972,0.007222976695270269,0.2,0.6,0.1,149,2.649874161319877,3.940061478281498
18,68,0.049890016997358275,0.19399526433716816,0.2759709426160511,0.6095549766244778,0.027867424238973676,0.08465911946419405,0.01472141081788938,0.007229346250337771,0.2,0.6,0.1,150,2.63767652068642,3.913184182394847
18,69,0.0508237661432597,0.21313820217327886,0.3277838333413167,0.6631986024277463,0.028805706828175348,0.08766336555766858,0.01530275831331559,0.00751671579734797,0.2,0.6,0.1,151,2.7343045422255283,4.006474470283747
18,70,0.048452512410738016,0.17015161699066722,0.23394245547150996,0.5967916052783387,0.03019407455558185,0.09039553888724,0.015192044434583902,0.00902441942439917,0.2,0.6,0.1,195,2.7895490403030494,4.337854202340336
19,0,0.794496767337198,0.9372784964598061,0.9279813399739918,0.13902819767374605,0.019552465382309488,0.097455199291104,8.543782328745999e-05,0.00010162830116209999,0.2,0.6,0.1,1,17.044296368434217,29.46462435963484
19,1,0.5134444952705595,0.8016351750002727,0.7839483489050532,0.11143305292493386,0.4483138691694556,0.12659007267391237,0.00079888020932786,0.00090424061291764,0.2,0.6,0.1,3,12.167025238906126,13.456186330137648
19,2,0.5073231260628451,0.797033428168555,0.7790012181131144,0.11223597500282052,0.04126011719983188,0.12079606231877907,0.00025780890467581,0.0002883529345456,0.2,0.6,0.1,4,12.22014721348268,15.31846695345954
19,3,0.3851217883086028,0.7070508134971828,0.6791715525940183,0.08847377630939297,0.5243258219413228,0.10457824557796949,0.00081859783194232,0.00093148119756886,0.2,0.6,0.1,5,10.140199403169476,13.000339701134632
19,4,0.37638933572351857,0.6994730043202385,0.6707813448586377,0.08604461640771083,0.06163577953108694,0.10433189479696814,0.00034324672796327,0.00038998123570769996,0.2,0.6,0.1,6,10.002559340731995,14.444543728568208
19,5,0.3279921369903978,0.6553515011221982,0.6221349728477881,0.07443801255924709,0.24766485268160027,0.08296204590329888,0.00061465200993126,0.00070624146140027,0.2,0.6,0.1,7,9.857616573992171,14.206130328364964
19,6,0.3147226923212445,0.6423794668307246,0.6076656207549486,0.07488870734215647,0.09363626738267394,0.08498060779648078,0.00043581972998911,0.00052706473564005,0.2,0.6,0.1,8,9.421804669176232,12.650990034878294
19,7,0.27503603883578137,0.6006120334799376,0.5614808374363955,0.06393562318900886,0.23981085933599508,0.07066138733868078,0.0007033669388035199,0.00079202321714834,0.2,0.6,0.1,9,7.415642692811764,11.933210851383146
19,8,0.2690078364936714,0.5937798623515654,0.5538650858721121,0.0662943397302285,0.054681404943597134,0.07179729910788887,0.00052453465886137,0.00061284649138811,0.2,0.6,0.1,10,7.088677763748811,10.635424849631129
19,9,0.21894654718038165,0.529008832169401,0.4811722288177176,0.053136041833834476,0.42387962869643936,0.09602106631541646,0.00116462221503424,0.00164710291243729,0.2,0.6,0.1,11,7.430855245269636,7.678807364739242
19,10,0.21544439077058328,0.522734502147507,0.47384929154662053,0.05804218202371738,0.07651517689388586,0.1111112989466011,0.00108757868731935,0.00198183638519936,0.2,0.6,0.1,12,8.335522226737858,7.017613116139023
19,11,0.17633016974799645,0.46051378388746994,0.40454395580916347,0.04179535185455132,0.3846696115281537,0.11265804565899458,0.00126516107639895,0.00255839556925728,0.2,0.6,0.1,13,7.358871276733322,5.675411746446224
19,12,0.15019183733124986,0.4168410901911316,0.35653214137734557,0.03340218976053655,0.12887802725693398,0.08710836149879139,0.0010538298806867601,0.00217797056449004,0.2,0.6,0.1,15,5.180388994157807,4.765469107706371
19,13,0.14179822449689988,0.4002241816609318,0.3380547910132123,0.03363582196402273,0.1129227918183535,0.0857208993882341,0.0012551896215304101,0.0022173522313189,0.2,0.6,0.1,16,5.568934833685273,4.798350164643637
19,14,0.12712659102479038,0.368130331941853,0.3022752776715273,0.025676986970562286,0.20653490790796042,0.08726301253956703,0.00153467991109746,0.00267658022239794,0.2,0.6,0.1,17,4.7050214663184,4.977089733198164
19,15,0.12084624773478155,0.3534474316324706,0.2859148447303901,0.029922958818298994,0.1042992398037849,0.08854182850126611,0.0013922182425434,0.00259820249016064,0.2,0.6,0.1,18,4.712740778661996,4.625118797071535
19,16,0.12325260050827773,0.3556823622178109,0.2881160564630362,0.03831119575415722,0.022196518813958233,0.10318524650914776,0.0008590151453314,0.00184122849575909,0.2,0.6,0.1,20,4.927796417297099,3.6266253931518566
19,17,0.09421471473301372,0.2866009120874636,0.21904210488535023,0.034409914278752056,0.2282623324386542,0.09442894275913656,0.00130223869672639,0.00258747939067117,0.2,0.6,0.1,22,4.446417254654946,3.687034565055532
19,18,0.09406263718216307,0.28601477290235905,0.21838174623755197,0.03429540749852342,0.023742474915529447,0.09434992550982765,0.00142812752703218,0.00269503068596009,0.2,0.6,0.1,23,4.429054997146383,3.6909892366971926
19,19,0.08500547273611614,0.262082418522787,0.19193391906956592,0.03558438102587792,0.14689122049668762,0.08608304960509124,0.00139511390866683,0.00269441999430005,0.2,0.6,0.1,24,3.373143197477369,4.052016897636014
19,20,0.07705148282906714,0.23585644985050241,0.16272520536156873,0.025046583636509932,0.1705125061411538,0.08722955820386966,0.0013125362447601202,0.0026020606653840003,0.2,0.6,0.1,25,3.461995613857812,3.821685772948881
19,21,0.07552768160765022,0.23033425142243866,0.15656351628240725,0.026904347431594887,0.05122307362235299,0.08793829462405205,0.0013058205637121701,0.0025949733083584997,0.2,0.6,0.1,26,3.537204545124214,3.7437815290408105
19,22,0.06382370610175511,0.18864267421046815,0.11020614881827612,0.018227508915371025,0.25578230243315625,0.08552181642547531,0.00143040495116241,0.00264902659578517,0.2,0.6,0.1,27,3.589282822887827,3.1361221777731254
19,23,0.062783018009689,0.18491259852228906,0.10606718608505156,0.02998715127760843,0.03900065086055082,0.08519439028055045,0.00136657119224107,0.00257133748790062,0.2,0.6,0.1,28,3.3440942754130663,3.233631989747984
19,24,0.06253742490479484,0.18817071792617643,0.11733613996512773,0.03591940866097024,0.026123989658485412,0.0854830794031572,0.00143104899644133,0.00264211341160919,0.2,0.6,0.1,29,3.5671463165727246,3.1479100768188464
19,25,0.06164523517307328,0.18149783393324603,0.1023067955986159,0.0385178953190492,0.022677550849309284,0.08317422520134335,0.00143432484544862,0.0026421774738986,0.2,0.6,0.1,31,3.609190319146741,3.263446480584264
19,26,0.06142659130412068,0.18886325162273918,0.1257801475185914,0.05523911449939083,0.02973793214160231,0.08487455508199436,0.00136447064491814,0.00258314707118302,0.2,0.6,0.1,32,3.251693819972876,3.300001319674592
19,27,0.060246163739619794,0.1852139763296939,0.12175890458065572,0.04681096128207712,0.02718085099669645,0.08293310798646716,0.00142332855511359,0.00253837488006586,0.2,0.6,0.1,34,2.8994144551038405,3.552646224037611
19,28,0.05853884461301489,0.17656255700853543,0.11206782731801712,0.05847374316479131,0.07122693461193007,0.08565048551302862,0.00141647016484878,0.00263375648891363,0.2,0.6,0.1,35,3.543373967171461,3.264343781512746
19,29,0.0585388446127514,0.18116201417690064,0.12484137569108213,0.06872863809075347,0.018243542835148507,0.08565048557838269,0.0014164701651001401,0.0026337564890193703,0.2,0.6,0.1,37,3.543373965197699,3.264343775482744
19,30,0.05740627521150728,0.1777138644271077,0.12104846871969087,0.07120247432054945,0.03541556074615257,0.08399986751467314,0.0013429021740551102,0.00239816941206123,0.2,0.6,0.1,38,3.618345007404544,3.350183679221051
19,31,0.057241482537360354,0.17570785678144857,0.1187691604002716,0.08518604236177713,0.03219362555629682,0.08552921058650731,0.00147097265820077,0.00270347163803563,0.2,0.6,0.1,39,3.9017250928223968,3.0617009792861687
19,32,0.051235840505459394,0.1510522670071131,0.09137734853950788,0.09314242645047224,0.04106156804584706,0.08330683442157871,0.0014717173188974401,0.00271836926077777,0.2,0.6,0.1,45,2.986977494397037,4.248756548612911
19,33,0.04979286054663523,0.14842515106599466,0.09608728533549041,0.09828517278482257,0.06066580214306268,0.08412416686858426,0.00149868975370918,0.00273058717423762,0.2,0.6,0.1,46,2.958651868761008,4.312680565996769
19,34,0.04743946222754851,0.15857003306307768,0.13807995487184732,0.1807206412432511,0.019657322859434043,0.08027938084560096,0.00152995610721606,0.00280220258289701,0.2,0.6,0.1,64,2.953137025167919,4.166138263384555
19,35,0.047541457414840484,0.16284960288749195,0.15047299958865318,0.1884650526206202,0.020558211352039092,0.0812892949336732,0.00155462615947503,0.00279037856641805,0.2,0.6,0.1,65,2.898870367384779,4.119169185648291
19,36,0.04727398211349735,0.16187060110215368,0.14939211458935797,0.19228441050439896,0.022584629574353643,0.08097478476109989,0.00152938700702885,0.00280202908810528,0.2,0.6,0.1,66,2.965324858983007,4.184099506217293
19,37,0.042847492231844295,0.13493093365979444,0.11173428054468092,0.21935079016349754,0.04998474047838416,0.08168214074147744,0.0015040427275396701,0.0032640604706263,0.2,0.6,0.1,70,3.0986745031810408,3.668226931404361
19,38,0.04231217881790671,0.13170831371544603,0.10813365601627112,0.23513768582418346,0.02250391150783142,0.08229041943671431,0.00150782111178617,0.00324674254696138,0.2,0.6,0.1,74,3.047851612656327,3.616303934165957
19,39,0.04188410415065146,0.1454370279172949,0.15396394468269897,0.3664069784118903,0.019448190216665103,0.08516109323798163,0.00153021650178716,0.0033115755664678602,0.2,0.6,0.1,100,3.160136640236193,3.856667916069655
19,40,0.04140882199841544,0.14846716667369775,0.1650151801373756,0.3744058327473538,0.021966711273499615,0.08410764203999388,0.00153234168554783,0.00325559168889277,0.2,0.6,0.1,102,3.1403800578220658,3.8229610895862143
19,41,0.04066719956247517,0.1460200231041011,0.1623297792339194,0.40020567581476035,0.02015304761058335,0.08247189067217378,0.00151436301601834,0.0032448439210796,0.2,0.6,0.1,107,3.1060955343393983,3.723321320746985
19,42,0.040214343362754756,0.14828894616819352,0.1725109127335531,0.4169113456513339,0.02105311229335084,0.08234401607107766,0.0015238491843617302,0.00331879638091971,0.2,0.6,0.1,111,3.10298198515122,3.7158870950745433
19,43,0.04006160136028936,0.1476221141789719,0.17177216757381428,0.45577922412830413,0.01808805155028645,0.08217175652130002,0.00152420722421129,0.00333310246687884,0.2,0.6,0.1,120,3.0994199875413786,3.680138411911972
19,44,0.04005661071059371,0.161381124197063,0.21004880231367798,0.445635924959723,0.01776575318999218,0.0821858899986447,0.00152446023582994,0.0033329013129875496,0.2,0.6,0.1,123,3.094271998484337,3.6446402487528378
19,45,0.04004471773848909,0.15209078133723752,0.18439912220616422,0.4774597716372779,0.018258242926541168,0.08222261203920597,0.0015234178084051,0.0033325727093391003,0.2,0.6,0.1,124,3.099797167211921,3.716899060368229
19,46,0.04025208289772826,0.17936949910767921,0.2606490711033455,0.6413525650641474,0.018134406538886254,0.0838224668184646,0.00154368490088586,0.0033067156528981297,0.2,0.6,0.1,157,3.201629641331984,3.7102833458016846
19,47,0.039884596146160564,0.19121922545869163,0.29680100713491503,0.7969580180130595,0.018451304687520903,0.0838255485956179,0.00154398338274002,0.0032843466189547603,0.2,0.6,0.1,183,3.190050883817368,3.722513819574205
19,48,0.03946449413956874,0.1934479459995366,0.3069328376942548,0.8098398798389588,0.022653600280468613,0.08396133323853365,0.00155406045324802,0.0032318028089621696,0.2,0.6,0.1,186,3.166807924040337,3.7063921944793328
20,0,0.8561938344849636,0.962043762621262,0.9555159525544927,0.14615150358082118,0.019810687431900068,0.09870639080231114,8.973998852415999e-05,0.00015565278323346,0.2,0.6,0.1,1,12.407259353859647,29.46462435963484
20,1,0.5479469680852163,0.8268963969628396,0.8109110192361041,0.12583308031305337,0.4854407099401658,0.17769201455011985,0.00073545949341391,0.0011257272544442699,0.2,0.6,0.1,3,9.389303220415176,14.815943616551111
20,2,0.5384699289022158,0.8194612818759656,0.8031090882610833,0.12396010610436996,0.05060128921878229,0.15801782878452222,0.00037826412550919,0.00072676653839181,0.2,0.6,0.1,4,9.940764635367865,13.89120100793445
20,3,0.4069633209435659,0.7265379908073357,0.6997875753929788,0.09725698121917183,0.5610352108254578,0.15187144589320484,0.0008251994819380799,0.00128138003767774,0.2,0.6,0.1,5,8.221537344451352,13.931455390481768
20,4,0.3394557480277167,0.666613598348984,0.6338615620560241,0.0827412704786679,0.17714713415759728,0.11751143819971606,0.00090993098077279,0.00135387937333801,0.2,0.6,0.1,7,6.990266547612957,12.66736024012091
20,5,0.2887146786727936,0.6151967351448011,0.5771554214971538,0.07157720980541205,0.1543814577528052,0.09447186475276072,0.0009067359719887201,0.00135075778812808,0.2,0.6,0.1,9,5.7504864566535145,14.903607990699612
20,6,0.24061105432258362,0.558943429477698,0.514794197365105,0.06125723429745598,0.17304788695769174,0.08313108915299347,0.00099515429377995,0.0014821584751976299,0.2,0.6,0.1,11,4.730173960553671,12.02139475254149
20,7,0.2117325481382471,0.5190261124774065,0.4701420587312233,0.05892620124615037,0.14003147755709924,0.09271622392692071,0.0010837807371569899,0.0016070078476606302,0.2,0.6,0.1,13,4.422909063416339,10.429240311273386
20,8,0.210013066329889,0.5168700798311201,0.46782606073173405,0.06248059380115596,0.02678461864050449,0.08929271469054315,0.0010086902834150501,0.00150278882140605,0.2,0.6,0.1,14,4.239353289831024,10.636273288488642
20,9,0.18645301685465523,0.4803401906483521,0.42708164088958345,0.05403574967682478,0.23418535331435678,0.09180011580971724,0.0013530007027295,0.00207396619736104,0.2,0.6,0.1,15,5.076801614352183,10.516522863552463
20,10,0.18258893824182412,0.47403432493575454,0.4200660186738328,0.05718558808030816,0.05553624652400657,0.09252719774960086,0.00114153714877539,0.0016443513045753,0.2,0.6,0.1,16,4.737712143690182,10.356057078071766
20,11,0.17815912062357228,0.46699446309262327,0.41228925184135956,0.06102125476982805,0.056398851940346405,0.08978973041251084,0.00118014583442249,0.0017036696341933897,0.2,0.6,0.1,17,4.045361708782044,7.974958901080354
20,12,0.1729379837255478,0.458388556891607,0.40274531988624535,0.062135417450524776,0.04266184559815166,0.08757084147588463,0.00139466012802718,0.00180393536805703,0.2,0.6,0.1,19,3.95499607778814,7.525687630232179
20,13,0.1568074893587361,0.43533281723953554,0.3849031881989197,0.06508058335176393,0.09288109175133144,0.08076929962688359,0.00122526765880639,0.0018627624569011701,0.2,0.6,0.1,21,4.461201876035282,7.040772769135339
20,14,0.13171247301178243,0.3833389811942933,0.3268978142186662,0.06038982149693203,0.17092148012393102,0.086484501888521,0.00137810265698356,0.00154502541969584,0.2,0.6,0.1,23,3.7940998735121294,7.172903542017904
20,15,0.10915794115365016,0.32787500845830647,0.2650021683364991,0.05538594479402695,0.183652665692741,0.09340319512703868,0.0014697155083096601,0.00168702099323811,0.2,0.6,0.1,25,3.3543280508699023,6.921188260586591
20,16,0.10489016755923466,0.3172306581940759,0.25319293836573326,0.055414529821284794,0.07877834504891443,0.09203474295600732,0.0013883897304707601,0.0015589324011490101,0.2,0.6,0.1,26,3.2714372089278623,6.840617372534581
20,17,0.10072525562356056,0.3119874633137599,0.25510319092738376,0.05810298086899731,0.07071329321868569,0.08747871581530739,0.00148208855481432,0.0020052923259842,0.2,0.6,0.1,27,3.1447818927398723,4.426168958400069
20,18,0.08410111715816967,0.2617469960960658,0.19911166278508058,0.054481287441637175,0.16577622940646292,0.09039346117514171,0.0015737014061404102,0.00214728789952647,0.2,0.6,0.1,29,2.80945821739278,4.593451926736499
20,19,0.07282012108154717,0.23006622981871122,0.17157707049491258,0.05397747533724603,0.12126693941373586,0.08778141622650487,0.00142432807943302,0.0019050655968780202,0.2,0.6,0.1,31,2.36740239835622,4.453237053775986
20,20,0.06855129586470216,0.21945668799619633,0.1674318679295875,0.059902732242991315,0.0620971513951138,0.08730714299698719,0.0014481311429614201,0.00191807174940779,0.2,0.6,0.1,33,2.395993732864157,4.22743668189602
20,21,0.0675509796414636,0.2108139790155549,0.15014431834342215,0.06226379353002904,0.04269439991134586,0.08727403072622475,0.0016456740486812099,0.00203085371182558,0.2,0.6,0.1,34,2.781116787599472,4.092082382426053
20,22,0.06715145370077968,0.2185852591219973,0.1741058435199999,0.06879342632990168,0.026565022243840802,0.08753487243509314,0.00151619753583155,0.00197453084992249,0.2,0.6,0.1,35,2.552747345556748,4.274359288060272
20,23,0.06633410361510655,0.21548731822175748,0.17065685577678905,0.08914271925120655,0.027595064295481107,0.08729764864464304,0.00159204042722553,0.00207993742106539,0.2,0.6,0.1,37,2.6692121067801846,3.904888106964461
20,24,0.06436040163515995,0.20768895651045155,0.16196807187086468,0.0762888715231494,0.04141730636289403,0.08772959473154915,0.0015990038498381698,0.00200660179708889,0.2,0.6,0.1,39,2.563363777056261,3.734423512267848
20,25,0.06339177250710014,0.19931164579029043,0.14498912049385052,0.0822203368378892,0.040572026098159984,0.08743028396156956,0.0016970403496482,0.0020610310970296,0.2,0.6,0.1,40,2.5703515339166927,3.67508850586552
20,26,0.06321070649215592,0.20787912654258403,0.169837520999888,0.08575112146885827,0.02195678398652712,0.08768392400468034,0.00156699930046658,0.0019746168594292498,0.2,0.6,0.1,41,2.3752667369557883,3.816218414885237
20,27,0.06257635124167009,0.20596130487704659,0.167725350409683,0.09224287785406844,0.023431698232595125,0.08665128535075714,0.0015861433068601102,0.0019491594100429599,0.2,0.6,0.1,43,2.694613730609779,4.248135796792332
20,28,0.06292146239235606,0.20540847290026984,0.17451775915296266,0.17143499822085126,0.024499884483016692,0.09751871073271831,0.00149595825367029,0.00257848534401352,0.2,0.6,0.1,54,2.800478725195452,4.314400992233846
20,29,0.06288339634565165,0.20985409078481923,0.18711996764014308,0.18303152330016084,0.02154423864001757,0.0975187107251798,0.00149595824868155,0.00257848533517238,0.2,0.6,0.1,55,2.7905967196382053,4.32425696946714
20,30,0.06200180339150515,0.20618839733108413,0.18303689693975944,0.19783044655486404,0.031326724252607026,0.09750512209295242,0.00153163449707098,0.00267504339915302,0.2,0.6,0.1,57,2.825142209527062,4.308127870745213
20,31,0.06198212633340216,0.1956225174992606,0.16341019558074335,0.21800151744200713,0.04516867275589887,0.10418151979512535,0.00219939428793057,0.0041214186989098804,0.2,0.6,0.1,59,2.801490333764836,3.8411973511718647
20,32,0.061465761305038676,0.19424055851815009,0.16189975648908175,0.21743775595695825,0.02887521640368298,0.1029099272412753,0.0021544156846046497,0.00448860428246586,0.2,0.6,0.1,60,2.82760900176722,3.87768919382092
20,33,0.06145269855904415,0.20336631559417093,0.18736483749462687,0.18873520920696085,0.02255600692946922,0.10292727978212483,0.0021571996701613898,0.00449447027199519,0.2,0.6,0.1,62,2.821908159287372,3.8757061904284287
20,34,0.06130359264571718,0.19812774808058645,0.17387931683066768,0.2376378513075475,0.02603887024848201,0.10302720499495358,0.00214218550706053,0.00442649679156877,0.2,0.6,0.1,63,2.7828750388388936,3.912855254047161
20,35,0.05982383331409349,0.18496191230201076,0.1439970294593437,0.2157164003409486,0.04040022890461164,0.09975031170567232,0.0020864335479966302,0.0042388711124283695,0.2,0.6,0.1,64,3.1505374447204515,3.832636465963753
20,36,0.05910546629411595,0.18640726443698621,0.15325683832063494,0.23525089524145096,0.030820692594846304,0.09977458209976676,0.00211891277728114,0.00427990273490496,0.2,0.6,0.1,66,3.055233536599568,3.8220413541530553
20,37,0.057441648517838034,0.17869656413382126,0.1446576810884191,0.2538532624114501,0.04444757653387325,0.10121720266680304,0.00196429038504598,0.0038334334679427803,0.2,0.6,0.1,68,3.234888506006708,4.267645831855315
20,38,0.056178866790565864,0.17364913938467486,0.1390573430855978,0.2564808373218521,0.049848541104181854,0.10037653724612912,0.00195993192084874,0.00400257291550361,0.2,0.6,0.1,69,3.30225879624061,3.81146991171698
20,39,0.05410219607623472,0.15874520299745926,0.11478523039627568,0.24536508865528422,0.08277712237996358,0.101744217596663,0.00194430353719467,0.00399015005050445,0.2,0.6,0.1,70,3.245126487864761,3.836864500015277
20,40,0.05401012664645456,0.16281496678231921,0.12696580029777346,0.2619537499909663,0.025167111968313033,0.1017793877760383,0.00197573829969127,0.004029188135589249,0.2,0.6,0.1,71,3.161422582750599,3.847591062011588
20,41,0.05335542034045738,0.15464771904497576,0.1102043269889214,0.26483457933697224,0.03280020440189686,0.10220678530601637,0.0020906439504379403,0.00398323818860981,0.2,0.6,0.1,73,3.542480702704073,3.546692650503706
20,42,0.052198434303169276,0.1493185082301095,0.10427562656324849,0.26742117057485515,0.05262878170418695,0.10216681320848989,0.00206602077684231,0.00397090148318043,0.2,0.6,0.1,74,3.374165978744398,3.528186161275056
20,43,0.05204113512924538,0.14817915868059103,0.10299559502810902,0.27537460920963264,0.029352361196246273,0.1026702735069714,0.0020718684946635798,0.00399062462917123,0.2,0.6,0.1,75,3.40941361035337,3.538548058672286
20,44,0.05172500680024866,0.15145931648566968,0.11430615638897242,0.27965437901531226,0.029446442812898613,0.10223791268605409,0.0021264257410721,0.00404429420752349,0.2,0.6,0.1,76,3.198693454376406,3.549064218757548
20,45,0.04959112221127261,0.13642091927031716,0.08991006391817401,0.2843631408835868,0.08249851303262157,0.10282067249808499,0.00202345128360412,0.00384986349656264,0.2,0.6,0.1,77,3.429234703380861,3.4684782055761856
20,46,0.04941549877367133,0.13521873114015326,0.08856229224440652,0.28818691029498683,0.02967514780423926,0.10297731994894754,0.0021004224539676,0.00394181148165263,0.2,0.6,0.1,78,3.365668149044448,3.428394238380106
20,47,0.04926164668077325,0.1343790821119991,0.08762546503703054,0.2879652310494804,0.027225460261536855,0.10318006764882359,0.00207600831700523,0.0038892381440477795,0.2,0.6,0.1,79,3.4689875889225217,3.4765328954699166
20,48,0.048877459283864284,0.13649097058626544,0.09761355534169307,0.29557196672103747,0.03760047442220251,0.1037288297415097,0.0021259659149960803,0.00396967758489617,0.2,0.6,0.1,80,3.43822078569538,3.511507175024461
20,49,0.04836475180306622,0.13446198986848865,0.09537025945063618,0.2990057297624742,0.027747894814890074,0.10308822173072654,0.00211706714185674,0.00397909870345803,0.2,0.6,0.1,82,3.478160185204515,3.4588368306001414
20,50,0.04867885686731162,0.1343779109964043,0.09522996294326282,0.3126351705249323,0.02556958977311885,0.10384183913630865,0.0022869105812367103,0.00558933236723281,0.2,0.6,0.1,83,3.3179206862306514,3.5603634088252614
20,51,0.04797820376476318,0.1367628257601544,0.10557531267905443,0.31178020647379073,0.033258453101729736,0.10320773753199539,0.00220763357230475,0.00408782577673818,0.2,0.6,0.1,84,3.2259164850908992,3.462437473399717
20,52,0.05338677815582369,0.14976015414842034,0.1422218775093466,0.41413489689293564,0.03374940863208858,0.1361196484796856,0.0024046170634740597,0.00632888088710136,0.2,0.6,0.1,94,3.300126944462053,3.449559672779099
20,53,0.05071309443457661,0.13283958624357114,0.10824695272960264,0.38349303879187757,0.04582651662314413,0.12868066439643694,0.00242963466017085,0.0063338999071667,0.2,0.6,0.1,96,3.5074405835791667,3.658409326192145
20,54,0.05071309480321396,0.1420384305373603,0.13379392163475637,0.4284541841957038,0.027827463028850717,0.12868066509418444,0.0024296346909099,0.0063338999839337,0.2,0.6,0.1,98,3.5074405502699664,3.658409310176957
20,55,0.050783342175147295,0.13787234696778436,0.1290375925469678,0.43243257755620806,0.05897300198161441,0.13394578481129168,0.0024357420842738503,0.00634205033621219,0.2,0.6,0.1,99,3.422513693460248,3.57648831226188
20,56,0.045901361359889335,0.14287598640073246,0.15802021875094563,0.45556055849639465,0.027668016287647913,0.11558555635732382,0.00213334838751734,0.0050113376893760695,0.2,0.6,0.1,109,3.400394692088042,3.4449139125879893
20,57,0.04505289765716794,0.1325346559919925,0.13882764062903816,0.46747024736468057,0.03377753172949606,0.11709760979761812,0.00205309641859508,0.00496661404517028,0.2,0.6,0.1,113,3.047672114037293,3.5757848960511467
20,58,0.04585545801906497,0.11684824779250323,0.10578936435929352,0.46374770527578246,0.05312209289766091,0.10170808218366319,0.00213480051371971,0.059203732282693045,0.2,0.6,0.1,115,3.79571382064202,6.019200788157162
20,59,0.04275888127254892,0.10331062096015393,0.09837249870202057,0.4819138668073411,0.13224475714464426,0.10182315552178234,0.00215226705205085,0.05920584026664903,0.2,0.6,0.1,116,3.580243990066181,5.9602754954346935
20,60,0.04376101142754007,0.09955409528332494,0.0864202525415051,0.47269365486681497,0.02916020458839555,0.107195867685779,0.0021110502707330303,0.05904879308113938,0.2,0.6,0.1,118,3.595117113348042,5.777411951200503
20,61,0.042661259319378676,0.10302574423706223,0.0980621241390028,0.4861763547772714,0.02771277446437798,0.10157751775709127,0.00213763788597485,0.05918546135792656,0.2,0.6,0.1,119,3.536131547690799,5.96558857704829
20,62,0.04226942431061968,0.10066980876485157,0.09543955910460206,0.48991002028567365,0.0343402446186791,0.10152205269966681,0.00216036330343597,0.059195921910021265,0.2,0.6,0.1,121,3.731205264515988,5.898837993753429
20,63,0.04050907655912653,0.09387845701734981,0.08796745477123599,0.4728235684625678,0.04409648999485209,0.09703672352917973,0.00246355465557234,0.05867546196052238,0.2,0.6,0.1,123,4.136976184577786,4.682382878866509
20,64,0.04041368522922397,0.09279677795381983,0.08675271112537196,0.5106756310172788,0.03022136055768645,0.09687846182616726,0.00252624964470154,0.05957278169871087,0.2,0.6,0.1,125,4.206235173053854,5.752953847311353
20,65,0.039256840188479004,0.08920055108013247,0.0903783165185701,0.5085773980859895,0.05194458208801417,0.09786057599027602,0.00259590453907549,0.05950710162895686,0.2,0.6,0.1,127,3.913894400909135,5.89704860034253
20,66,0.06109176528671939,0.08812831730110343,0.07112625102269726,0.5163220994377481,0.14431953991567412,0.09594975741291968,0.038595271085345724,0.09069062680621336,0.2,0.6,0.1,128,3.848494335943081,5.703716013109839
20,67,0.05974827568755719,0.07916689953931773,0.061155228740396174,0.5418131821462812,0.07676034386568385,0.0959423966766046,0.03855759091834215,0.09066052784140484,0.2,0.6,0.1,130,4.072798951009178,5.69002763301834
20,68,0.05942516528809617,0.08207470357559862,0.0720557539519121,0.5518351608088703,0.06054428023071953,0.09559062251952756,0.03854920347056185,0.090544315636836,0.2,0.6,0.1,131,3.955939711778987,5.841057573382333
20,69,0.05885605683896232,0.08097953915599074,0.07089091656124577,0.564467781654086,0.052599003877433326,0.09203348118703872,0.03888433656365782,0.0908609552985472,0.2,0.6,0.1,133,4.057186374207447,5.62402448371903
20,70,0.05635102062886253,0.06931926388695421,0.07316139940729215,0.5845466359853209,0.0924398157438694,0.09609628844030564,0.0384939364799052,0.09040874816770936,0.2,0.6,0.1,136,4.102944456776129,5.87324468129352
20,71,0.0561909100793648,0.062018332790607505,0.05735375899480026,0.5805619569406026,0.055832214894504656,0.09431506687387849,0.039446444735729516,0.0906807073593346,0.2,0.6,0.1,140,3.876223009927146,6.094228239160543
20,72,0.055935221856752135,0.06608627497891781,0.06955974578597124,0.5971833455609561,0.05322524824206373,0.09623460765350382,0.03848597522517936,0.09048258086237092,0.2,0.6,0.1,141,3.8223679826798618,5.562346136692366
20,73,0.05564306193289708,0.056999574694273324,0.051750722137278056,0.6079128190779931,0.06572226246488355,0.09486419924538604,0.03948681465444198,0.09085793495535656,0.2,0.6,0.1,143,3.7445610485499774,5.777699508217701
20,74,0.055197624237773885,0.0587163844647343,0.061323614724571984,0.617873202882927,0.06788856038651254,0.09458293542402556,0.03948172866261631,0.09075912360413187,0.2,0.6,0.1,144,3.867143629882394,5.91389479100512
20,75,0.05438067942377088,0.07085527688577528,0.09787498123507565,0.6611452575338137,0.05179381683699068,0.09464277577112888,0.03841315240068964,0.09017423186821608,0.2,0.6,0.1,151,4.018448239955797,5.909844841089621
20,76,0.05515164130224758,0.06227679529276955,0.07292871017292654,0.6647443538844514,0.05279660279621397,0.0964969269481698,0.039018758673804735,0.09077432899618322,0.2,0.6,0.1,152,4.19867714359458,5.669010591398851
20,77,0.0550211069934423,0.05438116359972804,0.056446951702565196,0.6687339383220973,0.06263672383387513,0.09781080063265049,0.03915166219090394,0.09085546212659332,0.2,0.6,0.1,154,3.875037855931793,5.772082394421224
20,78,0.05465991525153934,0.05556293089887662,0.06540546940707063,0.6792197955583603,0.07248792075984953,0.09878273482765096,0.03900781568187785,0.0907548187147354,0.2,0.6,0.1,155,3.927113283047485,5.708242488056591
20,79,0.053260630995637444,0.05352702963384516,0.07086443272166382,0.6927026199491932,0.0631513537760768,0.0969310956503438,0.03859196523984195,0.09070079852421886,0.2,0.6,0.1,158,4.049666471480411,5.819502345967802
20,80,0.05268533767547371,0.05573693306374606,0.0810135456195984,0.6938024051652025,0.06327468155228533,0.0961259558484194,0.03842552024258261,0.09020216266213456,0.2,0.6,0.1,159,3.9782408268371983,5.927339992319389
20,81,0.052297814298685796,0.05697333646101232,0.09003923406231061,0.7269720318584091,0.06115039326805979,0.09622464441526232,0.03845039542054024,0.09027877802238035,0.2,0.6,0.1,161,3.997092004143876,5.951229418589773
20,82,0.052449733023311663,0.05417318175870229,0.08685783459270338,0.7219810281298428,0.07135582174381655,0.0974419655006904,0.038807667789323555,0.09143691609667264,0.2,0.6,0.1,162,4.098689307018836,6.002879208197166
20,83,0.0515110884995145,0.05125758576182085,0.08368725188533113,0.7576541613636943,0.05342305272821607,0.09592048715374228,0.03840659766049307,0.09029529734776551,0.2,0.6,0.1,168,4.058723405006695,5.90416037180089
21,0,0.7667440333315989,0.924569424027877,0.9140318562862852,0.1342097296517287,0.017820021032306562,0.08876494220304769,9.516092013447999e-05,9.936039616335e-05,0.2,0.6,0.1,1,19.00815239584083,29.46462435963484
21,1,0.5424314422677011,0.8123538433638627,0.7889632221149138,0.11100166348470514,0.34695415991974415,0.09607306431772836,0.00018561658144634002,0.00019995519015998997,0.2,0.6,0.1,3,13.530988360637918,21.854475246009628
21,2,0.40247779073943396,0.7209501983890821,0.694734632463892,0.09176366502675828,0.3010916093106174,0.10085376936146899,0.0007120593168284,0.00078540664503587,0.2,0.6,0.1,5,8.842409680429867,13.766610036475091
21,3,0.33631593880264493,0.6635550462345864,0.6309639207587324,0.08119579996924046,0.18252243073891858,0.09573590995402198,0.0007798750583418699,0.00085979272395478,0.2,0.6,0.1,7,9.296537568351953,14.966180266703171
21,4,0.6065513038570352,0.9293719019629209,0.8883858624909516,0.3570835286787767,0.3037217069866428,0.9177968473451023,0.01418837264408756,1.0,0.2,0.6,0.1,8,11.068745958294556,12.710549057835404
21,5,0.2781241382420971,0.6038687651835561,0.5647334033107623,0.06724833367753394,0.340099317192606,0.08658175969488109,0.0008592022472003,0.0009527417813120101,0.2,0.6,0.1,9,7.542635558918366,14.084357101100816
21,6,0.24435587074729784,0.5603005350075734,0.5091702770025693,0.05857662844411569,0.10978080102314285,0.06125745492245068,0.00072504195913541,0.00083651383708283,0.2,0.6,0.1,11,6.954420810060324,13.380889710899057
21,7,0.24439865876557104,0.5603288871183655,0.509192188382665,0.06339340339623808,0.013163360280025545,0.06198817331857236,0.0006443635214331801,0.00071816238053742,0.2,0.6,0.1,12,7.15485101882206,13.872589195039
21,8,0.21101685679508972,0.5156534002990406,0.4593102775484973,0.05455410803483364,0.2795762825769094,0.06833073495476608,0.0008169800429285101,0.0009784382691828699,0.2,0.6,0.1,13,6.572478071692983,12.139459848954491
21,9,0.20110718155166563,0.5008787149777368,0.4427682164187439,0.05639812302254447,0.060176630022384,0.07165157442480852,0.00110246280333198,0.00127651945767293,0.2,0.6,0.1,15,4.954982699892685,12.27411735028474
21,10,0.17780690052763817,0.46226918586288324,0.3994455213731364,0.053165281516305805,0.13831739623746422,0.08713371843942234,0.00105095648848573,0.00161145679508354,0.2,0.6,0.1,17,5.258695211983265,5.039035685055912
21,11,0.17542323260996048,0.45909206993422463,0.3960504892434658,0.05694024742232737,0.02799117743929073,0.081262596767581,0.00096606361572288,0.00137654831287095,0.2,0.6,0.1,18,5.179897749738847,4.97368987234958
21,12,0.15752315401467995,0.42706875291333424,0.3603415738317804,0.051243297194907486,0.2065286836567308,0.08353018104991104,0.00114138123570421,0.00171098611256131,0.2,0.6,0.1,19,5.130240570986689,5.656949939532808
21,13,0.1531744787807227,0.419307613619644,0.3517641599849381,0.05436274987149679,0.05835299166579655,0.08121305186778054,0.00105648836294135,0.00147607763034872,0.2,0.6,0.1,20,5.060844958148054,5.831279339074687
21,14,0.14844896328474852,0.4093653111041778,0.3405777659144127,0.05233747522007869,0.08264476851896037,0.08462101814582382,0.00157041875452853,0.00224827083510844,0.2,0.6,0.1,21,3.9890726001318457,5.230182676540328
21,15,0.14185072848963487,0.3962352389315445,0.32598321538882935,0.054487389551922207,0.0921509308365306,0.08461029287942612,0.0013459948863004,0.0019138946372648802,0.2,0.6,0.1,22,4.012212652980608,5.171257921844285
21,16,0.13045494229841795,0.36988450831356706,0.2964715908988363,0.04511474286594036,0.1791291495680569,0.09271656083373711,0.00129490825529054,0.0022213428394488597,0.2,0.6,0.1,23,4.291773426868649,5.741113301534822
21,17,0.12268098096101088,0.36395015328370733,0.30539689703632883,0.05158510321087066,0.055431793805517715,0.08358894882722327,0.0011616512458544601,0.0016528462618493,0.2,0.6,0.1,25,4.114287856285401,5.794430646879479
21,18,0.11956165891639878,0.3556699039945206,0.2960963838189786,0.05902190594379169,0.07040173773254507,0.08758962838025042,0.0010685276346547499,0.00170127837356772,0.2,0.6,0.1,26,4.0137400823327285,6.820439937846528
21,19,0.1011711692839995,0.30319107454432326,0.22994734683074775,0.0462184943172861,0.2995889396750629,0.09072738884545196,0.00131747278748007,0.00151186818702836,0.2,0.6,0.1,27,3.2475902608056515,5.406904427309523
21,20,0.09434680808502362,0.2770827162814847,0.19310178465770259,0.04411031473677132,0.1505333419840745,0.09477783699932027,0.0018221855547811202,0.00211395993285378,0.2,0.6,0.1,28,2.54015641986112,4.624618182542388
21,21,0.07521848284937743,0.2220597988748336,0.13958506754594768,0.03004167399824841,0.35951362509400836,0.0929956970094804,0.00145000327972895,0.0017481958431078098,0.2,0.6,0.1,29,2.9242694858327467,4.416811628469443
21,22,0.07417387896327254,0.2190724513178227,0.13628995812778893,0.03558852335405302,0.035113007592920006,0.092047983643465,0.00135450444258201,0.00158223473998165,0.2,0.6,0.1,30,2.90589775065021,4.53345681982878
21,23,0.06914189603509377,0.1996416288039336,0.11461009172536026,0.02615795205677123,0.13445395287048467,0.09324839536024136,0.0015942077040025499,0.0024603050208343103,0.2,0.6,0.1,31,2.540171483390244,4.07799983131596
21,24,0.06707228941356971,0.19307743527490864,0.10735345073888569,0.031032014969029298,0.054755284416085896,0.09137989312780403,0.0015040309359809,0.00237106329790579,0.2,0.6,0.1,32,2.445124093346058,4.124009939072702
21,25,0.06489154205399145,0.1852124380959657,0.09861938238261898,0.03179612572742693,0.06358109259196114,0.09107065860237697,0.00134551289428732,0.00220538865850454,0.2,0.6,0.1,33,2.5399758188158583,4.205375536835531
21,26,0.06337940533775417,0.18002490386299777,0.09287397553995853,0.04358645800856596,0.033189406249017,0.08929902870962277,0.00146176098698156,0.00254615035769652,0.2,0.6,0.1,35,2.610736910015369,4.328489001348031
21,27,0.06131461265012631,0.17259452932300556,0.08463288033945615,0.044527949166277114,0.06016083195334082,0.08831830884327023,0.00137218522179182,0.00247657671655567,0.2,0.6,0.1,36,2.5354476807568496,4.403010925151559
21,28,0.06026106316927276,0.17290417295350555,0.09263187206039261,0.06447852383215626,0.031011201142396663,0.08831830884327023,0.00137218522179182,0.00247657671655567,0.2,0.6,0.1,38,2.432257932501795,4.523633956346528
21,29,0.1705308286789819,0.3057754501214051,0.27380156720898924,0.3065110477020387,0.13226298746560977,0.14698437111821747,0.0020216527505682097,1.0,0.2,0.6,0.1,61,2.5385360074839016,3.623193060641453
21,30,0.159678090246218,0.2884713872970087,0.24804826945914438,0.30760574343855035,0.12385089401676037,0.095808307469407,0.00196708776048404,1.0,0.2,0.6,0.1,65,3.2315194434361976,3.802440362804677
21,31,0.16360694496228867,0.2903250990434536,0.24959414255633208,0.31142036972443216,0.1406100977139456,0.11728339040062656,0.00243809547949706,1.0,0.2,0.6,0.1,66,3.128622843743189,3.6996949898093767
21,32,0.0686005414778075,0.1904884158453184,0.1415491497310943,0.2238596025957632,0.03172915212297093,0.10503527413331304,0.00242757441535831,0.07521335264790507,0.2,0.6,0.1,67,3.072124997673825,3.646032569483087
21,33,0.06830226805580454,0.1900791457055739,0.14112345986714206,0.22355384066160977,0.030556395331347103,0.09671437038597795,0.00242726355014041,0.08921779619112076,0.2,0.6,0.1,68,3.157778357089973,3.6917192522213935
21,34,0.16011235244045818,0.2909903279202081,0.2583682725821793,0.33224322864414013,0.12230082401692167,0.10042128649035001,0.00246207535734067,1.0,0.2,0.6,0.1,69,3.0619772982716382,3.67277077761062
21,35,0.1729281709615556,0.2884701954599509,0.2385946508438882,0.3269474610276979,0.15163557500683483,0.1728969124825448,0.00278815952347992,1.0,0.2,0.6,0.1,72,3.1678427175442216,5.158241788676955
21,36,0.06188959996537049,0.172514253529617,0.12191788344962522,0.22330759990909782,0.06341677130904995,0.10179004478323994,0.0030127331372992302,0.04509332193105841,0.2,0.6,0.1,73,3.4380136642801946,5.124442772860959
21,37,0.15754142262334453,0.2902666225792884,0.2804095654311869,0.3484126821769301,0.12354352444367817,0.1039087442538393,0.00301287419347257,1.0,0.2,0.6,0.1,80,2.9806014441861226,4.328843905608549
21,38,0.1732021587771294,0.28330930759664796,0.24014113727195718,0.4089585662838311,0.14573947599102582,0.18569322500548308,0.0038871384928337097,1.0,0.2,0.6,0.1,85,3.091623401801301,4.111492074084236
21,39,0.05460788260503567,0.1655092986888804,0.1299631097591974,0.3320655258756146,0.024518619766343026,0.09758980022532204,0.0033235051394371004,0.00445269400300294,0.2,0.6,0.1,96,3.3603914686909016,4.265436176115035
21,40,0.05378570687889607,0.15594943694876914,0.11163167621089778,0.32935139645366984,0.037498792461190374,0.0986527952791852,0.0034261165893533204,0.00498642947213482,0.2,0.6,0.1,98,3.3799316492916938,3.943457134517127
21,41,0.1871053039317122,0.3419597555392213,0.39537058116978097,0.7258118390259997,0.15671681487956224,0.24088096628073288,0.01352255905932731,1.0,0.2,0.6,0.1,141,2.636305479095654,4.679446061934522
21,42,0.17721994457240492,0.33894566894492645,0.4083703677801357,0.7688474450208438,0.14892707159698057,0.1934083204375492,0.01392101589447459,1.0,0.2,0.6,0.1,150,2.677859233786208,4.6503219408765695
21,43,0.2682024245002863,0.4311306926113867,0.5082430855960619,0.8840723981674993,0.2451201740607628,0.6523972051968207,0.01407374841682885,1.0,0.2,0.6,0.1,154,2.677187350192785,4.573984310713792
21,44,0.26002592523818757,0.4262093171660041,0.5113038883421502,0.8867888601084802,0.24089714872886703,0.6139965824691258,0.013837985211596172,1.0,0.2,0.6,0.1,155,2.624274837366876,4.429543331836862
21,45,0.2606506131080448,0.42664661605073273,0.5117144326149989,0.8919436577233654,0.23313872533712182,0.6180895665686374,0.0135969123164845,1.0,0.2,0.6,0.1,156,2.697558397999454,4.493518406662197
21,46,0.2717736445038435,0.43200346421317604,0.5087307537702851,0.9075066739675876,0.25169347649000284,0.6737384202377661,0.014095523257209929,1.0,0.2,0.6,0.1,157,2.714933737574786,4.604588537445069
21,47,0.33667430147205285,0.49572331723109897,0.5722824600580121,0.9995805498736151,0.30984233475946754,1.0,0.01402247421649364,1.0,0.2,0.6,0.1,163,2.7411577709806205,4.43838689917414
21,48,0.21116332159970244,0.40660213564639125,0.5484960803922357,1.1054052684141,0.1831209534590021,0.3831565659082026,0.01062768243328481,1.0,0.2,0.6,0.1,189,2.848161435644564,4.696640372694561
22,0,1.0174982009017757,1.0174982009017757,1.0174982009017757,0.16002933263214159,0.017498200901775823,0.08715676318305536,9.406331604806001e-05,0.00010410275535910999,0.2,0.6,0.1,1,13.135755127030176,30.857157751522813
22,1,0.8980223037369265,0.973911052908041,0.9694124523493286,0.14687719730148252,0.24302753082159223,0.06857252751367929,7.508946508632728e-06,1.741743435047e-05,0.2,0.6,0.1,2,12.040818016900207,29.5843128399992
22,2,0.612370055890491,0.8531905365411641,0.834083017399094,0.12455604647579052,0.7669584115553861,0.11074602040701682,0.00018290103033948,0.00021156752954074,0.2,0.6,0.1,3,8.473889678160754,21.854475246009628
22,3,0.4181482477630862,0.7342408411901983,0.7090064043452339,0.09879414998054038,0.3897738268373885,0.12306181975253341,0.0009391919509218,0.00108639366575609,0.2,0.6,0.1,5,7.8431831687606435,16.34740496630426
22,4,0.39051292361109385,0.7113481484511366,0.6839681239453833,0.0932706771763102,0.13078031465027576,0.10448907975678186,0.00067680602489557,0.00075705926561471,0.2,0.6,0.1,6,8.004330938637068,14.542008195360449
22,5,0.34599012498406284,0.6726201971237624,0.6407621377948688,0.08306121913083465,0.2505503076634689,0.10772390998721582,0.00102863533112037,0.0011733818729621399,0.2,0.6,0.1,7,6.051532002587634,14.596565502268806
22,6,0.319683339415031,0.6472721228850364,0.6132448508209741,0.07541147741172796,0.12666974220604993,0.07803638591211219,0.0007245668608175,0.00085290200961863,0.2,0.6,0.1,8,7.680325357879513,13.259174152275037
22,7,0.28236084207997847,0.6086894540598848,0.5704367813658058,0.06641970714249304,0.23032662585870375,0.07068177429331392,0.00111515219742666,0.00131257619898759,0.2,0.6,0.1,9,5.628903815835451,12.570822934110842
22,8,0.2639067170403762,0.588101686401797,0.547682061006442,0.0638356195860459,0.12402735906512276,0.06503761120479802,0.0007229349489181099,0.00083801554193246,0.2,0.6,0.1,10,5.609205707695364,11.54137727341566
22,9,0.2404593272681157,0.5589606613982341,0.5148980677923535,0.060725443715382924,0.20228649023076103,0.07876599959434552,0.0012082773107715,0.0014378173657977901,0.2,0.6,0.1,11,5.825347668496504,12.242858701097616
22,10,0.22177048683091002,0.5352827666705624,0.48885647350744676,0.056568347266261934,0.1344127079349709,0.06653435434810698,0.00077213102869823,0.0009141187273028701,0.2,0.6,0.1,12,5.758759900219122,11.441994343475244
22,11,0.21298469097688827,0.5222962163854661,0.4741694888608358,0.05737074163199351,0.10250140070281487,0.07575129707236693,0.00104867636021355,0.00142598060372312,0.2,0.6,0.1,13,4.077868749223788,10.64687438109678
22,12,0.20131787908879156,0.5064325161121968,0.4567502045078186,0.056122567668281845,0.09354142588233619,0.06601385788145855,0.0008661943447463001,0.00101822148266198,0.2,0.6,0.1,14,3.7463425814719313,11.222512418642626
22,13,0.19385151955286087,0.49360198603048816,0.44214187702466207,0.0638749520700304,0.10695161647054925,0.07893044439696127,0.0012902669128784501,0.0016598228211055,0.2,0.6,0.1,15,3.810888084261844,9.210446536437075
22,14,0.1921645140659588,0.4909539364147597,0.4391891670058093,0.06827742840446546,0.03229224286886254,0.07946887892076891,0.00120653205396165,0.0015688474673710502,0.2,0.6,0.1,16,4.069888838349693,8.944782973386621
22,15,0.18827951356354272,0.4840598618435169,0.43136644867046137,0.06836985341242081,0.06543639184241366,0.08478094254710675,0.00156760301996134,0.00201803500959065,0.2,0.6,0.1,17,2.96940726592573,9.019950291530076
22,16,0.18456988441014555,0.4780433136949422,0.4246630507153753,0.07206211263203063,0.053163467410783,0.08538516714921576,0.00148386816104454,0.0019270596558562,0.2,0.6,0.1,18,3.2801303523739787,8.884792026802835
22,17,0.16080722344269183,0.43153668039237375,0.3721880686648894,0.0561443211493808,0.3286972794214853,0.11617008146002283,0.00164937479215304,0.00246062016448708,0.2,0.6,0.1,19,3.5789121313299805,7.436884757010219
22,18,0.1491756827467078,0.4097756314870038,0.3480895645159722,0.05792328268980474,0.08296652080124556,0.11045381402303248,0.0017434381082011101,0.00256472291984619,0.2,0.6,0.1,21,2.8513283446037883,6.984396446657211
22,19,0.14340321608930295,0.3996816817933934,0.33704047985706265,0.059708699229151924,0.0704386017385533,0.10316449632759717,0.0015323930272058,0.00199189457222086,0.2,0.6,0.1,22,2.5653446427568465,7.266091219671635
22,20,0.11451205577614124,0.33092034172084017,0.26029731259356303,0.03582618127156815,0.43048701741387885,0.11147291660428119,0.00173054261753759,0.0029111440239485897,0.2,0.6,0.1,23,2.917390727431633,3.863186479782157
22,21,0.11163423231306632,0.32791178777539676,0.2645907226313962,0.04283609242336534,0.045965622230008336,0.11144682053215475,0.0018863758437104,0.00313595420442345,0.2,0.6,0.1,25,2.9629170812218315,3.5185945588881795
22,22,0.10587728918929867,0.31514560484155113,0.250554065120138,0.04741689812403321,0.08696526286281213,0.10548187145396817,0.00150899070433056,0.00208469253093565,0.2,0.6,0.1,26,2.8625849398939485,3.917737988158854
22,23,0.10619711034141079,0.31875345725474197,0.26210119140536026,0.0509504069201444,0.035269669961333815,0.1107589147830031,0.00149496460118289,0.0024852632322318003,0.2,0.6,0.1,27,2.668574405822052,3.978820783256828
22,24,0.08898783709634829,0.26673113222030337,0.19669903651585086,0.05591391669479834,0.08830377029673304,0.10378759088137639,0.00159475631010868,0.0022690736114568,0.2,0.6,0.1,31,1.9060959446025407,4.088705996566102
22,25,0.08349660104930745,0.2549343549072986,0.19128113826499485,0.0609711543249819,0.067182106506807,0.10114107321040659,0.00162182560472942,0.0023128845379837898,0.2,0.6,0.1,33,1.819147990212325,3.9656225978157424
22,26,0.0824020577257803,0.25314365658633003,0.1893766669908637,0.06665453161711783,0.026489856827891147,0.09772542972789912,0.00148502368533107,0.0021221196224181097,0.2,0.6,0.1,34,1.81798683374852,3.985205220898177
22,27,0.08057033622319644,0.2503160762272427,0.19381845063691416,0.06838519811244455,0.06723652041075755,0.10071916420513308,0.00145308848894298,0.00211967946798749,0.2,0.6,0.1,35,1.8300269285305213,3.7857947884664185
22,28,0.08018668612035157,0.2536243222504767,0.20515480715222775,0.08869112594703947,0.024938943411743617,0.10071916420513308,0.00145308848894298,0.00211967946798749,0.2,0.6,0.1,37,1.8309998576153048,3.873458253247482
22,29,0.07940332092626005,0.242127424648397,0.1770664724541767,0.1022478368723548,0.023568309990463922,0.1005350546267332,0.00129731630339788,0.00197879230478596,0.2,0.6,0.1,42,1.9328509559202816,3.9454113995129214
22,30,0.07651070454402234,0.2399989907581586,0.18249926904394703,0.10299727880686907,0.051012323684141145,0.09406175980409273,0.00129227376325477,0.00191278775581552,0.2,0.6,0.1,43,1.858652898650387,3.8346034483126425
22,31,0.07458902359850256,0.22759743299016394,0.16099123903764423,0.10778388371891942,0.06778872148222898,0.09646451206651478,0.00121724083104079,0.00204330798033608,0.2,0.6,0.1,44,1.767962328207977,3.4323116813715324
22,32,0.07335484360205503,0.22760933476471445,0.16864967541103934,0.11778520346898176,0.0337613689323573,0.0966922838706483,0.00126674790259424,0.0021031392959910598,0.2,0.6,0.1,46,1.793873925487701,3.357750017733011
22,33,0.07126313018013868,0.22190499790494303,0.16237932256127624,0.1233297865905653,0.04855969577361867,0.09342157908783234,0.0012354609029152299,0.00186667109855394,0.2,0.6,0.1,47,1.7426225510699709,3.440851024000424
22,34,0.07135120144899919,0.22396155067122228,0.1722015220866967,0.13093536514840914,0.03101052406093757,0.09716561915893653,0.0016760549573124402,0.00244417363377558,0.2,0.6,0.1,49,1.826164447750218,3.737301361443818
22,35,0.07062368107812327,0.22156432472056123,0.16954533763609972,0.13764253022106132,0.033785178886226404,0.09680826571507728,0.0016269535850785802,0.0024083328774193,0.2,0.6,0.1,50,1.7694984973192418,3.795143512174081
22,36,0.06904250364886114,0.23528922589831633,0.21548847383192588,0.14625930668982057,0.03231921755741212,0.09463879338676584,0.00157514669586636,0.00263043144235425,0.2,0.6,0.1,52,1.719561643948125,3.6397298141932968
22,37,0.06535527163788099,0.22415502986943475,0.20321172595189244,0.16571236264538913,0.038526500542463316,0.08933251555942004,0.00161475605428594,0.00277338552369499,0.2,0.6,0.1,55,1.7960114111484389,3.98931590554846
22,38,0.06436029970367058,0.2119783844848013,0.1818603349775801,0.21693622540366714,0.024040052652061064,0.09662177145420056,0.0014555512952566499,0.00192563063002717,0.2,0.6,0.1,69,2.176959798900614,4.427951900822746
22,39,0.06331879909484191,0.20954717022480834,0.17921808370769024,0.22382678893467717,0.025285773256414634,0.09335652289930768,0.00158381622684163,0.00205056656405186,0.2,0.6,0.1,71,1.9907792484776363,5.409737922072066
22,40,0.06463824467768017,0.21453361608916652,0.19223725591009644,0.23308911073473432,0.02878639875077949,0.10138296611003653,0.0016074366663936398,0.002240023145687,0.2,0.6,0.1,72,2.2088873405886456,4.467322954900829
22,41,0.06256544631722596,0.21345105201272854,0.19878815507037131,0.23524432037134224,0.047753073112447746,0.09683787367521378,0.00163351437152464,0.00218546961637963,0.2,0.6,0.1,73,2.2009809729613705,4.978415704901877
22,42,0.06277003457844355,0.21362290310996873,0.19895520038781206,0.23949080449010227,0.021030860715545566,0.09811432292811591,0.0015779501985372702,0.0021188946079357,0.2,0.6,0.1,74,2.172657387452572,4.760147396328813
22,43,0.061660069087305605,0.2055892521972915,0.18239928662713525,0.24636143484014447,0.0381830855205751,0.09599023023182071,0.00169595522887262,0.00213690007121334,0.2,0.6,0.1,75,2.047364463563794,4.808191675524186
22,44,0.05839127375970849,0.1895381247068395,0.1569558069984156,0.25480030033019097,0.0818701026468231,0.09258281808498672,0.00168739463658082,0.00228826710326783,0.2,0.6,0.1,76,2.066104821408387,4.339212810087899
22,45,0.05779980890305362,0.18978075569930333,0.1648161305267892,0.26673436569836684,0.034495267235224725,0.09554610846814188,0.0016522115986218298,0.00223729873034333,0.2,0.6,0.1,78,1.908576035561152,3.634083913989989
22,46,0.056137509495215995,0.18200720931272216,0.14864588242824506,0.2603143524033773,0.024798569802462814,0.08899207379580529,0.00175963667915905,0.00266987930940937,0.2,0.6,0.1,80,1.9986715743515973,4.775625363880403
22,47,0.05609355613013916,0.17667676192653564,0.1425395834829835,0.26396861894509105,0.060203749287343726,0.09643281718120897,0.0018237496739914102,0.00275001280259239,0.2,0.6,0.1,81,2.1110133341945625,3.749360481064293
22,48,0.05464204684667577,0.17344264251631472,0.13904488548948207,0.26643878325540116,0.03302229766622984,0.09130674638266084,0.00195263899750605,0.00294877588540107,0.2,0.6,0.1,82,2.011727893984028,4.501397418247318
22,49,0.053585901868651094,0.16667758357402082,0.1314489976015986,0.26900509178643184,0.0626506700618216,0.09483822177430637,0.00179141932153981,0.00272607226354622,0.2,0.6,0.1,83,2.167884482274641,4.106931120205546
22,50,0.052189687729213,0.16129924615694377,0.12549408222069203,0.2885208804269862,0.034735499288409834,0.0935160185687794,0.00178970420951893,0.00262051752631565,0.2,0.6,0.1,85,2.1119315146428503,4.440170744095337
22,51,0.05189397065230985,0.16470861810944934,0.13694832541609392,0.30544848403965363,0.023285062441185844,0.09338816244138329,0.00176015957455788,0.00258321177029614,0.2,0.6,0.1,87,2.0960540337927607,4.448185614212908
22,52,0.05185124472835504,0.163191845165273,0.13521901592508162,0.30113479751934746,0.031192352210718453,0.09480680809138582,0.00187370836714953,0.00271062629385954,0.2,0.6,0.1,88,2.145785015898418,4.343256224520168
22,53,0.05126106262721177,0.16212211134355176,0.13407944646668032,0.3088197194323051,0.023584892118082332,0.09292344897492796,0.00175922599922789,0.00264082394752891,0.2,0.6,0.1,89,2.050534131324194,4.5884364144234455
22,54,0.049682263352974695,0.16239295479755486,0.14212954146929063,0.32025300010235613,0.029069662253765,0.08875159462169817,0.00175883485154863,0.0026437314656725603,0.2,0.6,0.1,91,2.030109481891172,4.797644828812784
22,55,0.05094718833788316,0.16401212878737187,0.15131420342402946,0.3348147023209586,0.03700090353344878,0.1001856352799811,0.00183628873539942,0.0033679799060335803,0.2,0.6,0.1,93,2.494920758786352,5.756236302558232
22,56,0.048254310433805236,0.1447273200894174,0.12967513992374974,0.3305189884323563,0.08301301802813164,0.10750832355001116,0.00194203496314755,0.00356942460753081,0.2,0.6,0.1,95,3.0388296638162835,6.425233072483671
22,57,0.04442572792549539,0.13376791100391627,0.11018570939485535,0.3345316753591292,0.03795805615972514,0.09055905249289896,0.00211648524014461,0.004324405869991469,0.2,0.6,0.1,96,2.378537564426631,6.5667474469047225
22,58,0.0463110241737416,0.13600147802842827,0.11999730811378131,0.34446183862637225,0.037914274930109015,0.1065833098624013,0.00180066711826603,0.00325939624670466,0.2,0.6,0.1,98,2.4667755800514826,6.664462748795559
22,59,0.04599280364875696,0.13509088639571135,0.11900326696551497,0.3661560653863992,0.02400235028907853,0.10543857882957881,0.0018673960977307902,0.00342081717331994,0.2,0.6,0.1,101,2.910524081979416,6.563958596551992
22,60,0.044719331751625443,0.11774525464642673,0.08435101077085702,0.3621948599122503,0.07173309802518692,0.10705485544727704,0.00186023056900076,0.0035855231974447803,0.2,0.6,0.1,102,2.734025654814761,6.486358673322407
22,61,0.045390025513280856,0.13040620138020412,0.12128331280368473,0.39610426873040117,0.030321773003435602,0.11240746612241473,0.00187955608278375,0.00359081986078156,0.2,0.6,0.1,104,2.722397730428216,6.902835524382331
22,62,0.03952299714816858,0.09893278916009939,0.056115749145697016,0.34457155973511033,0.07057556686162486,0.09050868438053485,0.0020858657541666,0.0036999715517026404,0.2,0.6,0.1,105,2.3465381042677973,7.807240052337461
22,63,0.03951533918815121,0.10344586448286572,0.06879197139786093,0.3586460529077689,0.02000971144458112,0.0905009239045766,0.0021008641004134103,0.00372317950996237,0.2,0.6,0.1,107,2.3609556311066555,7.916743398707054
22,64,0.03942203872339766,0.10740996900471068,0.08085536882045354,0.372553834348285,0.021666318349480074,0.0905283424706576,0.00212803996203834,0.00377134093608585,0.2,0.6,0.1,109,2.37339141780768,7.937881176969231
22,65,0.03955183953885667,0.10196344654808802,0.06710003415238545,0.3751019740737053,0.026974394366591468,0.09265352479737118,0.0020445674595821898,0.00347370133538581,0.2,0.6,0.1,110,2.362896356339815,7.702599125240257
22,66,0.039291523145863635,0.1054010459647668,0.07858752857197597,0.3974030750220978,0.021625842710979764,0.09232480069334335,0.00204698196476787,0.00349282020351674,0.2,0.6,0.1,114,2.352822878981324,7.6977845470930815
22,67,0.03776831500690707,0.094345763658432,0.058679913535544276,0.39526469515322604,0.05415583734563756,0.0897707068714614,0.0020997389196540698,0.00374177539147449,0.2,0.6,0.1,115,2.244333392248302,8.269881397632613
22,68,0.03730973256147432,0.08895201423696433,0.05261016775501996,0.3922607305531794,0.054645283535236275,0.09303734995255328,0.00204543627616006,0.00342007257960899,0.2,0.6,0.1,116,2.419670859543679,7.763186056868502
22,69,0.036496074785647106,0.08900530117452798,0.06032797956253526,0.45589659192758436,0.02273765257202726,0.09280407920273316,0.0020483688889416903,0.00350215265965365,0.2,0.6,0.1,126,2.379231779986249,7.380487805961469
22,70,0.039698490339115315,0.09499175164305915,0.0817899897884025,0.47725203479167627,0.0691408863166963,0.10951346220896441,0.00242165624995571,0.01293763260725563,0.2,0.6,0.1,127,2.66571077103497,7.57833020351817
22,71,0.038092720164153056,0.08506041329489211,0.06317971049182003,0.47761725642183944,0.036644143678619706,0.10936781827718838,0.00213159399277687,0.006331243851787979,0.2,0.6,0.1,129,2.700639060402723,6.830413735893013
22,72,0.03792585924026204,0.09196350228318341,0.08614287086294985,0.5217061141114674,0.027709820089082647,0.10183182536760169,0.0031424365541983398,0.017863058488519178,0.2,0.6,0.1,133,2.630251613598351,7.86758313713829
22,73,0.0379714163191791,0.09073205521808866,0.08473892214893643,0.5199135974981695,0.0287332999170792,0.10433492995519014,0.00296332625261853,0.01688446462848545,0.2,0.6,0.1,135,2.708472452046281,7.8126141394477235
22,74,0.0374709235163203,0.10558418380417937,0.13187661859090022,0.5649594128600093,0.03488766430273271,0.1123134714566157,0.00217371306308307,0.00655539410744934,0.2,0.6,0.1,137,2.6447045571378114,6.903590292749595
22,75,0.03527505000416907,0.0972835864377557,0.11519928246641839,0.5419609710794109,0.03283917556643529,0.10279835387377809,0.0021741608214777197,0.00650869362054593,0.2,0.6,0.1,138,2.4586043274032057,6.89606973354203
22,76,0.03535372986301906,0.09488520690644414,0.11246777947580427,0.5610429746453202,0.031555705777648206,0.10554672697303677,0.0021745945711510303,0.006507665726111759,0.2,0.6,0.1,140,2.489237750565324,6.8396524881015806
22,77,0.03512034375608744,0.09913289161046038,0.12487359064391054,0.5653011752870064,0.023259188574912208,0.10449612434211035,0.00217983259022838,0.0064675722217671,0.2,0.6,0.1,142,2.5541683042345413,6.836971718037658
22,78,0.037194409320257714,0.10969316132708214,0.151686201462028,0.6081754883950556,0.029948566860230067,0.11623539250868131,0.0020424716145172597,0.00590125000021147,0.2,0.6,0.1,143,2.655471580873278,7.295963006268769
22,79,0.03469570907940097,0.0946814406913516,0.11988179001850684,0.5733093029303775,0.04584706855410218,0.10627803288865476,0.00215574631660748,0.0063551764048798,0.2,0.6,0.1,144,2.5786576223213,6.736653962702435
22,80,0.03486948212800967,0.08917306985366251,0.10605416060815119,0.6003806494038402,0.027273412084179577,0.107589506589825,0.00226920470034973,0.006807078332844769,0.2,0.6,0.1,146,2.8737842760244217,7.604241055237881
22,81,0.034153714854852905,0.08507160849349174,0.10149975102879208,0.6081814440746335,0.035013435847608465,0.10711029505506449,0.0022642291658248,0.00686387035673198,0.2,0.6,0.1,148,2.851864424515197,7.637729464963995
22,82,0.03376933895376439,0.08608032213941684,0.11025465382781122,0.6180555355477445,0.034552595847574516,0.1080197368312881,0.00228586665018049,0.006875907610440569,0.2,0.6,0.1,150,2.835682909524866,7.586251953609892
22,83,0.034100697427684026,0.09259993187294398,0.13272128697471466,0.6437332961512919,0.034756578274212996,0.11239581731624708,0.0022422519926845502,0.0070898167126211,0.2,0.6,0.1,152,2.89993741080003,7.730265536858887
22,84,0.03413642859211355,0.09710707170427793,0.14538537825317543,0.6588913917950237,0.0250266424977141,0.11271295079173249,0.00223379176562042,0.007091352215021151,0.2,0.6,0.1,154,2.881096222542772,7.723419618276703
22,85,0.033953772788718604,0.09561715033698669,0.14372155561727734,0.6710924097452559,0.027596489269192517,0.11300413007062633,0.00224303290393238,0.00694597971042199,0.2,0.6,0.1,157,2.9322447523338155,7.828173422894652
22,86,0.03359889852172498,0.09464278283415878,0.14266478149661352,0.7092800604669496,0.024922091005215363,0.11128833887663847,0.0022759344388314897,0.007728402885416171,0.2,0.6,0.1,165,2.741291908480603,6.388697232093149
22,87,0.03284265076215626,0.09106869903638608,0.13871645020217033,0.7173991073568291,0.033668471409593545,0.11001335465496147,0.00228495890719581,0.00760304331085992,0.2,0.6,0.1,167,2.836623688878294,6.417320163307831
22,88,0.03227883093742137,0.08747783946929995,0.1347242078641498,0.731935328227381,0.03432477047990588,0.1099071079063425,0.0022920619591160303,0.00738280536418687,0.2,0.6,0.1,169,2.8856431185839955,6.5336206289706205
23,0,0.7937838928266733,0.9380896586336954,0.9286989662877932,0.1404527929321274,0.021190934699520058,0.10561094170090886,9.289287557707e-05,0.00013010633992044,0.2,0.6,0.1,1,17.22176175447424,29.46462435963484
23,1,0.5334054672564007,0.814949413492811,0.7986228184629195,0.11610658401262679,0.4129915103612253,0.13340701330516394,0.0006977100152875799,0.0006475586368343701,0.2,0.6,0.1,3,10.869575795077242,14.00824980326703
23,2,0.5329794853150805,0.8147256953258618,0.7983616994883669,0.11934763610858096,0.029171150204809176,0.1338397498863077,0.0007284181683843199,0.0006760594886543599,0.2,0.6,0.1,4,10.834856662450196,13.82375249156052
23,3,0.4130170265903354,0.729676613836034,0.7043871418065201,0.0946198714488411,0.47565339314191807,0.10325601405796128,0.0007762298974135901,0.0009069520895007401,0.2,0.6,0.1,5,7.863936726879836,16.838739860911666
23,4,0.5710898153314089,0.8849843926833982,0.8506166786074401,0.2639680316770313,0.23383040241169523,0.3725269397034937,0.024352286066337138,1.0,0.2,0.6,0.1,6,9.637536126398569,11.68619144704774
23,5,0.33572460760611145,0.6630003180243138,0.6306039667216212,0.0794113067167114,0.33470512672027364,0.08398533405565378,0.0008699532800078199,0.0010392651855276902,0.2,0.6,0.1,7,8.111075256238479,15.387919859457904
23,6,0.31391891917216125,0.6422525265422774,0.6075648570649367,0.07733468173745965,0.13598056570145958,0.08253185017699263,0.00062280317550396,0.00071726558149346,0.2,0.6,0.1,8,8.50386943819053,15.521510921051464
23,7,0.24864221945407106,0.5705761029415785,0.5283084423721972,0.05659779540881825,0.3970661114772263,0.05837106910186325,0.00096356094763453,0.00100994700260437,0.2,0.6,0.1,9,9.891014640997804,13.472331276950552
23,8,0.24415007368273534,0.5651558598696532,0.5222015856527833,0.05991466182287247,0.04943501953094583,0.062471588664238895,0.00071652655809819,0.00084957867752041,0.2,0.6,0.1,10,8.944443403896997,13.376994094132218
23,9,0.2262015062040572,0.541876750984389,0.496215062886399,0.05488689589861172,0.15150334625285827,0.06497370737717097,0.00099071315989032,0.00100115554861196,0.2,0.6,0.1,11,9.46848095269425,10.362956965419938
23,10,0.22272002271955926,0.5373318430563382,0.491207344997346,0.06077663233073126,0.03662206324269353,0.06268825163482458,0.00100039482258041,0.00101898756404448,0.2,0.6,0.1,12,9.45186389851381,10.835005081405042
23,11,0.2023725950161858,0.5080520092617804,0.45842558333893935,0.05380363935893584,0.1940808384222661,0.07079066019480477,0.00112582063894254,0.0011651783995550301,0.2,0.6,0.1,13,6.967066180646564,11.517193896970715
23,12,0.18543265534963177,0.48376252576248563,0.4316763946532563,0.05599660337366159,0.07575951311292149,0.05836490230620524,0.00108849530395073,0.00101012409159284,0.2,0.6,0.1,15,9.29469708481732,6.818664309892174
23,13,0.17922543454810835,0.4759227401900806,0.4303162706612083,0.06995315473221742,0.055587755802930724,0.07055204731177402,0.00123795973665947,0.0012879689889655301,0.2,0.6,0.1,17,5.389946977459303,10.25799344572521
23,14,0.247887335649129,0.5380307623438364,0.4836812360828401,0.13599523869011604,0.11610996845236582,0.09035207702012968,0.00080993174628648,0.6816893680260816,0.2,0.6,0.1,18,5.171082335356301,9.758222499956702
23,15,0.16312392964667732,0.44623122719342323,0.38992830290747776,0.05716928231840255,0.11327282673705692,0.05632449520878761,0.00136443093336696,0.0012808119309122398,0.2,0.6,0.1,19,8.777218268218572,6.78589676903376
23,16,0.1698142232277539,0.4551639221561131,0.40646999129711564,0.07073224307722689,0.04847950479797121,0.058762827342145066,0.01446371741293398,0.011142778980681691,0.2,0.6,0.1,20,5.906379644333796,9.185113836014786
23,17,0.14966344944713514,0.41884599487589247,0.3591090692727108,0.05461135849236613,0.16246267062028982,0.07101010803769961,0.00143825930234522,0.0015015837253237198,0.2,0.6,0.1,21,6.472824684027861,5.929487134283431
23,18,0.1577396337790444,0.43013785225378665,0.37827146228699726,0.07158361308883043,0.03906243615145999,0.06863404143144251,0.01669516860895183,0.00849918173246722,0.2,0.6,0.1,22,4.2690619296097605,7.637590376509568
23,19,0.1264326570562857,0.37044105433966673,0.305180103420009,0.05027688968234772,0.2830684501102829,0.07294661261774227,0.00153156509501878,0.0018548287587465799,0.2,0.6,0.1,23,4.744551097965146,6.812262595656223
23,20,0.12152969855705979,0.3639475122296713,0.30560800635405333,0.0594637584532122,0.04750606677546087,0.07227906615095336,0.00170680864072057,0.00205976457147795,0.2,0.6,0.1,25,4.880873086335151,6.202269920100991
23,21,0.11882477725425238,0.3585654756667067,0.2996743133093679,0.05708883274276629,0.04454257378775619,0.07116568575150793,0.00135516096105506,0.00139474694650071,0.2,0.6,0.1,26,4.6707947530953975,6.334971403808372
23,22,0.11573955385961544,0.35590259902644245,0.3043785931914287,0.06764894044181761,0.055251956291212996,0.07005900071904994,0.00149459434359052,0.0015655310733792,0.2,0.6,0.1,27,4.774768401556536,6.172299969192494
23,23,0.11259667251535621,0.3479429866961819,0.29550587081102986,0.07154493555087581,0.06040334281263663,0.07116568575150796,0.00135516096105506,0.00139474694650071,0.2,0.6,0.1,28,4.973896276380181,6.938372289780205
23,24,0.11859667370136046,0.34422516150567994,0.2826408795436807,0.07595391273963564,0.07427586961459731,0.06346444500342137,0.01802895311689621,0.01168849987771554,0.2,0.6,0.1,29,2.890085868955054,7.02389369672245
23,25,0.1216845531135437,0.3490057483157452,0.30237111520115423,0.09009631619613631,0.1039372669247913,0.07664469341483424,0.027141159690243312,0.0102222639500631,0.2,0.6,0.1,30,4.220612026637393,6.452886291759649
23,26,0.11050079880610293,0.3287300322156735,0.2731002069177298,0.079645430485954,0.06606014315829913,0.06170912477016257,0.01788667333488697,0.011529939013300499,0.2,0.6,0.1,31,3.075342247722985,6.774126529061622
23,27,0.09279430778069199,0.2687359499402564,0.21324131886816253,0.07323774285160058,0.4406115656981032,0.06718982486623962,0.02717835423909224,0.01026754369869637,0.2,0.6,0.1,32,3.36416993282146,5.801943876594576
23,28,0.081242343272261,0.24382235689375684,0.17873170717273268,0.06549050595224347,0.09627094414275227,0.06547585392379607,0.014101305492490552,0.014847393310006372,0.2,0.6,0.1,33,3.933234021151533,5.451039239406812
23,29,0.0710795229986769,0.22836729082525076,0.16988501729852984,0.0683362317365218,0.05633794930653374,0.07403366493944154,0.00233231437446162,0.0063540794343292005,0.2,0.6,0.1,35,3.431242885798047,4.897787854573975
23,30,0.06846719847743751,0.2228374673100211,0.1638962292706421,0.08399628146488053,0.023170406386116945,0.06989637811385795,0.00188490466592848,0.00262296798938388,0.2,0.6,0.1,38,3.387824010581137,4.816820079707621
23,31,0.07774031192193645,0.22037570980110893,0.15960960833411242,0.10371052157148454,0.07559234240994395,0.06212669813238889,0.02565824911422333,0.01240012173716685,0.2,0.6,0.1,40,3.6250551953691232,5.292067718951865
23,32,0.07626235919422596,0.21938225836113828,0.16615823612581898,0.1274282221451252,0.04514457833924584,0.06145742789911139,0.02589298485586945,0.01232650708844297,0.2,0.6,0.1,42,3.2733452731346406,5.248798289906318
23,33,0.0744381938730663,0.215361478904456,0.16180142993068525,0.10432038905806405,0.04514457446828603,0.06780014413107989,0.02191307250999438,0.01304892961861714,0.2,0.6,0.1,43,2.8722218183919983,4.206006510327685
23,34,0.07400722221892041,0.219069948023038,0.17361370706746523,0.11099452207083041,0.02953432539787387,0.06661528222421853,0.0221269343731578,0.01144163460620564,0.2,0.6,0.1,45,3.2486024428466966,4.589324971308006
23,35,0.0680436826758641,0.2136655407715267,0.19821522123962235,0.14115467846342772,0.1649425037059445,0.0663942511468796,0.02172517947053623,0.014365501388067201,0.2,0.6,0.1,46,3.2519322248636544,4.259793634616003
23,36,0.06770481602420127,0.1945219886450724,0.14631490266756794,0.13352918404196507,0.02855118513960243,0.0652460514903204,0.02186435453698121,0.01371258205878905,0.2,0.6,0.1,49,3.235444350999632,4.290115416005203
23,37,0.0663115802125256,0.18884165704895542,0.13999752459338213,0.1357680426076798,0.0599662730833451,0.06531041162708205,0.02189559954270531,0.01296899045612172,0.2,0.6,0.1,50,3.295332336578531,4.3765650697101
23,38,0.0658510186224131,0.19046373958602442,0.14942083064028086,0.16173728519433703,0.03417713924090626,0.06673243781123256,0.02184958586863505,0.01362481378663773,0.2,0.6,0.1,53,2.944846782535945,4.129036847569146
23,39,0.06709337987050824,0.20519918577058924,0.1886337180393649,0.1549797716451774,0.030253094332395647,0.06665958163367747,0.02408166373984156,0.013701464598859351,0.2,0.6,0.1,55,2.99647271708922,4.218017627015879
23,40,0.0673695709054546,0.19130333605346977,0.15016056942426667,0.1675174927499773,0.03235464556151476,0.06843621616849806,0.02412990056786784,0.01376726579956534,0.2,0.6,0.1,56,3.000176535609074,4.259615736393501
23,41,0.06513198507302458,0.18874230378211193,0.15504853963061793,0.19638676069723535,0.04113109356737106,0.06852221242591974,0.02244275419855116,0.016273775595432742,0.2,0.6,0.1,59,2.969158788119832,4.488413844358864
23,42,0.06384285987791923,0.1905994730872202,0.16486693577890635,0.21926078459945253,0.03334359602353765,0.0678671806924391,0.021701405586953982,0.0134494494682942,0.2,0.6,0.1,61,2.857519040376714,4.318739302673387
23,43,0.0656497826192363,0.18162760722233007,0.13931513530545123,0.19277848128990457,0.04209104789566205,0.07195468097177898,0.0237473750782047,0.01577353234671068,0.2,0.6,0.1,62,3.135923494983051,3.7152946738234967
23,44,0.06564978317385059,0.19542597971296413,0.1776357558141486,0.18888591128483423,0.030216848735464222,0.07195467939890418,0.02374737408502573,0.0157735517038849,0.2,0.6,0.1,63,3.135923545945768,3.715294656716099
23,45,0.0653395499233304,0.19621443655106635,0.1860875476376867,0.19210403361399386,0.05690109642264814,0.07563650603184965,0.023695632329089868,0.01581256092028259,0.2,0.6,0.1,64,3.443297953914068,4.153187830980654
23,46,0.06520807323672104,0.19093527406042743,0.17255378239138683,0.1881619722232602,0.03305400369862632,0.07164194502003282,0.02433437178348878,0.020287258877896112,0.2,0.6,0.1,66,3.1806357332165804,3.773304925477722
23,47,0.06559024238514524,0.18538485116834677,0.15863503496600892,0.30240539026105245,0.03218018465740949,0.0613922491355489,0.02923317975806079,0.019085087723527662,0.2,0.6,0.1,88,3.863503152780511,6.311164514707487
23,48,0.07153854019010077,0.187086738478432,0.15972154307370634,0.33669930420024985,0.0700743428805709,0.10001107190616418,0.027536177902730618,0.023492126587469568,0.2,0.6,0.1,89,4.071299574958927,6.680831775685816
23,49,0.07085569025791048,0.17602557765624827,0.1396515761893005,0.31800336194591894,0.08250244464880031,0.1002726285303415,0.02928556316246922,0.02173219983581074,0.2,0.6,0.1,90,4.03610042069445,6.317666530917293
23,50,0.07002383442532575,0.178045638080496,0.14959533301331612,0.3522331727076127,0.052052354971131726,0.0982575266664735,0.029319997463037012,0.02192324686175428,0.2,0.6,0.1,91,3.9787947979604,6.319102373467921
23,51,0.07036538713838364,0.17663673717983566,0.14793345606511019,0.3306913886665376,0.05349816367769006,0.10253956914145901,0.02930987686121172,0.02171757761696671,0.2,0.6,0.1,92,3.72512796791718,6.214586689644424
23,52,0.06957390525606862,0.17849306115337346,0.1576860661971682,0.3608214583543922,0.05380349678029172,0.10063114189923421,0.029424694469312,0.02199549145975904,0.2,0.6,0.1,93,3.680550092729829,6.4283888071436985
23,53,0.06918069322825146,0.17553810585801885,0.15436497211654887,0.3425377970945391,0.058930505826255114,0.10253956914145901,0.02930987686121172,0.0217175776169461,0.2,0.6,0.1,94,3.8613195009537833,6.605924795025843
23,54,0.06422347073740532,0.15991770424985424,0.1372303738766904,0.36561326211565004,0.04662051056495502,0.10664775785085204,0.024530329942536032,0.01997113253806502,0.2,0.6,0.1,103,3.4098650600115152,6.193817649107512
23,55,0.05727114992761054,0.14190681248559103,0.12519679014198365,0.375008412558664,0.14685433107073936,0.10038786128249208,0.022771645889322,0.01134268305131575,0.2,0.6,0.1,104,3.866944176075773,6.944731001348235
23,56,0.05727114992761054,0.14190681248559103,0.12519679014198365,0.3918133577572655,0.034874868199351226,0.10038786128249208,0.022771645889322,0.01134268305131575,0.2,0.6,0.1,108,3.866944176075774,6.944731001348235
23,57,0.06112358347130574,0.14840273946839172,0.13959444404677074,0.47508646322322057,0.04010654974118749,0.10508070606901591,0.02760722775670927,0.01600664420537744,0.2,0.6,0.1,123,3.758137534678359,7.096224540927958
23,58,0.05841963609721566,0.15391415974706568,0.16131726965122994,0.5172313615345537,0.0376998933844086,0.10098964057325802,0.025444531679753142,0.01239292251218437,0.2,0.6,0.1,130,3.653907325596364,6.35671030038889
23,59,0.06080992728948623,0.1415380884044036,0.12428349272721435,0.5209640642954246,0.0407508744474044,0.10342137688567124,0.027838100225741708,0.019380957752353357,0.2,0.6,0.1,135,3.497840842048567,5.842881861224539
23,60,0.059709762857328284,0.13994508140069423,0.13015975171813876,0.5305040441559438,0.07507273639314478,0.10351756664488301,0.027901659174857218,0.019249245645170478,0.2,0.6,0.1,136,3.634883397395516,6.111382053031395
23,61,0.05869408086681791,0.14296106064239603,0.14127135016726902,0.5931685478686569,0.038766402478774296,0.10153135206519848,0.02768599429240256,0.015628215650176032,0.2,0.6,0.1,150,4.079231987492642,6.238562672894782
23,62,0.05840239730947033,0.14623981090422944,0.15258192342246274,0.6045529633906576,0.04566764657265074,0.10234369280099265,0.02720348126456438,0.01627450046437561,0.2,0.6,0.1,151,3.973103988853981,6.491789876429976
23,63,0.057848615545963614,0.14395456617923263,0.15005770379713562,0.6596485335677006,0.03935548734873327,0.10285082971399959,0.026646678720778923,0.01689798450857897,0.2,0.6,0.1,162,3.7546111816083343,5.953251092026399
23,64,0.05793267337190296,0.14852615260162827,0.1627879600116263,0.6854999754127905,0.03851416607988825,0.10264488841412285,0.02656849141698025,0.01886672999673087,0.2,0.6,0.1,167,3.789726915795343,6.034243406804116
24,0,0.8623036018710137,0.9638079584335124,0.9575870035719487,0.14596358659540787,0.01885897453764811,0.09396468137118605,9.199786247818e-05,0.00010839545923987,0.2,0.6,0.1,1,11.874301005031226,29.46462435963484
24,1,0.570386357415636,0.8374715769484782,0.8234582068226461,0.12385029734042567,0.4361043283701397,0.14391290826568284,0.00059964746273975,0.0007384935826908799,0.2,0.6,0.1,3,7.882721849194119,15.596066159332915
24,2,0.5561836892441854,0.8280525256758409,0.8132740880675089,0.12253078449827526,0.06557223176527172,0.13153299859692744,0.00035351036929042,0.00049635772877093,0.2,0.6,0.1,4,8.067373394824378,14.104580996678315
24,3,0.43473628849128043,0.7472083570129306,0.7233036907260961,0.09980538698318157,0.4916784150564807,0.12992318486703539,0.00069164532521794,0.0008468890419307601,0.2,0.6,0.1,5,6.001397739301588,14.71018862275533
24,4,0.41824222744052314,0.7336222642503563,0.7087448385219466,0.09963058354739297,0.0720210291558802,0.10561193504731241,0.00054410273414545,0.00058334846723328,0.2,0.6,0.1,6,5.885579053993379,15.23776510175114
24,5,0.35692909586207056,0.6825471743105912,0.6520967068580665,0.08405173713857783,0.3041789178893903,0.09486078668572212,0.00109653966686411,0.00119568244980803,0.2,0.6,0.1,7,5.504899801243582,14.482204117338636
24,6,0.33811320646465703,0.6653044282254935,0.6330760444641961,0.08470546652962156,0.10933541396476516,0.08899468009782865,0.0006276723992192,0.0006507817621912899,0.2,0.6,0.1,8,4.937556305925666,13.5888011972302
24,7,0.29328875276878624,0.6200507161209451,0.5824254692724785,0.07378152853977968,0.2941043421078455,0.10081888809493378,0.00081043978991384,0.00095955117275019,0.2,0.6,0.1,9,5.771814019386902,11.11076611957936
24,8,0.27231035289622507,0.5972260443480811,0.5572986671689143,0.06984821263205852,0.13668717293015523,0.08893867588437537,0.00071489280405492,0.00076004559055131,0.2,0.6,0.1,10,5.338516313118137,11.554289787393904
24,9,0.23775212296674023,0.554604209486491,0.5097102146997249,0.06165843841203826,0.27174513176734577,0.09488228496734696,0.00089920385990558,0.00107132334603762,0.2,0.6,0.1,11,6.618622621005724,10.521931956578747
24,10,0.21592356254713474,0.5262172035336482,0.4784329137430612,0.059138156738117995,0.16495253894618095,0.08121955636274962,0.0008036568740466601,0.00087181776383875,0.2,0.6,0.1,12,6.338014329015894,11.203563400515272
24,11,0.20270620127548247,0.5051142217159734,0.45452334655309207,0.055880580644804334,0.1627944981321913,0.0993119845082738,0.0009499791647576101,0.00113698241399466,0.2,0.6,0.1,13,5.49122591363388,11.133792419934291
24,12,0.20184249175190166,0.5038966289360038,0.4531879710503673,0.060102952880556476,0.026375292791724975,0.09872362172338264,0.0008707992971408399,0.00103771543567311,0.2,0.6,0.1,14,5.56001901819191,10.921312475273751
24,13,0.1848458131454594,0.480005968274414,0.42710875152111044,0.05735985881419438,0.12795419427687663,0.07507536603803806,0.00117447278655032,0.0012872490388666099,0.2,0.6,0.1,15,6.251273432727338,10.544178703582384
24,14,0.18456052001583473,0.47636084153742336,0.4224945481252675,0.05886059577416577,0.06963338312589917,0.09977132445265192,0.0011467928845754001,0.00136290181339274,0.2,0.6,0.1,16,5.026773631456135,11.13765098966996
24,15,0.16649209636561652,0.44521467077562205,0.38782885393063216,0.0511319192329235,0.2001846811373181,0.09977916774254848,0.00108695118194245,0.00170309864068786,0.2,0.6,0.1,17,5.0479589096715,8.254963823000272
24,16,0.16563069355111243,0.44406428946713977,0.38660527955053675,0.05562915247743347,0.02400338162600006,0.09799098439375228,0.00088423199619072,0.0014627612782345798,0.2,0.6,0.1,18,4.851577946526968,7.475125080402178
24,17,0.1370099187443284,0.3924881497761017,0.3296717931104644,0.04190152428318088,0.28923034122616564,0.07594759056951031,0.00125473718716339,0.00165394255296735,0.2,0.6,0.1,19,5.548202124954503,7.520057959789218
24,18,0.13372856949262876,0.3854590235456705,0.3218344465349598,0.04866506885933322,0.05748748196529154,0.07718384662596228,0.00110517022191983,0.00131159910108901,0.2,0.6,0.1,20,5.27099184209424,7.738624484977451
24,19,0.11162752458552617,0.3273523353643142,0.2566022174845845,0.03322918280499947,0.384335377521854,0.09966979432575096,0.00172335303682874,0.00213627516083402,0.2,0.6,0.1,21,3.140712324158496,3.588390861515859
24,20,0.10689812226805599,0.31462263215325353,0.24239336015391694,0.038323571805683895,0.09812337882440768,0.10214035408068908,0.0015396422417064798,0.00188868795067123,0.2,0.6,0.1,22,3.699962636472119,5.367813317432116
24,21,0.10283508522404425,0.3061602393836859,0.2331534973810101,0.03529661762364895,0.0584146439976198,0.09323025925426057,0.00181244116692614,0.00224911824496148,0.2,0.6,0.1,23,2.3547693530818665,4.695272442640634
24,22,0.09541750464467252,0.2852991364881825,0.209930679167367,0.03537278228765435,0.1403801639143207,0.09371173041224132,0.0017332612993093699,0.00214985126663992,0.2,0.6,0.1,24,2.336804903593032,4.2944514201211295
24,23,0.08478958575255437,0.2592236100585452,0.18123285223034666,0.023194418567832185,0.15082861428015684,0.08048749740626922,0.00139755878556091,0.00191874650214956,0.2,0.6,0.1,25,2.5517372551689066,4.2467193612207845
24,24,0.07990947776483888,0.24606833429549455,0.16670686023278572,0.024957828811136184,0.08610030688498337,0.07626222227015247,0.00117954876807508,0.00142040310035958,0.2,0.6,0.1,26,2.5298943736088733,4.43856053081408
24,25,0.07890317912655892,0.24741931935970618,0.17586636995172844,0.03346343769852398,0.025308113133577306,0.07621923601599141,0.00117227619843061,0.00141224145401696,0.2,0.6,0.1,28,2.50872448679838,4.537080027434271
24,26,0.0790370877350739,0.24755437596259508,0.17599980811035326,0.04003008386730979,0.016540104081832294,0.07667859171872218,0.00125402576707332,0.0015037884591667199,0.2,0.6,0.1,29,2.511473227863365,4.346387315907043
24,27,0.0762776539178407,0.24298201206315934,0.17856062813595935,0.0568800696022008,0.06925440692870888,0.07651033294096418,0.00135510490624713,0.00163249524330145,0.2,0.6,0.1,30,2.485292734710599,4.194565519179175
24,28,0.07243138974018647,0.2295034327142868,0.16354010583787187,0.040329795423983295,0.09498912405313953,0.07758417926308435,0.00129753215351498,0.00149397855752512,0.2,0.6,0.1,31,2.0795607721275866,4.045832298639677
24,29,0.07230012653776823,0.22928012156067135,0.16330163007637527,0.043513649310107094,0.01719739157291783,0.077537105637281,0.00118665323577502,0.00136217042111224,0.2,0.6,0.1,32,2.1333369714766834,4.32140252228707
24,30,0.07046874526295746,0.2217147618664223,0.1548311493082555,0.04501313345604284,0.06281618844744334,0.07914093894688726,0.00135610423866748,0.0015816810363008301,0.2,0.6,0.1,33,2.173567179613219,3.946955768959744
24,31,0.06808530457590746,0.21451975731005543,0.14688217184274743,0.055298668325603345,0.054714833849547714,0.07643009739765201,0.00138129911091461,0.0016201051169732299,0.2,0.6,0.1,34,2.178706610439907,4.249377320455212
24,32,0.06772372971517242,0.21373442484754984,0.1460303801685692,0.05851419942959973,0.019505278624661816,0.07583686727519542,0.00127177146723847,0.00148816137095767,0.2,0.6,0.1,35,2.185538075331476,4.4968193066321565
24,33,0.06698410263888968,0.21100135182962318,0.14298692275547883,0.06133349819267252,0.03191999713095944,0.0759314814898402,0.00126531264440602,0.00148116060234878,0.2,0.6,0.1,36,2.23111310362778,4.390474116140798
24,34,0.06693352798225272,0.21544055282974717,0.1555837423883946,0.06781580548861509,0.016842587933253005,0.07583686727519542,0.00127177146723847,0.00148816137095767,0.2,0.6,0.1,37,2.1862660258717583,4.589501753658452
24,35,0.0763183603216607,0.237841104926766,0.20238486562374566,0.1276479151095993,0.026790988150468764,0.08706993678200152,0.0039581448165331,0.059688020748485594,0.2,0.6,0.1,43,3.285509714375616,4.901387352520216
24,36,0.07554021259040024,0.24075578937636768,0.2133321021894759,0.1767401795771682,0.026056509540326536,0.08459439538569688,0.0040544932834384,0.05973237698276081,0.2,0.6,0.1,53,3.104441576839115,4.60614462583099
24,37,0.07478568802104439,0.2503535604064652,0.24691987363678494,0.21486463343711995,0.052859907856971346,0.0872632109421521,0.004023732022299839,0.05967535490727436,0.2,0.6,0.1,54,3.196026134760442,4.566297309812186
24,38,0.07309581802260298,0.23893801411535667,0.22654212903131776,0.21364250576698596,0.04608832796503379,0.08805324862179818,0.00402007750637261,0.059697016114283866,0.2,0.6,0.1,56,3.3891527668175185,4.533856963085132
24,39,0.07183863575188751,0.22680575795101202,0.20527904146463505,0.1963410624889424,0.051310073676622124,0.09217156738857755,0.00421625268049746,0.059625886306143905,0.2,0.6,0.1,58,2.301022933724904,3.967943972239619
24,40,0.06932198994655146,0.22043811324909948,0.2058098030074173,0.19349531826438998,0.0597514337172371,0.0868192828976157,0.00460511502973647,0.07120371799721115,0.2,0.6,0.1,60,2.5228752829404004,3.7480317360761872
24,41,0.06932327280986211,0.21902587649089905,0.20418549624227705,0.20556643726325943,0.033129490935423146,0.08968107054515621,0.00424617723285885,0.07228372245581895,0.2,0.6,0.1,62,2.8322781402769808,4.108832812024947
24,42,0.06701123265492696,0.20692085149958295,0.18313087446412976,0.21082492924320886,0.06657603235881866,0.0851946261603137,0.00463121512794653,0.07251831747964019,0.2,0.6,0.1,63,2.314790921075057,3.951880928697809
24,43,0.06530693191650168,0.1985741393736648,0.1737994049785901,0.2169459906758169,0.05253851536008462,0.08716069925779582,0.004594187362924921,0.07249340617928614,0.2,0.6,0.1,65,2.285144298927214,3.834185435468095
24,44,0.06453886230142888,0.20670823775993233,0.19823651481496252,0.2243788798349811,0.028032566587387057,0.08693865966794108,0.00434337956262502,0.06778823887995657,0.2,0.6,0.1,67,2.324301722418056,3.6182910405774393
24,45,0.06314957689665236,0.19377316757365193,0.17610723482699348,0.21448190602645537,0.05337271976676858,0.08612055872434601,0.004977143990538,0.07254382625839907,0.2,0.6,0.1,69,2.3706687097265564,3.971678428412869
24,46,0.06173503310878399,0.18771055230206543,0.16936581817882587,0.2289862829621294,0.04470253229698541,0.085834346067541,0.00497929839618851,0.07254677346060108,0.2,0.6,0.1,71,2.357792380528532,3.9741071571109385
24,47,0.061578274959045914,0.186936900530793,0.16850237607855845,0.2327279418584898,0.031984170626536614,0.08594189956373446,0.0049776782959908795,0.07254527741532671,0.2,0.6,0.1,72,2.341704788424441,4.059210420325539
24,48,0.060789060167865394,0.17901306726051705,0.1520358017578505,0.23600380472365245,0.04618141447913284,0.0856109735994041,0.0049837032898444895,0.07255279268784988,0.2,0.6,0.1,73,2.385220743452774,4.060512836321537
24,49,0.05946639735663538,0.18073722982283374,0.16921803172047767,0.2505457887574652,0.07313100624413726,0.08519142616463037,0.0057822186487326305,0.07262571919229628,0.2,0.6,0.1,74,2.436226633240885,4.035710963843849
24,50,0.05782157320294071,0.17566439039593412,0.16365156841465722,0.25701823202970603,0.05222116826508133,0.08458618607381875,0.00558135017725031,0.06798876936372324,0.2,0.6,0.1,75,2.4147085992435025,4.0102928831398685
24,51,0.0580751734608108,0.1726315009100271,0.16014718141508394,0.2653890750997943,0.040220332180417914,0.08915753000497526,0.00589765138538414,0.06834687643571001,0.2,0.6,0.1,77,2.4212328934484924,3.801304863955126
24,52,0.055908336744982016,0.16755434248950693,0.16217228235595227,0.2750781941250017,0.04622430777400451,0.08974740387380374,0.00461178439616913,0.07296102952186709,0.2,0.6,0.1,80,2.393104286720828,3.8410581518151385
24,53,0.05754332795731381,0.1733776411595586,0.17611127300525836,0.31492174818264246,0.030125507013971764,0.09344623031326685,0.00489733598986982,0.08125950278641456,0.2,0.6,0.1,88,2.230275650676494,3.887293591171054
24,54,0.05713425291064529,0.17120457953062487,0.1736876671176962,0.3185937096711121,0.04256762253135969,0.09366351895551772,0.00490005605197692,0.08124712528651881,0.2,0.6,0.1,89,2.380154782881258,3.732572118302686
24,55,0.05538200895845762,0.17092272323010987,0.18113643158741505,0.355684203660483,0.04013927234828973,0.0957316771566892,0.00441417626227239,0.07044687844180629,0.2,0.6,0.1,91,2.061891486099777,3.811284275781968
24,56,0.05426578422787951,0.16640376307604562,0.17613683469467648,0.3629102150470754,0.04082437850568845,0.09436482647518815,0.00442633039437694,0.07045334702029873,0.2,0.6,0.1,93,2.068018968743532,3.757707833748432
24,57,0.05374745042302865,0.16438859577661097,0.17391083680926303,0.3665824607491826,0.03918475803167389,0.0937520479636664,0.00433363301170662,0.07075397178697368,0.2,0.6,0.1,94,2.1616200251038804,3.944121844159139
24,58,0.053485629101140145,0.1723118304578389,0.1980393127247371,0.41027720703599924,0.02986802071318557,0.09437913750593405,0.00436203481561578,0.06920256467853388,0.2,0.6,0.1,99,2.091224390480779,3.822809374503805
24,59,0.05439145501934474,0.16080082117019176,0.1697280959710771,0.3884924571897017,0.0416259316148809,0.09562105092120332,0.006790186053250789,0.06904112602930074,0.2,0.6,0.1,101,2.5772815647949874,4.229101636886704
24,60,0.053280817936681296,0.1686170372741878,0.19385425639180678,0.41895247853805817,0.029543524002883754,0.09238742311097126,0.00612113623307795,0.06907286339923108,0.2,0.6,0.1,105,2.4194087781104283,4.234319416417787
24,61,0.052352839796417215,0.15978535952888345,0.17638576582520726,0.4088123290384887,0.052515200955596086,0.09242448108250312,0.00594251856837269,0.06870654825886634,0.2,0.6,0.1,106,2.6000092361751186,4.13142801628272
24,62,0.05002273946294683,0.1454895131476872,0.1604244912535161,0.43209967373235897,0.057680291222326374,0.0947591351895623,0.00591432316581194,0.06862484179400687,0.2,0.6,0.1,109,2.568806230553868,4.059478151921511
24,63,0.05021104293807016,0.15026708534338462,0.1733746865077059,0.46852787585308237,0.029569575567485608,0.09569699445435877,0.00591459876501833,0.06864652608099392,0.2,0.6,0.1,112,2.560533509689127,4.103295160970223
24,64,0.04984175003770559,0.15276634086650656,0.18380872391455136,0.48639886612410554,0.04172413691805324,0.0956284108812276,0.00596627163819686,0.06864840056269447,0.2,0.6,0.1,113,2.526497686866759,3.989445398270691
24,65,0.04716604078817401,0.14611774412079626,0.1766117026087661,0.47323786071892143,0.041754745632417795,0.08848998180513643,0.00518393402460298,0.06966848219513093,0.2,0.6,0.1,115,2.355638206923776,3.446257563163824
24,66,0.04621489820130638,0.14327618195566577,0.18105209110874879,0.46254203550926853,0.05097241297545538,0.0905752270573236,0.00521429665599925,0.06986334483431009,0.2,0.6,0.1,117,2.404273510379228,3.67877413371392
24,67,0.07630081121748927,0.20452201617115362,0.2993741617874656,0.5574897537802322,0.05926510624308276,0.09857156065642808,0.00630155326414686,0.3504243308701425,0.2,0.6,0.1,127,2.6979050564578024,4.10578166460024
24,68,0.04700553649158277,0.14035733924292074,0.1776251642637476,0.5219600883732928,0.036010743960166805,0.09599903846249834,0.00616993867254396,0.06904440582963849,0.2,0.6,0.1,130,2.855947327016912,3.60834477842226
24,69,0.046667276581801045,0.14461009695242755,0.19005096531335933,0.5694511571943038,0.029531993917326003,0.09379303542900565,0.006342914211815311,0.06905473196013628,0.2,0.6,0.1,131,2.6712919154454267,3.714527188416095
24,70,0.04681970421199371,0.13927290736564116,0.1764178590162591,0.5306753251479776,0.03600770645615223,0.09601532872055027,0.0061687296203317,0.06904527353038194,0.2,0.6,0.1,132,2.8359998083803184,3.626007476502099
24,71,0.05081687815816157,0.14262688726433886,0.17968395272569349,0.5345883483836869,0.03841933936993309,0.11187141375855802,0.00617442842522901,0.07861489144772535,0.2,0.6,0.1,133,2.5175250974813945,3.966838418928328
24,72,0.050602291120493546,0.14210756534202748,0.17912300059034342,0.5433515372054095,0.03591128262228222,0.11108193972330871,0.00618395106731111,0.07862664349262635,0.2,0.6,0.1,134,2.5532464549471667,3.9461763497319193
24,73,0.04592448309386129,0.14304353508597104,0.195918294992244,0.6049636996316133,0.042313609844362075,0.0897213958210627,0.00818720378577328,0.06996606266020886,0.2,0.6,0.1,136,2.7473745865562265,3.3746920128643705
24,74,0.04526027560710025,0.14236203432740385,0.20278318792048858,0.6090861974800073,0.04612731386903951,0.09145045838948286,0.008116921415053099,0.06967132705530617,0.2,0.6,0.1,138,2.7568273553636304,3.2880550680487426
24,75,0.04487466886118537,0.1319344377379336,0.17589291427946338,0.5782628417356396,0.032827443357139184,0.09631376535678726,0.00615175744007608,0.06957335063724929,0.2,0.6,0.1,140,2.7366657792218105,3.5464333495571765
24,76,0.048973867583969814,0.13027963236397613,0.16590757822630722,0.591298322412833,0.04222122771860111,0.11212332050894609,0.006557568765569589,0.07882054773864397,0.2,0.6,0.1,141,2.6779992842905163,3.593795663075944
24,77,0.04740877920968569,0.12059002791604441,0.1551197225716433,0.5782428536893446,0.06225927116082829,0.11261806485117812,0.00642884249878691,0.07888859047866958,0.2,0.6,0.1,143,2.7318619223449763,3.617072608090005
24,78,0.04729911783992646,0.1248111615987286,0.1674787439697155,0.5930022139986174,0.035135022879171265,0.11231929792348952,0.006431418367948501,0.0788919512052472,0.2,0.6,0.1,145,2.717308777410659,3.630087577441031
24,79,0.04677392670818377,0.12123250691783076,0.16348895707743194,0.6619441359488838,0.03689032981778978,0.11168953800764606,0.00667539631921296,0.0792785685323953,0.2,0.6,0.1,153,2.864027706401693,3.5416365855401115
24,80,0.044991537119829006,0.11816504533349603,0.1678058338922109,0.689897587548498,0.0416457032081793,0.10827606421251106,0.00667388673004064,0.07934189145881695,0.2,0.6,0.1,158,2.595771313230652,4.110211535860159
24,81,0.045091132804551855,0.12186560875163505,0.17954673444572228,0.7098023241238582,0.036150339091823996,0.10870762713026412,0.006782887307142429,0.08066923651755131,0.2,0.6,0.1,161,2.58893609098806,4.08446018971114
24,82,0.04455952975720905,0.11743492550909677,0.17459468512926402,0.7180732907843563,0.04734874598849057,0.11065326134815316,0.00668187751218717,0.079213533913447,0.2,0.6,0.1,163,2.582461601272116,4.125286894422698
24,83,0.6400673744795106,0.7148934636830239,0.7798738953296647,1.364779457102845,0.6320496838759008,0.11063355484777844,1.0,0.0792116957773272,0.2,0.6,0.1,172,2.630392307304852,4.107656605931741
24,84,0.6396852830257708,0.7097548667352459,0.7665402095871586,1.3719118178557057,0.6307614910926161,0.10885499161584682,1.0,0.07923023298319068,0.2,0.6,0.1,173,2.637760448223994,4.097366265388194
24,85,0.6393320862974504,0.71471501624711,0.7873311959325792,1.3885897747070421,0.6432196120822162,0.11056271425717197,1.0,0.07920976118532304,0.2,0.6,0.1,175,2.659791410033032,4.179306505556975
24,86,0.15126027038642417,0.23073129911344584,0.31145344446686,0.9127560836715761,0.14378432194265944,0.19055953856007962,0.00656684751895671,1.0,0.2,0.6,0.1,177,2.741472518189516,4.234064501805214
24,87,0.7467470313893741,0.8328224294496166,0.9295481543948639,1.5764345903649306,0.7397512408826332,0.1899713907771832,1.0,1.0,0.2,0.6,0.1,187,2.768840910039524,4.339455492928042
24,88,0.7464339726970266,0.8323568740393539,0.9290624130835993,1.590556444717694,0.7382237646032267,0.18853913791562044,1.0,1.0,0.2,0.6,0.1,189,2.815047658330258,4.329013420771197
24,89,0.7467323278248968,0.8310155673202944,0.9275034312894318,1.5841675613466146,0.7493774051293683,0.19145668207428143,1.0,1.0,0.2,0.6,0.1,190,2.9658588586218286,4.251872522131749
24,90,0.7461487058788482,0.8282127909434643,0.9244067092317195,1.5896702415804431,0.7530804567254327,0.1904535174249996,1.0,1.0,0.2,0.6,0.1,191,2.8798277313915914,4.180872876172567
24,91,0.7455560199535302,0.8240257385585651,0.9197442882887734,1.5981498610975862,0.750228512658975,0.1905550030127912,1.0,1.0,0.2,0.6,0.1,193,2.8246157580599927,4.239126927063996
25,0,0.9509754261077229,0.9956672167450658,0.993118388415348,0.1544352122145616,0.0182227760904572,0.09080667014205296,8.651043417612e-05,9.535801540937e-05,0.2,0.6,0.1,1,17.491147031353158,29.989688128597244
25,1,0.8428108582409884,0.9529967478145693,0.9461604938334347,0.14085713336978495,0.2320522192375036,0.0674346408947422,7.602109699423106e-06,1.70722336888e-05,0.2,0.6,0.1,2,16.190673546267874,29.5843128399992
25,2,0.5349558171624871,0.8234186247526823,0.805638589784245,0.13378446302308958,1.022939269218425,0.2399600858509689,0.00065959890858188,0.0010836090907693102,0.2,0.6,0.1,3,11.601867864528828,15.22675929275664
25,3,0.5233234946694317,0.813717533535102,0.7955433632651178,0.1298198273742892,0.062372687790641694,0.20998071713008631,0.00035325657771688,0.00074580423962248,0.2,0.6,0.1,4,11.728364271351367,14.118754074058243
25,4,0.42003386971867257,0.7389286709113921,0.7124983026273247,0.1076095109054668,0.4614069895377167,0.20014512614947438,0.0006930005390442,0.00111271081146919,0.2,0.6,0.1,5,8.184736820051063,14.726808637926435
25,5,0.41399924208542277,0.7331428190938736,0.706597047028268,0.10604510094510286,0.04167504019527573,0.17754235698076948,0.00035762416482469,0.00068489518237236,0.2,0.6,0.1,6,8.227303776499507,14.364547581722908
25,6,0.33807949660850806,0.6656965877362162,0.6314768419964738,0.09117125041472333,0.4274247284037977,0.17832870667131434,0.00077802710677057,0.00121973991893107,0.2,0.6,0.1,7,7.787915934993984,13.278033113637486
25,7,0.2832589694956217,0.6078492308729877,0.567774385828373,0.07717948478282767,0.1794492810577733,0.14782583623491918,0.0008707538056975699,0.0013334960977971501,0.2,0.6,0.1,9,7.037112359922021,15.073118922121608
25,8,0.2435024820663583,0.5612523623642568,0.5168042805459051,0.0654663562583885,0.13378600269130844,0.10800819019522805,0.00096297503845869,0.0014521863157076801,0.2,0.6,0.1,11,4.930541310973925,12.203213880231626
25,9,0.2106354277308464,0.5227203861319206,0.4819717057294036,0.06300330852640046,0.1340925730144238,0.0899331094984677,0.00108891787529505,0.00153231133548765,0.2,0.6,0.1,13,8.916017981320776,7.007090440575482
25,10,0.2072870856262562,0.5188680059943976,0.4779853667377161,0.05999173654871702,0.021821720720287624,0.07804037100970221,0.000728565463925,0.0008112695982259201,0.2,0.6,0.1,14,9.353242114839787,7.012168585209482
25,11,0.17355798712745796,0.46471347965428095,0.41749796304709125,0.052359936260365086,0.34155570633060844,0.08575024910621286,0.00116698958495207,0.0016341817666455799,0.2,0.6,0.1,15,6.669999161179997,5.071431871557321
25,12,0.16906305955067932,0.45837566747113645,0.4107201831955888,0.05378393365283497,0.03592575294857284,0.07560016164491133,0.0005552970525491299,0.00114800487603745,0.2,0.6,0.1,16,6.806227352820187,5.603366054509056
25,13,0.1478099874359637,0.4055988698044688,0.35046265841152935,0.049827545719264225,0.4102884397136264,0.14012059016345876,0.00122587377398068,0.00232003715191837,0.2,0.6,0.1,17,5.428697190001434,4.689546920842605
25,14,0.13143550512769864,0.37422670725420204,0.3159780858139116,0.04670286911243553,0.10447986656300846,0.1206284071152374,0.00131860047290767,0.00243379333078444,0.2,0.6,0.1,19,4.099561418132256,5.871546381101801
25,15,0.1156069963825564,0.35116710840985216,0.2914870437604614,0.041443360826670106,0.051264508815004994,0.07126906189805093,0.00064308430660349,0.00128836681007009,0.2,0.6,0.1,21,4.246027293711912,5.258220133704292
25,16,0.09180793939574164,0.2865767002342293,0.2194324281089058,0.027691413646241135,0.39669010558806944,0.0778456091809608,0.00080412756009121,0.0018024504128144301,0.2,0.6,0.1,22,3.896424174486112,5.996810925465169
25,17,0.0918242052105132,0.29102504078992897,0.2320260004553774,0.0459361404775575,0.017074527324214547,0.07846106811986606,0.00078517580559933,0.00173432177311524,0.2,0.6,0.1,24,3.934633230457449,6.143206038290339
25,18,0.08911932491469572,0.2841127726679983,0.2243903611236108,0.04712371206345037,0.052704482521285435,0.07616368696613317,0.00071872523169291,0.0016266640142988801,0.2,0.6,0.1,25,4.081203255763904,6.674725835610611
25,19,0.08359823421291412,0.26926556558703374,0.21537067308011903,0.04852479307450571,0.13675039764407415,0.08272086454425828,0.00072378579580536,0.00165900912836973,0.2,0.6,0.1,26,4.43993136268495,5.346766202124327
25,20,0.07445945458332916,0.2327129109429455,0.1669380248600227,0.052195187970341166,0.049471601067897615,0.083721325733852,0.00171183075483456,0.00215339827861293,0.2,0.6,0.1,32,2.9247722447942315,5.342537382698092
25,21,0.06620118392416928,0.20580580847734403,0.14457389550857297,0.05382084731157533,0.11115482536575066,0.0870533570100239,0.00165492745626698,0.00208358988594041,0.2,0.6,0.1,34,3.165505898537941,4.671138917244251
25,22,0.06590321979977067,0.20920768362630962,0.15601194691399473,0.07437374802732526,0.02039303155514041,0.08729712013993902,0.00161537884945681,0.00206501777310437,0.2,0.6,0.1,38,3.1335360878012817,4.807632114804237
25,23,0.06473662225114167,0.2063273429562759,0.15286933242830741,0.07316300230979678,0.03144565006343057,0.08482114685594352,0.00152460072999789,0.00196956768009962,0.2,0.6,0.1,39,3.0159534483015946,4.741614360676852
25,24,0.06452308863359442,0.20472537629932722,0.15105536843000625,0.08006203109668099,0.02915950192523369,0.08590225753739814,0.0016148050888987998,0.00201105411260766,0.2,0.6,0.1,40,3.0833304579521346,4.508661391342543
25,25,0.06473118957887825,0.21327964859547727,0.17582776174962178,0.13124720584173344,0.019961007714087462,0.0899232918436094,0.00117529438332807,0.00166599251640097,0.2,0.6,0.1,46,3.084958963580468,4.292669405418834
25,26,0.06363536215836972,0.20263941745277358,0.156262511792146,0.11509348784820447,0.05774393560960962,0.09275772023867472,0.00123223463814327,0.0017074398017864,0.2,0.6,0.1,47,3.3895843806929795,4.757419529283439
25,27,0.06314513104720133,0.2057272250874539,0.16736970604172124,0.1256020875476441,0.023262566791822068,0.0920873498295846,0.00121942556335755,0.00168704022327582,0.2,0.6,0.1,49,3.283058072005934,4.884453196253801
25,28,0.06301909694072114,0.20999671692981814,0.1797825519589761,0.13658895198184476,0.02003906927182077,0.09177711410558648,0.0012263292938294,0.00168809980327143,0.2,0.6,0.1,51,3.304767572387345,4.835673020457591
25,29,0.0629715850534296,0.21440766483936582,0.19234621282081166,0.16308580041828422,0.019802631229339306,0.09177711410558645,0.0012263292938294,0.00168809980327143,0.2,0.6,0.1,53,3.304649613153428,4.733307489406402
25,30,0.06317603349779737,0.20872363662378293,0.17829313343260395,0.15920727983980892,0.023235366739787006,0.09294094923629212,0.0018357898968942299,0.00211434150830606,0.2,0.6,0.1,56,3.520916043604836,4.813817659006723
25,31,0.06251491329363792,0.22143410426526985,0.21546183900384533,0.17809828120084062,0.022595326427519193,0.09047602635103252,0.0017921902129619,0.00209325365430663,0.2,0.6,0.1,57,3.359002018452004,4.9192838283656455
25,32,0.06345298859942496,0.2043762232941674,0.18073716155912917,0.17927837467656377,0.04559781885895212,0.10820250150576524,0.0019760468203712097,0.00363794848814735,0.2,0.6,0.1,60,3.445949368750438,4.162044841166531
25,33,0.06179977369041476,0.19798664610069008,0.17364353452009154,0.18173352370768495,0.040977743211705435,0.10722798946311285,0.00203693223345473,0.00362377235093223,0.2,0.6,0.1,62,3.5727820997601105,4.358278254239455
25,34,0.05904108912708864,0.18454286691012936,0.15862645760128694,0.1862751901412252,0.06359066661713678,0.11008289348832687,0.00193417007223677,0.0033186840098157,0.2,0.6,0.1,64,4.106327679454603,3.3544469348860138
25,35,0.05228035898277353,0.16033194177116275,0.13188586776504588,0.17808485063330665,0.08616657979630973,0.10132795327173978,0.0017964998720211602,0.0034130470844328602,0.2,0.6,0.1,66,3.637493669008317,3.074261733637943
25,36,0.0516714799872362,0.16224258453751048,0.1416720765503102,0.18514482807883004,0.029235487984666818,0.10108757731790766,0.00179590141865169,0.0034138748142636803,0.2,0.6,0.1,68,3.633884822995252,3.0489975578527364
25,37,0.051506159449579356,0.16615254124797402,0.15368109412502048,0.22142444983686985,0.023526194293891863,0.10096367145285567,0.00179575117481512,0.00341453465875528,0.2,0.6,0.1,70,3.634355444848216,3.0380089720452528
25,38,0.04777153075889463,0.14118109793497943,0.11064704362238001,0.1962379209897351,0.10840723907588272,0.09798129264177292,0.00180752586027563,0.00329820576388333,0.2,0.6,0.1,71,3.9135538297214265,2.837234100273542
25,39,0.046606615989694546,0.1420784207205659,0.11935964474052534,0.22349925037060564,0.029625445036576836,0.09515786524743526,0.00182098608111165,0.00359476226616639,0.2,0.6,0.1,73,3.743421982331328,3.056321204780607
25,40,0.04571321098276235,0.13361074553586577,0.10982572710186234,0.2259197802838738,0.04862736975994509,0.10002388144193171,0.0018368858348600601,0.0034476682343375503,0.2,0.6,0.1,75,4.035325457938949,3.2810047176381394
25,41,0.04498826723791809,0.13235100642868847,0.10849069012102447,0.24507074959321296,0.021638812485632146,0.0971317705126129,0.0018109637499758898,0.00345452816520311,0.2,0.6,0.1,80,3.855490681616271,3.0764053198506867
25,42,0.04447135155077362,0.13426641757184476,0.11827689948344537,0.2694655162824506,0.02855699809188448,0.09713177051261293,0.0018109637499758898,0.00345452816520311,0.2,0.6,0.1,82,3.8410848280871934,3.061971914342916
25,43,0.04446503643155977,0.143432627282623,0.14378749653608494,0.2916251097999616,0.020905613528005153,0.09713177164377071,0.00181096380989734,0.0034545283513210496,0.2,0.6,0.1,86,3.840666525771594,3.061551821922377
25,44,0.04372997378981937,0.14457419885416017,0.15272258338631728,0.29059117801882567,0.030469695542042527,0.096682055672457,0.0018105032282921998,0.0034610873542759804,0.2,0.6,0.1,88,3.849723167655156,3.074063786541857
25,45,0.048177546465179105,0.1397463525629779,0.13153570041046692,0.3205366002491989,0.02543220125730561,0.11738447999221399,0.00217717228826877,0.0045269963103002405,0.2,0.6,0.1,91,3.5701444634085595,3.195351851831743
25,46,0.04773479885064126,0.13353423787943725,0.11698645330703647,0.30608220500463995,0.02920695825292212,0.11622037067441611,0.00220979285545121,0.004966576514531839,0.2,0.6,0.1,93,3.924856071418081,3.2186810333526763
25,47,0.04739935345148037,0.13721031630345615,0.12875457221208034,0.31398346765837254,0.026960916290199224,0.11565535617872472,0.00215238185883804,0.00446411812588001,0.2,0.6,0.1,95,3.726496175302706,3.257995925569348
25,48,0.04702615000741327,0.13606848008695777,0.1275053880777501,0.3185365816573323,0.030196147054291796,0.1141741461141245,0.0022780450439092,0.00475264869133617,0.2,0.6,0.1,96,3.725706371632649,2.9729601248776585
25,49,0.04671844522378021,0.1337885945258308,0.12495117298488816,0.32129328506928034,0.038758084961700634,0.11545538635775403,0.00214859478107193,0.00444261501238197,0.2,0.6,0.1,97,3.7352363080168174,3.172305031875376
25,50,0.04633475496871372,0.13139256109304853,0.12227523713765516,0.3383972233687393,0.029682150098709156,0.11551470711307421,0.00223036780211614,0.0046444914876522195,0.2,0.6,0.1,100,3.5567953647573662,3.0293889520320008
25,51,0.037966552924757466,0.14030144162669286,0.17126223388499623,0.40624793688983113,0.03126621265874313,0.08162565913926467,0.00206628461496867,0.00262096209429133,0.2,0.6,0.1,103,3.576246954371637,16.679601992662658
25,52,0.03757820301831423,0.13838449459815397,0.16913432415122878,0.4193176174854627,0.021367071797361654,0.08134297915625285,0.00208089067383763,0.00261380829297505,0.2,0.6,0.1,106,3.615635011756668,16.554088672387454
25,53,0.037334781712300626,0.14125696910036348,0.17997626549946028,0.43239788864920103,0.028288334134919817,0.08159286654417579,0.0021336748658805998,0.00263660110533354,0.2,0.6,0.1,107,4.267729594955338,34.90430116171913
25,54,0.03634353567695372,0.13156667736263183,0.16154746931593536,0.4309011609216951,0.04653193810714169,0.08130129768524043,0.0020769813390359,0.00258895870179545,0.2,0.6,0.1,108,3.575979018147061,16.52224029735688
25,55,0.03455820763918127,0.12965568589258814,0.1671622760785728,0.43276147871937815,0.028009873222173035,0.07691038029816952,0.00203800775261762,0.00386422803222308,0.2,0.6,0.1,111,3.80028004226656,15.334378500692658
25,56,0.03251817187948847,0.1211945074007683,0.1653724946306186,0.46154058430897477,0.036375521153793236,0.0779635229270315,0.00208341994673071,0.00386585896119098,0.2,0.6,0.1,115,4.0321174346823145,15.272581799950512
25,57,0.03249347116772706,0.12549306197401366,0.17780763556118798,0.4754615136859919,0.018219428892485994,0.07801866771298038,0.00211063215935965,0.0039042894685463203,0.2,0.6,0.1,117,3.814901495939783,15.650762716389435
25,58,0.03258603122840051,0.10213677009771255,0.11351964956079125,0.3756086680455687,0.019003252245011558,0.07870125274961719,0.00207147536996886,0.00460767540926324,0.2,0.6,0.1,119,4.02210242389574,16.69172370996507
25,59,0.31365648183935246,0.40524370536319543,0.4800259178820738,0.8382130933201506,0.35219678402592525,1.0,0.0023236676491266003,1.0,0.2,0.6,0.1,121,3.8059458693596944,21.673013973698296
25,60,0.3136562701656599,0.4049881366939396,0.4797360894990128,0.8764844468915464,0.3016919980199334,1.0,0.00240373314353047,1.0,0.2,0.6,0.1,128,3.838041878206473,21.63018771194346
25,61,0.31361705963770803,0.4047421921639225,0.47946230121766453,0.8859412439703974,0.3019139614378883,1.0,0.00240345538876151,1.0,0.2,0.6,0.1,131,3.836782067099396,21.63187978110385
25,62,0.31367372941701166,0.4092480677881377,0.4921221539833516,0.9147592097523954,0.30204159918805407,1.0,0.00254517544210606,1.0,0.2,0.6,0.1,133,3.876540803562485,21.76664055906116
25,63,0.3134551261325485,0.40400718394680435,0.47865025613621637,0.9097184634922949,0.30428265406558924,1.0,0.00231363791372267,1.0,0.2,0.6,0.1,134,3.852067636574252,21.775582657420987
25,64,0.3133863593494278,0.40812107585701285,0.49088238741066736,0.8998374378546149,0.3042500365874568,1.0,0.00232970454873365,1.0,0.2,0.6,0.1,135,3.877021849674382,21.707687031743266
25,65,0.3132580166081105,0.4073289062852339,0.49000098158292915,0.9093362352252339,0.30593502037731535,1.0,0.00232346565267289,1.0,0.2,0.6,0.1,136,3.779810541796716,21.633010882555112
25,66,0.030529439370949606,0.09676306515115818,0.15303755517781045,0.6045405250571625,0.05309460249348895,0.07746062766422014,0.00889959555108778,0.00390769232041584,0.2,0.6,0.1,139,3.966068292184333,14.466521592665918
25,67,0.030322210322193264,0.09932472732209877,0.1635299655224725,0.6281402963753,0.027540254136341633,0.07750896272937806,0.00889115137071461,0.00501561998648786,0.2,0.6,0.1,141,4.128430518803299,19.12780414828792
25,68,0.028666877628093397,0.09235465279046638,0.1634210169743372,0.6391023809111398,0.0436928111611073,0.07807760107436254,0.00890700485658048,0.0042842745982096305,0.2,0.6,0.1,144,4.052286579560328,14.59215373236405
25,69,0.02808466653895984,0.08911309174164217,0.15982841899975925,0.6420500113111701,0.03019456820981845,0.0772820405548226,0.00891507760469574,0.00446484303645134,0.2,0.6,0.1,146,4.205744201380884,18.43927548582831
25,70,0.0281094094305668,0.08898498406421086,0.15968027487502218,0.6428192076014086,0.02232954611430549,0.07725744884824157,0.0089148898653423,0.00501740445480235,0.2,0.6,0.1,147,4.206401725433446,18.433150298716384
25,71,0.027519039014428304,0.07889859679884378,0.14077510280504124,0.6752988659221447,0.05438076207196225,0.07823329847710393,0.00894985285302081,0.00503628944174489,0.2,0.6,0.1,148,4.2675083792482,18.32464705093185
25,72,0.027500726110900854,0.08336772570786641,0.15340357283089248,0.6902201253421676,0.02189547973982557,0.07823329847710393,0.00894985285302081,0.00503628944174489,0.2,0.6,0.1,150,4.260393630761456,18.25726935729509
25,73,0.03269403526883608,0.10199252101389296,0.19650225373763014,0.7240882594463721,0.027082184480451833,0.07586721368514883,0.01854678988552681,0.0047216588533778,0.2,0.6,0.1,158,3.4432539660191006,19.56061055872065
25,74,0.03479937373234458,0.09379950039271594,0.17938731658751794,0.7196207691163505,0.06791601466643274,0.08198879038970294,0.02169321045170885,0.00384611156658363,0.2,0.6,0.1,159,3.288455949858944,15.628730670764728
25,75,0.03126491143189761,0.08937094251991674,0.18241409457209737,0.739958287403228,0.06376130712476087,0.07792265064091754,0.01857434820297883,0.0040132827505363,0.2,0.6,0.1,160,3.2213788602460296,15.93245896057216
25,76,0.02965156629975527,0.08406971242056852,0.18420662042060928,0.7321517483001054,0.08187129926345527,0.07611671032420027,0.01858033176954577,0.00418380762442829,0.2,0.6,0.1,161,3.487886924911575,15.992442797373569
25,77,0.029377825104733038,0.07750178657796877,0.16924451960533293,0.7210953942866338,0.03798991204122855,0.07603934400064563,0.01857731065348863,0.00416787857838611,0.2,0.6,0.1,162,3.519875860293326,16.16666463578356
25,78,0.029181999660480278,0.0783785847545723,0.1778373585636965,0.7508297477133559,0.03877226172873319,0.07765317307010776,0.01858859253328568,0.00417051442599791,0.2,0.6,0.1,164,3.445121157224576,16.218382739068314
25,79,0.03049084972036231,0.08845700384206645,0.20420802235916716,0.9111181120721547,0.02857057980433526,0.07745799955777255,0.0207489861070523,0.00533296725328503,0.2,0.6,0.1,194,4.040382405573699,19.22855202071396
26,0,0.8752438271462065,0.9684980876415219,0.9628453584395835,0.14703325157219102,0.01852111440379909,0.09227657657350892,9.177410920346e-05,0.00010734623575228,0.2,0.6,0.1,1,10.872150436835756,29.46462435963484
26,1,0.632526469132326,0.8617808984904889,0.8441226278616768,0.12392438129734858,0.32404650393884693,0.0895830748449294,0.00018154067968452999,0.00019698203505631,0.2,0.6,0.1,3,6.632981786255085,21.854475246009628
26,2,0.4424754823331013,0.7514257202352055,0.7286720117626941,0.10019251566659051,0.35877598430749863,0.09939613784050813,0.0009011328817857499,0.00097778078840938,0.2,0.6,0.1,5,5.561446412444058,16.427233980448577
26,3,0.4425076906984126,0.751459762621491,0.7287054645792369,0.10393175282836836,0.020583343263210544,0.0995077172306389,0.00092422165763786,0.00100283343260026,0.2,0.6,0.1,6,5.622632535520009,16.36728346462787
26,4,0.350889323958314,0.6767488641050634,0.6458736282609551,0.08345045383558657,0.4317644684728777,0.08516578322497857,0.0009540172172167801,0.00105008698239811,0.2,0.6,0.1,7,5.078122430915718,14.729304638628092
26,5,0.29765431029086536,0.6250102874799979,0.5884143843310405,0.0748853301538074,0.162432232056317,0.07925494889203794,0.00105045674148009,0.00114801890383284,0.2,0.6,0.1,9,5.376937114250396,15.558668383136672
26,6,0.24806643594511293,0.5686016265103672,0.5256115022149054,0.06639080736061814,0.1799223804853182,0.0797785247825707,0.00114467450250041,0.00130233277656004,0.2,0.6,0.1,11,4.25780911457448,13.125355094973818
26,7,0.23579562625020212,0.5525827783386136,0.5076368366133966,0.07038708684873264,0.06770215626516328,0.08726420284467973,0.0008451261503777599,0.00101738025348413,0.2,0.6,0.1,13,4.879409394530133,13.557872218968026
26,8,0.1984997190158605,0.49986516787069385,0.44891667549833625,0.06480325810494576,0.17145500913441386,0.08793384048809649,0.00122534861516299,0.00139704881341381,0.2,0.6,0.1,15,4.03533042950593,10.174896399705242
26,9,0.19675724312655463,0.4972469457072219,0.44601619757523214,0.06607012039807847,0.03265649960209128,0.08804510704044458,0.00102605566468486,0.0011714922993919601,0.2,0.6,0.1,16,4.004220942804748,10.588428045520743
26,10,0.19444313134970456,0.4981590398884966,0.4546720978458619,0.08199874139845743,0.040133243291693085,0.08793384048809649,0.00122534861516299,0.00139704881341381,0.2,0.6,0.1,17,3.700540202554908,10.277873679260647
26,11,0.16617164815080987,0.4471190364948051,0.3902656530454303,0.061557350681229105,0.15102844645098099,0.0847862620046829,0.00142333387435879,0.0015897670432528902,0.2,0.6,0.1,19,4.143891634264852,6.940966999634868
26,12,0.1654640572465354,0.44591294288452465,0.3889380443932267,0.0637027667676366,0.02377256396822932,0.08483892645482374,0.0012188231719868201,0.00140668203192105,0.2,0.6,0.1,20,4.074469980310872,7.243720476852378
26,13,0.15996235717219184,0.4402220965907946,0.3902436404541769,0.07863676403667404,0.07684117252115315,0.0847862620046829,0.00142333387435879,0.0015897670432528902,0.2,0.6,0.1,21,3.913404045938908,7.073424981531895
26,14,0.15908966239456515,0.43860636321333074,0.38844551890121115,0.07559885429523218,0.02725376678771126,0.0847862620046829,0.00142333387435879,0.0015897670432528902,0.2,0.6,0.1,22,3.8223316604339743,7.222618398200798
26,15,0.12201093864653016,0.36275676367612364,0.30409922216097535,0.06305409261891672,0.45040906438076905,0.08110927541897907,0.00145416934622025,0.00214792974049508,0.2,0.6,0.1,23,3.5686410954984966,4.950947176117125
26,16,0.11957140949521479,0.361882492971828,0.31079860344760135,0.07079091175645821,0.03245694085490256,0.08058690623773167,0.00138296195947659,0.00203016975505582,0.2,0.6,0.1,25,3.3953247161639224,5.081384491701182
26,17,0.11383207862135794,0.32910161147670897,0.2582674718461339,0.07933415317038725,0.19709062932276847,0.097688786169208,0.00514958557968484,0.010464543015557989,0.2,0.6,0.1,26,2.9891173853427526,5.525586464780052
26,18,0.38831382522139346,0.5919926338895672,0.5264049945198539,0.36623655075188444,0.382526942130615,1.0,0.01312234649596861,1.0,0.2,0.6,0.1,28,2.726031104514856,4.824234202121208
26,19,0.25972047902153894,0.47060536948492615,0.4210152496552794,0.2685577572764931,0.18261281932356604,0.4244497150752826,0.00821182589273305,0.9057238187299321,0.2,0.6,0.1,36,2.682276198335152,4.960926024525296
26,20,0.25726178589787563,0.4616575582995328,0.40356185132300443,0.2736302025164976,0.18743154883751267,0.4174054329642371,0.00820670556574072,0.905704123719409,0.2,0.6,0.1,38,2.659178398749382,4.989587376652176
26,21,0.08669317112237945,0.28131677464679816,0.2363214988929122,0.12658437141250836,0.1838222939797525,0.08530098997968122,0.00152299411823837,0.0020113815069477798,0.2,0.6,0.1,39,3.0471013710782007,4.586130336949186
26,22,0.08514246426623373,0.27095625614991925,0.21708555517453126,0.12905330855454994,0.036455079602320244,0.0873798968174824,0.0015631834120095,0.00207371633018088,0.2,0.6,0.1,41,3.355912017552609,4.874015229325657
26,23,0.0822563362683976,0.2673952900806105,0.22082749113517308,0.14503054379789676,0.032965227389024014,0.08672880183657564,0.00112338345801628,0.00149854352248454,0.2,0.6,0.1,44,2.719804006459896,4.565418569052337
26,24,0.08088037786247214,0.25901034852750604,0.20387302088994394,0.15122382007947657,0.038090928592774305,0.08309747427846843,0.00165087520812173,0.00273702970515799,0.2,0.6,0.1,45,3.3338123875479013,5.037797877662553
26,25,0.0784310390314211,0.25983357010574737,0.22008098219419134,0.14897816935155264,0.06710123471515093,0.08620775980737573,0.00107942802635786,0.0014539078825569801,0.2,0.6,0.1,46,2.3365910892387127,4.235219099312127
26,26,0.07814821483327997,0.26365496767554286,0.23199639044436837,0.15261430258763226,0.02000533299748988,0.08578169682378695,0.001098441459751,0.0014969469098897801,0.2,0.6,0.1,48,2.404075338512341,4.328955966408134
26,27,0.07514221008069143,0.2529635554220027,0.22007116208632552,0.16120846670851186,0.04963109828017117,0.08648213782605921,0.0011970963509811401,0.00175623648897377,0.2,0.6,0.1,50,2.4737756220530884,3.821857316710063
26,28,0.07382470677047792,0.24867589163159132,0.21531128156015,0.17128052717818038,0.04216173087687931,0.0863923837184493,0.0010982576275902702,0.0014533274364571301,0.2,0.6,0.1,51,2.3038119654300373,3.743636202847003
26,29,0.0731768326515416,0.24579190214796334,0.21207276311314394,0.18258795100342523,0.03646660403272328,0.0859071609515229,0.00154736456759152,0.00226205963683834,0.2,0.6,0.1,52,2.424657165280915,3.6690433247826384
26,30,0.07096194853701791,0.23775471130470213,0.20312018814611327,0.18822443392185578,0.041699719315967394,0.08767549861654791,0.00115449473777783,0.0017163320234319002,0.2,0.6,0.1,54,2.2663775345564967,3.678977148205359
26,31,0.07100530232501895,0.2441517601894316,0.22542083756499712,0.22013887110192074,0.024063362405514998,0.09327044269423083,0.00117140485226334,0.00174201841414455,0.2,0.6,0.1,59,2.2214425885393427,3.715111204042955
26,32,0.07126190994106361,0.24805979165504952,0.2373554229989876,0.21608902749154885,0.02767810197920594,0.0937467002834866,0.00177942460891016,0.0032964471278241502,0.2,0.6,0.1,60,2.502588355710539,3.459628427984768
26,33,0.0708952652501861,0.25135419805080617,0.24867787548282647,0.2317965656569712,0.023850520008927973,0.09377707907689438,0.00175170398996763,0.00326502062282129,0.2,0.6,0.1,62,2.492441068172392,3.486216754266088
26,34,0.0727331983266103,0.247347866076633,0.2437672242231382,0.2534427197745264,0.04717583245496181,0.08771681199484,0.00977125181297411,0.00723084251194419,0.2,0.6,0.1,64,2.63493830495156,4.986787696870309
26,35,0.07155840650182953,0.24760405417818915,0.2517103971692794,0.26431191629103834,0.0365095890291151,0.08760735065126718,0.00974627510267139,0.007267194753480399,0.2,0.6,0.1,66,2.6602655601773377,4.900971991452776
26,36,0.07117828980014992,0.24897786841965386,0.2608226964717713,0.2760278823533991,0.035823651783821124,0.08779133539168152,0.01062320107737513,0.00792106423442814,0.2,0.6,0.1,68,2.682154039878537,4.812562584305852
26,37,0.08121033642431819,0.26730906175917685,0.2953647295077461,0.3858179878395898,0.03551791874672105,0.09152609851461524,0.023863372396425837,0.02448814632473511,0.2,0.6,0.1,84,2.7312152284097952,4.207944249318759
26,38,0.07974797161289089,0.2618203419231931,0.289263529609455,0.3886580138452077,0.06622555965186996,0.09160041565212747,0.02376924369140857,0.024220863151175102,0.2,0.6,0.1,85,2.66724886284104,4.490444813490626
26,39,0.07869291279524997,0.26750388844669526,0.3109225444402515,0.4359244366577313,0.03795309983108151,0.09196110928813722,0.023103264206574457,0.025317458290132662,0.2,0.6,0.1,91,2.6257924892556206,4.40631111122801
26,40,0.07856905476842625,0.26702310278678254,0.31038777641071963,0.4448818420519123,0.037413322812410686,0.09228707128634424,0.02297980263065088,0.02537364040018304,0.2,0.6,0.1,92,2.609284234797767,4.395244087050901
26,41,0.07685653034986017,0.26940688797327067,0.32086867868594815,0.4613556884619345,0.034294971012053733,0.087332903923363,0.02222464422840079,0.02447159410293736,0.2,0.6,0.1,96,2.679067150621823,4.529926923943801
26,42,0.0761156373129604,0.2653241918752327,0.3237676847553896,0.47361642271391285,0.050269455355045255,0.08882612487025233,0.02370912413414809,0.03127770301849467,0.2,0.6,0.1,100,2.1320901805297194,3.9489170900320856
26,43,0.07588042019071518,0.2690232303747551,0.3355415628690745,0.4871228984140027,0.0376111300906237,0.08872761687532879,0.02369680508606792,0.03132142598603162,0.2,0.6,0.1,102,2.1314052667200247,3.823025038396396
26,44,0.0758016176509523,0.27329802492003025,0.3479537207918066,0.500821615089578,0.03602682263132033,0.08872761687532879,0.02369680508606792,0.03132142598603162,0.2,0.6,0.1,104,2.1740456964607686,3.658138059841392
26,45,0.07393436355545464,0.28009826168019203,0.3710223294536982,0.5917713695257318,0.033694452338988864,0.08997681798218901,0.02151200513589436,0.025004670091982612,0.2,0.6,0.1,118,2.06370079552344,3.762793402559979
26,46,0.06958353318256207,0.26225612871274034,0.34368711467747065,0.5674900430705265,0.06541794564732871,0.08345605233833443,0.021179213939942022,0.02434664565186822,0.2,0.6,0.1,120,2.4201899211894293,3.896686221619591
26,47,0.07147692711220797,0.2775077596653227,0.38339585892364986,0.6265457676993031,0.03551770115130832,0.09171434569127192,0.02170280327667255,0.02496903559842971,0.2,0.6,0.1,122,2.1102459817176378,3.5502781102716767
26,48,0.0692344301670137,0.26027831282007063,0.3489673502363643,0.6286591243139518,0.055061664733693526,0.08844467290599645,0.02161145637333734,0.02706219503988331,0.2,0.6,0.1,124,2.0973744711019475,3.442086859818572
26,49,0.069234430055785,0.2648777699325975,0.36174079616944543,0.6430042763838772,0.03336209410657048,0.08844467290259926,0.02161145630137502,0.0270621950523904,0.2,0.6,0.1,126,2.09737446910287,3.442086856466656
26,50,0.06871559381102789,0.26274255266625296,0.3593690390863963,0.6471331436751935,0.04536580772858314,0.08834867270480168,0.02165304731344632,0.026594829237315286,0.2,0.6,0.1,127,2.067192647600808,3.418667278153828
26,51,0.0682415173258679,0.2607043981908552,0.3571022594658929,0.6888625156784337,0.034602133672569625,0.08794770392400564,0.02170819156328136,0.02691365846235518,0.2,0.6,0.1,136,2.321012407771057,3.621261428770548
26,52,0.0677787830093262,0.26338605530116077,0.3677456586844529,0.6977434003451528,0.03867769950014352,0.08781289968668259,0.02169419528551703,0.02687489931758143,0.2,0.6,0.1,138,2.336374063448719,3.71376526762593
26,53,0.06813247242000675,0.28186861838094557,0.418885355129103,0.8139380846232583,0.03378121721145683,0.08494572791903107,0.02268671878515462,0.030970549950672548,0.2,0.6,0.1,161,2.371355847520639,3.557361464114153
26,54,0.06791546982156207,0.28094604480327223,0.4178600891153409,0.8125358146300253,0.03631032187717929,0.08466744275497551,0.02293401564431882,0.02991391135910133,0.2,0.6,0.1,163,2.544899570751755,3.62893752918842
26,55,0.06707097325655777,0.277573313769521,0.41411967517327564,0.8305315486045451,0.05232864302682741,0.084360086958479,0.02266708588544139,0.030939334300165933,0.2,0.6,0.1,164,2.362710340706561,3.554090364434452
26,56,0.06664621146877765,0.2770098426962702,0.4210438674519992,0.857159161659423,0.04616813610694568,0.08684370660913529,0.023492063868196487,0.03013138171329489,0.2,0.6,0.1,167,2.9813630644526863,3.922369793088013
27,0,0.8080163974477551,0.9426888003353089,0.9340275731086353,0.14038544734758207,0.019335143655982764,0.09632788575863692,9.177410920346e-05,0.00014502038733301,0.2,0.6,0.1,1,16.007513303367293,29.46462435963484
27,1,0.5815231945568763,0.8372297905778255,0.816080433976321,0.12161273131702059,0.3427606152641902,0.12126917650653102,0.00018222977051532,0.00024997043196454,0.2,0.6,0.1,3,10.96113094036163,21.854475246009628
27,2,0.437227335067849,0.749281535881307,0.7255772141669089,0.10411430608103453,0.30047305807517827,0.1317520581424905,0.00058987594839522,0.00080915179341375,0.2,0.6,0.1,5,7.829339072668532,17.69341769061309
27,3,0.4250899920663751,0.7402135205286602,0.7154311318529046,0.10191392057538504,0.08235656280308362,0.13347897324415675,0.0007610434220116701,0.0010439477172476401,0.2,0.6,0.1,6,7.4511112092340595,16.888924112857065
27,4,0.3468444306762515,0.6734607129062403,0.6419601262834621,0.08416392018006937,0.36291248795273706,0.09643185478343343,0.00091019048165956,0.00123941847415564,0.2,0.6,0.1,7,5.475464159748465,14.827783952389192
27,5,0.3455435084988964,0.6722361107254469,0.6406257716475827,0.08112828068683728,0.02524713979460863,0.09540021438686624,0.0008461160942523799,0.0011515255779908401,0.2,0.6,0.1,8,5.570931021054411,15.00326118080733
27,6,0.28911384924384553,0.6159265628316255,0.5780212971448244,0.07147698769857944,0.34009458281995836,0.09205743557313775,0.00093608406656072,0.00126275903205526,0.2,0.6,0.1,9,5.077641467742267,12.975674729127885
27,7,0.24592877016804235,0.5657274580468141,0.522161235539344,0.0643762511511786,0.16391942192366526,0.09097445956394712,0.00109214262353076,0.00146428109307053,0.2,0.6,0.1,11,4.510129510879798,13.230400561620444
27,8,0.22454259392214557,0.5363988971928478,0.48917647243055307,0.06575808993704156,0.11486072245586211,0.10577875587596557,0.00118024436543928,0.0015952014205816499,0.2,0.6,0.1,13,3.701563461151836,11.96424589052508
27,9,0.21978384597085485,0.5301443201046775,0.48233854719409236,0.06790448621343195,0.05039877680888355,0.1005912845199776,0.00110614173491292,0.00147813230791652,0.2,0.6,0.1,14,3.6570661827111497,12.092976570671093
27,10,0.20320119644385196,0.5062260370134163,0.4558419834781888,0.06161745696754237,0.149477767708837,0.09447656627387142,0.00127938499466058,0.00165866584859552,0.2,0.6,0.1,15,3.619190126586221,10.926319644526895
27,11,0.1953303967925625,0.48785303063805463,0.4273836944440342,0.06932539856339172,0.04740726610907604,0.11022547719758487,0.00124355127424606,0.00177090540633997,0.2,0.6,0.1,19,3.301960795190904,11.095832886260595
27,12,0.19176461771869682,0.4825489838194439,0.42155364340420715,0.07291932728814515,0.04905454911522113,0.10725848534251421,0.00116944864371969,0.0016538362936748398,0.2,0.6,0.1,20,3.3199597368423444,11.407631324919745
27,13,0.1889634592348884,0.4784821772728002,0.417104830765499,0.07722723199926813,0.041250549902405044,0.10416502550581863,0.00109562838818506,0.0014181410895965601,0.2,0.6,0.1,21,3.2089059796487573,11.378329835427255
27,14,0.1715764861010038,0.4487562889816168,0.3839798028247383,0.07210363840579942,0.19487219457521096,0.10534954535608614,0.0012475243108844001,0.0016851375496809502,0.2,0.6,0.1,22,3.235801371145861,10.539035084476266
27,15,0.16432694219805838,0.44140172570160585,0.3836013267268217,0.07638558540498734,0.05115016727045841,0.09926732320927732,0.0010558559329902101,0.00146811645315252,0.2,0.6,0.1,24,3.368739853973409,9.277089695443763
27,16,0.17327954297118395,0.45407997267700023,0.41128814197393265,0.10677845142476163,0.10425584870958782,0.09387350727583407,0.0032354425168629,0.15252323739024704,0.2,0.6,0.1,25,2.5409388063092564,8.008300634496884
27,17,0.25734229036834627,0.5358466152901732,0.49250831867008993,0.20499287877192865,0.13185657614492347,0.1017836007041987,0.00369030694264825,1.0,0.2,0.6,0.1,28,2.5924935758310426,7.745642831709058
27,18,0.23766798939183587,0.5061356604932612,0.46050076099472265,0.19055690413555348,0.23027914397008908,0.09599622137042221,0.00312419520064606,0.9211023592929882,0.2,0.6,0.1,29,2.8593364151118266,8.050279375866115
27,19,0.1377654810639791,0.39170022624347955,0.3429568149770875,0.10225928946078673,0.18474961581998597,0.08764421692766836,0.00209588091625785,0.07469943107696121,0.2,0.6,0.1,30,2.7241692930880794,5.794584154236167
27,20,0.1444762119041304,0.3983868336121565,0.34963798323792583,0.11247355229333493,0.033291060452377015,0.08709242047440811,0.00249562022286433,0.14074790042703084,0.2,0.6,0.1,31,2.847789045973464,4.841465376785532
27,21,0.10508446102263973,0.32123314064070624,0.27257098086631987,0.10318471382653281,0.105307776373519,0.10713872839668337,0.00185155569461275,0.0026663988192785998,0.2,0.6,0.1,36,2.137525775386849,6.137268591622817
27,22,0.10240221522360916,0.3179110950523629,0.2764969870903274,0.11163498652590535,0.04660282793805203,0.1075564946166743,0.00210233633205699,0.00305302212498177,0.2,0.6,0.1,38,2.078804620059236,5.524267163933982
27,23,0.1016529546142536,0.3200041075064119,0.28645622070908766,0.10341251732095928,0.038972027141387144,0.10810093663856953,0.0022516628600991,0.0032624776151975697,0.2,0.6,0.1,39,2.09308227977872,5.2824623104043145
27,24,0.10076935897315427,0.3178861903330751,0.28412452674014027,0.12090960593260822,0.033782881707501815,0.10755873225377235,0.00209198026323199,0.00304410965184078,0.2,0.6,0.1,40,2.116809760924789,5.600159014735347
27,25,0.09025272543433013,0.2991960536887357,0.2714125560726677,0.1785557525028872,0.02782323358544318,0.09006394641848947,0.0017201779258273799,0.00168327009869042,0.2,0.6,0.1,53,1.842440720262487,4.943343886071589
27,26,0.0878306214116636,0.2966497204875144,0.2762442757882551,0.18394338874763003,0.059687170068422696,0.08898143649237727,0.0018651221753105602,0.00196534865068375,0.2,0.6,0.1,54,1.8245189080294697,4.652453797511891
27,27,0.08771691612153738,0.2962707943159754,0.2758209193364875,0.19181929186979238,0.021393191199660766,0.08938770111397472,0.0017693508676207398,0.00187259667283178,0.2,0.6,0.1,55,1.7856250384927703,4.823231880288585
27,28,0.08769986552661412,0.30081789559057953,0.28853610873424684,0.19530095149002255,0.01942782297356622,0.08938770111701654,0.00176935086780628,0.0018725966734759898,0.2,0.6,0.1,56,1.8034221743437524,4.848915345626648
27,29,0.08804623219272094,0.29561295717534775,0.2749977834302183,0.2041719041681428,0.02399304415139056,0.09057280635849208,0.0025898524469325002,0.002625560996026,0.2,0.6,0.1,58,1.7852459162590877,4.989006512996792
27,30,0.08627168006278059,0.3012621080909276,0.29669869966616996,0.21378728349382942,0.03410639481438235,0.0892212371895615,0.00164225771947965,0.00173808733909587,0.2,0.6,0.1,59,1.7050632470806104,5.046391558268079
27,31,0.14141590578590646,0.3593422599746049,0.3700902520452521,0.3088929730328992,0.08586884249294201,0.23831700920834967,0.00169483634735,0.2837981820016525,0.2,0.6,0.1,65,1.9800879488498344,4.92407091846753
27,32,0.14015523027376464,0.3591872498857248,0.37753639091041363,0.32405364319551394,0.08710855265652878,0.2399644612184833,0.00167130054093115,0.283793788462892,0.2,0.6,0.1,68,1.948884278429894,4.9569819351814015
27,33,0.08092925437374988,0.30216169865263276,0.32829372693910064,0.32476075261840265,0.021703824168528004,0.09094188659169632,0.00143972724414781,0.0015921282845876201,0.2,0.6,0.1,76,1.7617133543261294,4.930397525680637
27,34,0.07658284043834365,0.28730287104059776,0.31174103367642886,0.3201517248355294,0.06251607086284723,0.08995058122112622,0.00197568607898324,0.00166573845979759,0.2,0.6,0.1,78,1.672941499956214,5.526252393387584
27,35,0.07429368877980404,0.27997496238751496,0.30361229004505896,0.3437412690787263,0.03270684337081919,0.08867133682025707,0.0019955957079675303,0.00169561452499798,0.2,0.6,0.1,81,1.6403036062843566,5.3680245165456455
27,36,0.07231440556339012,0.2821625037192133,0.32135493574763613,0.37625105019589394,0.029217852622058796,0.08876446034136079,0.0019520295923577998,0.0018497082449329498,0.2,0.6,0.1,85,1.6285978304131934,5.1680564715259285
27,37,0.0714753515691354,0.27481180695920426,0.31298717891817907,0.3843942071393957,0.03371799536259693,0.09687281004720408,0.00198922687316447,0.0018995295109272702,0.2,0.6,0.1,89,1.981870394981816,5.342646506865661
27,38,0.06835211912642354,0.2561113841788342,0.2844207290182406,0.3860383032575328,0.06475299980933363,0.10114610964668909,0.00203813312866496,0.00178063886713065,0.2,0.6,0.1,91,2.065011929986253,5.36617322786282
27,39,0.06818456876580586,0.26006910269996586,0.29648004093760105,0.39892116114297804,0.023475841286669703,0.10113726888864567,0.0020401320337106498,0.0017821851630404901,0.2,0.6,0.1,93,2.042832077224491,5.307440629605699
27,40,0.06757280632764595,0.2626936473687082,0.3070704613418508,0.42046547244629406,0.026802785228006054,0.10052916780905423,0.0020240433965148597,0.0017629931744660699,0.2,0.6,0.1,95,2.0371847822464493,5.316047906993935
27,41,0.06697260198067344,0.25215012158354766,0.2800653393829968,0.4066668051509057,0.026935271050375464,0.09887581510024965,0.0020052921111959497,0.00177564761647146,0.2,0.6,0.1,96,1.99252643319848,5.238621712056698
27,42,0.06697260198067345,0.25674957873868065,0.29283893893490237,0.4198415525964451,0.02115596174381042,0.09887581510024965,0.0020052921111959497,0.00177564761647146,0.2,0.6,0.1,98,1.99252643319848,5.238621712056698
27,43,0.06686687023777008,0.2610308398108063,0.30526185472702394,0.32355282155313275,0.022773689898192437,0.09872986669651553,0.00200167211499014,0.0017714369710797502,0.2,0.6,0.1,99,1.9879805074714203,5.228072149775542
27,45,0.06464982564362154,0.24627497364956388,0.2736503025044651,0.4944032248172315,0.023214867257630112,0.08585327277425472,0.00277090016503367,0.012253504500310281,0.2,0.6,0.1,113,2.276766196727125,4.955938771841904
27,47,0.06326882915952166,0.24534834417786405,0.2802711814550639,0.5528588285837441,0.025547578901092726,0.08569501440795664,0.00295995567844742,0.01163485953822132,0.2,0.6,0.1,118,2.28534863602023,5.231984206991541
27,48,0.06285386549768215,0.23877315598267965,0.2652867404011944,0.5609014250952188,0.024177934441408783,0.08623973709746563,0.00295830977287155,0.01160207288867866,0.2,0.6,0.1,121,2.194605906010912,5.3295510736339216
27,49,0.06256411737328235,0.26310861505579625,0.3457068753636452,0.58033965331136,0.08014280887118495,0.09023660290130248,0.00331086364827268,0.02320817908234541,0.2,0.6,0.1,122,1.8327365587078368,4.234713398768157
27,50,0.06165335006405547,0.26615065463287163,0.3568267536122146,0.6029808002651754,0.024103912309274736,0.0910473406466884,0.00320407971630937,0.01517685309911026,0.2,0.6,0.1,124,1.8158364630354928,4.249252746940557
27,51,0.062407578653768635,0.2667767381168432,0.357433813828036,0.6131866740474032,0.022769414227194428,0.09063110588172872,0.0033275111053657604,0.02321885340143662,0.2,0.6,0.1,127,1.854830851259896,4.217090395863995
27,52,0.06034498436702092,0.26012607689583744,0.3501019921071187,0.6156315826195965,0.05654707818679783,0.08785016755448002,0.00324360426942397,0.02305700451801761,0.2,0.6,0.1,128,1.7808298557861346,3.780281890316469
27,53,0.058711910849828124,0.26090006954757805,0.358725852275534,0.7099338933718137,0.022366388748221458,0.08534968700140139,0.00330247579058428,0.01813353475099076,0.2,0.6,0.1,139,2.134774044261773,4.114574176844996
27,54,0.057914786511291186,0.25625389852299274,0.3535123853598612,0.7087809214957957,0.05020966683303954,0.09067821520345258,0.00327068970797425,0.0114137922258172,0.2,0.6,0.1,140,2.227921481032418,4.607482807739327
27,55,0.0583862088943431,0.25627378096022274,0.353466233833912,0.7141911242075902,0.02516153214254324,0.09224179706424038,0.0031916368251784103,0.014805942979448011,0.2,0.6,0.1,141,2.111358586624108,4.175283396578036
27,56,0.05649884560412759,0.2496826794927844,0.34618582600282244,0.7216915669253735,0.05649385170004331,0.08957173468440846,0.0032399318366993597,0.01494058654672123,0.2,0.6,0.1,142,2.154509080747658,3.910000289025157
27,57,0.05364567889095524,0.2683253443665153,0.40547947501969345,0.777606386630991,0.019959208765282923,0.07815433162077444,0.00300640015312167,0.0150476682371723,0.2,0.6,0.1,153,2.29439745969536,4.893393758527633
27,58,0.05903211113013162,0.25499215577549705,0.36690829616036075,0.7958331965807048,0.03788834964625124,0.0913654593500164,0.00956434091411733,0.01727389695207261,0.2,0.6,0.1,156,2.1292475835219675,4.2423108872114765
27,59,0.05606849840997909,0.24406375686996587,0.35482901457298827,0.788056668264409,0.04455055447506634,0.08875255993533157,0.0092728431433713,0.0168102171122465,0.2,0.6,0.1,159,1.9543630612049867,3.8889580171707774
27,60,0.05360381939999438,0.232022035088,0.34141568642374925,0.8144825243532356,0.048392304009781215,0.09106495621295571,0.009079858150137201,0.014289295408982999,0.2,0.6,0.1,162,1.8198641835996563,4.056234615436114
27,61,0.052758030818128146,0.22747440711807038,0.3363414217158312,0.8132908384582017,0.038627825405440054,0.09246451408178942,0.00882341947987029,0.01415909186271123,0.2,0.6,0.1,164,1.986365574118972,4.480742921105707
27,62,0.052479931299783775,0.23095087796431812,0.3478721623016013,0.8324484083456195,0.031248970839896844,0.09157276686069545,0.00906247905647763,0.0138899063120685,0.2,0.6,0.1,165,1.8410398617929544,4.1347818302161325
27,63,0.05234528105008776,0.22277479511637144,0.3310342510276949,0.8466191451622648,0.034170320560368284,0.09482748573048164,0.00910682409219933,0.01450454697559771,0.2,0.6,0.1,168,2.072149320756296,4.221087710940971
27,64,0.051522012613787416,0.2299673902669874,0.35440784962274646,0.9307341433494739,0.026204192865405932,0.08892529557885151,0.009681694805116759,0.0175909078938365,0.2,0.6,0.1,178,1.9771118981370428,3.8104057031189376
27,65,0.051020213398978,0.23317789758012858,0.3656670983953505,0.9350794690683838,0.031459554645718035,0.08958459851824314,0.00919325379180386,0.01640082518416542,0.2,0.6,0.1,179,1.9181681655377056,3.874352628495006
27,66,0.04987456342919819,0.2276949168181701,0.35957296123047755,0.9384250661349144,0.05614563640375728,0.08929048327127169,0.00916792242124634,0.016387983827845808,0.2,0.6,0.1,180,1.908930988358137,3.9219691555277567
27,67,0.04882526096767163,0.20814134038773457,0.3223682747887996,0.9390283907466962,0.042780642886868656,0.09618683807422675,0.00949956395956611,0.012373685114416059,0.2,0.6,0.1,184,2.3015929655269773,4.109406533653756
27,68,0.048311361780510084,0.21511833353814122,0.3454554217399928,0.9822386747733254,0.027575726169859267,0.0952673532001708,0.009615554098460249,0.012362673712205039,0.2,0.6,0.1,192,2.384266397374524,4.087644774908831
28,0,0.8790140772532952,0.9628531512976889,0.9663098058747971,0.13261249576279985,0.0,0.0,0.0,0.0,0.2,0.6,0.1,1,24.74554070167961,31.29129517649718
28,1,0.7614785130150891,0.919968828765191,0.9093804313040765,0.1317292694270847,0.3131117192045079,0.06831820581949208,7.567697124572992e-06,1.2519110117359999e-05,0.2,0.6,0.1,2,22.342454431784024,29.5843128399992
28,2,0.5113207217099547,0.8079103429593325,0.7883864028527937,0.12938165653216507,0.9203849185119887,0.2396799997302217,0.00061648739595967,0.00113894355531856,0.2,0.6,0.1,3,13.681371817773202,15.507648337983357
28,3,0.37394704098584874,0.6991767711955481,0.6688549531251585,0.09263988542869855,0.3104471151733843,0.1734432750207994,0.00070870901171258,0.00127011439261333,0.2,0.6,0.1,5,11.192661607230104,14.621915604119682
28,4,0.30148901667310796,0.6281039390634535,0.5902523419713263,0.07670909027645396,0.2227143038638457,0.15109953102706897,0.0007538815018636399,0.00129281086749626,0.2,0.6,0.1,7,10.184191333304176,13.41026356977574
28,5,0.2643179813179794,0.5863216935734323,0.5443038415339484,0.06802911891953002,0.13207909180548452,0.12603389305849086,0.00088888263396028,0.00148370641815815,0.2,0.6,0.1,9,8.103264266786383,15.006968816097798
28,6,0.2626768927863038,0.5842769532815134,0.5419982402579892,0.07184584534304331,0.03944826203189143,0.12781584578868185,0.00076436347539842,0.00130522827025444,0.2,0.6,0.1,10,8.482063682094553,14.651217029410086
28,7,0.23478431610944442,0.548742657386523,0.502514424821542,0.06262685897811052,0.22689599548648484,0.12356537757484828,0.0011253522302377,0.00180295930631032,0.2,0.6,0.1,11,8.687093213967405,15.338262055706812
28,8,0.23141744616898155,0.5443305661699477,0.4976521928867443,0.06558593051370924,0.048089513928682735,0.12223727375110649,0.00090726074400988,0.00147517186242201,0.2,0.6,0.1,12,8.356926070821231,15.187593696786678
28,9,0.2027393821974789,0.5044813002304434,0.4536693512495723,0.054890825387024014,0.23255979018713885,0.10476220196234749,0.00121107048524031,0.0019173926813387699,0.2,0.6,0.1,13,6.254478408943996,12.410848263439204
28,10,0.20013361361389706,0.5006418282436496,0.44942648087856335,0.058355623990773015,0.042160253097850334,0.10422892642920838,0.00099297899901249,0.0015896052374504601,0.2,0.6,0.1,14,5.915641945286486,12.256139030806814
28,11,0.17450719230008513,0.4599775951648825,0.4043518472052922,0.048747384523091554,0.2447842675840323,0.09490845526699966,0.00130168391286699,0.00203434422876634,0.2,0.6,0.1,15,5.814679982784786,10.844607325856948
28,12,0.171532711368954,0.45508571597064185,0.3989488270068824,0.05204602273899735,0.04564815252854782,0.09388061691055756,0.0010835924266391701,0.00170655678487804,0.2,0.6,0.1,16,5.44823098112339,10.685637762218786
28,13,0.150788185419935,0.41575324869760566,0.35505622133933096,0.04044824930493932,0.2530671910150992,0.09823730017865152,0.00119916406062727,0.0025140084168563297,0.2,0.6,0.1,17,4.688709304327804,4.420164090094003
28,14,0.14109279716023515,0.40118089143912095,0.33938047184585474,0.04348559824410959,0.07205537979029597,0.07416531885523517,0.00127438695363576,0.00212888523394405,0.2,0.6,0.1,18,4.624185557018863,4.413136047833676
28,15,0.1312250850671147,0.3741587498802659,0.308697134818531,0.042876184584253484,0.11451716627255572,0.09987525458082394,0.00151928545700004,0.00301268299691244,0.2,0.6,0.1,20,3.996631742167208,3.641358842438151
28,16,0.12286446593830577,0.3575655432394831,0.29044696293719285,0.045483892570340016,0.10368860541365243,0.09099077149216625,0.00135061107761266,0.00248897686361844,0.2,0.6,0.1,21,3.967296070840969,3.654078140540792
28,17,0.12442508222040127,0.3558758053739399,0.28810715759570843,0.04548948183339237,0.05718702333460164,0.10935037800826956,0.0016744754835505099,0.00445188968105853,0.2,0.6,0.1,22,2.3540227083719008,3.977592462636656
28,18,0.11827637941124433,0.3544194050477394,0.30213559083799624,0.07354964496472458,0.03112487834017703,0.08095945407692683,0.00289620895328112,0.02376030057614202,0.2,0.6,0.1,26,3.374935520120637,4.137887788864105
28,19,0.1133709814201367,0.34998885106836364,0.31239922584967933,0.07744175099759278,0.10564930728819104,0.10077602160696839,0.00136508377984631,0.00337708203845992,0.2,0.6,0.1,27,2.4790842686419765,3.634768128723648
28,20,0.11296042898596488,0.3447122053561111,0.29889920828658817,0.07965322741004588,0.023554108498561075,0.08410297643463649,0.00308594566075043,0.0239942523266663,0.2,0.6,0.1,28,3.022539449960506,3.70795914903368
28,21,0.10953811177584896,0.33122972912264176,0.2762320115924505,0.08078130085735222,0.07264794030268432,0.08416423427428359,0.0031324458259976103,0.02419565419848383,0.2,0.6,0.1,29,2.948711343652644,3.7636246773554793
28,22,0.1000851111216666,0.3100637438952138,0.2603144472887951,0.07980370427782969,0.170390212170123,0.08456605892463794,0.00321356830414866,0.024152784760474468,0.2,0.6,0.1,30,2.359457696938537,4.252013793203591
28,23,0.0917640108306714,0.3015350171314824,0.26650244379542404,0.07611803779449135,0.10112565606275004,0.08413193651375543,0.00139540054843312,0.0030253190079077602,0.2,0.6,0.1,31,2.6507658030109,5.709564908052085
28,24,0.07712073937851577,0.23095300984555023,0.1719274651711254,0.05361159546622201,0.41391859382390317,0.0943117593400902,0.00335554418715805,0.03358766504853068,0.2,0.6,0.1,32,1.9740430940050624,4.171587860386745
28,25,0.07666212409032586,0.24378638318152734,0.20920385649783496,0.10871500345455964,0.02464582613010902,0.09307451226801776,0.0033458945255916404,0.03349250144986532,0.2,0.6,0.1,38,1.992678403180317,4.372582133078595
28,26,0.07535728657022038,0.23960697547478926,0.20457503885127015,0.11898530927512208,0.035219188580178105,0.09187578842675112,0.0033971000411195896,0.03354752680379563,0.2,0.6,0.1,40,1.831513972270986,3.934646850440565
28,27,0.0685724478598048,0.2074107915140727,0.1610077018377798,0.12550751430682516,0.051645543158368924,0.09458833402044427,0.0036323058553258403,0.033657289025605344,0.2,0.6,0.1,46,2.216379785213026,4.289198607207237
28,28,0.06984736326152197,0.22429315420135562,0.21764580006463022,0.1823025767104808,0.03229364621696473,0.10784055113535469,0.00513792147071423,0.03562076267112892,0.2,0.6,0.1,60,2.133060847940644,4.478669001512452
28,29,0.06970850493514463,0.21019837852836895,0.1790051446932381,0.15824096948579533,0.028720176788012294,0.1074324334749757,0.0051356825505840505,0.03557009736733186,0.2,0.6,0.1,62,2.116931106686593,4.48790367515794
28,30,0.061626710226137464,0.1915232666977,0.15875597710426612,0.21733175638441207,0.04333422703744086,0.0774506641981191,0.00730520346723397,0.03506642565885509,0.2,0.6,0.1,66,2.282075722994777,3.985913924278597
28,31,0.05821303214343778,0.1841495335381672,0.1507979585775827,0.20531451191767391,0.03606931234688525,0.07838192074752287,0.0036882641922331696,0.0328742112508422,0.2,0.6,0.1,68,2.2818518671624606,4.319623288386317
28,32,0.055094458808467715,0.16837688734490489,0.1256710464015815,0.18202880176561503,0.04050215858351081,0.07536802172361656,0.0034696497370343797,0.03292266518895504,0.2,0.6,0.1,71,2.1630542557622743,3.5291964529157256
28,33,0.057168377978936466,0.1725551038684785,0.13765985191834484,0.1959721643328344,0.032503429959565976,0.07667908364484374,0.007211420781924891,0.03579777558847028,0.2,0.6,0.1,73,2.178877378860225,3.4846514622202065
28,34,0.056847687616385534,0.1663383848252148,0.12308067683718453,0.1952820899567853,0.032900067786608506,0.07684855671266565,0.0072116123086372495,0.03596314671315309,0.2,0.6,0.1,74,2.165620968658762,3.4894955540727146
28,35,0.058104305205853614,0.16959633222507606,0.13413582229846366,0.20458387611833836,0.04448805611361431,0.08201166103760822,0.008266523946961719,0.039238715783904185,0.2,0.6,0.1,75,2.1760589559335943,3.4125354813663424
28,36,0.05549350839658651,0.16153953577592575,0.11778200842670423,0.1936706533736419,0.025025329041278417,0.07477623182608682,0.00731664829218164,0.03571156244354609,0.2,0.6,0.1,78,2.501357877647687,3.042532120637822
28,37,0.05521395348243323,0.16267890055595016,0.12663559653753645,0.23381698030224998,0.02822986019704915,0.08387572127436585,0.0054705868710148795,0.03468665509691443,0.2,0.6,0.1,83,2.1395804277911177,3.93077590853497
28,38,0.05203299705999166,0.14503173638767577,0.10691784862507606,0.2455212867870245,0.05055835535199381,0.08736694249293345,0.00536265401711271,0.03511382173106224,0.2,0.6,0.1,87,2.2207267193325264,4.458372626573963
28,39,0.04959743364263246,0.15414739806929167,0.14775950288672365,0.2920557145977535,0.030579944660107227,0.08348586347553036,0.0055137347053686005,0.03501919163662184,0.2,0.6,0.1,94,2.230522900323771,3.1320091108205017
28,40,0.04957361807466437,0.1448391265473445,0.12209093378563278,0.28867012098358963,0.02381351440446564,0.08347086955760709,0.00551395622387274,0.035023854157782267,0.2,0.6,0.1,96,2.2305558004056354,3.1310182612454955
28,41,0.04912035119312978,0.14221691744599174,0.11916235088652241,0.288002400488167,0.03143661908054686,0.08266894725326382,0.005867473878461,0.03539516320932739,0.2,0.6,0.1,98,2.2488693117955685,3.126129574611734
28,42,0.04859991796833456,0.16368383302655964,0.18135700012346537,0.38576160070726256,0.023938763845927993,0.08188703808238959,0.00585240497524469,0.034371461180540894,0.2,0.6,0.1,110,2.094930224133455,4.336617707576127
28,43,0.04754085159601778,0.1573479882990884,0.17427544725791774,0.43974745054919057,0.043060507183085205,0.08701659236208437,0.00358942516601201,0.04032124930018433,0.2,0.6,0.1,112,2.5381764238512505,4.800406719816542
28,44,0.045764379445775424,0.15713365345243385,0.18181533431546748,0.45528669533389904,0.04274148094795108,0.08560737489215547,0.00350167945977184,0.0326735431546955,0.2,0.6,0.1,113,2.3827843981916788,5.345028816539071
29,0,0.7919833686414621,0.9367520934002342,0.9272914365931103,0.13953704243503423,0.020473218184231087,0.10202843179119203,9.244536902763e-05,0.00012064604576098999,0.2,0.6,0.1,1,17.303485609098654,29.46462435963484
29,1,0.5620919115488372,0.8247645239973566,0.8025544986524188,0.11589733626849535,0.3462963227877556,0.10588085770824221,0.00018290103033948,0.00022730650825482,0.2,0.6,0.1,3,12.195263774475269,21.854475246009628
29,2,0.41756117982931523,0.7340353640864651,0.7086910798194992,0.09930713644109372,0.3144415272678617,0.1274985883684841,0.00076753510267635,0.0009166756382876799,0.2,0.6,0.1,5,8.000381860619092,13.36926308019295
29,3,0.4010485284028274,0.7203468466252758,0.6937802858770009,0.0971047369201172,0.08550708095489859,0.11389327950212728,0.00055197571993231,0.00069598836217589,0.2,0.6,0.1,6,7.273661511970021,15.189757772833277
29,4,0.337858710453705,0.6649026817259268,0.6325383160634082,0.08109245934523601,0.31457612953315,0.09253487313609596,0.00073847062592289,0.0009201685312449,0.2,0.6,0.1,7,6.559654252583568,15.388288429621593
29,5,0.3226913771479312,0.6504457442490603,0.6164027427755973,0.08139230577769296,0.10543095057762603,0.09488834457585707,0.00063666111425269,0.00080364294602365,0.2,0.6,0.1,8,6.179405029261195,13.551013497629414
29,6,0.2858704484471066,0.6124444984714865,0.5744936729014174,0.07094245914910031,0.21445939901849512,0.07631480603022131,0.00104309161992783,0.00131799533603532,0.2,0.6,0.1,9,5.172886292645127,12.703253807849324
29,7,0.24421323949545765,0.5643568549162382,0.5211889087713438,0.06326276731218064,0.1470432999811268,0.06638784711842478,0.00113330937103726,0.00143619291899443,0.2,0.6,0.1,11,5.021690064896146,12.387062058312036
29,8,0.21637805105305444,0.5230654910708946,0.4675347140310876,0.056788449865996495,0.12125306757346334,0.06944852374853483,0.0008079386692092501,0.00103184759251699,0.2,0.6,0.1,13,6.184713627455161,12.139459848954491
29,9,0.21583858398069317,0.5223794997549779,0.4667895629927721,0.06143870055555138,0.01733175825831633,0.06893720630264054,0.00072729663109183,0.00091120239928268,0.2,0.6,0.1,14,6.146904081040662,11.992469884279274
29,10,0.19892909129156294,0.5022839996326369,0.45200624285593793,0.05997643577325458,0.1608236061660357,0.07148492308870581,0.0008917980947182101,0.00114128853254309,0.2,0.6,0.1,15,5.41904807412229,11.999079229952851
29,11,0.19615961825968914,0.4978840261867348,0.44706122458622277,0.0671970234109175,0.04313451570966094,0.07332179529424096,0.00096767552277907,0.0012403125480708,0.2,0.6,0.1,16,5.046729889596439,12.04270095304937
29,12,0.1890128638746471,0.4914061129180614,0.44749998195597473,0.06412819913704518,0.07951954349603677,0.07297823201033207,0.00113398495387702,0.00144370804731695,0.2,0.6,0.1,17,4.684501526363017,10.669965043368354
29,13,0.16398586166368212,0.44628798494659105,0.3898222176243305,0.057714153644930224,0.12542247660218922,0.06479067947565047,0.00104599140426434,0.00123926371532913,0.2,0.6,0.1,19,4.246029459088973,10.66629947401546
29,14,0.16448688753783275,0.446471392403103,0.3899227213767392,0.06707728847618909,0.018846864270347582,0.0693794598850349,0.00101000434400515,0.00144011956412531,0.2,0.6,0.1,20,4.27048734763985,10.645894528588938
29,15,0.15745271129601862,0.4382637619062413,0.3884155405496637,0.06120092731375381,0.0902741361643268,0.06953606768427353,0.00131695785511884,0.0016365965656316502,0.2,0.6,0.1,21,4.270338827786275,7.30119361123116
29,16,0.15465005627196304,0.43348784027891735,0.38315583779515916,0.06517498735005495,0.03892357331493264,0.06727635779366391,0.0012577806274002902,0.0015559546098999901,0.2,0.6,0.1,22,4.0544185603672185,7.470230654432678
29,17,0.12837163170535656,0.37947237921381827,0.3229216158427642,0.05435639769233303,0.3321877323696889,0.071337177447759,0.0015206428818425699,0.00202039308392428,0.2,0.6,0.1,23,3.0904080623627035,6.896141019084841
29,18,0.12475854050817967,0.37140576701704225,0.31393739829628764,0.058142882993604345,0.03882344219679177,0.07033017945977219,0.00183621555890378,0.002678381853365,0.2,0.6,0.1,25,3.140643266337956,6.767726605216406
29,19,0.1232358381811396,0.36832731765004606,0.31054214776038663,0.05976788176722691,0.03133467805769648,0.06975687444932753,0.00160762724977689,0.0024455846698681,0.2,0.6,0.1,26,3.1220115488469,6.867588237349591
29,20,0.23959817439940953,0.4778898894227248,0.41148743532777754,0.19284306513843608,0.1557976032434568,0.15788211549975423,0.00278122678092665,1.0,0.2,0.6,0.1,27,3.1555063051588736,7.001745309602185
29,21,0.2442276377894457,0.4693238249941517,0.4003374835507669,0.19476967232954606,0.2792547635042507,0.2299751315446516,0.00258258689246836,1.0,0.2,0.6,0.1,28,2.689307664712594,6.427057673506861
29,22,0.21464110680957998,0.4211143349421079,0.34867328277036713,0.17792929349931863,0.30601439135427655,0.14062450405004281,0.0029699195077600702,1.0,0.2,0.6,0.1,29,2.409802168910294,4.396315758557991
29,23,0.12267073089533279,0.3298010747099386,0.2648270383996095,0.11022961906431855,0.04746087412005125,0.07397564797604865,0.00207113241786844,0.2421390663053387,0.2,0.6,0.1,34,2.5800595330867115,4.804412684568014
29,24,0.2075526944899752,0.40412937862206744,0.33729830746573036,0.20303649050934436,0.2256610972226536,0.14662442527642933,0.00281333902538606,1.0,0.2,0.6,0.1,35,2.3107025456905674,4.547901757321747
29,25,0.19643583633170153,0.37826693219641294,0.3163213387591627,0.19353616541124768,0.29767468673555053,0.13895054868556883,0.00310691340145684,1.0,0.2,0.6,0.1,36,1.837891861496481,4.336499122535287
29,26,0.192165497310967,0.3635309455385036,0.2998629201824795,0.1963937518804928,0.2179969077495324,0.14172052714380837,0.0030262713633394103,1.0,0.2,0.6,0.1,37,1.6725995739152597,4.078728996603886
29,27,0.07512593930885947,0.2483803185586099,0.20731855224834653,0.11978108458004888,0.02789971147444129,0.08372568001791977,0.00183735040880102,0.00319189790489805,0.2,0.6,0.1,47,2.098226256998166,4.245350001611962
29,28,0.07508683257128458,0.2528443241709358,0.21994128876205726,0.13075249278588702,0.01855361984010243,0.08372568001791977,0.00183735040880102,0.00319189790489804,0.2,0.6,0.1,49,2.0995004307708003,4.24202592095384
29,29,0.07155102032121992,0.23357480062114414,0.1832875019487083,0.10881516206829189,0.03046422891844029,0.08061678314834077,0.00142893857002846,0.00283160465349198,0.2,0.6,0.1,53,1.9009958110045568,4.09868498427317
29,30,0.07359490699450394,0.24290176054334045,0.20866164930890949,0.18677079635775748,0.021965422486281666,0.0656375268842789,0.00783531415847185,0.02227486623680499,0.2,0.6,0.1,61,1.785291742652984,5.86581996395925
29,31,0.07272928671027838,0.24246583735332783,0.21574645186638458,0.2017627809836848,0.037453017527016394,0.07213920909648006,0.008108193309189719,0.01509366848398866,0.2,0.6,0.1,63,1.837474463272924,5.809286529378074
29,32,0.07097214735122517,0.24274955413613747,0.22380545998120074,0.21203685079183984,0.030178299832507752,0.07079092733739417,0.00742201699357114,0.014037469449018899,0.2,0.6,0.1,65,1.871806439741945,5.858684680988472
29,33,0.07111606948767162,0.24265849181387866,0.2236779167192058,0.22023393962432575,0.02211011766048449,0.07062520835988614,0.0073272803573729796,0.017260697310838673,0.2,0.6,0.1,66,1.8364080702057204,5.988032632765395
29,34,0.06796831325293107,0.2410853929591144,0.22980922817861374,0.21705877309169838,0.04221693180218421,0.06559200134267433,0.00621495010371852,0.013831785372851449,0.2,0.6,0.1,67,1.920975895479028,5.545677838288375
29,35,0.06730341114027884,0.24322789325550936,0.23984913763060597,0.22444505908810936,0.025250754822138725,0.06523044524170507,0.00637927246435709,0.01348313846279465,0.2,0.6,0.1,69,1.9334247626000456,5.5318043131726
29,36,0.06658701665588147,0.24440494119559233,0.24878339332029994,0.23588062990436204,0.029115870497699967,0.06531260855267551,0.006688005512601861,0.01413567218992155,0.2,0.6,0.1,71,1.8580464987313183,5.387607489474693
29,37,0.07500702843559628,0.2600568058724094,0.2879525619432897,0.3885127021986727,0.03151611542192906,0.0904882866717447,0.01585226388533522,0.016257986593163527,0.2,0.6,0.1,94,1.8927822418624067,4.714052417033436
29,38,0.07381315716871552,0.26752642264181375,0.31168880914031377,0.4225050907157561,0.028687894322662714,0.08373598167081155,0.01666038590219991,0.014835613748733458,0.2,0.6,0.1,99,1.896351667602192,4.720203037070349
29,39,0.07613800416884449,0.2924125515052609,0.3773788852791418,0.5154894426238931,0.03098740640956878,0.11949550630409016,0.005068413326542421,0.0376289710142894,0.2,0.6,0.1,113,1.867544780944293,4.976735031585944
29,40,0.07803192462408588,0.2979413795685125,0.3909353572780305,0.545048626684376,0.03542116534591738,0.1216877167486817,0.00967759859972951,0.027858422818039554,0.2,0.6,0.1,116,2.1301568944741853,5.400615849979088
29,41,0.07134790579491909,0.2784092761868893,0.37695679681286537,0.5467676123565355,0.09877521354320286,0.1345143007430213,0.00484951331097601,0.021749798837159502,0.2,0.6,0.1,118,2.125538493337592,5.008494492674394
29,42,0.07144366373066864,0.2775340574589117,0.3759374742603356,0.5609286844973213,0.03973135552670011,0.13348767326755342,0.00514075068407674,0.02605694193754295,0.2,0.6,0.1,119,2.122048857071141,5.026360957363858
29,43,0.06765171520298618,0.28207326340955685,0.39669603323817765,0.5757008100308869,0.031052788657362947,0.11966426474013421,0.00505458430183901,0.01901002514298005,0.2,0.6,0.1,122,2.1473961527768908,5.008334000149777
29,44,0.07022178948723903,0.2681235204786333,0.35782150595826123,0.606457985733935,0.039121455337289446,0.11283867591926593,0.010226097241856861,0.03575128992668347,0.2,0.6,0.1,125,2.3012263659906376,5.393802482472308
29,45,0.06251528307643889,0.2690810522992538,0.3750481660550438,0.5892400873837741,0.02845290403188489,0.08118725787538844,0.009900540984243809,0.025583780458266668,0.2,0.6,0.1,126,2.295361121869916,5.092765014974162
29,46,0.06988977806132868,0.2683318730741386,0.3656058259097218,0.6153250282001599,0.05970276481374404,0.11285553517281861,0.01119508753131931,0.03892676628695731,0.2,0.6,0.1,127,2.335853235962095,4.927904235093575
29,47,0.06990245869086108,0.2635769805208165,0.3601520113106274,0.609834644482055,0.04657198508865584,0.11287851626370729,0.01177151514115187,0.04972975140203259,0.2,0.6,0.1,130,2.1430464173142645,5.53340738333703
30,0,0.8941405501234148,0.9683632919862235,0.9724426161821368,0.13415729486586142,0.0,0.0,0.0,0.0,0.2,0.6,0.1,1,23.779070935152745,31.787767645164948
30,1,0.7847032076164816,0.9298642689651689,0.9203884764574548,0.13454839720564574,0.28854591948066216,0.06856530952957061,7.2517004905666365e-06,1.046172782243e-05,0.2,0.6,0.1,2,20.59329336396532,29.5843128399992
30,2,0.5178031932480204,0.8095249215015335,0.7910728859038939,0.12417019650671852,0.9142295038077192,0.19977268730591718,0.00079170692178841,0.0011954619897929,0.2,0.6,0.1,3,11.931823484360583,14.585460375552138
30,3,0.3860372384660666,0.7095217506818442,0.6805605195709432,0.09432012810653093,0.3013917675515723,0.16501446619292265,0.00072277358959993,0.00108584156753038,0.2,0.6,0.1,5,10.103891964858567,14.537544591742984
30,4,0.32242899253302865,0.6500828295910148,0.6150892916637741,0.08048608003341289,0.18123645593685989,0.1344261632971781,0.00080377062277444,0.00121371541940622,0.2,0.6,0.1,7,8.288371709175744,13.12955468562719
30,5,0.27788991144353564,0.6025767479397813,0.5625860699771864,0.07137382227532901,0.15156932723380054,0.11767793245712783,0.00089493793506018,0.00131304379807525,0.2,0.6,0.1,9,6.93048094700741,14.954403378266925
30,6,0.2786036214171129,0.6032856938161993,0.563291440421909,0.0763051630403967,0.02512454972794791,0.121669206892392,0.0008138224416541299,0.00122667724035183,0.2,0.6,0.1,10,7.070206885481834,14.4127793861737
30,7,0.23712551206800545,0.5525497981759069,0.506979124976867,0.06391693679304647,0.30781852226414824,0.11412261274564961,0.00098380309889037,0.00141836667093969,0.2,0.6,0.1,11,5.465382211554537,12.076004212497743
30,8,0.20874275098284187,0.5174093747884269,0.4755544831102015,0.06159855735898485,0.13689393305315176,0.11208786933400301,0.00114478330372989,0.0016521035697201502,0.2,0.6,0.1,13,5.430258733094619,11.908439708657395
30,9,0.20813618844674853,0.5119469135851982,0.4618298331222101,0.06266888661189683,0.027682822750607062,0.11208299392587621,0.00104019627766992,0.00145797618403134,0.2,0.6,0.1,14,5.479315191206942,12.014145993823991
30,10,0.19102464490110796,0.4906936096164269,0.4459607321439307,0.061078339388674165,0.16423386078185628,0.10563566936122011,0.0012059087844370699,0.00172731960511857,0.2,0.6,0.1,15,4.15160734888007,10.412034376289604
30,11,0.1863280165107271,0.4827766968863654,0.4370986444520076,0.06403542242487303,0.07064693032043431,0.108147888240929,0.00113081015946127,0.00162742853199335,0.2,0.6,0.1,16,4.273074645357592,10.625385390638854
30,12,0.17412949155929783,0.46199702039040724,0.41395889916165085,0.061023374925467534,0.14287639594271662,0.10812281358419873,0.0012731179361918,0.00186797966130004,0.2,0.6,0.1,17,5.148048033995535,8.995198300433756
30,13,0.14465330159078807,0.40451860989119565,0.3498310826265693,0.05207381834967011,0.19341374141389805,0.11446907679454901,0.00145721459297909,0.0017261686209692699,0.2,0.6,0.1,19,4.892352913627544,9.656424655120652
30,14,0.12249680471320108,0.36151155559342174,0.30249823494890377,0.0517029146657325,0.09299070083645095,0.0906153134195408,0.0014808311743754999,0.00201312744947991,0.2,0.6,0.1,22,3.4181589399289423,7.037419185208172
30,15,0.11919789386462236,0.3514067489357366,0.2910764186315299,0.050362011398050306,0.08708902337119567,0.09722189873431432,0.0017401060805613499,0.00274071333730621,0.2,0.6,0.1,23,2.893065638703235,5.9352468101824005
30,16,0.11151171427422163,0.3332430277916611,0.27092699673613163,0.050859023582404746,0.12148990115939153,0.09486371482192853,0.00159928743234934,0.00238964738373027,0.2,0.6,0.1,24,2.7485922039816213,5.94235585663196
30,17,0.10878193734111646,0.3264101485336284,0.2633360522165607,0.05205617604119756,0.05863927323590158,0.09452373145003362,0.00152418880737354,0.00228975631060505,0.2,0.6,0.1,25,2.9492305985848573,6.186837758873384
30,18,0.10648374794007304,0.32119883854424136,0.25758972429423665,0.05346201750630395,0.046986930334626247,0.09291894429420856,0.00135128695894804,0.00176290329782367,0.2,0.6,0.1,26,2.801105938117522,6.366608837689692
30,19,0.10510078541976656,0.32255749789959187,0.26678579083084114,0.058559961410942184,0.03639410007886303,0.0911117880670002,0.00144874502959844,0.00217961781928588,0.2,0.6,0.1,27,2.788907020106427,6.151725833517471
30,20,0.09135697087768692,0.2808347334363159,0.2201607235503632,0.05800386339611886,0.14654445774450878,0.09745241471809953,0.0018754649386205201,0.0035315137183555096,0.2,0.6,0.1,29,2.477839073130535,4.40143372031091
30,21,0.0872825562112491,0.2726507933291982,0.21870627997735012,0.06424838462646676,0.05708500274653323,0.09745241471809953,0.0018754649386205201,0.0035315137183555096,0.2,0.6,0.1,31,2.4026654774484504,4.007372544474666
30,22,0.08265373170138655,0.2581394569660919,0.20257115884871285,0.06659395669360817,0.10359525913943919,0.09700848675778272,0.0017995825190576398,0.00345363097822136,0.2,0.6,0.1,32,2.1513557088829165,3.719111619818594
30,23,0.08195627227727385,0.260889439373613,0.21330777842274704,0.06943360523056215,0.030201935640073965,0.09701862061236369,0.0015628746797521,0.0029429040543273,0.2,0.6,0.1,33,2.170716058016798,4.21063203590074
30,24,0.07554536304805158,0.23952474509037638,0.189546939835982,0.06989641796287833,0.14260440840103977,0.09566593552240744,0.00170786819609656,0.00317690055027715,0.2,0.6,0.1,34,2.0780104451950825,3.806937700682777
30,25,0.07505888466658545,0.24277009370523206,0.20082930447579703,0.08692163304834352,0.022665523608392697,0.09490772977874508,0.0017226815129462903,0.0032006471550052604,0.2,0.6,0.1,37,2.1036791475297303,3.7183892137666814
30,26,0.07307695995587653,0.24100842699872535,0.20655235737852748,0.09842408353419958,0.05521117199557897,0.0945665125612572,0.00148487574814087,0.00269819204232664,0.2,0.6,0.1,38,2.040213774214964,4.115548495188151
30,27,0.06787882251152236,0.22007685985522774,0.175715245138246,0.1423183136412914,0.02708700521326463,0.0890709702630905,0.0016030586663921698,0.00287582880430607,0.2,0.6,0.1,49,2.8806914712481686,6.420733236474486
30,28,0.06968431133451876,0.21690063605692925,0.171773608708317,0.15176819688752294,0.06167393888763612,0.10057880310276639,0.00258691562095978,0.00992687121130523,0.2,0.6,0.1,50,2.823874696817438,6.4234116838231134
30,29,0.06406983047165912,0.21124169264604326,0.17358018905567993,0.14985912523024417,0.0547958817891624,0.08698676753023743,0.0016329959802910202,0.00296030793108625,0.2,0.6,0.1,51,2.62474017222411,5.5638624532419065
30,30,0.06848740189294539,0.20983137772426422,0.16380908360981905,0.1658253104271273,0.03302917552907396,0.10363780932075486,0.00278677249218039,0.01114716308446364,0.2,0.6,0.1,52,3.025237941927978,6.268088998725086
30,31,0.0659665404133883,0.20799285197999365,0.169551466415261,0.18270635514984196,0.03744557768453421,0.0997542341904702,0.00259674894047472,0.0081708712673027,0.2,0.6,0.1,54,2.942313249960485,6.273771684167105
30,32,0.06913182551410561,0.22469345691306242,0.21073452393875317,0.2175438475300935,0.025917290527496577,0.11832809472657069,0.00183947805052453,0.0081045339312984,0.2,0.6,0.1,60,2.3833919116028173,4.925845003149199
30,33,0.06708974875755548,0.21696383090151639,0.2021492350326483,0.22309811908194593,0.0690335867416516,0.11782284755951491,0.00175291560657296,0.00805134431404104,0.2,0.6,0.1,61,2.573154821301654,5.231368120858072
30,34,0.06004962074864304,0.19705131113252247,0.16533930567801042,0.19620917995357337,0.04757162325583207,0.09100875262843004,0.00183630489695332,0.0026527021777688698,0.2,0.6,0.1,62,2.3385883054651613,5.228492451333668
30,35,0.06964978101327454,0.2168704096887295,0.20914784728368546,0.24204916592778855,0.037092930021017365,0.12737095508827395,0.00251615194541235,0.033204150094260546,0.2,0.6,0.1,66,2.572802497894675,4.943638164759491
30,36,0.05826387963652129,0.20657709169195806,0.20650894056066307,0.2632601015067145,0.0288432469973475,0.09191292083108275,0.00214319260032675,0.00342549653290644,0.2,0.6,0.1,69,2.420837312659464,4.6185462950314
30,37,0.056530270098996735,0.20035015749725057,0.1996192308392734,0.2697527754640186,0.03653980493752588,0.0900601752710328,0.00215585672656445,0.00343547716251799,0.2,0.6,0.1,71,2.4974137878324725,4.666089160644503
30,38,0.05643082674703307,0.1947030017644419,0.18565847941654823,0.2780967020777262,0.022211907529070964,0.09168759115727676,0.0020151223674348203,0.0028945089859938,0.2,0.6,0.1,74,2.631658744927181,5.17141633232468
30,39,0.056599534545117756,0.19011847512502472,0.17287706636588468,0.282522475299744,0.021211889890618788,0.0925311021561615,0.00207431118333932,0.00300465771198417,0.2,0.6,0.1,75,2.6535746735942967,5.017677458732647
30,40,0.05633918265978604,0.192948422200526,0.18365977980152082,0.28639722489792585,0.03153057164535573,0.09354257581256524,0.0020591264002840703,0.00298099547055966,0.2,0.6,0.1,76,2.619558304193327,4.960107715067391
30,41,0.055576514241985515,0.19829954942174519,0.20490737321668287,0.28117181760494886,0.04339115744100464,0.08927669186191438,0.00204707125969436,0.01307034120328566,0.2,0.6,0.1,77,2.4183162861999548,4.785932187459862
30,42,0.0808611890887863,0.2133744331055754,0.21099073346014457,0.31026964549532493,0.06813359069692458,0.09003160720751538,0.00207474801588656,0.28047740408114313,0.2,0.6,0.1,79,2.4523959040946006,4.8789791743226685
30,43,0.053090288824821516,0.186591471168301,0.1918582118515344,0.29500310302102173,0.0338936397354837,0.08998493904917061,0.00207180524071451,0.01309705562240448,0.2,0.6,0.1,81,2.449068641521188,4.882266890495719
30,44,0.05310933214725631,0.1844734247000171,0.18943111785940442,0.3033575833256155,0.036943858384614905,0.08874996527580259,0.0020604408922551597,0.0218004961518567,0.2,0.6,0.1,82,2.265792561670878,4.7738611833984805
30,45,0.052896301432303304,0.18195443686823842,0.18657970183346567,0.3157057409369403,0.03006410977684868,0.09076105795278108,0.0020901217893084,0.02183491385287667,0.2,0.6,0.1,84,2.355772371936273,4.808494836778957
30,46,0.2343201421364955,0.35745198914799126,0.3537122894982953,0.5012678164003994,0.21310225889295398,0.5990551886151537,0.0023110563807178497,0.821786789284689,0.2,0.6,0.1,85,2.360710290230361,5.054859328386227
30,47,0.15139484047880836,0.2712527802003548,0.26704322954418724,0.4301906905046661,0.13330534105635466,0.10040590074076308,0.00209170928297496,1.0,0.2,0.6,0.1,87,2.3717056206330045,4.951590951837024
30,48,0.052479352799294346,0.17566862691056517,0.17945130860495498,0.34453102752602305,0.02739089746252467,0.0888996222221382,0.00232444062442391,0.03585668884545658,0.2,0.6,0.1,89,2.552651408394136,4.945545850733573
30,49,0.06946947897579814,0.19654475853942582,0.2083995417013449,0.3748345765951474,0.04254224878048639,0.0888539567104164,0.00234848307098517,0.2076057594713617,0.2,0.6,0.1,91,2.5420393216829527,4.903478531050176
30,50,0.16751388856543847,0.2813133907668175,0.2837579454763518,0.47255425025214126,0.20324977252386017,0.19496396432304383,0.0020891680374563503,1.0,0.2,0.6,0.1,92,2.8126279680669555,5.162348615921143
30,51,0.04729153383827034,0.16439470540008294,0.18235349064188933,0.3913383608175183,0.06402958274062415,0.09768163946424406,0.00284660662480834,0.00265037400258466,0.2,0.6,0.1,93,2.231238054401397,6.071898279275399
30,52,0.04628083818662331,0.16362468025076443,0.1891438107901522,0.4124180990877161,0.03199584125477565,0.09831569361710334,0.00273134483522767,0.0026873620193657,0.2,0.6,0.1,96,2.1575609190092013,5.989266339820266
30,53,0.04424228062772819,0.14981583478452243,0.16615643208392258,0.4185298848488376,0.07245591665451272,0.09497419515975009,0.00328529036586973,0.0028455094367901097,0.2,0.6,0.1,97,2.532399926009639,6.014331783998882
30,54,0.0436598157082407,0.15157196407909995,0.17577110323591422,0.3998188218251988,0.03727494064587641,0.09470699798196168,0.003289614880756,0.00283211777334408,0.2,0.6,0.1,98,2.527928094903481,5.868453854146704
30,55,0.043555940200803445,0.15102609245932738,0.175163640104825,0.40413403659071573,0.02433702909541644,0.09480997369696773,0.00326203464547717,0.00278327705696717,0.2,0.6,0.1,99,2.5488224489053866,5.905558673724016
30,56,0.04262814747823749,0.1463568249275959,0.16997398994322474,0.4251246082053957,0.03439907158709774,0.09457333647898472,0.0032272814133717798,0.0028287274085305103,0.2,0.6,0.1,101,2.4893485212727144,5.934421648326068
30,57,0.04139566837044138,0.13791140287499332,0.1605297780095999,0.4637918234758617,0.03425566669482544,0.09650134143426532,0.0032508665431489002,0.00276438153590806,0.2,0.6,0.1,105,2.7400561144557187,6.103861572417404
30,58,0.03902851445799619,0.13668909563096293,0.1670051133621755,0.5881175659821507,0.020788728472494803,0.09171425475113933,0.0021574244422875198,0.00283717165171531,0.2,0.6,0.1,133,3.1279101071822426,5.91662748568587
30,59,0.03794983722275121,0.12957287924145783,0.15905961215013004,0.6016448409708186,0.041272057153344796,0.09224348741079617,0.00233048289345231,0.00296485507320188,0.2,0.6,0.1,135,3.304722868509825,5.638579279911829
30,60,0.038105423151119124,0.12841271842762905,0.157719234850285,0.6016358274220542,0.029781537260923273,0.09425224713946628,0.0023620757690561702,0.00310997577364483,0.2,0.6,0.1,136,3.253196246174737,5.498281868153917
30,61,0.037201014874439706,0.12477103310303621,0.15370315340313903,0.6093126143194758,0.039316704325892654,0.09272086855693552,0.0023376130422334803,0.0030272255739744298,0.2,0.6,0.1,137,3.337185185666548,5.626467999449263
30,62,0.03685022343328707,0.12322171473388577,0.1519901043318052,0.6177487819386023,0.02433594236697325,0.09270434146045532,0.00220098325646956,0.00288018987037448,0.2,0.6,0.1,139,3.010866667010199,5.402405436120503
30,63,0.036683060192868565,0.12653499692472356,0.16332469709515746,0.6329201468731792,0.024106661111062,0.09304741006256262,0.002188225256361,0.00292101969569979,0.2,0.6,0.1,141,3.084151082946808,5.437390921528154
30,64,0.0359808333185156,0.11781500359883927,0.1459652031821504,0.6407775176026361,0.032066554710277605,0.09296645135456284,0.0021418938566498498,0.0033531856383089303,0.2,0.6,0.1,143,3.084966113777859,5.483551795528072
30,65,0.03504032355607633,0.11019357480508361,0.1298839932010206,0.6374419551996975,0.034962985633270806,0.09057480690044192,0.0022374991377337302,0.00262343747617632,0.2,0.6,0.1,144,2.63040155741876,4.799388542307356
30,66,0.03367287685299375,0.10380987050806181,0.13037516419686954,0.654901992645876,0.04208302597667934,0.09265550861839597,0.00236484345030823,0.0028331315205693897,0.2,0.6,0.1,147,2.9695639297151164,5.480149932403408
30,67,0.031932543430931826,0.10114725378563869,0.13514303203186284,0.6928547518144014,0.03850084801520301,0.08944725143099111,0.00233097335290847,0.00263911922158243,0.2,0.6,0.1,149,3.258897452851908,5.8269955295954645
30,68,0.031916815479386344,0.10529116524381732,0.14740191378030362,0.7223098347109803,0.02112621506363026,0.08992332429643143,0.00224638662016238,0.00287041412014337,0.2,0.6,0.1,151,3.2597296591190488,5.690953993789264
30,69,0.03185809551455788,0.10015346835110472,0.13402570850834883,0.7064010752033245,0.022934936596148422,0.08990125301087737,0.00233756124166124,0.00268670917073545,0.2,0.6,0.1,152,3.160856957922713,5.989680883414451
30,70,0.03127121514127102,0.097717668250384,0.1313416629908538,0.6988183507911228,0.02363085977704879,0.08905499191371018,0.00224571943468821,0.00254069670720537,0.2,0.6,0.1,155,3.000842309953988,5.303700635756115
30,71,0.030170570712504584,0.08468731644921867,0.10915593484510372,0.7004418754053723,0.044675216816842854,0.08937795584057937,0.00253467127759424,0.0026870775970442,0.2,0.6,0.1,157,3.406739355562045,6.779537011615568
30,72,0.028996419585247776,0.07928117550170788,0.11074774486206938,0.7007185984579108,0.0800205487449294,0.09104680456773684,0.00264369325179728,0.00272219786415849,0.2,0.6,0.1,158,3.467207347764942,6.232707468883943
30,73,0.028445601343113153,0.07257405763217599,0.09565982975625452,0.7150104735620372,0.023300882153377497,0.09002253067994476,0.00252504988659003,0.00269546607328373,0.2,0.6,0.1,161,3.323647119719622,6.611738950568361
30,74,0.02801280750202235,0.10655388151512413,0.19471625591607092,0.682923461542392,0.03587447485896977,0.09004013607632654,0.00248671738847411,0.00269388750940813,0.2,0.6,0.1,162,3.29715055451024,6.561546904893202
30,75,0.028091731171902095,0.08356525143869466,0.130848032230215,0.7955971310669138,0.019919888220389658,0.0908063904387795,0.0024103509091329,0.0025300730531927903,0.2,0.6,0.1,170,3.390916792438215,6.407374616415735
30,76,0.027974264818987293,0.07646469989825645,0.11525780957487275,0.7875936093245122,0.03623976138686901,0.09210797076105588,0.00246025841698054,0.00254480689951701,0.2,0.6,0.1,171,3.4982190110884788,6.5725927232353705
30,77,0.027220851302790564,0.08163066559823866,0.1363384455975991,0.8196191813514683,0.042052132225977305,0.0910536594707025,0.00246151171460314,0.0026772830646761498,0.2,0.6,0.1,172,3.301610449625672,6.114029836699038
30,78,0.026797527174029206,0.06964984450421197,0.10769823114243027,0.794615230598713,0.03579278100061673,0.09081183326966984,0.0024978041699216602,0.00266709630377651,0.2,0.6,0.1,173,3.156325636715493,6.438613911436457
30,79,0.026763258971815116,0.06949642364056642,0.10752903628327372,0.7991090522943218,0.02071411446197604,0.09074147867182988,0.0024964832921188203,0.00267183045262181,0.2,0.6,0.1,174,3.179632066295875,6.441580052714361
30,80,0.026070668307826825,0.06214248598723018,0.09929844556257993,0.7973384600906597,0.04266277876758646,0.09273250183572315,0.00250107722143438,0.00270710154250814,0.2,0.6,0.1,176,3.3476049263480925,6.427222911820428
